Edge min = 0.008604, max=0.027414, average=0.017573;
Grid_size 1536
Node_size 829
Solution_Order 1
meshIEN 
1 124 1 15 
2 124 27 1 
3 126 2 33 
4 126 18 2 
5 133 38 4 
6 133 4 81 
7 134 5 120 
8 134 75 5 
9 138 12 13 
10 139 28 26 
11 144 19 17 
12 145 30 31 
13 30 145 147 
14 147 32 30 
15 168 76 74 
16 182 13 7 
17 182 138 13 
18 184 26 27 
19 184 139 26 
20 27 124 184 
21 185 140 139 
22 187 124 15 
23 187 15 14 
24 200 17 18 
25 200 144 17 
26 18 126 200 
27 201 31 25 
28 202 146 144 
29 203 16 20 
30 204 126 33 
31 204 200 126 
32 32 147 204 
33 204 33 32 
34 265 40 39 
35 40 265 266 
36 266 36 40 
37 164 166 267 
38 268 79 73 
39 131 167 269 
40 270 78 79 
41 79 268 270 
42 270 268 165 
43 165 269 270 
44 38 133 271 
45 271 37 38 
46 272 39 37 
47 272 166 164 
48 37 271 272 
49 272 271 166 
50 272 265 39 
51 164 265 272 
52 273 80 78 
53 78 270 273 
54 273 269 167 
55 273 270 269 
56 274 133 81 
57 274 271 133 
58 274 81 80 
59 166 271 274 
60 274 167 166 
61 80 273 274 
62 274 273 167 
63 275 77 76 
64 276 74 75 
65 276 168 74 
66 75 134 276 
67 277 117 118 
68 277 169 117 
69 165 268 279 
70 279 278 165 
71 170 279 281 
72 281 280 170 
73 281 279 268 
74 282 134 120 
75 282 276 134 
76 119 171 282 
77 282 120 119 
78 283 24 23 
79 172 661 283 
80 284 6 24 
81 24 283 284 
82 284 283 661 
83 6 284 285 
84 285 86 6 
85 286 661 172 
86 172 173 287 
87 135 286 287 
88 287 286 172 
89 288 22 16 
90 289 21 22 
91 290 23 21 
92 290 173 172 
93 21 289 290 
94 290 289 173 
95 290 283 23 
96 172 283 290 
97 291 9 3 
98 175 176 292 
99 293 72 71 
100 294 3 72 
101 72 293 294 
102 294 291 3 
103 175 291 294 
104 295 11 10 
105 297 10 8 
106 297 295 10 
107 178 295 297 
108 298 179 177 
109 136 180 301 
110 301 292 136 
111 175 292 301 
112 177 179 302 
113 302 180 136 
114 179 300 302 
115 302 300 180 
116 138 182 304 
117 181 303 304 
118 178 296 305 
119 181 304 306 
120 306 304 182 
121 307 183 141 
122 138 183 307 
123 12 138 307 
124 307 14 12 
125 139 184 308 
126 141 185 308 
127 308 185 139 
128 308 187 141 
129 309 70 64 
130 188 189 309 
131 311 69 70 
132 70 309 311 
133 311 309 189 
134 188 190 313 
135 142 310 313 
136 314 68 67 
137 315 64 68 
138 68 314 315 
139 315 309 64 
140 188 309 315 
141 316 84 88 
142 192 193 316 
143 317 88 87 
144 317 194 192 
145 317 316 88 
146 192 316 317 
147 318 193 192 
148 319 90 84 
149 84 316 319 
150 319 316 193 
151 320 87 85 
152 192 194 321 
153 143 318 321 
154 321 318 192 
155 121 196 322 
156 322 174 121 
157 323 196 121 
158 177 197 323 
159 323 298 177 
160 324 197 177 
161 324 302 136 
162 177 302 324 
163 325 292 176 
164 325 324 136 
165 136 292 325 
166 196 323 326 
167 326 323 197 
168 122 198 327 
169 329 328 143 
170 143 321 329 
171 331 198 122 
172 144 200 332 
173 200 204 332 
174 123 202 332 
175 332 202 144 
176 332 147 123 
177 332 204 147 
178 333 186 140 
179 335 66 54 
180 205 206 335 
181 337 65 66 
182 66 335 337 
183 337 335 206 
184 205 207 339 
185 148 336 339 
186 340 63 62 
187 341 54 63 
188 63 340 341 
189 341 335 54 
190 205 335 341 
191 342 83 92 
192 209 210 342 
193 343 92 91 
194 343 211 209 
195 343 342 92 
196 209 342 343 
197 344 210 209 
198 345 95 83 
199 83 342 345 
200 345 342 210 
201 209 211 346 
202 149 344 346 
203 346 344 209 
204 90 319 347 
205 347 89 90 
206 348 91 89 
207 89 347 348 
208 348 343 91 
209 211 343 348 
210 349 213 122 
211 191 214 349 
212 122 327 349 
213 349 327 191 
214 122 213 350 
215 350 331 122 
216 195 331 350 
217 351 214 191 
218 352 313 190 
219 352 351 142 
220 142 313 352 
221 150 213 353 
222 213 349 353 
223 353 349 214 
224 143 328 354 
225 354 328 195 
226 355 213 150 
227 355 350 213 
228 215 350 355 
229 357 216 125 
230 358 61 55 
231 217 218 358 
232 359 218 217 
233 360 60 61 
234 61 358 360 
235 360 358 218 
236 217 219 362 
237 151 359 362 
238 362 359 217 
239 363 59 58 
240 364 55 59 
241 364 219 217 
242 59 363 364 
243 364 363 219 
244 364 358 55 
245 217 358 364 
246 365 93 97 
247 221 222 365 
248 366 97 96 
249 366 223 221 
250 366 365 97 
251 221 365 366 
252 367 99 93 
253 93 365 367 
254 367 365 222 
255 368 222 221 
256 221 223 369 
257 152 368 369 
258 369 368 221 
259 95 345 370 
260 370 94 95 
261 371 96 94 
262 94 370 371 
263 371 366 96 
264 223 366 371 
265 372 225 125 
266 208 226 372 
267 125 356 372 
268 372 356 208 
269 125 225 373 
270 373 357 125 
271 212 357 373 
272 374 226 208 
273 375 339 207 
274 375 374 148 
275 148 339 375 
276 153 225 376 
277 225 372 376 
278 376 372 226 
279 378 225 153 
280 378 373 225 
281 227 373 378 
282 127 228 379 
283 379 220 127 
284 380 228 127 
285 381 57 34 
286 229 230 381 
287 383 56 57 
288 57 381 383 
289 383 381 230 
290 384 363 58 
291 154 382 385 
292 385 382 229 
293 386 52 50 
294 386 53 52 
295 387 34 53 
296 387 385 229 
297 387 381 34 
298 229 381 387 
299 388 82 101 
300 232 233 388 
301 389 105 82 
302 82 388 389 
303 389 388 233 
304 390 233 232 
305 392 100 98 
306 393 392 98 
307 99 367 393 
308 393 98 99 
309 232 234 394 
310 155 390 394 
311 394 390 232 
312 395 101 100 
313 395 234 232 
314 100 392 395 
315 395 392 234 
316 395 388 101 
317 232 388 395 
318 127 220 396 
319 396 237 236 
320 127 396 397 
321 397 396 236 
322 398 396 220 
323 237 396 398 
324 237 398 399 
325 399 398 151 
326 151 362 399 
327 236 237 400 
328 401 231 128 
329 128 235 402 
330 402 238 623 
331 402 401 128 
332 623 401 402 
333 403 235 155 
334 155 394 403 
335 403 402 235 
336 238 402 403 
337 623 238 404 
338 405 45 49 
339 239 240 405 
340 406 51 45 
341 45 405 406 
342 406 405 240 
343 407 240 239 
344 239 241 408 
345 157 407 408 
346 408 407 239 
347 409 48 46 
348 410 49 48 
349 48 409 410 
350 410 405 49 
351 239 405 410 
352 411 244 243 
353 412 108 109 
354 243 244 413 
355 413 109 103 
356 413 412 109 
357 244 412 413 
358 414 107 106 
359 414 245 107 
360 243 245 415 
361 158 411 415 
362 415 411 243 
363 107 245 416 
364 416 103 107 
365 416 245 243 
366 416 413 103 
367 243 413 416 
368 128 231 417 
369 417 248 247 
370 418 235 128 
371 128 417 418 
372 418 417 247 
373 419 417 231 
374 248 417 419 
375 420 419 154 
376 247 248 421 
377 159 247 421 
378 422 242 129 
379 129 246 423 
380 423 422 129 
381 249 422 423 
382 424 35 44 
383 250 251 424 
384 425 251 250 
385 426 47 35 
386 35 424 426 
387 426 424 251 
388 428 43 41 
389 430 44 43 
390 430 424 44 
391 250 424 430 
392 431 114 102 
393 254 255 432 
394 108 412 433 
395 433 110 108 
396 434 111 110 
397 110 433 434 
398 435 102 111 
399 435 255 254 
400 111 434 435 
401 435 434 255 
402 435 431 102 
403 254 431 435 
404 129 242 436 
405 242 258 436 
406 437 246 129 
407 438 258 242 
408 439 408 241 
409 439 438 157 
410 157 408 439 
411 257 436 440 
412 440 436 258 
413 130 259 441 
414 441 253 130 
415 444 259 130 
416 445 261 256 
417 445 444 130 
418 256 444 445 
419 446 445 130 
420 130 253 446 
421 163 262 447 
422 161 262 448 
423 448 432 161 
424 254 432 448 
425 256 261 449 
426 449 262 161 
427 261 447 449 
428 449 447 262 
429 161 442 449 
430 449 442 256 
431 450 116 115 
432 451 115 113 
433 451 264 263 
434 451 450 115 
435 263 450 451 
436 263 264 452 
437 453 113 114 
438 114 431 453 
439 453 451 113 
440 264 451 453 
441 454 262 163 
442 454 448 262 
443 163 452 454 
444 454 452 264 
445 36 266 455 
446 455 42 36 
447 456 265 164 
448 456 266 265 
449 168 276 457 
450 276 282 457 
451 457 171 132 
452 457 282 171 
453 131 269 458 
454 463 281 275 
455 280 281 463 
456 135 287 465 
457 465 464 135 
458 174 464 465 
459 173 289 467 
460 9 291 468 
461 468 8 9 
462 137 296 469 
463 469 300 137 
464 180 300 469 
465 470 296 137 
466 470 305 296 
467 11 295 471 
468 471 7 11 
469 181 306 472 
470 472 305 181 
471 306 471 472 
472 178 305 472 
473 472 295 178 
474 472 471 295 
475 473 310 142 
476 142 351 473 
477 473 351 191 
478 293 312 474 
479 475 311 189 
480 476 71 69 
481 476 475 312 
482 476 293 71 
483 476 312 293 
484 311 475 476 
485 69 311 476 
486 86 285 477 
487 477 85 86 
488 477 320 85 
489 478 474 312 
490 176 474 478 
491 479 330 326 
492 198 330 479 
493 324 325 480 
494 197 324 480 
495 481 321 194 
496 481 329 321 
497 326 330 482 
498 196 326 482 
499 328 329 483 
500 199 328 483 
501 484 303 181 
502 303 484 485 
503 201 333 487 
504 487 333 140 
505 488 487 140 
506 140 185 488 
507 145 334 489 
508 123 147 489 
509 489 147 145 
510 31 201 490 
511 490 145 31 
512 490 334 145 
513 491 336 148 
514 148 374 491 
515 491 374 208 
516 314 338 492 
517 493 337 206 
518 494 67 65 
519 494 493 338 
520 494 314 67 
521 494 338 314 
522 337 493 494 
523 65 337 494 
524 495 319 193 
525 495 347 319 
526 211 348 497 
527 497 348 347 
528 498 492 338 
529 190 492 498 
530 150 353 499 
531 351 352 500 
532 214 351 500 
533 150 499 501 
534 501 499 216 
535 149 346 502 
536 502 377 149 
537 212 377 502 
538 503 359 151 
539 151 398 503 
540 503 398 220 
541 340 361 504 
542 505 360 218 
543 506 62 60 
544 506 505 361 
545 506 340 62 
546 506 361 340 
547 360 505 506 
548 60 360 506 
549 507 345 210 
550 507 370 345 
551 223 371 509 
552 509 371 370 
553 510 504 361 
554 207 504 510 
555 153 376 511 
556 374 375 512 
557 226 374 512 
558 153 511 513 
559 152 369 514 
560 515 382 154 
561 154 419 515 
562 515 419 231 
563 363 384 516 
564 219 363 516 
565 517 383 230 
566 56 383 517 
567 51 406 518 
568 518 50 51 
569 105 389 519 
570 519 104 105 
571 520 390 155 
572 521 247 159 
573 235 418 523 
574 391 520 523 
575 523 520 155 
576 155 235 523 
577 392 393 524 
578 234 392 524 
579 526 367 222 
580 526 393 367 
581 152 514 527 
582 527 514 224 
583 219 516 528 
584 156 400 529 
585 529 404 156 
586 623 404 529 
587 530 400 156 
588 236 400 530 
589 157 438 625 
590 625 438 242 
591 533 421 248 
592 534 423 246 
593 535 425 160 
594 409 427 536 
595 537 426 251 
596 538 46 47 
597 538 537 427 
598 538 409 46 
599 538 427 409 
600 426 537 538 
601 47 426 538 
602 539 412 244 
603 539 433 412 
604 255 434 541 
605 541 434 433 
606 158 534 542 
607 542 534 246 
608 543 536 427 
609 241 536 543 
610 635 443 162 
611 259 443 635 
612 438 439 544 
613 258 438 544 
614 545 440 162 
615 257 440 545 
616 116 450 546 
617 546 112 116 
618 547 453 431 
619 448 454 547 
620 547 454 264 
621 264 453 547 
622 254 448 547 
623 547 431 254 
624 266 456 549 
625 549 455 266 
626 550 267 131 
627 550 456 164 
628 164 267 550 
629 551 452 163 
630 459 551 552 
631 552 551 163 
632 263 452 553 
633 452 551 553 
634 553 551 459 
635 278 279 556 
636 460 555 719 
637 719 555 170 
638 169 277 558 
639 559 558 277 
640 461 558 559 
641 280 463 565 
642 565 463 168 
643 565 457 132 
644 168 457 565 
645 566 464 174 
646 174 322 566 
647 135 464 567 
648 567 286 135 
649 146 202 568 
650 569 468 291 
651 175 301 569 
652 569 291 175 
653 570 469 296 
654 178 297 570 
655 570 296 178 
656 174 465 573 
657 574 465 287 
658 574 571 573 
659 574 573 465 
660 574 287 173 
661 575 473 191 
662 191 327 575 
663 576 475 189 
664 189 310 576 
665 198 479 577 
666 577 327 198 
667 578 480 325 
668 197 480 579 
669 579 326 197 
670 320 477 580 
671 196 482 581 
672 581 322 196 
673 582 482 330 
674 199 483 582 
675 582 330 199 
676 583 483 329 
677 329 481 583 
678 303 485 584 
679 485 488 584 
680 183 303 584 
681 141 183 584 
682 584 185 141 
683 584 488 185 
684 123 489 585 
685 586 487 488 
686 334 490 588 
687 589 491 208 
688 208 356 589 
689 590 493 206 
690 206 336 590 
691 591 354 215 
692 591 496 354 
693 354 496 592 
694 193 318 592 
695 592 495 193 
696 592 496 495 
697 593 497 347 
698 495 496 593 
699 347 495 593 
700 216 499 594 
701 595 500 352 
702 596 499 353 
703 214 500 596 
704 596 353 214 
705 597 501 216 
706 216 357 597 
707 598 503 220 
708 220 379 598 
709 599 505 218 
710 218 359 599 
711 600 377 227 
712 600 508 377 
713 377 508 601 
714 210 344 601 
715 601 507 210 
716 601 508 507 
717 602 509 370 
718 507 508 602 
719 370 507 602 
720 603 379 228 
721 604 512 375 
722 605 511 376 
723 226 512 605 
724 605 376 226 
725 606 513 228 
726 228 380 606 
727 607 515 231 
728 231 401 607 
729 609 406 240 
730 609 518 406 
731 104 519 610 
732 610 106 104 
733 610 414 106 
734 611 389 233 
735 390 520 611 
736 233 390 611 
737 247 521 612 
738 612 418 247 
739 612 523 418 
740 391 523 612 
741 612 521 391 
742 613 521 159 
743 245 414 614 
744 614 415 245 
745 615 614 414 
746 522 614 615 
747 616 520 391 
748 617 404 238 
749 618 617 238 
750 238 403 618 
751 619 394 234 
752 525 618 619 
753 524 525 619 
754 234 524 619 
755 619 403 394 
756 619 618 403 
757 393 526 620 
758 620 524 393 
759 620 525 524 
760 152 527 621 
761 621 368 152 
762 399 528 622 
763 237 399 622 
764 236 530 624 
765 624 397 236 
766 242 422 625 
767 626 531 386 
768 50 518 626 
769 626 386 50 
770 249 532 710 
771 421 533 627 
772 628 533 420 
773 420 531 628 
774 629 614 522 
775 415 614 629 
776 629 534 158 
777 158 415 629 
778 253 441 630 
779 425 535 631 
780 631 537 251 
781 251 425 631 
782 632 443 260 
783 442 540 632 
784 260 442 632 
785 633 540 442 
786 633 432 255 
787 255 541 633 
788 633 541 540 
789 540 541 634 
790 158 542 804 
791 804 411 158 
792 635 441 259 
793 636 544 439 
794 258 544 637 
795 637 440 258 
796 257 545 638 
797 638 437 257 
798 455 549 639 
799 42 455 639 
800 640 447 261 
801 641 557 460 
802 460 719 641 
803 169 558 642 
804 132 171 642 
805 642 171 169 
806 643 559 277 
807 643 561 559 
808 643 118 112 
809 643 277 118 
810 546 561 643 
811 112 546 643 
812 644 450 263 
813 263 553 644 
814 644 546 450 
815 644 561 546 
816 459 554 645 
817 561 644 645 
818 645 553 459 
819 645 644 553 
820 647 646 722 
821 252 646 647 
822 647 429 252 
823 562 649 650 
824 778 649 562 
825 563 652 653 
826 653 652 560 
827 560 554 653 
828 462 651 654 
829 655 554 459 
830 655 653 554 
831 657 656 564 
832 253 656 657 
833 657 446 253 
834 658 648 462 
835 659 647 722 
836 659 658 564 
837 648 658 659 
838 722 648 659 
839 464 566 660 
840 660 567 464 
841 662 569 301 
842 469 570 662 
843 180 469 662 
844 662 301 180 
845 468 569 663 
846 663 570 297 
847 569 662 663 
848 663 662 570 
849 298 299 665 
850 572 665 666 
851 174 573 668 
852 668 665 299 
853 668 299 121 
854 121 174 668 
855 573 666 668 
856 668 666 665 
857 473 575 669 
858 670 478 312 
859 475 576 670 
860 312 475 670 
861 327 577 671 
862 671 575 327 
863 322 581 672 
864 672 566 322 
865 482 582 673 
866 673 581 482 
867 674 583 481 
868 481 580 674 
869 483 583 675 
870 675 582 483 
871 676 568 202 
872 123 585 676 
873 676 202 123 
874 573 571 677 
875 677 666 573 
876 788 677 571 
877 587 677 788 
878 572 666 678 
879 678 677 587 
880 666 677 678 
881 680 588 486 
882 680 585 489 
883 334 588 680 
884 680 489 334 
885 487 586 681 
886 201 487 681 
887 486 588 681 
888 681 586 486 
889 681 490 201 
890 681 588 490 
891 491 589 682 
892 683 498 338 
893 493 590 683 
894 338 493 683 
895 150 501 684 
896 684 355 150 
897 685 593 496 
898 496 591 685 
899 686 502 346 
900 211 497 686 
901 686 346 211 
902 356 594 687 
903 687 589 356 
904 688 597 357 
905 502 686 688 
906 212 502 688 
907 688 357 212 
908 503 598 689 
909 690 510 361 
910 505 599 690 
911 361 505 690 
912 153 513 691 
913 691 378 153 
914 692 602 508 
915 508 600 692 
916 693 514 369 
917 223 509 693 
918 693 369 223 
919 379 603 694 
920 694 598 379 
921 695 606 380 
922 514 693 695 
923 224 514 695 
924 695 380 224 
925 515 607 696 
926 696 608 382 
927 382 515 696 
928 384 517 697 
929 230 608 697 
930 697 517 230 
931 698 609 240 
932 240 407 698 
933 699 610 519 
934 389 611 699 
935 699 519 389 
936 249 423 700 
937 521 613 701 
938 701 616 391 
939 391 521 701 
940 404 617 702 
941 702 530 156 
942 156 404 702 
943 704 620 526 
944 368 621 704 
945 704 526 222 
946 222 368 704 
947 705 529 400 
948 237 622 705 
949 705 400 237 
950 401 623 706 
951 706 607 401 
952 397 624 707 
953 707 527 224 
954 224 397 707 
955 708 626 518 
956 518 609 708 
957 709 625 422 
958 532 627 710 
959 531 626 766 
960 533 628 711 
961 711 627 533 
962 712 631 535 
963 713 543 427 
964 427 537 713 
965 443 632 714 
966 714 545 162 
967 162 443 714 
968 715 634 539 
969 715 539 244 
970 244 411 715 
971 540 634 716 
972 716 632 540 
973 441 635 717 
974 717 630 441 
975 437 638 718 
976 718 542 246 
977 246 437 718 
978 561 645 720 
979 720 560 461 
980 720 645 554 
981 554 560 720 
982 723 458 278 
983 723 649 458 
984 723 650 649 
985 556 650 723 
986 278 556 723 
987 724 650 556 
988 724 555 460 
989 724 556 555 
990 650 724 725 
991 563 654 725 
992 725 654 651 
993 725 651 562 
994 562 650 725 
995 726 549 456 
996 550 778 726 
997 456 550 726 
998 727 651 462 
999 462 648 727 
1000 729 654 563 
1001 653 655 729 
1002 563 653 729 
1003 552 640 730 
1004 730 655 459 
1005 459 552 730 
1006 647 659 731 
1007 731 535 160 
1008 731 656 535 
1009 429 647 731 
1010 160 429 731 
1011 731 659 564 
1012 564 656 731 
1013 446 657 732 
1014 445 446 732 
1015 261 445 732 
1016 564 658 809 
1017 809 657 564 
1018 284 661 733 
1019 733 285 284 
1020 567 660 734 
1021 286 567 734 
1022 661 286 734 
1023 735 664 470 
1024 735 470 137 
1025 137 300 735 
1026 736 667 664 
1027 738 737 484 
1028 181 305 739 
1029 667 738 739 
1030 664 667 739 
1031 739 484 181 
1032 739 738 484 
1033 740 670 576 
1034 576 669 740 
1035 478 670 741 
1036 741 578 478 
1037 742 671 577 
1038 479 579 742 
1039 742 577 479 
1040 582 675 743 
1041 743 673 582 
1042 744 675 583 
1043 583 674 744 
1044 745 679 587 
1045 585 679 745 
1046 745 676 585 
1047 746 788 571 
1048 288 466 746 
1049 746 467 288 
1050 746 571 467 
1051 667 736 747 
1052 747 736 572 
1053 572 678 747 
1054 748 679 486 
1055 486 586 748 
1056 749 683 590 
1057 590 682 749 
1058 498 683 750 
1059 750 595 498 
1060 751 686 685 
1061 751 688 686 
1062 751 685 591 
1063 591 684 751 
1064 597 688 751 
1065 751 684 501 
1066 501 597 751 
1067 752 687 594 
1068 499 596 752 
1069 752 594 499 
1070 753 690 599 
1071 599 689 753 
1072 510 690 754 
1073 754 604 510 
1074 755 693 692 
1075 755 695 693 
1076 755 692 600 
1077 600 691 755 
1078 606 695 755 
1079 756 694 603 
1080 511 605 756 
1081 756 603 511 
1082 757 705 622 
1083 384 697 758 
1084 758 516 384 
1085 610 699 760 
1086 760 615 414 
1087 414 610 760 
1088 534 629 761 
1089 761 700 423 
1090 423 534 761 
1091 613 700 761 
1092 762 629 522 
1093 762 761 629 
1094 616 701 762 
1095 522 616 762 
1096 613 761 762 
1097 762 701 613 
1098 620 704 763 
1099 764 707 624 
1100 530 702 764 
1101 764 624 530 
1102 765 708 609 
1103 609 698 765 
1104 626 708 766 
1105 627 711 767 
1106 767 710 627 
1107 631 712 768 
1108 543 713 769 
1109 769 636 543 
1110 770 716 634 
1111 634 715 770 
1112 771 717 635 
1113 635 637 771 
1114 772 718 638 
1115 545 714 772 
1116 772 638 545 
1117 132 642 773 
1118 773 565 132 
1119 641 719 773 
1120 773 642 641 
1121 773 719 280 
1122 280 565 773 
1123 774 725 724 
1124 774 724 460 
1125 460 557 774 
1126 563 725 774 
1127 774 652 563 
1128 726 728 775 
1129 548 639 775 
1130 549 726 775 
1131 775 639 549 
1132 776 775 728 
1133 776 722 646 
1134 646 721 776 
1135 548 775 776 
1136 776 721 548 
1137 651 727 777 
1138 562 651 777 
1139 562 777 778 
1140 778 777 728 
1141 654 729 779 
1142 779 809 658 
1143 779 658 462 
1144 462 654 779 
1145 780 730 640 
1146 261 732 780 
1147 780 640 261 
1148 781 580 477 
1149 661 734 782 
1150 782 733 661 
1151 566 672 783 
1152 783 660 566 
1153 784 665 572 
1154 664 735 784 
1155 785 586 488 
1156 786 740 669 
1157 575 671 786 
1158 786 669 575 
1159 578 741 787 
1160 787 742 579 
1161 787 579 480 
1162 480 578 787 
1163 788 745 587 
1164 466 568 789 
1165 745 788 789 
1166 676 745 789 
1167 568 676 789 
1168 789 746 466 
1169 789 788 746 
1170 667 747 790 
1171 790 738 667 
1172 737 738 790 
1173 587 679 791 
1174 791 790 747 
1175 791 678 587 
1176 791 747 678 
1177 679 748 791 
1178 792 749 682 
1179 589 687 792 
1180 792 682 589 
1181 595 750 793 
1182 793 752 596 
1183 793 596 500 
1184 500 595 793 
1185 794 753 689 
1186 598 694 794 
1187 794 689 598 
1188 604 754 795 
1189 795 756 605 
1190 795 605 512 
1191 512 604 795 
1192 796 622 528 
1193 796 757 622 
1194 797 697 608 
1195 608 696 797 
1196 757 796 797 
1197 797 758 697 
1198 797 796 758 
1199 798 706 623 
1200 705 757 798 
1201 529 705 798 
1202 798 623 529 
1203 799 616 522 
1204 615 760 799 
1205 522 615 799 
1206 707 764 800 
1207 527 707 800 
1208 800 621 527 
1209 801 759 625 
1210 625 709 801 
1211 802 711 628 
1212 803 768 712 
1213 717 771 803 
1214 630 717 803 
1215 803 712 630 
1216 804 770 715 
1217 804 715 411 
1218 636 769 805 
1219 805 771 637 
1220 805 637 544 
1221 544 636 805 
1222 716 770 806 
1223 806 772 714 
1224 632 716 806 
1225 806 714 632 
1226 807 777 727 
1227 722 776 807 
1228 807 727 648 
1229 648 722 807 
1230 728 777 807 
1231 807 776 728 
1232 808 779 729 
1233 730 780 808 
1234 655 730 808 
1235 808 729 655 
1236 809 780 732 
1237 809 808 780 
1238 809 732 657 
1239 779 808 809 
1240 810 744 674 
1241 580 781 810 
1242 810 674 580 
1243 811 783 672 
1244 581 673 811 
1245 811 672 581 
1246 812 782 734 
1247 660 783 812 
1248 812 734 660 
1249 740 786 813 
1250 813 787 741 
1251 742 787 813 
1252 790 791 814 
1253 814 791 748 
1254 737 790 814 
1255 814 785 737 
1256 749 792 815 
1257 815 793 750 
1258 752 793 815 
1259 753 794 816 
1260 816 795 754 
1261 756 795 816 
1262 706 798 817 
1263 817 797 696 
1264 607 706 817 
1265 817 696 607 
1266 817 798 757 
1267 757 797 817 
1268 818 611 520 
1269 818 699 611 
1270 616 799 818 
1271 520 616 818 
1272 818 760 699 
1273 818 799 760 
1274 819 764 702 
1275 819 800 764 
1276 763 800 819 
1277 703 763 819 
1278 617 703 819 
1279 819 702 617 
1280 710 767 820 
1281 820 801 709 
1282 820 709 710 
1283 765 801 821 
1284 821 802 766 
1285 821 766 708 
1286 708 765 821 
1287 768 803 822 
1288 822 805 769 
1289 822 769 713 
1290 713 768 822 
1291 771 805 822 
1292 822 803 771 
1293 718 772 823 
1294 772 806 823 
1295 542 718 823 
1296 823 806 770 
1297 770 804 823 
1298 823 804 542 
1299 744 810 824 
1300 675 744 824 
1301 824 743 675 
1302 782 812 825 
1303 733 782 825 
1304 825 781 733 
1305 826 812 783 
1306 783 811 826 
1307 826 825 812 
1308 827 820 767 
1309 802 821 827 
1310 711 802 827 
1311 827 767 711 
1312 827 821 801 
1313 801 820 827 
1314 743 824 828 
1315 828 826 811 
1316 828 811 673 
1317 673 743 828 
1318 829 824 810 
1319 829 828 824 
1320 781 825 829 
1321 829 810 781 
1322 826 828 829 
1323 825 826 829 
1324 186 29 28 
1325 139 140 186 
1326 186 28 139 
1327 307 141 187 
1328 187 14 307 
1329 203 20 19 
1330 267 166 167 
1331 167 131 267 
1332 169 171 119 
1333 119 117 169 
1334 320 194 317 
1335 317 87 320 
1336 333 201 25 
1337 397 224 380 
1338 380 127 397 
1339 387 53 386 
1340 430 252 429 
1341 429 250 430 
1342 428 252 430 
1343 430 43 428 
1344 436 257 437 
1345 437 129 436 
1346 73 77 275 
1347 275 281 268 
1348 268 73 275 
1349 294 293 474 
1350 304 303 183 
1351 183 138 304 
1352 471 306 182 
1353 182 7 471 
1354 315 314 492 
1355 199 331 195 
1356 195 328 199 
1357 341 340 504 
1358 143 354 592 
1359 592 318 143 
1360 215 354 195 
1361 195 350 215 
1362 594 356 125 
1363 125 216 594 
1364 149 377 601 
1365 601 344 149 
1366 227 377 212 
1367 212 373 227 
1368 229 382 608 
1369 608 230 229 
1370 517 384 58 
1371 58 56 517 
1372 528 399 362 
1373 362 219 528 
1374 410 409 536 
1375 250 429 160 
1376 160 425 250 
1377 633 442 161 
1378 161 432 633 
1379 259 444 260 
1380 260 443 259 
1381 260 444 256 
1382 256 442 260 
1383 203 466 288 
1384 288 16 203 
1385 288 467 289 
1386 289 22 288 
1387 176 478 578 
1388 578 325 176 
1389 579 479 326 
1390 580 481 194 
1391 194 320 580 
1392 485 484 737 
1393 190 498 595 
1394 595 352 190 
1395 207 510 604 
1396 604 375 207 
1397 513 511 603 
1398 603 228 513 
1399 656 253 630 
1400 241 543 636 
1401 636 439 241 
1402 637 635 162 
1403 162 440 637 
1404 131 458 649 
1405 170 280 719 
1406 559 561 720 
1407 720 461 559 
1408 467 571 574 
1409 574 173 467 
1410 669 576 310 
1411 310 473 669 
1412 679 585 680 
1413 680 486 679 
1414 682 590 336 
1415 336 491 682 
1416 684 591 215 
1417 215 355 684 
1418 689 599 359 
1419 359 503 689 
1420 691 600 227 
1421 227 378 691 
1422 532 249 700 
1423 700 613 159 
1424 159 532 700 
1425 703 617 618 
1426 618 525 703 
1427 249 710 709 
1428 709 422 249 
1429 656 630 712 
1430 712 535 656 
1431 447 640 552 
1432 552 163 447 
1433 557 641 461 
1434 461 560 557 
1435 721 646 252 
1436 252 428 721 
1437 468 663 297 
1438 297 8 468 
1439 470 664 739 
1440 739 305 470 
1441 736 664 784 
1442 784 572 736 
1443 685 686 497 
1444 497 593 685 
1445 692 693 509 
1446 509 602 692 
1447 157 625 759 
1448 759 698 407 
1449 407 157 759 
1450 763 703 525 
1451 525 620 763 
1452 768 713 537 
1453 537 631 768 
1454 778 728 726 
1455 485 737 785 
1456 785 488 485 
1457 606 755 691 
1458 691 513 606 
1459 516 758 796 
1460 796 528 516 
1461 652 774 557 
1462 557 560 652 
1463 179 784 735 
1464 735 300 179 
1465 621 800 763 
1466 763 704 621 
1467 759 801 765 
1468 765 698 759 
1469 740 813 741 
1470 741 670 740 
1471 785 814 748 
1472 748 586 785 
1473 749 815 750 
1474 750 683 749 
1475 753 816 754 
1476 754 690 753 
1477 146 203 19 
1478 19 144 146 
1479 463 275 76 
1480 76 168 463 
1481 165 278 458 
1482 458 269 165 
1483 175 294 474 
1484 474 176 175 
1485 555 556 279 
1486 279 170 555 
1487 539 634 541 
1488 541 433 539 
1489 298 665 784 
1490 784 179 298 
1491 813 786 671 
1492 671 742 813 
1493 815 792 687 
1494 687 752 815 
1495 816 794 694 
1496 694 756 816 
1497 641 642 558 
1498 558 461 641 
1499 568 466 203 
1500 203 146 568 
1501 387 386 531 
1502 531 385 387 
1503 41 548 721 
1504 721 428 41 
1505 531 766 802 
1506 802 628 531 
1507 298 323 121 
1508 121 299 298 
1509 533 248 419 
1510 419 420 533 
1511 548 41 42 
1512 42 639 548 
1513 627 532 159 
1514 159 421 627 
1515 733 781 477 
1516 477 285 733 
1517 199 330 198 
1518 198 331 199 
1519 315 492 190 
1520 190 188 315 
1521 341 504 207 
1522 207 205 341 
1523 410 536 241 
1524 241 239 410 
1525 649 778 550 
1526 550 131 649 
1527 186 333 25 
1528 25 29 186 
1529 310 189 188 
1530 188 313 310 
1531 336 206 205 
1532 205 339 336 
1533 187 308 184 
1534 184 124 187 
1535 420 154 385 
1536 385 531 420 
vertexCoord 
1 0.000000 0.000000 
2 -0.000000 0.200000 
3 0.200000 0.000000 
4 1.000000 0.000000 
5 1.000000 0.200000 
6 0.200000 0.200000 
7 0.099992 0.000000 
8 0.159985 0.000000 
9 0.179980 0.000000 
10 0.139989 0.000000 
11 0.119990 0.000000 
12 0.059987 0.000000 
13 0.079990 0.000000 
14 0.039989 0.000000 
15 0.019994 0.000000 
16 0.100018 0.200000 
17 0.040014 0.200000 
18 0.020007 0.200000 
19 0.060021 0.200000 
20 0.080019 0.200000 
21 0.140020 0.200000 
22 0.120019 0.200000 
23 0.160021 0.200000 
24 0.180010 0.200000 
25 -0.000000 0.100000 
26 0.000000 0.040014 
27 0.000000 0.020007 
28 0.000000 0.060021 
29 -0.000000 0.080010 
30 -0.000000 0.140020 
31 -0.000000 0.120020 
32 -0.000000 0.160021 
33 -0.000000 0.180010 
34 0.599985 0.000000 
35 0.799985 0.000000 
36 0.900000 0.000000 
37 0.959980 0.000000 
38 0.979990 0.000000 
39 0.939985 0.000000 
40 0.919990 0.000000 
41 0.859984 0.000000 
42 0.879992 0.000000 
43 0.839987 0.000000 
44 0.819986 0.000000 
45 0.700000 0.000000 
46 0.759984 0.000000 
47 0.779984 0.000000 
48 0.739987 0.000000 
49 0.719990 0.000000 
50 0.659984 0.000000 
51 0.679992 0.000000 
52 0.639979 0.000000 
53 0.619982 0.000000 
54 0.399985 0.000000 
55 0.499983 0.000000 
56 0.559984 0.000000 
57 0.579980 0.000000 
58 0.539987 0.000000 
59 0.519985 0.000000 
60 0.459984 0.000000 
61 0.479980 0.000000 
62 0.439987 0.000000 
63 0.419990 0.000000 
64 0.299985 0.000000 
65 0.359984 0.000000 
66 0.379980 0.000000 
67 0.339987 0.000000 
68 0.319990 0.000000 
69 0.259984 0.000000 
70 0.279980 0.000000 
71 0.239987 0.000000 
72 0.219993 0.000000 
73 1.000000 0.100000 
74 1.000000 0.159986 
75 1.000000 0.179993 
76 1.000000 0.139979 
77 1.000000 0.119990 
78 1.000000 0.059983 
79 1.000000 0.079980 
80 1.000000 0.039985 
81 1.000000 0.019992 
82 0.600000 0.200000 
83 0.400000 0.200000 
84 0.300000 0.200000 
85 0.240020 0.200000 
86 0.220010 0.200000 
87 0.260021 0.200000 
88 0.280010 0.200000 
89 0.340015 0.200000 
90 0.320008 0.200000 
91 0.360021 0.200000 
92 0.380010 0.200000 
93 0.500018 0.200000 
94 0.440015 0.200000 
95 0.420008 0.200000 
96 0.460021 0.200000 
97 0.480019 0.200000 
98 0.540019 0.200000 
99 0.520017 0.200000 
100 0.560021 0.200000 
101 0.580010 0.200000 
102 0.800017 0.200000 
103 0.700013 0.200000 
104 0.640015 0.200000 
105 0.620020 0.200000 
106 0.660011 0.200000 
107 0.680007 0.200000 
108 0.740016 0.200000 
109 0.720020 0.200000 
110 0.760017 0.200000 
111 0.780018 0.200000 
112 0.900000 0.200000 
113 0.840014 0.200000 
114 0.820015 0.200000 
115 0.860010 0.200000 
116 0.880005 0.200000 
117 0.940014 0.200000 
118 0.920007 0.200000 
119 0.960021 0.200000 
120 0.980010 0.200000 
121 0.179821 0.101467 
122 0.282468 0.101158 
123 0.045028 0.158094 
124 0.012676 0.013760 
125 0.379090 0.099057 
126 0.013371 0.187544 
127 0.479434 0.093440 
128 0.591802 0.100613 
129 0.703045 0.097925 
130 0.798209 0.100088 
131 0.950347 0.046125 
132 0.958648 0.159251 
133 0.986446 0.012636 
134 0.988137 0.186477 
135 0.168805 0.152272 
136 0.190762 0.049317 
137 0.146439 0.052981 
138 0.070455 0.014889 
139 0.014790 0.055235 
140 0.027992 0.072245 
141 0.042616 0.034205 
142 0.297727 0.048378 
143 0.282947 0.151219 
144 0.047927 0.185362 
145 0.019457 0.134285 
146 0.063884 0.182921 
147 0.021233 0.154596 
148 0.397689 0.048479 
149 0.386972 0.151494 
150 0.321715 0.103754 
151 0.499832 0.050483 
152 0.485401 0.147763 
153 0.422024 0.101973 
154 0.602261 0.050719 
155 0.593421 0.142547 
156 0.535297 0.102312 
157 0.711751 0.051347 
158 0.698769 0.146283 
159 0.642692 0.102474 
160 0.816268 0.040305 
161 0.799818 0.151584 
162 0.753633 0.099881 
163 0.836568 0.149252 
164 0.941324 0.022575 
165 0.970095 0.076191 
166 0.960085 0.025593 
167 0.965717 0.040654 
168 0.984221 0.152089 
169 0.943196 0.182947 
170 0.956053 0.116561 
171 0.958159 0.175048 
172 0.165586 0.174481 
173 0.146384 0.171093 
174 0.170674 0.122772 
175 0.200682 0.026138 
176 0.215485 0.037621 
177 0.186052 0.073804 
178 0.133397 0.027780 
179 0.165144 0.070588 
180 0.173699 0.046086 
181 0.097272 0.040895 
182 0.089665 0.013700 
183 0.061852 0.031470 
184 0.013968 0.030817 
185 0.035469 0.053722 
186 0.012967 0.081203 
187 0.029439 0.018110 
188 0.297090 0.025308 
189 0.278630 0.025749 
190 0.315521 0.031273 
191 0.290496 0.074733 
192 0.280328 0.174825 
193 0.297255 0.172744 
194 0.260924 0.175716 
195 0.280712 0.124635 
196 0.201404 0.103106 
197 0.206873 0.076226 
198 0.261384 0.100433 
199 0.260080 0.118897 
200 0.028932 0.185706 
201 0.020790 0.103238 
202 0.055302 0.171182 
203 0.082494 0.187110 
204 0.016440 0.172977 
205 0.397090 0.025308 
206 0.378653 0.025715 
207 0.415521 0.031273 
208 0.390660 0.072015 
209 0.380077 0.174295 
210 0.397043 0.172696 
211 0.361653 0.169479 
212 0.384227 0.126531 
213 0.304678 0.099848 
214 0.308094 0.075724 
215 0.303906 0.123525 
216 0.355994 0.103755 
217 0.497235 0.024795 
218 0.478880 0.025712 
219 0.515465 0.026113 
220 0.484936 0.076626 
221 0.480039 0.173544 
222 0.499614 0.174129 
223 0.461320 0.169693 
224 0.481509 0.122946 
225 0.402316 0.100306 
226 0.407527 0.074903 
227 0.405498 0.123941 
228 0.460937 0.099078 
229 0.591199 0.028798 
230 0.574171 0.022878 
231 0.592602 0.080557 
232 0.583903 0.172763 
233 0.599064 0.175047 
234 0.566027 0.170564 
235 0.591157 0.121854 
236 0.510320 0.093701 
237 0.515379 0.073865 
238 0.561531 0.120002 
239 0.717478 0.026666 
240 0.700449 0.025049 
241 0.735449 0.031276 
242 0.709870 0.081520 
243 0.699313 0.174645 
244 0.719999 0.174219 
245 0.678914 0.177237 
246 0.701197 0.117277 
247 0.620063 0.101345 
248 0.617269 0.083901 
249 0.672026 0.092990 
250 0.813689 0.026722 
251 0.798769 0.026582 
252 0.843620 0.025955 
253 0.804844 0.086321 
254 0.800679 0.174652 
255 0.783851 0.172962 
256 0.798214 0.125033 
257 0.728198 0.101417 
258 0.728788 0.078125 
259 0.783279 0.104592 
260 0.781356 0.120792 
261 0.819510 0.122686 
262 0.818544 0.150159 
263 0.857118 0.172666 
264 0.838749 0.173958 
265 0.934663 0.011294 
266 0.914122 0.010681 
267 0.950112 0.034955 
268 0.984324 0.096359 
269 0.967852 0.057617 
270 0.984717 0.070505 
271 0.969968 0.013367 
272 0.951114 0.012182 
273 0.983379 0.049758 
274 0.982197 0.029788 
275 0.986647 0.120491 
276 0.986379 0.170947 
277 0.924578 0.184234 
278 0.952901 0.079593 
279 0.961846 0.096734 
280 0.961369 0.131185 
281 0.971265 0.115846 
282 0.974341 0.182608 
283 0.172151 0.188205 
284 0.192407 0.188327 
285 0.209443 0.190117 
286 0.174116 0.163308 
287 0.158405 0.159919 
288 0.108501 0.182711 
289 0.131782 0.184789 
290 0.152657 0.186428 
291 0.190488 0.011666 
292 0.200056 0.039957 
293 0.230944 0.012327 
294 0.210700 0.012462 
295 0.127356 0.013874 
296 0.139244 0.040199 
297 0.147905 0.012830 
298 0.172649 0.084675 
299 0.169339 0.097619 
300 0.161188 0.056560 
301 0.185555 0.036040 
302 0.179155 0.059819 
303 0.073996 0.045686 
304 0.081869 0.028642 
305 0.120003 0.041633 
306 0.097974 0.025214 
307 0.050723 0.016446 
308 0.027256 0.038418 
309 0.289548 0.012542 
310 0.286520 0.040876 
311 0.269886 0.012611 
312 0.241617 0.024884 
313 0.301518 0.038815 
314 0.331953 0.012350 
315 0.311593 0.013402 
316 0.289447 0.186767 
317 0.269998 0.187542 
318 0.286940 0.163637 
319 0.308848 0.185463 
320 0.249258 0.187943 
321 0.272120 0.163051 
322 0.189696 0.114978 
323 0.194164 0.088160 
324 0.197921 0.062354 
325 0.207856 0.051321 
326 0.218845 0.092577 
327 0.274826 0.084750 
328 0.273825 0.135672 
329 0.266039 0.149528 
330 0.240153 0.104537 
331 0.275522 0.111449 
332 0.035810 0.171320 
333 0.019285 0.089276 
334 0.034243 0.129193 
335 0.389604 0.012626 
336 0.386506 0.040822 
337 0.369899 0.012605 
338 0.342226 0.024746 
339 0.401440 0.038864 
340 0.431953 0.012353 
341 0.411593 0.013402 
342 0.389415 0.186492 
343 0.370333 0.186504 
344 0.387704 0.162740 
345 0.408821 0.185452 
346 0.374769 0.158041 
347 0.330434 0.183520 
348 0.351272 0.184218 
349 0.296086 0.087651 
350 0.292870 0.112012 
351 0.301953 0.061383 
352 0.309899 0.048582 
353 0.315724 0.089435 
354 0.297091 0.139495 
355 0.309271 0.111505 
356 0.376065 0.082091 
357 0.371499 0.114574 
358 0.489008 0.012633 
359 0.488355 0.041000 
360 0.469839 0.012626 
361 0.442231 0.024753 
362 0.506078 0.037019 
363 0.526752 0.013919 
364 0.508079 0.012865 
365 0.490177 0.186971 
366 0.470436 0.186538 
367 0.510393 0.187453 
368 0.489994 0.161421 
369 0.473031 0.156350 
370 0.430434 0.183520 
371 0.451229 0.184262 
372 0.395061 0.086209 
373 0.392198 0.112686 
374 0.401820 0.060783 
375 0.409803 0.048503 
376 0.414322 0.088122 
377 0.396517 0.138121 
378 0.410130 0.111641 
379 0.469028 0.083721 
380 0.471376 0.110829 
381 0.587938 0.013410 
382 0.591574 0.044455 
383 0.571778 0.011302 
384 0.544307 0.021052 
385 0.607222 0.037449 
386 0.635778 0.012009 
387 0.610540 0.017974 
388 0.591065 0.186653 
389 0.611368 0.185924 
390 0.596994 0.160694 
391 0.625291 0.131744 
392 0.552720 0.184737 
393 0.530904 0.182955 
394 0.578999 0.156442 
395 0.572291 0.185786 
396 0.497682 0.085323 
397 0.492646 0.105064 
398 0.500557 0.066788 
399 0.514555 0.053648 
400 0.528517 0.090412 
401 0.579773 0.088974 
402 0.576741 0.110660 
403 0.573905 0.134990 
404 0.546641 0.108637 
405 0.710117 0.013030 
406 0.691006 0.012854 
407 0.706881 0.038263 
408 0.720140 0.039520 
409 0.751864 0.012766 
410 0.731779 0.013611 
411 0.709226 0.160952 
412 0.730004 0.187514 
413 0.710506 0.187452 
414 0.661802 0.181773 
415 0.688542 0.161359 
416 0.693750 0.187867 
417 0.605234 0.090589 
418 0.605366 0.110897 
419 0.606978 0.069555 
420 0.616215 0.050894 
421 0.628476 0.087857 
422 0.690728 0.087675 
423 0.684780 0.108633 
424 0.808312 0.013386 
425 0.805704 0.036195 
426 0.789758 0.013768 
427 0.761761 0.025992 
428 0.846264 0.011875 
429 0.826819 0.035175 
430 0.827798 0.013511 
431 0.810258 0.187178 
432 0.795337 0.163817 
433 0.751099 0.186387 
434 0.771386 0.185958 
435 0.791035 0.186792 
436 0.720723 0.092552 
437 0.716146 0.106612 
438 0.718943 0.065361 
439 0.729141 0.050046 
440 0.736692 0.093077 
441 0.789861 0.088775 
442 0.785701 0.139304 
443 0.767299 0.110961 
444 0.793651 0.112299 
445 0.807272 0.110584 
446 0.810833 0.098093 
447 0.827464 0.137854 
448 0.810468 0.162538 
449 0.807959 0.137672 
450 0.868168 0.185996 
451 0.849005 0.186616 
452 0.846807 0.160654 
453 0.829682 0.187058 
454 0.828531 0.161860 
455 0.898482 0.009095 
456 0.923735 0.023181 
457 0.971575 0.164532 
458 0.951501 0.061747 
459 0.866990 0.136325 
460 0.927330 0.119011 
461 0.912698 0.148799 
462 0.869739 0.076755 
463 0.977105 0.132777 
464 0.174567 0.141028 
465 0.160267 0.143466 
466 0.091291 0.172612 
467 0.126880 0.167251 
468 0.171235 0.009495 
469 0.157327 0.042209 
470 0.129927 0.054705 
471 0.108254 0.013622 
472 0.114547 0.028947 
473 0.287713 0.057742 
474 0.222092 0.024644 
475 0.260055 0.025241 
476 0.250412 0.012510 
477 0.227253 0.185176 
478 0.232785 0.037529 
479 0.241647 0.090658 
480 0.216584 0.063467 
481 0.255805 0.164699 
482 0.220589 0.107916 
483 0.257248 0.132755 
484 0.086193 0.059368 
485 0.064660 0.064285 
486 0.054848 0.115202 
487 0.034521 0.089755 
488 0.047785 0.073181 
489 0.037172 0.142291 
490 0.025585 0.118523 
491 0.387718 0.057084 
492 0.327006 0.023576 
493 0.360187 0.025124 
494 0.350706 0.012471 
495 0.315945 0.169748 
496 0.316171 0.150668 
497 0.345170 0.165802 
498 0.333038 0.036151 
499 0.336948 0.092866 
500 0.317633 0.062290 
501 0.339262 0.110442 
502 0.376946 0.142009 
503 0.486975 0.059600 
504 0.427004 0.023577 
505 0.460202 0.025210 
506 0.450699 0.012490 
507 0.416024 0.170007 
508 0.416241 0.150731 
509 0.445144 0.165819 
510 0.433024 0.036145 
511 0.433077 0.088620 
512 0.417294 0.062043 
513 0.441793 0.102301 
514 0.474070 0.139435 
515 0.591889 0.061899 
516 0.533048 0.030784 
517 0.558242 0.016297 
518 0.672464 0.014746 
519 0.628487 0.190322 
520 0.614447 0.149042 
521 0.633580 0.116918 
522 0.656034 0.152352 
523 0.605632 0.131250 
524 0.547304 0.168721 
525 0.542393 0.152723 
526 0.516121 0.174133 
527 0.489065 0.133745 
528 0.523316 0.042100 
529 0.544442 0.091927 
530 0.522014 0.105116 
531 0.631674 0.034154 
532 0.655454 0.093638 
533 0.625593 0.070160 
534 0.689585 0.129167 
535 0.808674 0.049853 
536 0.746842 0.023793 
537 0.780666 0.029441 
538 0.770670 0.013661 
539 0.741363 0.174106 
540 0.766179 0.150575 
541 0.763256 0.169878 
542 0.710075 0.133412 
543 0.752192 0.036509 
544 0.737660 0.064014 
545 0.738922 0.106814 
546 0.886958 0.185293 
547 0.819728 0.174541 
548 0.876016 0.015664 
549 0.904673 0.019643 
550 0.930388 0.039409 
551 0.851873 0.148144 
552 0.845271 0.137111 
553 0.863730 0.157379 
554 0.882342 0.136606 
555 0.942982 0.109082 
556 0.941138 0.089385 
557 0.913185 0.128275 
558 0.927894 0.165435 
559 0.910368 0.168463 
560 0.897490 0.133870 
561 0.892365 0.169530 
562 0.907357 0.068392 
563 0.891676 0.105201 
564 0.832848 0.075347 
565 0.967329 0.148329 
566 0.185746 0.130562 
567 0.177344 0.153322 
568 0.073735 0.171462 
569 0.179955 0.022819 
570 0.151607 0.029432 
571 0.124415 0.147689 
572 0.130636 0.098705 
573 0.145426 0.131572 
574 0.143629 0.153498 
575 0.275560 0.068261 
576 0.268141 0.038693 
577 0.256991 0.085028 
578 0.224847 0.050499 
579 0.227341 0.076952 
580 0.241081 0.173140 
581 0.205530 0.113980 
582 0.238372 0.116741 
583 0.254289 0.149769 
584 0.052724 0.049690 
585 0.058458 0.143682 
586 0.052473 0.096483 
587 0.097167 0.128012 
588 0.040220 0.120294 
589 0.375606 0.067799 
590 0.368188 0.038519 
591 0.319385 0.135080 
592 0.299391 0.157918 
593 0.328230 0.163404 
594 0.358911 0.087981 
595 0.325040 0.048763 
596 0.326178 0.076464 
597 0.353980 0.116437 
598 0.472890 0.067962 
599 0.468478 0.038552 
600 0.420621 0.135614 
601 0.399942 0.157397 
602 0.428407 0.163489 
603 0.451264 0.087033 
604 0.424977 0.048744 
605 0.424917 0.075339 
606 0.451197 0.115253 
607 0.579842 0.071557 
608 0.575789 0.038028 
609 0.683799 0.025906 
610 0.643195 0.187432 
611 0.612468 0.168355 
612 0.618184 0.118744 
613 0.651078 0.119684 
614 0.669209 0.164053 
615 0.654118 0.166608 
616 0.637936 0.146076 
617 0.543513 0.125629 
618 0.554267 0.139013 
619 0.561219 0.154414 
620 0.528310 0.164796 
621 0.501155 0.147826 
622 0.530079 0.058856 
623 0.561840 0.096737 
624 0.508505 0.109097 
625 0.697244 0.067455 
626 0.653776 0.020938 
627 0.639100 0.082944 
628 0.632267 0.053483 
629 0.675844 0.144987 
630 0.794982 0.074038 
631 0.794819 0.040712 
632 0.764040 0.130922 
633 0.781867 0.157350 
634 0.749212 0.158885 
635 0.770845 0.090997 
636 0.744606 0.049183 
637 0.750094 0.079932 
638 0.727243 0.111632 
639 0.891666 0.014406 
640 0.836080 0.127234 
641 0.931136 0.143975 
642 0.944802 0.162518 
643 0.905894 0.184901 
644 0.874663 0.170890 
645 0.879367 0.153918 
646 0.855698 0.033703 
647 0.842461 0.043308 
648 0.862920 0.062443 
649 0.930509 0.059823 
650 0.924308 0.079499 
651 0.886683 0.074411 
652 0.899091 0.118761 
653 0.885365 0.120399 
654 0.880787 0.090387 
655 0.868793 0.122084 
656 0.812664 0.069303 
657 0.821086 0.088121 
658 0.851526 0.077017 
659 0.845557 0.060035 
660 0.186400 0.145573 
661 0.190642 0.177461 
662 0.168140 0.032436 
663 0.163769 0.021403 
664 0.125954 0.070341 
665 0.152257 0.096339 
666 0.137463 0.113213 
667 0.109472 0.077602 
668 0.161522 0.110853 
669 0.273534 0.052803 
670 0.250827 0.037478 
671 0.261386 0.072811 
672 0.197284 0.124524 
673 0.220410 0.120656 
674 0.245029 0.158906 
675 0.242188 0.136395 
676 0.065502 0.157968 
677 0.120080 0.129628 
678 0.114719 0.112393 
679 0.073596 0.127434 
680 0.049563 0.129997 
681 0.038800 0.104109 
682 0.373539 0.052505 
683 0.350743 0.037241 
684 0.322499 0.118976 
685 0.334504 0.148856 
686 0.356823 0.148994 
687 0.361676 0.072807 
688 0.363263 0.129222 
689 0.473009 0.053102 
690 0.450650 0.037340 
691 0.428613 0.119299 
692 0.434752 0.149412 
693 0.456112 0.148674 
694 0.459622 0.073074 
695 0.462730 0.128235 
696 0.577398 0.054773 
697 0.560078 0.030046 
698 0.693206 0.035841 
699 0.627838 0.178253 
700 0.662735 0.107005 
701 0.640708 0.130134 
702 0.532746 0.115624 
703 0.538028 0.139457 
704 0.509626 0.161914 
705 0.536808 0.075856 
706 0.568331 0.080098 
707 0.499626 0.120698 
708 0.667748 0.029885 
709 0.677405 0.077529 
710 0.660213 0.082038 
711 0.641392 0.063738 
712 0.795983 0.057659 
713 0.767106 0.040768 
714 0.750589 0.117139 
715 0.729431 0.160424 
716 0.752410 0.144053 
717 0.781333 0.077989 
718 0.718717 0.122299 
719 0.945041 0.127607 
720 0.895772 0.151864 
721 0.859118 0.020049 
722 0.859145 0.047003 
723 0.940072 0.074009 
724 0.924881 0.097475 
725 0.903127 0.087759 
726 0.908628 0.033923 
727 0.876887 0.064298 
728 0.891297 0.041981 
729 0.873546 0.106650 
730 0.851174 0.123904 
731 0.826470 0.053332 
732 0.822753 0.105350 
733 0.207553 0.177057 
734 0.187452 0.159820 
735 0.145662 0.064618 
736 0.123861 0.084409 
737 0.081293 0.077478 
738 0.095729 0.071835 
739 0.107210 0.057147 
740 0.258789 0.049993 
741 0.242110 0.050107 
742 0.245463 0.075099 
743 0.230352 0.130531 
744 0.240476 0.149435 
745 0.080289 0.143578 
746 0.105498 0.162832 
747 0.110939 0.095118 
748 0.071054 0.108919 
749 0.358797 0.049753 
750 0.342107 0.049344 
751 0.341388 0.129715 
752 0.344789 0.075713 
753 0.458184 0.050092 
754 0.441812 0.049497 
755 0.442338 0.132748 
756 0.442153 0.074788 
757 0.547943 0.062092 
758 0.547763 0.035357 
759 0.694484 0.048955 
760 0.641522 0.174906 
761 0.669946 0.124288 
762 0.655258 0.136253 
763 0.522560 0.149175 
764 0.516701 0.119552 
765 0.680415 0.041032 
766 0.655009 0.034835 
767 0.651827 0.071086 
768 0.781641 0.047970 
769 0.757557 0.048796 
770 0.737173 0.146384 
771 0.768036 0.071818 
772 0.734572 0.121114 
773 0.951377 0.145826 
774 0.909540 0.108850 
775 0.890901 0.026453 
776 0.872470 0.033469 
777 0.889983 0.058448 
778 0.909534 0.050412 
779 0.860630 0.092377 
780 0.836904 0.114667 
781 0.223653 0.167561 
782 0.199489 0.167143 
783 0.197034 0.137060 
784 0.145319 0.082536 
785 0.067340 0.088315 
786 0.264031 0.061167 
787 0.234524 0.063177 
788 0.101709 0.145234 
789 0.086227 0.158943 
790 0.095190 0.087749 
791 0.092467 0.110019 
792 0.364419 0.061055 
793 0.334319 0.062354 
794 0.462719 0.061189 
795 0.433507 0.062021 
796 0.540669 0.046183 
797 0.559329 0.047392 
798 0.554171 0.078662 
799 0.643809 0.160515 
800 0.509333 0.133785 
801 0.676557 0.058389 
802 0.646944 0.048383 
803 0.782530 0.064395 
804 0.718727 0.146935 
805 0.754462 0.061607 
806 0.745068 0.133143 
807 0.875112 0.049432 
808 0.855051 0.109107 
809 0.840114 0.094570 
810 0.233492 0.157485 
811 0.207868 0.129105 
812 0.196723 0.152116 
813 0.251051 0.062059 
814 0.081238 0.094443 
815 0.351018 0.061838 
816 0.449666 0.061777 
817 0.564502 0.065762 
818 0.629432 0.162631 
819 0.527407 0.130746 
820 0.665029 0.069659 
821 0.663973 0.045221 
822 0.768821 0.055897 
823 0.727389 0.133881 
824 0.231182 0.143456 
825 0.211599 0.161176 
826 0.208968 0.144392 
827 0.657620 0.059413 
828 0.219646 0.135560 
829 0.221423 0.151605 
BC_Tag
1 184
2 110
3 15
4 10
5 5
6 2
7 190
8 190
9 190
10 190
11 190
12 190
13 190
14 190
15 190
16 117
17 117
18 117
19 117
20 117
21 117
22 117
23 117
24 117
25 185
26 185
27 185
28 185
29 185
30 185
31 185
32 185
33 185
34 16
35 16
36 16
37 16
38 16
39 16
40 16
41 16
42 16
43 16
44 16
45 16
46 16
47 16
48 16
49 16
50 16
51 16
52 16
53 16
54 16
55 16
56 16
57 16
58 16
59 16
60 16
61 16
62 16
63 16
64 16
65 16
66 16
67 16
68 16
69 16
70 16
71 16
72 16
73 11
74 11
75 11
76 11
77 11
78 11
79 11
80 11
81 11
82 6
83 6
84 6
85 6
86 6
87 6
88 6
89 6
90 6
91 6
92 6
93 6
94 6
95 6
96 6
97 6
98 6
99 6
100 6
101 6
102 6
103 6
104 6
105 6
106 6
107 6
108 6
109 6
110 6
111 6
112 6
113 6
114 6
115 6
116 6
117 6
118 6
119 6
120 6
121 120
122 120
123 120
124 120
125 120
126 120
127 120
128 120
129 120
130 120
131 120
132 120
133 120
134 120
135 120
136 120
137 120
138 120
139 120
140 120
141 120
142 120
143 120
144 120
145 120
146 120
147 120
148 120
149 120
150 120
151 120
152 120
153 120
154 120
155 120
156 120
157 120
158 120
159 120
160 120
161 120
162 120
163 120
164 120
165 120
166 120
167 120
168 120
169 120
170 120
171 120
172 120
173 120
174 120
175 120
176 120
177 120
178 120
179 120
180 120
181 120
182 120
183 120
184 120
185 120
186 120
187 120
188 120
189 120
190 120
191 120
192 120
193 120
194 120
195 120
196 120
197 120
198 120
199 120
200 120
201 120
202 120
203 120
204 120
205 120
206 120
207 120
208 120
209 120
210 120
211 120
212 120
213 120
214 120
215 120
216 120
217 120
218 120
219 120
220 120
221 120
222 120
223 120
224 120
225 120
226 120
227 120
228 120
229 120
230 120
231 120
232 120
233 120
234 120
235 120
236 120
237 120
238 120
239 120
240 120
241 120
242 120
243 120
244 120
245 120
246 120
247 120
248 120
249 120
250 120
251 120
252 120
253 120
254 120
255 120
256 120
257 120
258 120
259 120
260 120
261 120
262 120
263 120
264 120
265 120
266 120
267 120
268 120
269 120
270 120
271 120
272 120
273 120
274 120
275 120
276 120
277 120
278 120
279 120
280 120
281 120
282 120
283 120
284 120
285 120
286 120
287 120
288 120
289 120
290 120
291 120
292 120
293 120
294 120
295 120
296 120
297 120
298 120
299 120
300 120
301 120
302 120
303 120
304 120
305 120
306 120
307 120
308 120
309 120
310 120
311 120
312 120
313 120
314 120
315 120
316 120
317 120
318 120
319 120
320 120
321 120
322 120
323 120
324 120
325 120
326 120
327 120
328 120
329 120
330 120
331 120
332 120
333 120
334 120
335 120
336 120
337 120
338 120
339 120
340 120
341 120
342 120
343 120
344 120
345 120
346 120
347 120
348 120
349 120
350 120
351 120
352 120
353 120
354 120
355 120
356 120
357 120
358 120
359 120
360 120
361 120
362 120
363 120
364 120
365 120
366 120
367 120
368 120
369 120
370 120
371 120
372 120
373 120
374 120
375 120
376 120
377 120
378 120
379 120
380 120
381 120
382 120
383 120
384 120
385 120
386 120
387 120
388 120
389 120
390 120
391 120
392 120
393 120
394 120
395 120
396 120
397 120
398 120
399 120
400 120
401 120
402 120
403 120
404 120
405 120
406 120
407 120
408 120
409 120
410 120
411 120
412 120
413 120
414 120
415 120
416 120
417 120
418 120
419 120
420 120
421 120
422 120
423 120
424 120
425 120
426 120
427 120
428 120
429 120
430 120
431 120
432 120
433 120
434 120
435 120
436 120
437 120
438 120
439 120
440 120
441 120
442 120
443 120
444 120
445 120
446 120
447 120
448 120
449 120
450 120
451 120
452 120
453 120
454 120
455 120
456 120
457 120
458 120
459 120
460 120
461 120
462 120
463 120
464 120
465 120
466 120
467 120
468 120
469 120
470 120
471 120
472 120
473 120
474 120
475 120
476 120
477 120
478 120
479 120
480 120
481 120
482 120
483 120
484 120
485 120
486 120
487 120
488 120
489 120
490 120
491 120
492 120
493 120
494 120
495 120
496 120
497 120
498 120
499 120
500 120
501 120
502 120
503 120
504 120
505 120
506 120
507 120
508 120
509 120
510 120
511 120
512 120
513 120
514 120
515 120
516 120
517 120
518 120
519 120
520 120
521 120
522 120
523 120
524 120
525 120
526 120
527 120
528 120
529 120
530 120
531 120
532 120
533 120
534 120
535 120
536 120
537 120
538 120
539 120
540 120
541 120
542 120
543 120
544 120
545 120
546 120
547 120
548 120
549 120
550 120
551 120
552 120
553 120
554 120
555 120
556 120
557 120
558 120
559 120
560 120
561 120
562 120
563 120
564 120
565 120
566 120
567 120
568 120
569 120
570 120
571 120
572 120
573 120
574 120
575 120
576 120
577 120
578 120
579 120
580 120
581 120
582 120
583 120
584 120
585 120
586 120
587 120
588 120
589 120
590 120
591 120
592 120
593 120
594 120
595 120
596 120
597 120
598 120
599 120
600 120
601 120
602 120
603 120
604 120
605 120
606 120
607 120
608 120
609 120
610 120
611 120
612 120
613 120
614 120
615 120
616 120
617 120
618 120
619 120
620 120
621 120
622 120
623 120
624 120
625 120
626 120
627 120
628 120
629 120
630 120
631 120
632 120
633 120
634 120
635 120
636 120
637 120
638 120
639 120
640 120
641 120
642 120
643 120
644 120
645 120
646 120
647 120
648 120
649 120
650 120
651 120
652 120
653 120
654 120
655 120
656 120
657 120
658 120
659 120
660 120
661 120
662 120
663 120
664 120
665 120
666 120
667 120
668 120
669 120
670 120
671 120
672 120
673 120
674 120
675 120
676 120
677 120
678 120
679 120
680 120
681 120
682 120
683 120
684 120
685 120
686 120
687 120
688 120
689 120
690 120
691 120
692 120
693 120
694 120
695 120
696 120
697 120
698 120
699 120
700 120
701 120
702 120
703 120
704 120
705 120
706 120
707 120
708 120
709 120
710 120
711 120
712 120
713 120
714 120
715 120
716 120
717 120
718 120
719 120
720 120
721 120
722 120
723 120
724 120
725 120
726 120
727 120
728 120
729 120
730 120
731 120
732 120
733 120
734 120
735 120
736 120
737 120
738 120
739 120
740 120
741 120
742 120
743 120
744 120
745 120
746 120
747 120
748 120
749 120
750 120
751 120
752 120
753 120
754 120
755 120
756 120
757 120
758 120
759 120
760 120
761 120
762 120
763 120
764 120
765 120
766 120
767 120
768 120
769 120
770 120
771 120
772 120
773 120
774 120
775 120
776 120
777 120
778 120
779 120
780 120
781 120
782 120
783 120
784 120
785 120
786 120
787 120
788 120
789 120
790 120
791 120
792 120
793 120
794 120
795 120
796 120
797 120
798 120
799 120
800 120
801 120
802 120
803 120
804 120
805 120
806 120
807 120
808 120
809 120
810 120
811 120
812 120
813 120
814 120
815 120
816 120
817 120
818 120
819 120
820 120
821 120
822 120
823 120
824 120
825 120
826 120
827 120
828 120
829 120
BCelement14 0 
BCelement6 40 
84 
487 
151 
143 
141 
148 
205 
206 
193 
191 
198 
260 
261 
248 
246 
252 
308 
305 
312 
299 
301 
570 
732 
358 
364 
355 
353 
395 
396 
398 
392 
437 
432 
431 
617 
808 
67 
1333 
77 
7 
BCelement24 0 
BCelement11 10 
8 
64 
15 
63 
1346 
38 
40 
52 
58 
6 
