Edge min = 0.010115, max=0.029070, average=0.017665;
Grid_size 1518
Node_size 820
Solution_Order 1
meshIEN 
1 3 29 130 
2 24 3 130 
3 129 5 135 
4 5 18 135 
5 1 9 143 
6 68 1 143 
7 2 90 145 
8 15 2 145 
9 21 23 146 
10 147 132 131 
11 131 132 148 
12 23 24 148 
13 155 135 18 
14 18 17 155 
15 64 67 171 
16 9 8 172 
17 172 143 9 
18 142 172 173 
19 173 172 8 
20 68 143 174 
21 142 171 174 
22 174 172 142 
23 143 172 174 
24 174 171 67 
25 67 68 174 
26 90 89 175 
27 175 145 90 
28 176 175 89 
29 89 91 176 
30 15 145 177 
31 144 442 177 
32 14 15 177 
33 21 146 178 
34 22 21 178 
35 179 148 132 
36 180 147 30 
37 30 31 180 
38 126 127 181 
39 183 182 149 
40 17 19 187 
41 187 184 150 
42 129 135 188 
43 128 129 188 
44 125 128 189 
45 189 183 125 
46 151 188 203 
47 203 188 135 
48 135 155 203 
49 64 171 277 
50 66 64 277 
51 278 176 91 
52 91 92 278 
53 126 181 279 
54 119 126 279 
55 151 203 280 
56 123 124 281 
57 281 191 190 
58 190 191 282 
59 124 119 283 
60 283 281 124 
61 191 281 283 
62 284 192 190 
63 284 282 152 
64 190 282 284 
65 121 122 285 
66 122 120 285 
67 190 192 286 
68 120 123 286 
69 123 281 286 
70 286 281 190 
71 34 32 287 
72 287 195 194 
73 32 35 288 
74 288 287 32 
75 195 287 288 
76 194 195 289 
77 291 289 153 
78 194 289 291 
79 27 33 569 
80 33 34 292 
81 34 287 292 
82 292 287 194 
83 133 186 293 
84 293 182 133 
85 294 181 149 
86 182 199 294 
87 149 182 294 
88 134 193 299 
89 299 202 201 
90 134 299 300 
91 300 299 201 
92 301 193 152 
93 152 282 301 
94 301 299 193 
95 202 299 301 
96 202 301 302 
97 302 301 282 
98 201 202 303 
99 304 280 203 
100 304 203 155 
101 38 40 305 
102 305 205 204 
103 40 41 306 
104 306 305 40 
105 205 305 306 
106 204 205 307 
107 26 39 308 
108 309 206 204 
109 204 307 309 
110 204 206 310 
111 39 38 310 
112 38 305 310 
113 310 305 204 
114 117 118 311 
115 311 209 208 
116 118 108 312 
117 312 311 118 
118 209 311 312 
119 208 209 313 
120 314 211 208 
121 314 313 157 
122 208 313 314 
123 116 114 315 
124 114 117 316 
125 117 311 316 
126 316 311 208 
127 316 315 114 
128 317 193 134 
129 212 213 317 
130 134 197 318 
131 318 317 134 
132 212 317 318 
133 152 193 319 
134 193 317 319 
135 319 317 213 
136 152 319 320 
137 320 284 152 
138 321 213 212 
139 322 207 136 
140 136 210 323 
141 323 322 136 
142 214 322 323 
143 44 42 324 
144 324 216 215 
145 42 45 325 
146 325 324 42 
147 216 324 325 
148 215 216 326 
149 37 43 327 
150 329 217 215 
151 215 326 329 
152 215 217 330 
153 43 44 330 
154 44 324 330 
155 330 324 215 
156 330 327 43 
157 217 327 330 
158 113 109 331 
159 331 220 219 
160 109 115 334 
161 334 331 109 
162 220 331 334 
163 335 222 219 
164 335 332 159 
165 110 112 336 
166 112 113 337 
167 113 331 337 
168 337 331 219 
169 337 336 112 
170 136 207 338 
171 339 210 136 
172 339 224 210 
173 210 224 340 
174 211 314 341 
175 157 340 341 
176 341 314 157 
177 342 339 223 
178 224 339 342 
179 137 225 343 
180 343 226 218 
181 344 225 137 
182 346 343 225 
183 226 343 346 
184 50 49 347 
185 347 228 227 
186 49 51 348 
187 348 347 49 
188 228 347 348 
189 227 228 349 
190 46 25 350 
191 352 229 227 
192 227 349 352 
193 227 229 353 
194 25 50 353 
195 50 347 353 
196 353 347 227 
197 353 350 25 
198 229 350 353 
199 107 86 354 
200 354 232 231 
201 86 111 357 
202 357 354 86 
203 232 354 357 
204 358 234 231 
205 358 355 161 
206 103 106 359 
207 106 107 360 
208 107 354 360 
209 360 354 231 
210 360 359 106 
211 361 235 137 
212 137 343 361 
213 361 343 218 
214 137 235 362 
215 362 236 221 
216 362 344 137 
217 221 344 362 
218 221 236 363 
219 222 335 364 
220 159 363 364 
221 364 335 159 
222 365 362 235 
223 236 362 365 
224 138 237 366 
225 366 238 230 
226 367 237 138 
227 369 366 237 
228 238 366 369 
229 54 55 370 
230 370 240 239 
231 55 53 371 
232 371 370 55 
233 240 370 371 
234 239 240 372 
235 52 48 373 
236 375 241 239 
237 239 372 375 
238 239 241 376 
239 48 54 376 
240 54 370 376 
241 376 370 239 
242 376 373 48 
243 241 373 376 
244 98 104 377 
245 377 244 243 
246 104 105 380 
247 380 377 104 
248 244 377 380 
249 381 246 243 
250 381 378 163 
251 101 102 382 
252 102 98 383 
253 98 377 383 
254 383 377 243 
255 383 382 102 
256 384 247 138 
257 138 366 384 
258 384 366 230 
259 138 247 385 
260 385 248 233 
261 385 367 138 
262 233 367 385 
263 233 248 386 
264 234 358 387 
265 161 386 387 
266 387 358 161 
267 388 385 247 
268 248 385 388 
269 139 249 389 
270 389 250 242 
271 390 249 139 
272 392 389 249 
273 250 389 392 
274 47 60 393 
275 393 252 251 
276 60 61 394 
277 394 393 60 
278 252 393 394 
279 251 252 395 
280 56 57 396 
281 398 253 251 
282 398 395 165 
283 251 395 398 
284 251 253 399 
285 57 47 399 
286 47 393 399 
287 399 393 251 
288 399 396 57 
289 253 396 399 
290 87 100 400 
291 400 256 255 
292 255 256 401 
293 100 99 403 
294 403 400 100 
295 256 400 403 
296 404 257 255 
297 255 401 404 
298 96 97 405 
299 255 257 406 
300 97 87 406 
301 87 400 406 
302 406 400 255 
303 406 405 97 
304 407 259 139 
305 139 389 407 
306 407 389 242 
307 139 259 408 
308 408 260 245 
309 408 390 139 
310 245 390 408 
311 245 260 409 
312 246 381 410 
313 163 409 410 
314 410 381 163 
315 411 408 259 
316 260 408 411 
317 140 261 412 
318 412 262 254 
319 413 261 140 
320 140 258 413 
321 415 412 261 
322 262 412 415 
323 63 58 416 
324 416 264 263 
325 58 65 417 
326 417 416 58 
327 264 416 417 
328 263 264 418 
329 59 62 419 
330 59 419 420 
331 420 394 61 
332 61 59 420 
333 421 265 263 
334 421 418 167 
335 263 418 421 
336 263 265 422 
337 62 63 422 
338 63 416 422 
339 422 416 263 
340 422 419 62 
341 265 419 422 
342 94 95 423 
343 423 268 267 
344 96 405 425 
345 93 96 425 
346 95 93 426 
347 426 423 95 
348 268 423 426 
349 428 427 267 
350 267 427 429 
351 88 94 429 
352 94 423 429 
353 429 423 267 
354 431 258 140 
355 270 271 431 
356 140 430 431 
357 431 430 270 
358 258 431 432 
359 432 431 271 
360 257 404 433 
361 433 432 271 
362 404 432 433 
363 434 271 270 
364 435 266 141 
365 636 272 435 
366 141 269 436 
367 436 435 141 
368 636 435 436 
369 266 435 437 
370 437 435 272 
371 438 272 636 
372 440 439 7 
373 7 13 440 
374 545 439 273 
375 170 441 444 
376 445 441 273 
377 445 444 441 
378 449 447 275 
379 141 447 449 
380 449 269 141 
381 142 173 451 
382 452 451 173 
383 276 451 452 
384 453 441 170 
385 454 453 276 
386 276 452 454 
387 441 453 454 
388 273 441 454 
389 456 312 108 
390 108 121 456 
391 457 288 35 
392 35 36 457 
393 153 289 458 
394 461 318 197 
395 461 458 290 
396 153 458 461 
397 461 197 153 
398 27 569 462 
399 181 294 463 
400 463 279 181 
401 146 179 464 
402 465 464 295 
403 146 464 465 
404 465 178 146 
405 466 296 154 
406 154 198 466 
407 198 293 466 
408 154 296 467 
409 467 303 154 
410 201 303 467 
411 184 185 472 
412 473 465 295 
413 474 186 150 
414 474 472 298 
415 475 466 293 
416 475 474 298 
417 186 474 475 
418 475 293 186 
419 476 475 298 
420 466 475 476 
421 296 466 476 
422 477 282 191 
423 477 302 282 
424 154 303 479 
425 479 478 199 
426 479 198 154 
427 479 199 198 
428 480 285 192 
429 284 320 480 
430 192 284 480 
431 213 321 482 
432 482 319 213 
433 482 320 319 
434 207 322 483 
435 484 327 217 
436 328 484 485 
437 205 306 486 
438 159 332 487 
439 487 363 159 
440 221 363 487 
441 488 333 315 
442 220 334 489 
443 115 116 490 
444 333 489 490 
445 315 333 490 
446 116 315 490 
447 490 334 115 
448 490 489 334 
449 491 483 156 
450 207 483 491 
451 333 488 492 
452 492 488 211 
453 160 346 493 
454 493 346 225 
455 494 340 224 
456 494 341 340 
457 160 342 495 
458 495 342 223 
459 496 350 229 
460 351 496 497 
461 216 325 498 
462 161 355 499 
463 499 386 161 
464 233 386 499 
465 500 356 336 
466 232 357 501 
467 111 110 502 
468 356 501 502 
469 336 356 502 
470 110 336 502 
471 502 357 111 
472 502 501 357 
473 356 500 504 
474 504 500 222 
475 162 369 505 
476 505 369 237 
477 506 363 236 
478 506 364 363 
479 162 365 507 
480 507 365 235 
481 508 373 241 
482 374 508 509 
483 228 348 510 
484 163 378 511 
485 511 409 163 
486 245 409 511 
487 512 379 359 
488 244 380 513 
489 105 103 514 
490 379 513 514 
491 359 379 514 
492 103 359 514 
493 514 380 105 
494 514 513 380 
495 379 512 516 
496 516 512 234 
497 164 392 517 
498 517 392 249 
499 518 386 248 
500 518 387 386 
501 164 388 519 
502 519 388 247 
503 520 396 253 
504 397 520 521 
505 240 371 522 
506 404 401 523 
507 523 432 404 
508 258 432 523 
509 524 402 382 
510 256 403 525 
511 99 101 526 
512 402 525 526 
513 382 402 526 
514 101 382 526 
515 526 403 99 
516 526 525 403 
517 402 524 528 
518 528 524 246 
519 166 415 529 
520 529 415 261 
521 530 409 260 
522 530 410 409 
523 166 411 531 
524 531 411 259 
525 532 417 65 
526 65 66 532 
527 533 419 265 
528 533 420 419 
529 394 420 535 
530 252 394 535 
531 168 424 536 
532 537 425 405 
533 538 426 93 
534 93 425 538 
535 539 278 92 
536 540 414 165 
537 541 537 257 
538 257 433 541 
539 542 434 169 
540 169 438 542 
541 542 438 636 
542 169 434 543 
543 543 434 270 
544 544 440 13 
545 13 12 544 
546 10 11 545 
547 546 442 144 
548 427 428 547 
549 278 539 549 
550 549 547 446 
551 427 547 549 
552 549 539 427 
553 550 448 266 
554 550 437 167 
555 266 437 550 
556 170 444 552 
557 142 451 553 
558 553 171 142 
559 554 453 170 
560 455 555 558 
561 312 456 559 
562 209 312 559 
563 560 457 36 
564 26 308 560 
565 36 26 560 
566 195 288 561 
567 561 289 195 
568 561 458 289 
569 562 459 212 
570 212 318 562 
571 318 461 562 
572 562 461 290 
573 290 459 562 
574 563 481 158 
575 206 309 564 
576 565 564 460 
577 290 458 566 
578 16 22 567 
579 178 465 567 
580 22 178 567 
581 201 467 568 
582 568 300 201 
583 196 468 569 
584 200 469 570 
585 570 476 200 
586 296 476 570 
587 571 469 200 
588 200 473 571 
589 571 473 295 
590 147 180 572 
591 574 468 297 
592 574 569 468 
593 297 573 574 
594 574 573 470 
595 462 569 574 
596 574 470 462 
597 576 575 197 
598 297 468 577 
599 578 291 153 
600 578 575 471 
601 197 575 578 
602 153 197 578 
603 579 472 185 
604 16 567 579 
605 579 185 20 
606 20 16 579 
607 202 302 580 
608 478 479 580 
609 580 303 202 
610 580 479 303 
611 581 478 477 
612 463 478 581 
613 279 463 581 
614 285 480 583 
615 583 456 121 
616 121 285 583 
617 214 323 584 
618 158 481 585 
619 585 321 158 
620 320 482 586 
621 586 480 320 
622 460 564 587 
623 156 483 587 
624 226 346 588 
625 588 345 226 
626 588 485 345 
627 205 486 589 
628 589 307 205 
629 589 486 328 
630 328 485 589 
631 345 485 590 
632 217 329 590 
633 590 484 217 
634 590 485 484 
635 221 487 591 
636 591 344 221 
637 220 489 592 
638 592 332 220 
639 593 491 156 
640 594 493 225 
641 225 344 594 
642 341 494 595 
643 596 494 224 
644 224 342 596 
645 597 495 223 
646 223 338 597 
647 238 369 598 
648 598 368 238 
649 598 497 368 
650 216 498 599 
651 599 326 216 
652 599 498 351 
653 351 497 599 
654 368 497 600 
655 229 352 600 
656 600 496 229 
657 600 497 496 
658 233 499 601 
659 601 367 233 
660 232 501 602 
661 602 355 232 
662 329 326 603 
663 604 505 237 
664 237 367 604 
665 364 506 605 
666 606 506 236 
667 236 365 606 
668 607 507 235 
669 235 361 607 
670 250 392 608 
671 608 391 250 
672 608 509 391 
673 228 510 609 
674 609 349 228 
675 609 510 374 
676 374 509 609 
677 391 509 610 
678 241 375 610 
679 610 508 241 
680 610 509 508 
681 245 511 611 
682 611 390 245 
683 244 513 612 
684 612 378 244 
685 352 349 613 
686 614 517 249 
687 249 390 614 
688 387 518 615 
689 616 518 248 
690 248 388 616 
691 617 519 247 
692 247 384 617 
693 262 415 618 
694 618 414 262 
695 618 521 414 
696 240 522 619 
697 619 372 240 
698 619 522 397 
699 397 521 619 
700 414 521 620 
701 253 398 620 
702 620 520 253 
703 620 521 520 
704 258 523 621 
705 621 413 258 
706 256 525 622 
707 622 401 256 
708 375 372 623 
709 624 529 261 
710 261 413 624 
711 410 530 625 
712 626 530 260 
713 260 411 626 
714 627 531 259 
715 259 407 627 
716 272 438 628 
717 272 628 629 
718 629 437 272 
719 265 421 630 
720 630 629 534 
721 630 533 265 
722 630 534 533 
723 437 629 630 
724 631 535 420 
725 533 534 631 
726 420 533 631 
727 269 536 632 
728 632 436 269 
729 633 424 268 
730 634 540 165 
731 165 395 634 
732 635 433 271 
733 635 541 433 
734 637 543 270 
735 270 430 637 
736 442 443 638 
737 638 544 12 
738 440 544 639 
739 639 445 440 
740 639 443 274 
741 10 545 640 
742 640 452 173 
743 641 454 452 
744 452 640 641 
745 641 640 545 
746 442 546 642 
747 546 549 642 
748 642 549 446 
749 446 548 642 
750 643 550 167 
751 167 418 643 
752 446 547 644 
753 644 547 428 
754 645 548 446 
755 446 644 645 
756 645 644 551 
757 275 450 646 
758 646 449 275 
759 551 644 647 
760 168 536 647 
761 647 428 168 
762 647 644 428 
763 417 532 648 
764 264 417 648 
765 649 553 451 
766 276 556 649 
767 649 451 276 
768 453 554 650 
769 650 556 276 
770 276 453 650 
771 448 557 651 
772 652 555 455 
773 653 648 532 
774 277 558 653 
775 555 648 653 
776 653 558 555 
777 171 553 654 
778 654 277 171 
779 654 558 277 
780 553 649 654 
781 455 558 655 
782 655 556 455 
783 655 649 556 
784 558 654 655 
785 655 654 649 
786 209 559 656 
787 656 313 209 
788 457 560 657 
789 657 561 288 
790 288 457 657 
791 658 322 214 
792 290 566 659 
793 659 459 290 
794 296 570 661 
795 661 467 296 
796 662 571 295 
797 295 464 662 
798 147 572 663 
799 132 147 663 
800 470 573 664 
801 664 572 470 
802 297 577 665 
803 665 573 297 
804 469 573 665 
805 291 578 666 
806 666 578 471 
807 666 468 196 
808 196 291 666 
809 666 577 468 
810 471 577 666 
811 472 579 667 
812 667 579 567 
813 667 473 298 
814 298 472 667 
815 456 583 668 
816 668 559 456 
817 669 584 323 
818 670 585 481 
819 480 586 718 
820 718 583 480 
821 671 586 482 
822 672 588 346 
823 160 495 672 
824 672 346 160 
825 491 593 673 
826 673 593 307 
827 307 589 673 
828 674 589 485 
829 485 588 674 
830 588 672 674 
831 674 673 589 
832 675 591 487 
833 333 492 676 
834 676 489 333 
835 676 592 489 
836 677 594 344 
837 344 591 677 
838 678 598 369 
839 162 507 678 
840 678 369 162 
841 503 603 679 
842 679 603 326 
843 326 599 679 
844 680 599 497 
845 497 598 680 
846 598 678 680 
847 680 679 599 
848 681 601 499 
849 356 504 682 
850 682 501 356 
851 682 602 501 
852 683 604 367 
853 367 601 683 
854 684 608 392 
855 164 519 684 
856 684 392 164 
857 515 613 685 
858 685 613 349 
859 349 609 685 
860 686 609 509 
861 509 608 686 
862 608 684 686 
863 686 685 609 
864 687 611 511 
865 379 516 688 
866 688 513 379 
867 688 612 513 
868 689 614 390 
869 390 611 689 
870 690 618 415 
871 166 531 690 
872 690 415 166 
873 527 623 691 
874 691 623 372 
875 372 619 691 
876 692 619 521 
877 521 618 692 
878 618 690 692 
879 692 691 619 
880 693 621 523 
881 402 528 694 
882 694 525 402 
883 694 622 525 
884 695 624 413 
885 413 621 695 
886 696 628 438 
887 169 543 696 
888 696 438 169 
889 535 631 698 
890 698 634 395 
891 252 535 698 
892 698 395 252 
893 699 632 536 
894 424 633 699 
895 699 536 424 
896 700 538 425 
897 434 542 701 
898 701 635 271 
899 271 434 701 
900 702 636 436 
901 436 632 702 
902 254 540 703 
903 550 643 704 
904 704 652 557 
905 704 557 448 
906 448 550 704 
907 548 645 705 
908 705 646 450 
909 450 552 705 
910 551 646 705 
911 705 645 551 
912 274 548 705 
913 551 647 706 
914 269 449 706 
915 449 646 706 
916 706 646 551 
917 707 651 557 
918 556 650 707 
919 455 556 707 
920 707 652 455 
921 557 652 707 
922 555 652 708 
923 652 704 708 
924 708 418 264 
925 708 643 418 
926 708 704 643 
927 710 657 560 
928 308 565 710 
929 710 560 308 
930 711 587 483 
931 322 658 711 
932 711 483 322 
933 711 658 563 
934 460 587 712 
935 587 711 712 
936 712 566 460 
937 712 659 566 
938 712 711 563 
939 563 659 712 
940 467 661 713 
941 713 568 467 
942 713 660 568 
943 571 662 714 
944 714 664 573 
945 714 573 469 
946 469 571 714 
947 132 663 715 
948 715 179 132 
949 715 464 179 
950 715 662 464 
951 716 661 570 
952 469 665 716 
953 716 570 469 
954 559 668 717 
955 717 656 559 
956 718 668 583 
957 719 671 585 
958 585 670 719 
959 720 597 338 
960 491 673 720 
961 207 491 720 
962 720 338 207 
963 592 676 721 
964 721 675 592 
965 722 676 492 
966 492 595 722 
967 594 677 723 
968 723 596 493 
969 493 594 723 
970 724 607 361 
971 503 679 724 
972 218 503 724 
973 724 361 218 
974 602 682 725 
975 725 681 602 
976 726 682 504 
977 504 605 726 
978 604 683 727 
979 727 606 505 
980 505 604 727 
981 728 617 384 
982 515 685 728 
983 230 515 728 
984 728 384 230 
985 612 688 729 
986 729 687 612 
987 730 688 516 
988 516 615 730 
989 614 689 731 
990 731 616 517 
991 517 614 731 
992 732 627 407 
993 527 691 732 
994 242 527 732 
995 732 407 242 
996 622 694 733 
997 733 693 622 
998 734 694 528 
999 528 625 734 
1000 624 695 735 
1001 735 626 529 
1002 529 624 735 
1003 736 698 631 
1004 737 700 541 
1005 541 635 737 
1006 738 699 633 
1007 700 737 738 
1008 538 700 738 
1009 738 633 538 
1010 636 702 739 
1011 739 701 542 
1012 542 636 739 
1013 637 703 740 
1014 740 696 543 
1015 543 637 740 
1016 651 707 741 
1017 741 554 450 
1018 275 651 741 
1019 741 450 275 
1020 741 650 554 
1021 741 707 650 
1022 460 566 742 
1023 742 565 460 
1024 742 710 565 
1025 664 714 743 
1026 743 715 663 
1027 662 715 743 
1028 743 714 662 
1029 572 664 743 
1030 743 663 572 
1031 660 713 744 
1032 744 665 577 
1033 744 716 665 
1034 471 660 744 
1035 744 577 471 
1036 582 709 745 
1037 745 669 582 
1038 586 671 746 
1039 746 718 586 
1040 597 720 747 
1041 747 674 672 
1042 747 672 495 
1043 495 597 747 
1044 747 720 673 
1045 673 674 747 
1046 675 721 748 
1047 748 677 591 
1048 591 675 748 
1049 749 722 595 
1050 596 723 749 
1051 494 596 749 
1052 749 595 494 
1053 607 724 750 
1054 750 680 678 
1055 750 678 507 
1056 507 607 750 
1057 750 724 679 
1058 679 680 750 
1059 681 725 751 
1060 751 683 601 
1061 601 681 751 
1062 752 726 605 
1063 606 727 752 
1064 506 606 752 
1065 752 605 506 
1066 617 728 753 
1067 753 686 684 
1068 753 684 519 
1069 519 617 753 
1070 753 728 685 
1071 685 686 753 
1072 687 729 754 
1073 754 689 611 
1074 611 687 754 
1075 755 730 615 
1076 616 731 755 
1077 518 616 755 
1078 755 615 518 
1079 627 732 756 
1080 756 692 690 
1081 756 690 531 
1082 531 627 756 
1083 756 732 691 
1084 691 692 756 
1085 693 733 757 
1086 757 695 621 
1087 621 693 757 
1088 758 734 625 
1089 626 735 758 
1090 530 626 758 
1091 758 625 530 
1092 759 740 703 
1093 759 703 540 
1094 540 634 759 
1095 699 738 760 
1096 760 739 702 
1097 760 702 632 
1098 632 699 760 
1099 701 739 761 
1100 739 760 761 
1101 761 737 635 
1102 635 701 761 
1103 761 738 737 
1104 761 760 738 
1105 561 657 762 
1106 458 561 762 
1107 710 742 762 
1108 657 710 762 
1109 762 566 458 
1110 762 742 566 
1111 669 745 763 
1112 763 719 670 
1113 763 670 584 
1114 584 669 763 
1115 764 745 717 
1116 718 746 764 
1117 668 718 764 
1118 764 717 668 
1119 765 748 721 
1120 722 749 765 
1121 765 749 723 
1122 766 751 725 
1123 726 752 766 
1124 766 752 727 
1125 767 754 729 
1126 730 755 767 
1127 767 755 731 
1128 768 757 733 
1129 734 758 768 
1130 768 758 735 
1131 740 759 769 
1132 696 740 769 
1133 769 697 628 
1134 628 696 769 
1135 769 736 697 
1136 769 759 736 
1137 719 763 770 
1138 770 764 746 
1139 745 764 770 
1140 770 763 745 
1141 130 28 131 
1142 28 130 29 
1143 148 130 131 
1144 130 148 24 
1145 179 23 148 
1146 23 179 146 
1147 8 640 173 
1148 640 8 10 
1149 14 638 12 
1150 145 144 177 
1151 144 145 175 
1152 127 149 181 
1153 185 19 20 
1154 304 150 186 
1155 285 286 192 
1156 286 285 120 
1157 569 292 196 
1158 292 569 33 
1159 339 338 223 
1160 338 339 136 
1161 430 412 254 
1162 412 430 140 
1163 304 133 280 
1164 133 304 186 
1165 133 183 280 
1166 183 133 182 
1167 576 134 300 
1168 134 576 197 
1169 187 155 17 
1170 593 309 307 
1171 309 593 156 
1172 316 488 315 
1173 41 486 306 
1174 337 500 336 
1175 503 226 345 
1176 226 503 218 
1177 45 498 325 
1178 360 512 359 
1179 515 238 368 
1180 238 515 230 
1181 51 510 348 
1182 383 524 382 
1183 527 250 391 
1184 250 527 242 
1185 53 522 371 
1186 406 537 405 
1187 537 406 257 
1188 540 262 414 
1189 262 540 254 
1190 620 165 414 
1191 165 620 398 
1192 88 539 92 
1193 267 168 428 
1194 630 167 437 
1195 167 630 421 
1196 445 439 440 
1197 439 445 273 
1198 11 439 545 
1199 439 11 7 
1200 642 443 442 
1201 651 447 448 
1202 447 651 275 
1203 447 266 448 
1204 266 447 141 
1205 554 552 450 
1206 552 554 170 
1207 641 273 454 
1208 273 641 545 
1209 474 184 472 
1210 184 474 150 
1211 298 200 476 
1212 200 298 473 
1213 463 199 478 
1214 199 463 294 
1215 211 595 492 
1216 595 211 341 
1217 596 160 493 
1218 160 596 342 
1219 345 603 503 
1220 222 605 504 
1221 605 222 364 
1222 606 162 505 
1223 162 606 365 
1224 368 613 515 
1225 234 615 516 
1226 615 234 387 
1227 616 164 517 
1228 164 616 388 
1229 391 623 527 
1230 246 625 528 
1231 625 246 410 
1232 626 166 529 
1233 166 626 411 
1234 633 426 538 
1235 426 633 268 
1236 700 537 541 
1237 537 700 425 
1238 546 278 549 
1239 278 546 176 
1240 708 648 555 
1241 648 708 264 
1242 158 659 563 
1243 659 158 459 
1244 658 481 563 
1245 481 658 214 
1246 465 667 567 
1247 667 465 473 
1248 180 470 572 
1249 470 180 462 
1250 660 575 576 
1251 575 660 471 
1252 283 279 581 
1253 279 283 119 
1254 670 214 584 
1255 214 670 481 
1256 671 321 585 
1257 321 671 482 
1258 564 156 587 
1259 156 564 309 
1260 675 332 592 
1261 332 675 487 
1262 681 355 602 
1263 355 681 499 
1264 687 378 612 
1265 378 687 511 
1266 693 401 622 
1267 401 693 523 
1268 697 629 628 
1269 629 697 534 
1270 548 443 642 
1271 443 548 274 
1272 536 706 647 
1273 706 536 269 
1274 532 277 653 
1275 277 532 66 
1276 157 709 582 
1277 709 313 656 
1278 313 709 157 
1279 576 568 660 
1280 568 576 300 
1281 736 534 697 
1282 534 736 631 
1283 637 254 703 
1284 254 637 430 
1285 552 274 705 
1286 274 552 444 
1287 713 716 744 
1288 716 713 661 
1289 709 717 745 
1290 717 709 656 
1291 634 736 759 
1292 736 634 698 
1293 721 722 765 
1294 722 721 676 
1295 725 726 766 
1296 726 725 682 
1297 729 730 767 
1298 730 729 688 
1299 733 734 768 
1300 734 733 694 
1301 189 188 151 
1302 188 189 128 
1303 196 194 291 
1304 194 196 292 
1305 198 182 293 
1306 182 198 199 
1307 328 327 484 
1308 327 328 37 
1309 351 350 496 
1310 350 351 46 
1311 374 373 508 
1312 373 374 52 
1313 397 396 520 
1314 396 397 56 
1315 462 31 27 
1316 31 462 180 
1317 638 177 442 
1318 177 638 14 
1319 149 125 183 
1320 125 149 127 
1321 459 321 212 
1322 321 459 158 
1323 155 150 304 
1324 150 155 187 
1325 486 37 328 
1326 37 486 41 
1327 498 46 351 
1328 46 498 45 
1329 510 52 374 
1330 52 510 51 
1331 522 56 397 
1332 56 522 53 
1333 168 268 424 
1334 268 168 267 
1335 639 444 445 
1336 444 639 274 
1337 191 581 477 
1338 581 191 283 
1339 580 477 478 
1340 477 580 302 
1341 565 206 564 
1342 206 565 308 
1343 765 677 748 
1344 677 765 723 
1345 766 683 751 
1346 683 766 727 
1347 767 689 754 
1348 689 767 731 
1349 768 695 757 
1350 695 768 735 
1351 590 603 345 
1352 603 590 329 
1353 600 613 368 
1354 613 600 352 
1355 610 623 391 
1356 623 610 375 
1357 144 176 546 
1358 176 144 175 
1359 544 443 639 
1360 443 544 638 
1361 746 719 770 
1362 719 746 671 
1363 210 157 582 
1364 157 210 340 
1365 147 28 30 
1366 28 147 131 
1367 183 151 280 
1368 151 183 189 
1369 184 19 185 
1370 19 184 187 
1371 316 211 488 
1372 211 316 208 
1373 337 222 500 
1374 222 337 219 
1375 360 234 512 
1376 234 360 231 
1377 383 246 524 
1378 246 383 243 
1379 427 88 429 
1380 88 427 539 
1381 206 39 310 
1382 39 206 308 
1383 332 219 220 
1384 219 332 335 
1385 355 231 232 
1386 231 355 358 
1387 378 243 244 
1388 243 378 381 
1389 582 323 210 
1390 323 582 669 
1391 771 9 1 
1392 1 70 771 
1393 9 771 772 
1394 772 8 9 
1395 75 74 773 
1396 4 75 773 
1397 72 4 773 
1398 776 2 15 
1399 85 2 776 
1400 776 15 14 
1401 81 6 777 
1402 6 83 777 
1403 69 71 778 
1404 71 72 778 
1405 84 85 784 
1406 69 778 786 
1407 70 69 786 
1408 787 11 10 
1409 788 10 8 
1410 788 781 779 
1411 788 787 10 
1412 779 787 788 
1413 76 77 789 
1414 74 76 790 
1415 76 789 790 
1416 790 789 780 
1417 791 790 780 
1418 781 788 792 
1419 793 786 778 
1420 781 792 793 
1421 793 792 786 
1422 779 781 794 
1423 795 12 13 
1424 796 13 7 
1425 796 795 13 
1426 79 78 797 
1427 73 79 798 
1428 79 797 798 
1429 798 797 782 
1430 774 783 801 
1431 801 794 774 
1432 779 794 801 
1433 783 799 801 
1434 802 783 774 
1435 802 800 783 
1436 803 777 83 
1437 83 82 803 
1438 804 795 775 
1439 805 784 776 
1440 805 776 14 
1441 777 803 806 
1442 12 795 807 
1443 785 805 807 
1444 807 804 785 
1445 807 14 12 
1446 807 805 14 
1447 795 804 807 
1448 11 787 808 
1449 808 7 11 
1450 808 796 7 
1451 809 789 77 
1452 77 73 809 
1453 73 798 809 
1454 773 791 810 
1455 810 793 778 
1456 774 794 811 
1457 811 802 774 
1458 780 802 811 
1459 811 791 780 
1460 812 797 78 
1461 78 80 812 
1462 813 804 775 
1463 775 800 813 
1464 813 800 782 
1465 785 804 814 
1466 804 813 814 
1467 815 805 785 
1468 784 805 815 
1469 785 814 815 
1470 815 814 806 
1471 815 803 784 
1472 815 806 803 
1473 816 808 787 
1474 816 801 799 
1475 779 801 816 
1476 816 787 779 
1477 796 808 816 
1478 816 799 796 
1479 789 809 817 
1480 800 802 817 
1481 817 802 780 
1482 780 789 817 
1483 817 809 798 
1484 818 794 781 
1485 818 811 794 
1486 793 810 818 
1487 781 793 818 
1488 791 811 818 
1489 818 810 791 
1490 777 806 819 
1491 819 812 80 
1492 820 814 813 
1493 820 819 806 
1494 806 814 820 
1495 812 819 820 
1496 797 812 820 
1497 820 813 782 
1498 782 797 820 
1499 786 771 70 
1500 776 784 85 
1501 819 81 777 
1502 81 819 80 
1503 72 810 778 
1504 810 72 773 
1505 803 84 784 
1506 84 803 82 
1507 773 790 791 
1508 790 773 74 
1509 788 772 792 
1510 772 788 8 
1511 817 782 800 
1512 782 817 798 
1513 775 783 800 
1514 783 775 799 
1515 792 771 786 
1516 771 792 772 
1517 775 796 799 
1518 796 775 795 
vertexCoord 
1 0.100000 0.200000 
2 0.100000 0.000000 
3 1.000000 0.200000 
4 0.000000 0.200000 
5 1.000000 0.000000 
6 0.000000 0.000000 
7 0.100000 0.099985 
8 0.100000 0.159980 
9 0.100000 0.179980 
10 0.100000 0.139979 
11 0.100000 0.119982 
12 0.100000 0.059984 
13 0.100000 0.079980 
14 0.100000 0.039987 
15 0.100000 0.019993 
16 1.000000 0.100019 
17 1.000000 0.040020 
18 1.000000 0.020010 
19 1.000000 0.060019 
20 1.000000 0.080019 
21 1.000000 0.140016 
22 1.000000 0.120020 
23 1.000000 0.160013 
24 1.000000 0.180007 
25 0.560024 0.200000 
26 0.780014 0.200000 
27 0.900011 0.200000 
28 0.960002 0.200000 
29 0.980005 0.200000 
30 0.940003 0.200000 
31 0.920007 0.200000 
32 0.840007 0.200000 
33 0.880017 0.200000 
34 0.860005 0.200000 
35 0.820009 0.200000 
36 0.800012 0.200000 
37 0.680027 0.200000 
38 0.740017 0.200000 
39 0.760016 0.200000 
40 0.720017 0.200000 
41 0.700032 0.200000 
42 0.620017 0.200000 
43 0.660022 0.200000 
44 0.640020 0.200000 
45 0.600019 0.200000 
46 0.580021 0.200000 
47 0.340049 0.200000 
48 0.460036 0.200000 
49 0.520032 0.200000 
50 0.540028 0.200000 
51 0.500040 0.200000 
52 0.480047 0.200000 
53 0.400056 0.200000 
54 0.440036 0.200000 
55 0.420041 0.200000 
56 0.380059 0.200000 
57 0.360054 0.200000 
58 0.220024 0.200000 
59 0.280042 0.200000 
60 0.320050 0.200000 
61 0.300050 0.200000 
62 0.260034 0.200000 
63 0.240029 0.200000 
64 0.160027 0.200000 
65 0.200025 0.200000 
66 0.180026 0.200000 
67 0.140019 0.200000 
68 0.120009 0.200000 
69 0.059984 0.200000 
70 0.079980 0.200000 
71 0.039987 0.200000 
72 0.019990 0.200000 
73 0.000000 0.100000 
74 0.000000 0.159980 
75 0.000000 0.179980 
76 0.000000 0.139985 
77 0.000000 0.119990 
78 0.000000 0.059980 
79 0.000000 0.079980 
80 0.000000 0.039986 
81 0.000000 0.019993 
82 0.040020 0.000000 
83 0.020020 0.000000 
84 0.060021 0.000000 
85 0.080010 0.000000 
86 0.539976 0.000000 
87 0.319987 0.000000 
88 0.199993 0.000000 
89 0.139998 0.000000 
90 0.120000 0.000000 
91 0.159997 0.000000 
92 0.179995 0.000000 
93 0.259992 0.000000 
94 0.219993 0.000000 
95 0.239992 0.000000 
96 0.279991 0.000000 
97 0.299989 0.000000 
98 0.419973 0.000000 
99 0.359985 0.000000 
100 0.339986 0.000000 
101 0.379977 0.000000 
102 0.399968 0.000000 
103 0.479979 0.000000 
104 0.439978 0.000000 
105 0.459979 0.000000 
106 0.499979 0.000000 
107 0.519977 0.000000 
108 0.759936 0.000000 
109 0.639964 0.000000 
110 0.579965 0.000000 
111 0.559971 0.000000 
112 0.599959 0.000000 
113 0.619953 0.000000 
114 0.699944 0.000000 
115 0.659964 0.000000 
116 0.679954 0.000000 
117 0.719941 0.000000 
118 0.739939 0.000000 
119 0.879961 0.000000 
120 0.819963 0.000000 
121 0.779936 0.000000 
122 0.799950 0.000000 
123 0.839963 0.000000 
124 0.859962 0.000000 
125 0.939973 0.000000 
126 0.899960 0.000000 
127 0.919967 0.000000 
128 0.959980 0.000000 
129 0.979986 0.000000 
130 0.981996 0.189499 
131 0.968972 0.182986 
132 0.967015 0.169790 
133 0.947842 0.046365 
134 0.852631 0.098377 
135 0.985190 0.015158 
136 0.738482 0.098514 
137 0.639114 0.100212 
138 0.539126 0.100210 
139 0.439130 0.100211 
140 0.340277 0.096158 
141 0.227778 0.098261 
142 0.132946 0.170127 
143 0.112593 0.187015 
144 0.132342 0.022972 
145 0.116228 0.014453 
146 0.986232 0.141674 
147 0.952406 0.182172 
148 0.982795 0.173232 
149 0.925587 0.019153 
150 0.974070 0.054282 
151 0.958812 0.022606 
152 0.841976 0.055980 
153 0.848184 0.142746 
154 0.909415 0.071776 
155 0.983732 0.035792 
156 0.751361 0.145515 
157 0.729987 0.055918 
158 0.798543 0.104376 
159 0.623090 0.048327 
160 0.690044 0.101765 
161 0.523180 0.048390 
162 0.590357 0.101805 
163 0.423109 0.048327 
164 0.490367 0.101805 
165 0.343523 0.150214 
166 0.390097 0.101515 
167 0.238988 0.148636 
168 0.219180 0.041004 
169 0.286188 0.102719 
170 0.155597 0.101355 
171 0.146533 0.184959 
172 0.115706 0.173060 
173 0.121140 0.155786 
174 0.127931 0.185771 
175 0.131429 0.009964 
176 0.145975 0.012312 
177 0.116864 0.032289 
178 0.990107 0.127511 
179 0.978296 0.156873 
180 0.931820 0.183943 
181 0.908284 0.014356 
182 0.928894 0.040145 
183 0.941300 0.026306 
184 0.982038 0.066826 
185 0.988488 0.076678 
186 0.956604 0.057804 
187 0.987968 0.051388 
188 0.968064 0.012745 
189 0.953894 0.012020 
190 0.842414 0.025649 
191 0.861871 0.025733 
192 0.824540 0.024727 
193 0.847872 0.075435 
194 0.858125 0.171437 
195 0.843149 0.175015 
196 0.876619 0.166098 
197 0.853437 0.122388 
198 0.919274 0.057108 
199 0.908803 0.041682 
200 0.942973 0.107070 
201 0.878080 0.083303 
202 0.873433 0.066243 
203 0.970015 0.026966 
204 0.740158 0.174293 
205 0.719736 0.175605 
206 0.761124 0.176653 
207 0.740219 0.117599 
208 0.723701 0.027049 
209 0.740860 0.024942 
210 0.731869 0.077635 
211 0.706139 0.033563 
212 0.825332 0.099645 
213 0.825624 0.083054 
214 0.769610 0.097532 
215 0.640117 0.174405 
216 0.619861 0.174276 
217 0.655701 0.172393 
218 0.640256 0.122479 
219 0.623559 0.026755 
220 0.642093 0.025907 
221 0.630266 0.074538 
222 0.605275 0.030002 
223 0.714170 0.103436 
224 0.712770 0.077418 
225 0.657915 0.099123 
226 0.656048 0.125736 
227 0.540118 0.174417 
228 0.519873 0.174278 
229 0.555412 0.172304 
230 0.540249 0.122519 
231 0.523451 0.026693 
232 0.541971 0.025849 
233 0.530339 0.074546 
234 0.505292 0.030005 
235 0.619280 0.102102 
236 0.612521 0.076766 
237 0.557898 0.099137 
238 0.555990 0.125898 
239 0.438064 0.174200 
240 0.419069 0.175662 
241 0.455084 0.172272 
242 0.440256 0.122524 
243 0.423575 0.026755 
244 0.442102 0.025911 
245 0.430283 0.074538 
246 0.405293 0.030004 
247 0.519291 0.102102 
248 0.512546 0.076771 
249 0.457902 0.099139 
250 0.455999 0.125903 
251 0.340286 0.174302 
252 0.321409 0.174523 
253 0.355635 0.172151 
254 0.334350 0.118285 
255 0.324433 0.028971 
256 0.342663 0.026193 
257 0.307064 0.035010 
258 0.334506 0.078527 
259 0.419296 0.102101 
260 0.412529 0.076768 
261 0.358096 0.098317 
262 0.354037 0.124979 
263 0.238095 0.174330 
264 0.219927 0.174020 
265 0.254997 0.171959 
266 0.230090 0.116290 
267 0.214902 0.025312 
268 0.231073 0.028910 
269 0.226010 0.079339 
270 0.311240 0.095177 
271 0.305050 0.074909 
272 0.261393 0.118172 
273 0.128076 0.111161 
274 0.153499 0.074101 
275 0.197030 0.101034 
276 0.150610 0.136659 
277 0.169043 0.187439 
278 0.165230 0.013274 
279 0.889773 0.013293 
280 0.958163 0.033103 
281 0.850884 0.012674 
282 0.853900 0.041534 
283 0.870568 0.012910 
284 0.833309 0.038857 
285 0.805505 0.013831 
286 0.830545 0.012813 
287 0.850187 0.186160 
288 0.829630 0.186430 
289 0.844694 0.160293 
290 0.817155 0.129032 
291 0.862221 0.154633 
292 0.870204 0.184077 
293 0.938880 0.059224 
294 0.914090 0.028267 
295 0.962670 0.127718 
296 0.918598 0.087621 
297 0.906655 0.148006 
298 0.957305 0.090103 
299 0.862582 0.079652 
300 0.866325 0.097203 
301 0.857927 0.060250 
302 0.868330 0.051977 
303 0.890512 0.069373 
304 0.966129 0.042390 
305 0.730113 0.187711 
306 0.714224 0.189194 
307 0.727699 0.160419 
308 0.777821 0.184233 
309 0.747271 0.161025 
310 0.746286 0.187731 
311 0.730654 0.012827 
312 0.749643 0.013081 
313 0.734467 0.038948 
314 0.721170 0.040919 
315 0.688590 0.012282 
316 0.709159 0.013191 
317 0.837153 0.089396 
318 0.837771 0.110173 
319 0.833689 0.069692 
320 0.825604 0.051279 
321 0.811743 0.088693 
322 0.755026 0.111683 
323 0.750123 0.090228 
324 0.630763 0.187384 
325 0.614243 0.188869 
326 0.627159 0.159983 
327 0.668395 0.184138 
328 0.688770 0.175235 
329 0.644641 0.162747 
330 0.649170 0.186387 
331 0.630879 0.013032 
332 0.634423 0.040735 
333 0.679012 0.024706 
334 0.650519 0.012686 
335 0.619458 0.038887 
336 0.588590 0.012269 
337 0.609192 0.013200 
338 0.726175 0.107769 
339 0.721552 0.093098 
340 0.717773 0.064674 
341 0.712369 0.051382 
342 0.705734 0.094474 
343 0.649487 0.112148 
344 0.645873 0.084666 
345 0.658582 0.141491 
346 0.670769 0.111920 
347 0.530764 0.187399 
348 0.514256 0.188872 
349 0.527168 0.159985 
350 0.566719 0.183643 
351 0.583989 0.174540 
352 0.544574 0.162719 
353 0.548844 0.186294 
354 0.530851 0.013016 
355 0.533776 0.040351 
356 0.578961 0.024810 
357 0.550493 0.012685 
358 0.519482 0.038512 
359 0.488607 0.012269 
360 0.509214 0.013199 
361 0.631697 0.113073 
362 0.625221 0.088657 
363 0.618826 0.061668 
364 0.610944 0.048578 
365 0.607459 0.093059 
366 0.549452 0.112228 
367 0.545892 0.084645 
368 0.558587 0.141578 
369 0.570630 0.112222 
370 0.430429 0.187117 
371 0.414047 0.189114 
372 0.427905 0.161017 
373 0.466677 0.183637 
374 0.484005 0.174541 
375 0.444252 0.162881 
376 0.448388 0.186204 
377 0.430894 0.013034 
378 0.434438 0.040733 
379 0.478973 0.024810 
380 0.450526 0.012696 
381 0.419465 0.038864 
382 0.388605 0.012271 
383 0.409211 0.013199 
384 0.531708 0.113073 
385 0.525246 0.088658 
386 0.518883 0.061689 
387 0.510984 0.048532 
388 0.507475 0.093060 
389 0.449458 0.112230 
390 0.445879 0.084641 
391 0.458600 0.141585 
392 0.470637 0.112223 
393 0.330386 0.187063 
394 0.310687 0.187212 
395 0.330908 0.161981 
396 0.366596 0.183525 
397 0.383825 0.174744 
398 0.346034 0.163258 
399 0.348834 0.186174 
400 0.331114 0.013794 
401 0.336830 0.041385 
402 0.378974 0.024807 
403 0.350671 0.012858 
404 0.321266 0.047177 
405 0.291155 0.011227 
406 0.309276 0.016295 
407 0.431712 0.113074 
408 0.425236 0.088657 
409 0.418782 0.061535 
410 0.410899 0.048440 
411 0.407342 0.092842 
412 0.347863 0.108905 
413 0.350574 0.083771 
414 0.358868 0.140290 
415 0.371069 0.112604 
416 0.229487 0.187078 
417 0.210273 0.187500 
418 0.229339 0.161100 
419 0.267842 0.185520 
420 0.288588 0.184307 
421 0.244387 0.162317 
422 0.248414 0.186481 
423 0.227058 0.013755 
424 0.233768 0.042354 
425 0.275570 0.015882 
426 0.244675 0.016556 
427 0.195308 0.021768 
428 0.202384 0.038083 
429 0.211451 0.012167 
430 0.329346 0.103089 
431 0.323464 0.085642 
432 0.320365 0.065991 
433 0.305842 0.054171 
434 0.293465 0.090616 
435 0.244174 0.108506 
436 0.240990 0.088200 
437 0.246687 0.131977 
438 0.274802 0.108666 
439 0.114918 0.105744 
440 0.115086 0.085864 
441 0.142927 0.105606 
442 0.135093 0.038353 
443 0.137805 0.056995 
444 0.147480 0.089302 
445 0.130410 0.095745 
446 0.174476 0.045669 
447 0.213324 0.107976 
448 0.214029 0.125033 
449 0.211314 0.090245 
450 0.180437 0.094493 
451 0.139589 0.154114 
452 0.131455 0.140050 
453 0.154603 0.116169 
454 0.138816 0.123015 
455 0.182122 0.152349 
456 0.768712 0.014873 
457 0.811413 0.190361 
458 0.826840 0.148121 
459 0.813060 0.110769 
460 0.785034 0.152162 
461 0.834761 0.128150 
462 0.913091 0.182683 
463 0.898843 0.027280 
464 0.970731 0.141003 
465 0.977766 0.124402 
466 0.929173 0.073866 
467 0.898384 0.085649 
468 0.894467 0.156731 
469 0.928831 0.124656 
470 0.925373 0.167397 
471 0.881955 0.132950 
472 0.973161 0.084143 
473 0.960427 0.109093 
474 0.965129 0.071126 
475 0.947376 0.073618 
476 0.936821 0.089398 
477 0.873114 0.038548 
478 0.891148 0.040327 
479 0.900405 0.055596 
480 0.811419 0.033971 
481 0.785600 0.099121 
482 0.818405 0.068833 
483 0.753341 0.129940 
484 0.670259 0.168165 
485 0.679832 0.151688 
486 0.701223 0.182656 
487 0.633166 0.057744 
488 0.694179 0.023968 
489 0.660650 0.025174 
490 0.669781 0.012475 
491 0.737174 0.134769 
492 0.687993 0.036097 
493 0.675022 0.093120 
494 0.702959 0.064560 
495 0.703189 0.109718 
496 0.568948 0.167906 
497 0.580087 0.151725 
498 0.600324 0.183062 
499 0.533109 0.057697 
500 0.593871 0.023263 
501 0.560612 0.025191 
502 0.569765 0.012493 
503 0.639827 0.134770 
504 0.587869 0.036083 
505 0.575067 0.093044 
506 0.603096 0.063982 
507 0.604424 0.109537 
508 0.468883 0.167899 
509 0.480099 0.151726 
510 0.500341 0.183063 
511 0.433171 0.057717 
512 0.493887 0.023263 
513 0.460641 0.025196 
514 0.469784 0.012495 
515 0.539822 0.134817 
516 0.487882 0.036084 
517 0.475074 0.093045 
518 0.503127 0.063989 
519 0.504434 0.109537 
520 0.369030 0.168177 
521 0.379279 0.152823 
522 0.400144 0.183412 
523 0.333241 0.058338 
524 0.393885 0.023260 
525 0.360813 0.025120 
526 0.369837 0.012510 
527 0.439837 0.134836 
528 0.387875 0.036075 
529 0.375996 0.093595 
530 0.402802 0.063302 
531 0.405207 0.109827 
532 0.190641 0.188714 
533 0.273303 0.168967 
534 0.278592 0.152746 
535 0.304768 0.174592 
536 0.225683 0.058761 
537 0.291192 0.025064 
538 0.260750 0.024679 
539 0.182043 0.012648 
540 0.335155 0.134537 
541 0.291465 0.042271 
542 0.277206 0.091958 
543 0.299488 0.105659 
544 0.116354 0.068074 
545 0.113749 0.124681 
546 0.151088 0.026207 
547 0.187069 0.036739 
548 0.162429 0.058646 
549 0.172925 0.028334 
550 0.227728 0.135157 
551 0.192801 0.066930 
552 0.164796 0.089111 
553 0.146934 0.166988 
554 0.168179 0.106588 
555 0.191629 0.164466 
556 0.167273 0.142601 
557 0.201390 0.132967 
558 0.176150 0.168371 
559 0.757248 0.026824 
560 0.796796 0.187726 
561 0.828952 0.168323 
562 0.825616 0.115554 
563 0.784820 0.117551 
564 0.765592 0.157296 
565 0.780240 0.167336 
566 0.803092 0.144389 
567 0.988178 0.111033 
568 0.881282 0.100295 
569 0.892685 0.178973 
570 0.925111 0.103923 
571 0.948547 0.124819 
572 0.941142 0.168816 
573 0.922153 0.147930 
574 0.910117 0.162848 
575 0.869766 0.124663 
576 0.865550 0.112427 
577 0.895638 0.139922 
578 0.865902 0.137646 
579 0.987297 0.092294 
580 0.883278 0.053309 
581 0.880886 0.026348 
582 0.746032 0.071612 
583 0.789572 0.020968 
584 0.767649 0.083871 
585 0.795569 0.086002 
586 0.808388 0.051869 
587 0.768478 0.140960 
588 0.675237 0.131283 
589 0.704444 0.160680 
590 0.658595 0.157371 
591 0.645298 0.068333 
592 0.652788 0.038655 
593 0.736367 0.148736 
594 0.662583 0.085658 
595 0.696075 0.048720 
596 0.692484 0.081734 
597 0.714227 0.113711 
598 0.575043 0.131820 
599 0.603814 0.160686 
600 0.558535 0.157316 
601 0.545337 0.068328 
602 0.552655 0.038584 
603 0.641632 0.149581 
604 0.562582 0.085555 
605 0.595917 0.048602 
606 0.592743 0.081237 
607 0.617290 0.115533 
608 0.475051 0.131820 
609 0.503827 0.160687 
610 0.458547 0.157317 
611 0.445308 0.068314 
612 0.452784 0.038650 
613 0.541636 0.149574 
614 0.462580 0.085554 
615 0.495938 0.048607 
616 0.492758 0.081239 
617 0.517301 0.115532 
618 0.374554 0.132078 
619 0.403810 0.160954 
620 0.358728 0.157819 
621 0.347185 0.067935 
622 0.353397 0.038578 
623 0.441661 0.149599 
624 0.363870 0.084925 
625 0.395942 0.048606 
626 0.392783 0.080869 
627 0.417462 0.115593 
628 0.277557 0.125729 
629 0.267411 0.138231 
630 0.257766 0.153548 
631 0.292550 0.165386 
632 0.240619 0.070455 
633 0.246376 0.034970 
634 0.322074 0.147606 
635 0.289844 0.059667 
636 0.259109 0.096322 
637 0.316738 0.111120 
638 0.117686 0.049280 
639 0.133439 0.078347 
640 0.113954 0.143789 
641 0.125227 0.128443 
642 0.155264 0.042036 
643 0.223979 0.148245 
644 0.190556 0.049882 
645 0.178911 0.058958 
646 0.194216 0.083046 
647 0.206688 0.054412 
648 0.201494 0.175126 
649 0.155483 0.154855 
650 0.167913 0.124777 
651 0.198764 0.118942 
652 0.197069 0.147102 
653 0.185791 0.176823 
654 0.160282 0.170603 
655 0.168262 0.157756 
656 0.748179 0.036331 
657 0.812353 0.178110 
658 0.772795 0.110635 
659 0.800317 0.123439 
660 0.882089 0.116748 
661 0.911386 0.100024 
662 0.955880 0.139275 
663 0.954308 0.166310 
664 0.935266 0.156136 
665 0.910332 0.133178 
666 0.879849 0.148497 
667 0.973954 0.101873 
668 0.774564 0.031367 
669 0.759713 0.076263 
670 0.780350 0.084946 
671 0.802850 0.070255 
672 0.690165 0.119794 
673 0.718331 0.141953 
674 0.695788 0.138422 
675 0.647468 0.052838 
676 0.670294 0.037370 
677 0.659241 0.073244 
678 0.590481 0.120364 
679 0.619275 0.142484 
680 0.594554 0.140696 
681 0.547339 0.052750 
682 0.570225 0.037355 
683 0.559239 0.073144 
684 0.490490 0.120364 
685 0.519285 0.142483 
686 0.494564 0.140696 
687 0.447470 0.052818 
688 0.470254 0.037363 
689 0.459228 0.073137 
690 0.390588 0.120498 
691 0.419317 0.142557 
692 0.394690 0.140849 
693 0.347219 0.052098 
694 0.370451 0.037252 
695 0.360709 0.072415 
696 0.287362 0.117096 
697 0.283219 0.139561 
698 0.311507 0.162066 
699 0.243509 0.052379 
700 0.276388 0.033994 
701 0.284368 0.076167 
702 0.252777 0.079576 
703 0.320815 0.123861 
704 0.212598 0.140759 
705 0.174620 0.074118 
706 0.209452 0.072122 
707 0.185364 0.133166 
708 0.210880 0.158849 
709 0.747089 0.050340 
710 0.796021 0.173366 
711 0.769717 0.124726 
712 0.785243 0.133871 
713 0.897321 0.106365 
714 0.939776 0.141344 
715 0.963000 0.155527 
716 0.912057 0.114768 
717 0.761285 0.041504 
718 0.792540 0.039925 
719 0.789475 0.070798 
720 0.723203 0.123771 
721 0.662359 0.050075 
722 0.678827 0.049717 
723 0.674262 0.076632 
724 0.623171 0.126849 
725 0.562360 0.050056 
726 0.578746 0.049597 
727 0.574290 0.076411 
728 0.523182 0.126848 
729 0.462346 0.050037 
730 0.478756 0.049595 
731 0.474293 0.076409 
732 0.423186 0.126850 
733 0.362723 0.049680 
734 0.378860 0.049415 
735 0.374921 0.076114 
736 0.298545 0.149636 
737 0.278698 0.049244 
738 0.261501 0.046671 
739 0.267078 0.078553 
740 0.305179 0.120650 
741 0.182948 0.113167 
742 0.795138 0.159941 
743 0.947979 0.155246 
744 0.896565 0.123989 
745 0.762856 0.058126 
746 0.793519 0.055336 
747 0.706717 0.125133 
748 0.656774 0.061482 
749 0.685793 0.063941 
750 0.607879 0.126102 
751 0.556878 0.061290 
752 0.585818 0.063666 
753 0.507889 0.126102 
754 0.456893 0.061294 
755 0.485831 0.063667 
756 0.407908 0.126112 
757 0.357649 0.060971 
758 0.385954 0.063028 
759 0.312680 0.134702 
760 0.256407 0.065018 
761 0.272960 0.062476 
762 0.811304 0.162453 
763 0.773465 0.072266 
764 0.777775 0.046038 
765 0.669543 0.062515 
766 0.569555 0.062361 
767 0.469558 0.062356 
768 0.370136 0.061937 
769 0.294090 0.131229 
770 0.779418 0.060513 
771 0.084549 0.183506 
772 0.088100 0.168345 
773 0.015012 0.176513 
774 0.051017 0.124720 
775 0.061882 0.087938 
776 0.087492 0.019089 
777 0.017961 0.016666 
778 0.042456 0.185622 
779 0.072486 0.134847 
780 0.026901 0.132221 
781 0.066619 0.153258 
782 0.027867 0.082709 
783 0.053583 0.108203 
784 0.067027 0.017316 
785 0.065114 0.048147 
786 0.065498 0.184450 
787 0.087063 0.128820 
788 0.083998 0.150499 
789 0.013371 0.127493 
790 0.013952 0.148486 
791 0.028425 0.154721 
792 0.073814 0.168271 
793 0.054121 0.169571 
794 0.057912 0.139780 
795 0.081353 0.073999 
796 0.082280 0.096347 
797 0.013658 0.070766 
798 0.012759 0.091849 
799 0.067410 0.105871 
800 0.042065 0.096190 
801 0.063190 0.121547 
802 0.039973 0.117786 
803 0.041413 0.015647 
804 0.063075 0.064487 
805 0.076209 0.035720 
806 0.036861 0.034209 
807 0.081005 0.055633 
808 0.089215 0.112199 
809 0.010715 0.109300 
810 0.031975 0.173758 
811 0.041673 0.137319 
812 0.012198 0.052630 
813 0.045516 0.073325 
814 0.048267 0.051454 
815 0.057014 0.033438 
816 0.076730 0.115858 
817 0.024807 0.108221 
818 0.046710 0.155385 
819 0.017390 0.035244 
820 0.029940 0.057172 
BC_Tag
1 78
2 71
3 5
4 2
5 16
6 18
7 85
8 85
9 85
10 85
11 85
12 85
13 85
14 85
15 85
16 23
17 23
18 23
19 23
20 23
21 23
22 23
23 23
24 23
25 6
26 6
27 6
28 6
29 6
30 6
31 6
32 6
33 6
34 6
35 6
36 6
37 6
38 6
39 6
40 6
41 6
42 6
43 6
44 6
45 6
46 6
47 6
48 6
49 6
50 6
51 6
52 6
53 6
54 6
55 6
56 6
57 6
58 6
59 6
60 6
61 6
62 6
63 6
64 6
65 6
66 6
67 6
68 6
69 79
70 79
71 79
72 79
73 24
74 24
75 24
76 24
77 24
78 24
79 24
80 24
81 24
82 14
83 14
84 14
85 14
86 72
87 72
88 72
89 72
90 72
91 72
92 72
93 72
94 72
95 72
96 72
97 72
98 72
99 72
100 72
101 72
102 72
103 72
104 72
105 72
106 72
107 72
108 72
109 72
110 72
111 72
112 72
113 72
114 72
115 72
116 72
117 72
118 72
119 72
120 72
121 72
122 72
123 72
124 72
125 72
126 72
127 72
128 72
129 72
130 88
131 88
132 88
133 88
134 88
135 88
136 88
137 88
138 88
139 88
140 88
141 88
142 88
143 88
144 88
145 88
146 88
147 88
148 88
149 88
150 88
151 88
152 88
153 88
154 88
155 88
156 88
157 88
158 88
159 88
160 88
161 88
162 88
163 88
164 88
165 88
166 88
167 88
168 88
169 88
170 88
171 88
172 88
173 88
174 88
175 88
176 88
177 88
178 88
179 88
180 88
181 88
182 88
183 88
184 88
185 88
186 88
187 88
188 88
189 88
190 88
191 88
192 88
193 88
194 88
195 88
196 88
197 88
198 88
199 88
200 88
201 88
202 88
203 88
204 88
205 88
206 88
207 88
208 88
209 88
210 88
211 88
212 88
213 88
214 88
215 88
216 88
217 88
218 88
219 88
220 88
221 88
222 88
223 88
224 88
225 88
226 88
227 88
228 88
229 88
230 88
231 88
232 88
233 88
234 88
235 88
236 88
237 88
238 88
239 88
240 88
241 88
242 88
243 88
244 88
245 88
246 88
247 88
248 88
249 88
250 88
251 88
252 88
253 88
254 88
255 88
256 88
257 88
258 88
259 88
260 88
261 88
262 88
263 88
264 88
265 88
266 88
267 88
268 88
269 88
270 88
271 88
272 88
273 88
274 88
275 88
276 88
277 88
278 88
279 88
280 88
281 88
282 88
283 88
284 88
285 88
286 88
287 88
288 88
289 88
290 88
291 88
292 88
293 88
294 88
295 88
296 88
297 88
298 88
299 88
300 88
301 88
302 88
303 88
304 88
305 88
306 88
307 88
308 88
309 88
310 88
311 88
312 88
313 88
314 88
315 88
316 88
317 88
318 88
319 88
320 88
321 88
322 88
323 88
324 88
325 88
326 88
327 88
328 88
329 88
330 88
331 88
332 88
333 88
334 88
335 88
336 88
337 88
338 88
339 88
340 88
341 88
342 88
343 88
344 88
345 88
346 88
347 88
348 88
349 88
350 88
351 88
352 88
353 88
354 88
355 88
356 88
357 88
358 88
359 88
360 88
361 88
362 88
363 88
364 88
365 88
366 88
367 88
368 88
369 88
370 88
371 88
372 88
373 88
374 88
375 88
376 88
377 88
378 88
379 88
380 88
381 88
382 88
383 88
384 88
385 88
386 88
387 88
388 88
389 88
390 88
391 88
392 88
393 88
394 88
395 88
396 88
397 88
398 88
399 88
400 88
401 88
402 88
403 88
404 88
405 88
406 88
407 88
408 88
409 88
410 88
411 88
412 88
413 88
414 88
415 88
416 88
417 88
418 88
419 88
420 88
421 88
422 88
423 88
424 88
425 88
426 88
427 88
428 88
429 88
430 88
431 88
432 88
433 88
434 88
435 88
436 88
437 88
438 88
439 88
440 88
441 88
442 88
443 88
444 88
445 88
446 88
447 88
448 88
449 88
450 88
451 88
452 88
453 88
454 88
455 88
456 88
457 88
458 88
459 88
460 88
461 88
462 88
463 88
464 88
465 88
466 88
467 88
468 88
469 88
470 88
471 88
472 88
473 88
474 88
475 88
476 88
477 88
478 88
479 88
480 88
481 88
482 88
483 88
484 88
485 88
486 88
487 88
488 88
489 88
490 88
491 88
492 88
493 88
494 88
495 88
496 88
497 88
498 88
499 88
500 88
501 88
502 88
503 88
504 88
505 88
506 88
507 88
508 88
509 88
510 88
511 88
512 88
513 88
514 88
515 88
516 88
517 88
518 88
519 88
520 88
521 88
522 88
523 88
524 88
525 88
526 88
527 88
528 88
529 88
530 88
531 88
532 88
533 88
534 88
535 88
536 88
537 88
538 88
539 88
540 88
541 88
542 88
543 88
544 88
545 88
546 88
547 88
548 88
549 88
550 88
551 88
552 88
553 88
554 88
555 88
556 88
557 88
558 88
559 88
560 88
561 88
562 88
563 88
564 88
565 88
566 88
567 88
568 88
569 88
570 88
571 88
572 88
573 88
574 88
575 88
576 88
577 88
578 88
579 88
580 88
581 88
582 88
583 88
584 88
585 88
586 88
587 88
588 88
589 88
590 88
591 88
592 88
593 88
594 88
595 88
596 88
597 88
598 88
599 88
600 88
601 88
602 88
603 88
604 88
605 88
606 88
607 88
608 88
609 88
610 88
611 88
612 88
613 88
614 88
615 88
616 88
617 88
618 88
619 88
620 88
621 88
622 88
623 88
624 88
625 88
626 88
627 88
628 88
629 88
630 88
631 88
632 88
633 88
634 88
635 88
636 88
637 88
638 88
639 88
640 88
641 88
642 88
643 88
644 88
645 88
646 88
647 88
648 88
649 88
650 88
651 88
652 88
653 88
654 88
655 88
656 88
657 88
658 88
659 88
660 88
661 88
662 88
663 88
664 88
665 88
666 88
667 88
668 88
669 88
670 88
671 88
672 88
673 88
674 88
675 88
676 88
677 88
678 88
679 88
680 88
681 88
682 88
683 88
684 88
685 88
686 88
687 88
688 88
689 88
690 88
691 88
692 88
693 88
694 88
695 88
696 88
697 88
698 88
699 88
700 88
701 88
702 88
703 88
704 88
705 88
706 88
707 88
708 88
709 88
710 88
711 88
712 88
713 88
714 88
715 88
716 88
717 88
718 88
719 88
720 88
721 88
722 88
723 88
724 88
725 88
726 88
727 88
728 88
729 88
730 88
731 88
732 88
733 88
734 88
735 88
736 88
737 88
738 88
739 88
740 88
741 88
742 88
743 88
744 88
745 88
746 88
747 88
748 88
749 88
750 88
751 88
752 88
753 88
754 88
755 88
756 88
757 88
758 88
759 88
760 88
761 88
762 88
763 88
764 88
765 88
766 88
767 88
768 88
769 88
770 88
771 26
772 26
773 26
774 26
775 26
776 26
777 26
778 26
779 26
780 26
781 26
782 26
783 26
784 26
785 26
786 26
787 26
788 26
789 26
790 26
791 26
792 26
793 26
794 26
795 26
796 26
797 26
798 26
799 26
800 26
801 26
802 26
803 26
804 26
805 26
806 26
807 26
808 26
809 26
810 26
811 26
812 26
813 26
814 26
815 26
816 26
817 26
818 26
819 26
820 26
BCelement14 5 
1402 
1437 
1506 
1405 
1399 
BCelement6 45 
1 
1142 
1365 
37 
1315 
79 
80 
71 
73 
392 
565 
107 
111 
101 
103 
1326 
149 
153 
143 
145 
1328 
190 
194 
184 
186 
1330 
235 
239 
229 
231 
1332 
280 
285 
274 
276 
332 
329 
337 
323 
325 
526 
50 
15 
25 
6 
BCelement24 10 
1396 
1395 
1414 
1413 
1452 
1427 
1426 
1461 
1502 
1401 
BCelement23 10 
4 
14 
40 
1153 
606 
578 
34 
9 
12 
2 
