Grid_size 200
Node_size 121
Solution_Order 1
meshIEN 
1 49 2 25 
2 2 49 22 
3 58 22 49 
4 22 58 21 
5 67 21 58 
6 21 67 20 
7 76 20 67 
8 20 76 19 
9 85 19 76 
10 19 85 18 
11 94 18 85 
12 18 94 17 
13 103 17 94 
14 17 103 16 
15 112 16 103 
16 16 112 15 
17 121 15 112 
18 15 121 14 
19 13 14 121 
20 14 13 1 
21 24 49 25 
22 49 24 48 
23 48 58 49 
24 58 48 57 
25 57 67 58 
26 67 57 66 
27 66 76 67 
28 76 66 75 
29 75 85 76 
30 85 75 84 
31 84 94 85 
32 94 84 93 
33 93 103 94 
34 103 93 102 
35 102 112 103 
36 112 102 111 
37 111 121 112 
38 121 111 120 
39 120 13 121 
40 13 120 12 
41 47 24 26 
42 24 47 48 
43 47 57 48 
44 57 47 56 
45 56 66 57 
46 66 56 65 
47 65 75 66 
48 75 65 74 
49 74 84 75 
50 84 74 83 
51 83 93 84 
52 93 83 92 
53 92 102 93 
54 102 92 101 
55 101 111 102 
56 111 101 110 
57 110 120 111 
58 120 110 119 
59 119 12 120 
60 12 119 11 
61 46 26 27 
62 26 46 47 
63 46 56 47 
64 56 46 55 
65 55 65 56 
66 65 55 64 
67 64 74 65 
68 74 64 73 
69 73 83 74 
70 83 73 82 
71 82 92 83 
72 92 82 91 
73 91 101 92 
74 101 91 100 
75 100 110 101 
76 110 100 109 
77 109 119 110 
78 119 109 118 
79 118 11 119 
80 11 118 10 
81 23 46 27 
82 46 23 45 
83 45 55 46 
84 55 45 54 
85 54 64 55 
86 64 54 63 
87 63 73 64 
88 73 63 72 
89 72 82 73 
90 82 72 81 
91 81 91 82 
92 91 81 90 
93 90 100 91 
94 100 90 99 
95 99 109 100 
96 109 99 108 
97 108 118 109 
98 118 108 117 
99 117 10 118 
100 10 117 9 
101 44 23 29 
102 23 44 45 
103 44 54 45 
104 54 44 53 
105 53 63 54 
106 63 53 62 
107 62 72 63 
108 72 62 71 
109 71 81 72 
110 81 71 80 
111 80 90 81 
112 90 80 89 
113 89 99 90 
114 99 89 98 
115 98 108 99 
116 108 98 107 
117 107 117 108 
118 117 107 116 
119 116 9 117 
120 9 116 8 
121 28 44 29 
122 44 28 43 
123 43 53 44 
124 53 43 52 
125 52 62 53 
126 62 52 61 
127 61 71 62 
128 71 61 70 
129 70 80 71 
130 80 70 79 
131 79 89 80 
132 89 79 88 
133 88 98 89 
134 98 88 97 
135 97 107 98 
136 107 97 106 
137 106 116 107 
138 116 106 115 
139 115 8 116 
140 8 115 7 
141 42 28 30 
142 28 42 43 
143 42 52 43 
144 52 42 51 
145 51 61 52 
146 61 51 60 
147 60 70 61 
148 70 60 69 
149 69 79 70 
150 79 69 78 
151 78 88 79 
152 88 78 87 
153 87 97 88 
154 97 87 96 
155 96 106 97 
156 106 96 105 
157 105 115 106 
158 115 105 114 
159 114 7 115 
160 7 114 6 
161 41 30 31 
162 30 41 42 
163 41 51 42 
164 51 41 50 
165 50 60 51 
166 60 50 59 
167 59 69 60 
168 69 59 68 
169 68 78 69 
170 78 68 77 
171 77 87 78 
172 87 77 86 
173 86 96 87 
174 96 86 95 
175 95 105 96 
176 105 95 104 
177 104 114 105 
178 114 104 113 
179 113 6 114 
180 6 113 5 
181 4 41 31 
182 41 4 32 
183 32 50 41 
184 50 32 33 
185 33 59 50 
186 59 33 34 
187 34 68 59 
188 68 34 35 
189 35 77 68 
190 77 35 36 
191 36 86 77 
192 86 36 37 
193 37 95 86 
194 95 37 38 
195 38 104 95 
196 104 38 39 
197 39 113 104 
198 113 39 40 
199 40 5 113 
200 5 40 3 
vertexCoord 
1 0.707107 0.707107 
2 0.133530 1.526259 
3 -0.000000 0.000000 
4 -0.573576 0.819152 
5 0.070674 0.070674 
6 0.141348 0.141348 
7 0.212075 0.212075 
8 0.282774 0.282774 
9 0.353553 0.353553 
10 0.424228 0.424228 
11 0.494902 0.494902 
12 0.565628 0.565628 
13 0.636327 0.636327 
14 0.649749 0.789022 
15 0.592391 0.870937 
16 0.535034 0.952852 
17 0.477676 1.034768 
18 0.420319 1.116683 
19 0.362961 1.198598 
20 0.305603 1.280513 
21 0.248246 1.362428 
22 0.190888 1.444344 
23 -0.220023 1.172705 
24 -0.007949 1.384780 
25 0.062751 1.455479 
26 -0.078675 1.314054 
27 -0.149349 1.243380 
28 -0.361502 1.031227 
29 -0.290803 1.101926 
30 -0.432228 0.960501 
31 -0.502902 0.889826 
32 -0.516219 0.737237 
33 -0.458861 0.655322 
34 -0.401504 0.573406 
35 -0.344146 0.491491 
36 -0.286788 0.409576 
37 -0.229431 0.327661 
38 -0.172073 0.245746 
39 -0.114715 0.163830 
40 -0.057358 0.081915 
41 -0.445545 0.807911 
42 -0.374870 0.878585 
43 -0.304144 0.949311 
44 -0.233445 1.020010 
45 -0.162665 1.090790 
46 -0.091991 1.161464 
47 -0.021317 1.232139 
48 0.049409 1.302865 
49 0.120108 1.373564 
50 -0.388187 0.725996 
51 -0.317513 0.796670 
52 -0.246787 0.867396 
53 -0.176087 0.938095 
54 -0.105308 1.008875 
55 -0.034634 1.079549 
56 0.036041 1.150224 
57 0.106767 1.220950 
58 0.177466 1.291649 
59 -0.330829 0.644081 
60 -0.260155 0.714755 
61 -0.189429 0.785481 
62 -0.118730 0.856180 
63 -0.047950 0.926960 
64 0.022724 0.997634 
65 0.093398 1.068308 
66 0.164124 1.139034 
67 0.234824 1.209733 
68 -0.273472 0.562165 
69 -0.202797 0.632840 
70 -0.132071 0.703566 
71 -0.061372 0.774265 
72 0.009408 0.845045 
73 0.080082 0.915719 
74 0.150756 0.986393 
75 0.221482 1.057119 
76 0.292181 1.127818 
77 -0.216114 0.480250 
78 -0.145440 0.550925 
79 -0.074714 0.621651 
80 -0.004015 0.692350 
81 0.066765 0.763129 
82 0.137439 0.833804 
83 0.208114 0.904478 
84 0.278840 0.975204 
85 0.349539 1.045903 
86 -0.158756 0.398335 
87 -0.088082 0.469009 
88 -0.017356 0.539735 
89 0.053343 0.610434 
90 0.124123 0.681214 
91 0.194797 0.751888 
92 0.265471 0.822563 
93 0.336197 0.893289 
94 0.406896 0.963988 
95 -0.101399 0.316420 
96 -0.030724 0.387094 
97 0.040002 0.457820 
98 0.110701 0.528519 
99 0.181480 0.599299 
100 0.252155 0.669973 
101 0.322829 0.740647 
102 0.393555 0.811374 
103 0.464254 0.882073 
104 -0.044041 0.234505 
105 0.026633 0.305179 
106 0.097359 0.375905 
107 0.168058 0.446604 
108 0.238838 0.517384 
109 0.309512 0.588058 
110 0.380187 0.658732 
111 0.450913 0.729458 
112 0.521612 0.800157 
113 0.013317 0.152589 
114 0.083991 0.223264 
115 0.154717 0.293990 
116 0.225416 0.364689 
117 0.296196 0.435469 
118 0.366870 0.506143 
119 0.437544 0.576817 
120 0.508270 0.647543 
121 0.578969 0.718242 
BC_Tag
1 5
2 2
3 16
4 18
5 23
6 23
7 23
8 23
9 23
10 23
11 23
12 23
13 23
14 6
15 6
16 6
17 6
18 6
19 6
20 6
21 6
22 6
23 24
24 24
25 24
26 24
27 24
28 24
29 24
30 24
31 24
32 14
33 14
34 14
35 14
36 14
37 14
38 14
39 14
40 14
41 26
42 26
43 26
44 26
45 26
46 26
47 26
48 26
49 26
50 26
51 26
52 26
53 26
54 26
55 26
56 26
57 26
58 26
59 26
60 26
61 26
62 26
63 26
64 26
65 26
66 26
67 26
68 26
69 26
70 26
71 26
72 26
73 26
74 26
75 26
76 26
77 26
78 26
79 26
80 26
81 26
82 26
83 26
84 26
85 26
86 26
87 26
88 26
89 26
90 26
91 26
92 26
93 26
94 26
95 26
96 26
97 26
98 26
99 26
100 26
101 26
102 26
103 26
104 26
105 26
106 26
107 26
108 26
109 26
110 26
111 26
112 26
113 26
114 26
115 26
116 26
117 26
118 26
119 26
120 26
121 26
BCelement14 10 
182 
184 
186 
188 
190 
192 
194 
196 
198 
200 
BCelement6 10 
20 
18 
16 
14 
12 
10 
8 
6 
4 
2 
BCelement24 10 
1 
21 
41 
61 
81 
101 
121 
141 
161 
181 
BCelement23 10 
200 
180 
160 
140 
120 
100 
80 
60 
40 
20 
