Edge min = 0.011529, max=0.027583, average=0.017761;
Grid_size 1496
Node_size 809
Solution_Order 1
meshIEN 
1 4 76 121 
2 71 4 121 
3 122 121 76 
4 76 77 122 
5 62 2 126 
6 2 65 126 
7 120 3 136 
8 3 7 136 
9 1 18 137 
10 13 1 137 
11 138 123 122 
12 69 68 139 
13 68 70 140 
14 140 139 68 
15 64 66 141 
16 124 304 143 
17 19 17 170 
18 172 170 17 
19 17 20 172 
20 75 78 174 
21 77 75 174 
22 69 139 175 
23 63 69 175 
24 176 140 123 
25 139 140 176 
26 123 140 177 
27 122 123 177 
28 177 140 70 
29 70 71 177 
30 498 141 66 
31 66 67 498 
32 61 142 178 
33 57 61 178 
34 62 126 179 
35 179 143 304 
36 60 62 179 
37 189 185 145 
38 146 188 189 
39 189 188 185 
40 182 190 191 
41 144 182 191 
42 9 5 278 
43 278 165 8 
44 8 9 278 
45 115 119 477 
46 279 168 134 
47 166 168 279 
48 120 136 284 
49 118 120 284 
50 285 168 166 
51 119 118 285 
52 285 477 119 
53 166 477 285 
54 118 284 285 
55 285 284 168 
56 7 6 286 
57 286 136 7 
58 19 170 287 
59 18 19 287 
60 287 137 18 
61 10 171 288 
62 11 10 288 
63 170 172 289 
64 290 172 20 
65 20 21 290 
66 13 137 291 
67 137 287 291 
68 12 13 291 
69 63 175 292 
70 292 498 67 
71 67 63 292 
72 74 81 293 
73 293 181 180 
74 79 74 294 
75 74 293 294 
76 294 293 180 
77 81 82 295 
78 295 293 81 
79 181 293 295 
80 180 181 296 
81 51 58 297 
82 297 184 183 
83 58 59 298 
84 298 297 58 
85 184 297 298 
86 184 298 299 
87 299 298 59 
88 183 184 300 
89 301 186 183 
90 301 300 145 
91 183 300 301 
92 55 56 511 
93 183 186 302 
94 56 51 302 
95 51 297 302 
96 302 297 183 
97 302 511 56 
98 124 143 303 
99 303 143 141 
100 124 187 304 
101 145 300 305 
102 305 189 145 
103 125 188 306 
104 306 192 190 
105 144 191 307 
106 307 296 144 
107 180 296 307 
108 190 192 309 
109 310 188 146 
110 310 306 188 
111 192 306 310 
112 312 176 123 
113 312 311 193 
114 84 73 313 
115 313 195 194 
116 73 87 314 
117 314 313 73 
118 195 313 314 
119 194 195 315 
120 80 83 316 
121 318 196 194 
122 194 315 318 
123 194 196 319 
124 83 84 319 
125 84 313 319 
126 319 313 194 
127 319 316 83 
128 196 316 319 
129 53 54 320 
130 320 199 198 
131 54 52 323 
132 323 320 54 
133 199 320 323 
134 324 201 198 
135 324 321 148 
136 50 39 325 
137 39 53 326 
138 53 320 326 
139 326 320 198 
140 326 325 39 
141 125 202 328 
142 328 203 185 
143 185 203 329 
144 145 185 329 
145 186 301 330 
146 331 328 202 
147 203 328 331 
148 127 204 332 
149 332 205 197 
150 333 204 127 
151 335 332 204 
152 205 332 335 
153 89 90 336 
154 336 207 206 
155 90 85 337 
156 337 336 90 
157 207 336 337 
158 206 207 338 
159 88 86 339 
160 341 208 206 
161 206 338 341 
162 206 208 342 
163 86 89 342 
164 89 336 342 
165 342 336 206 
166 342 339 86 
167 208 339 342 
168 48 46 343 
169 343 211 210 
170 46 49 346 
171 346 343 46 
172 211 343 346 
173 347 213 210 
174 347 344 150 
175 40 47 348 
176 47 48 349 
177 48 343 349 
178 349 343 210 
179 349 348 47 
180 350 214 127 
181 127 332 350 
182 350 332 197 
183 127 214 351 
184 351 215 200 
185 351 333 127 
186 200 333 351 
187 200 215 352 
188 201 324 353 
189 148 352 353 
190 353 324 148 
191 354 351 214 
192 215 351 354 
193 128 216 355 
194 355 217 209 
195 356 216 128 
196 358 355 216 
197 217 355 358 
198 91 95 359 
199 359 219 218 
200 95 94 360 
201 360 359 95 
202 219 359 360 
203 218 219 361 
204 92 93 362 
205 364 220 218 
206 364 361 152 
207 218 361 364 
208 218 220 365 
209 93 91 365 
210 91 359 365 
211 365 359 218 
212 365 362 93 
213 220 362 365 
214 41 44 366 
215 366 223 222 
216 44 45 369 
217 369 366 44 
218 223 366 369 
219 370 224 222 
220 370 367 153 
221 42 43 371 
222 43 41 372 
223 41 366 372 
224 372 366 222 
225 372 371 43 
226 373 226 128 
227 128 355 373 
228 373 355 209 
229 128 226 374 
230 374 227 212 
231 374 356 128 
232 212 356 374 
233 212 227 375 
234 213 347 376 
235 150 375 376 
236 376 347 150 
237 377 374 226 
238 227 374 377 
239 129 228 378 
240 378 229 221 
241 379 228 129 
242 221 229 380 
243 152 221 380 
244 381 378 228 
245 229 378 381 
246 36 38 382 
247 382 231 230 
248 38 14 385 
249 385 382 38 
250 231 382 385 
251 386 233 230 
252 386 383 155 
253 33 37 387 
254 37 36 388 
255 36 382 388 
256 388 382 230 
257 388 387 37 
258 101 99 389 
259 234 235 390 
260 391 235 234 
261 100 101 391 
262 101 389 391 
263 391 389 235 
264 96 72 392 
265 393 360 94 
266 94 96 393 
267 394 236 234 
268 234 390 394 
269 234 236 395 
270 72 100 395 
271 100 391 395 
272 395 391 234 
273 395 392 72 
274 236 392 395 
275 129 238 396 
276 396 239 225 
277 396 379 129 
278 225 379 396 
279 225 239 397 
280 224 370 398 
281 153 397 398 
282 398 370 153 
283 399 238 157 
284 399 396 238 
285 239 396 399 
286 402 241 240 
287 240 241 403 
288 130 240 403 
289 238 407 404 
290 157 238 404 
291 157 404 405 
292 405 402 157 
293 406 221 152 
294 152 361 406 
295 407 238 129 
296 221 406 407 
297 98 105 408 
298 408 243 242 
299 105 106 409 
300 409 408 105 
301 243 408 409 
302 242 243 410 
303 102 103 411 
304 413 244 242 
305 242 410 413 
306 242 244 414 
307 103 98 414 
308 98 408 414 
309 414 408 242 
310 414 411 103 
311 244 411 414 
312 27 34 415 
313 415 247 246 
314 34 35 418 
315 418 415 34 
316 247 415 418 
317 419 249 246 
318 419 416 158 
319 31 32 420 
320 32 27 421 
321 27 415 421 
322 421 415 246 
323 421 420 32 
324 130 250 422 
325 422 251 232 
326 422 400 130 
327 232 400 422 
328 423 250 130 
329 232 251 424 
330 233 386 425 
331 155 424 425 
332 425 386 155 
333 426 422 250 
334 251 422 426 
335 131 252 427 
336 427 253 245 
337 428 252 131 
338 430 427 252 
339 253 427 430 
340 108 97 431 
341 431 255 254 
342 97 111 432 
343 432 431 97 
344 255 431 432 
345 254 255 433 
346 104 107 434 
347 436 256 254 
348 254 433 436 
349 254 256 437 
350 107 108 437 
351 108 431 437 
352 437 431 254 
353 437 434 107 
354 256 434 437 
355 29 30 438 
356 438 259 258 
357 30 28 441 
358 441 438 30 
359 259 438 441 
360 442 261 258 
361 442 439 160 
362 26 15 443 
363 15 29 444 
364 29 438 444 
365 444 438 258 
366 444 443 15 
367 445 262 131 
368 131 427 445 
369 445 427 245 
370 131 262 446 
371 446 263 248 
372 446 428 131 
373 248 428 446 
374 248 263 447 
375 249 419 448 
376 158 447 448 
377 448 419 158 
378 449 446 262 
379 263 446 449 
380 132 264 450 
381 450 265 257 
382 451 264 132 
383 453 450 264 
384 265 450 453 
385 113 114 454 
386 454 267 266 
387 266 267 459 
388 114 109 456 
389 456 454 114 
390 267 454 456 
391 112 110 457 
392 459 268 266 
393 266 268 460 
394 110 113 460 
395 113 454 460 
396 460 454 266 
397 460 457 110 
398 268 457 460 
399 24 22 461 
400 461 271 270 
401 270 271 462 
402 22 25 464 
403 464 461 22 
404 271 461 464 
405 465 272 270 
406 465 462 163 
407 270 462 465 
408 16 23 466 
409 270 272 467 
410 23 24 467 
411 24 461 467 
412 467 461 270 
413 467 466 23 
414 272 466 467 
415 468 274 132 
416 132 450 468 
417 468 450 257 
418 132 274 469 
419 469 275 260 
420 469 451 132 
421 260 451 469 
422 260 275 470 
423 261 442 471 
424 160 470 471 
425 471 442 160 
426 472 469 274 
427 275 469 472 
428 133 276 473 
429 473 277 269 
430 474 276 133 
431 133 273 474 
432 269 277 475 
433 476 473 276 
434 277 473 476 
435 117 115 477 
436 478 279 134 
437 166 279 479 
438 482 481 133 
439 483 481 281 
440 282 487 488 
441 488 487 480 
442 116 117 490 
443 492 479 280 
444 492 491 283 
445 280 480 492 
446 283 490 493 
447 493 490 117 
448 117 477 493 
449 166 479 493 
450 168 284 494 
451 494 286 169 
452 136 286 494 
453 494 284 136 
454 494 169 134 
455 134 168 494 
456 495 287 170 
457 495 291 287 
458 495 289 135 
459 170 289 495 
460 173 291 495 
461 135 173 495 
462 496 278 5 
463 11 288 496 
464 5 11 496 
465 498 303 141 
466 142 304 499 
467 499 178 142 
468 180 307 501 
469 501 294 180 
470 502 307 191 
471 502 191 147 
472 193 311 503 
473 504 174 78 
474 504 311 138 
475 138 174 504 
476 308 504 505 
477 505 502 308 
478 505 504 78 
479 78 79 505 
480 506 310 146 
481 146 500 506 
482 506 500 187 
483 507 316 196 
484 317 507 508 
485 181 295 509 
486 148 321 510 
487 510 352 148 
488 200 352 510 
489 199 323 512 
490 52 55 513 
491 322 512 513 
492 511 322 513 
493 55 511 513 
494 513 323 52 
495 513 512 323 
496 514 182 144 
497 322 511 515 
498 515 511 186 
499 186 330 515 
500 149 335 516 
501 516 335 204 
502 517 329 203 
503 517 330 329 
504 149 331 518 
505 518 331 202 
506 519 339 208 
507 340 519 520 
508 195 314 521 
509 150 344 522 
510 522 375 150 
511 212 375 522 
512 523 345 325 
513 211 346 524 
514 49 50 525 
515 345 524 525 
516 325 345 525 
517 50 325 525 
518 525 346 49 
519 525 524 346 
520 345 523 527 
521 527 523 201 
522 151 358 528 
523 528 358 216 
524 529 352 215 
525 529 353 352 
526 151 354 530 
527 530 354 214 
528 531 362 220 
529 363 531 532 
530 207 337 533 
531 153 367 534 
532 534 397 153 
533 225 397 534 
534 535 368 348 
535 223 369 536 
536 45 40 537 
537 368 536 537 
538 348 368 537 
539 40 348 537 
540 537 369 45 
541 537 536 369 
542 368 535 539 
543 539 535 213 
544 154 381 540 
545 540 381 228 
546 541 375 227 
547 541 376 375 
548 154 377 542 
549 542 377 226 
550 155 383 543 
551 543 424 155 
552 232 424 543 
553 544 384 371 
554 231 385 545 
555 14 42 546 
556 384 545 546 
557 371 384 546 
558 42 371 546 
559 546 385 14 
560 546 545 385 
561 547 392 236 
562 360 393 548 
563 219 360 548 
564 384 544 549 
565 549 544 224 
566 550 399 157 
567 157 402 550 
568 550 402 240 
569 551 397 239 
570 551 398 397 
571 553 411 244 
572 412 553 554 
573 235 389 555 
574 158 416 556 
575 556 447 158 
576 248 447 556 
577 557 417 387 
578 247 418 558 
579 35 33 559 
580 417 558 559 
581 387 417 559 
582 33 387 559 
583 559 418 35 
584 559 558 418 
585 560 401 156 
586 237 401 560 
587 417 557 561 
588 561 557 233 
589 159 430 562 
590 562 430 252 
591 563 424 251 
592 563 425 424 
593 159 426 564 
594 564 426 250 
595 565 434 256 
596 435 565 566 
597 243 409 567 
598 160 439 568 
599 568 470 160 
600 260 470 568 
601 569 440 420 
602 259 441 570 
603 28 31 571 
604 440 570 571 
605 420 440 571 
606 31 420 571 
607 571 441 28 
608 571 570 441 
609 440 569 573 
610 573 569 249 
611 161 453 574 
612 574 453 264 
613 575 447 263 
614 575 448 447 
615 161 449 576 
616 576 449 262 
617 167 484 577 
618 577 491 167 
619 578 484 281 
620 455 577 578 
621 578 577 484 
622 579 490 283 
623 283 491 579 
624 579 577 455 
625 491 577 579 
626 581 457 268 
627 458 581 582 
628 255 432 583 
629 585 463 443 
630 271 464 586 
631 25 26 587 
632 463 586 587 
633 443 463 587 
634 26 443 587 
635 587 464 25 
636 587 586 464 
637 16 466 588 
638 21 16 588 
639 463 585 590 
640 590 585 261 
641 164 476 591 
642 591 476 276 
643 592 470 275 
644 592 471 470 
645 164 472 593 
646 593 472 274 
647 594 478 134 
648 134 169 594 
649 595 482 269 
650 273 483 596 
651 596 584 273 
652 135 289 598 
653 598 486 485 
654 598 597 135 
655 485 597 598 
656 599 289 172 
657 599 598 289 
658 486 598 599 
659 485 486 603 
660 600 484 167 
661 480 487 600 
662 167 480 600 
663 280 478 601 
664 601 480 280 
665 601 488 480 
666 604 603 486 
667 489 604 606 
668 116 490 694 
669 109 116 694 
670 498 292 608 
671 609 608 497 
672 498 608 609 
673 303 498 609 
674 610 175 139 
675 610 292 175 
676 610 608 292 
677 499 500 611 
678 611 500 305 
679 178 499 611 
680 611 299 178 
681 184 299 611 
682 205 335 612 
683 612 334 205 
684 612 508 334 
685 181 509 613 
686 613 296 181 
687 613 509 317 
688 317 508 613 
689 334 508 614 
690 196 318 614 
691 614 507 196 
692 614 508 507 
693 200 510 615 
694 615 333 200 
695 199 512 616 
696 616 321 199 
697 617 514 144 
698 144 296 617 
699 708 516 204 
700 204 333 708 
701 330 517 618 
702 618 515 330 
703 619 517 203 
704 203 331 619 
705 620 518 202 
706 217 358 621 
707 621 357 217 
708 621 520 357 
709 195 521 622 
710 622 315 195 
711 622 521 340 
712 340 520 622 
713 357 520 623 
714 208 341 623 
715 623 519 208 
716 623 520 519 
717 212 522 624 
718 624 356 212 
719 211 524 625 
720 625 344 211 
721 318 315 626 
722 627 528 216 
723 216 356 627 
724 353 529 628 
725 629 529 215 
726 215 354 629 
727 630 530 214 
728 214 350 630 
729 229 381 631 
730 631 380 229 
731 631 532 380 
732 207 533 632 
733 632 338 207 
734 632 533 363 
735 363 532 632 
736 380 532 633 
737 220 364 633 
738 633 531 220 
739 633 532 531 
740 225 534 634 
741 634 379 225 
742 223 536 635 
743 635 367 223 
744 341 338 636 
745 637 540 228 
746 228 379 637 
747 376 541 638 
748 639 541 227 
749 227 377 639 
750 640 542 226 
751 226 373 640 
752 232 543 641 
753 641 400 232 
754 231 545 642 
755 642 383 231 
756 643 550 240 
757 398 551 644 
758 399 550 645 
759 645 551 239 
760 239 399 645 
761 393 547 646 
762 647 548 393 
763 393 646 647 
764 647 646 552 
765 405 552 648 
766 648 401 241 
767 402 405 648 
768 241 402 648 
769 552 646 648 
770 407 406 649 
771 649 404 407 
772 649 647 552 
773 253 430 650 
774 650 429 253 
775 650 554 429 
776 235 555 651 
777 651 390 235 
778 651 555 412 
779 412 554 651 
780 429 554 652 
781 244 413 652 
782 652 553 244 
783 652 554 553 
784 248 556 653 
785 653 428 248 
786 247 558 654 
787 654 416 247 
788 655 560 156 
789 656 562 252 
790 252 428 656 
791 425 563 657 
792 658 563 251 
793 251 426 658 
794 659 564 250 
795 250 423 659 
796 265 453 660 
797 660 452 265 
798 660 566 452 
799 243 567 661 
800 661 410 243 
801 661 567 435 
802 435 566 661 
803 452 566 662 
804 256 436 662 
805 662 565 256 
806 662 566 565 
807 260 568 663 
808 663 451 260 
809 259 570 664 
810 664 439 259 
811 413 410 665 
812 666 574 264 
813 264 451 666 
814 448 575 667 
815 668 575 263 
816 263 449 668 
817 669 576 262 
818 262 445 669 
819 670 580 455 
820 455 578 670 
821 277 476 671 
822 671 475 277 
823 671 582 475 
824 255 583 672 
825 672 433 255 
826 672 583 458 
827 458 582 672 
828 475 582 673 
829 268 459 673 
830 673 581 268 
831 673 582 581 
832 273 584 674 
833 674 474 273 
834 271 586 675 
835 675 462 271 
836 436 433 676 
837 744 591 276 
838 276 474 744 
839 471 592 677 
840 678 592 275 
841 275 472 678 
842 679 593 274 
843 274 468 679 
844 482 595 680 
845 680 670 578 
846 680 578 281 
847 681 465 163 
848 584 596 681 
849 163 584 681 
850 682 288 171 
851 683 601 478 
852 478 594 683 
853 272 465 684 
854 465 681 684 
855 685 588 466 
856 685 466 272 
857 282 603 686 
858 686 487 282 
859 687 596 483 
860 688 681 596 
861 596 687 688 
862 688 687 605 
863 489 602 689 
864 605 687 690 
865 588 685 691 
866 489 606 692 
867 692 602 489 
868 692 685 602 
869 606 691 692 
870 692 691 685 
871 693 606 604 
872 290 691 693 
873 693 691 606 
874 490 579 694 
875 455 580 694 
876 694 579 455 
877 282 488 695 
878 488 601 696 
879 696 695 488 
880 697 695 696 
881 601 683 696 
882 697 683 594 
883 697 696 683 
884 278 496 698 
885 147 309 699 
886 310 506 700 
887 700 607 192 
888 192 310 700 
889 700 609 497 
890 497 607 700 
891 701 506 187 
892 303 609 701 
893 701 700 506 
894 609 700 701 
895 702 312 193 
896 176 312 702 
897 703 612 335 
898 149 518 703 
899 703 335 149 
900 514 617 704 
901 705 613 508 
902 508 612 705 
903 612 703 705 
904 706 615 510 
905 707 512 322 
906 707 616 512 
907 333 615 708 
908 709 621 358 
909 151 530 709 
910 709 358 151 
911 526 626 710 
912 710 626 315 
913 315 622 710 
914 711 622 520 
915 520 621 711 
916 621 709 711 
917 711 710 622 
918 712 624 522 
919 345 527 713 
920 713 524 345 
921 713 625 524 
922 714 627 356 
923 356 624 714 
924 715 631 381 
925 154 542 715 
926 715 381 154 
927 538 636 716 
928 716 636 338 
929 338 632 716 
930 717 632 532 
931 532 631 717 
932 631 715 717 
933 717 716 632 
934 718 634 534 
935 368 539 719 
936 719 536 368 
937 719 635 536 
938 720 637 379 
939 379 634 720 
940 721 641 543 
941 384 549 722 
942 722 545 384 
943 722 642 545 
944 723 643 400 
945 400 641 723 
946 236 394 724 
947 724 648 646 
948 724 547 236 
949 724 646 547 
950 401 648 724 
951 725 361 219 
952 647 649 725 
953 548 647 725 
954 219 548 725 
955 725 406 361 
956 725 649 406 
957 726 650 430 
958 159 564 726 
959 726 430 159 
960 727 655 390 
961 390 651 727 
962 728 651 554 
963 554 650 728 
964 650 726 728 
965 728 727 651 
966 729 653 556 
967 417 561 730 
968 730 558 417 
969 730 654 558 
970 731 656 428 
971 428 653 731 
972 732 660 453 
973 161 576 732 
974 732 453 161 
975 572 665 733 
976 733 665 410 
977 410 661 733 
978 734 661 566 
979 566 660 734 
980 660 732 734 
981 734 733 661 
982 735 663 568 
983 440 573 736 
984 736 570 440 
985 736 664 570 
986 737 666 451 
987 451 663 737 
988 580 670 738 
989 267 580 738 
990 738 459 267 
991 738 595 162 
992 162 459 738 
993 739 671 476 
994 164 593 739 
995 739 476 164 
996 589 676 740 
997 740 676 433 
998 433 672 740 
999 741 672 582 
1000 582 671 741 
1001 671 739 741 
1002 741 740 672 
1003 742 674 584 
1004 463 590 743 
1005 743 586 463 
1006 474 674 744 
1007 745 682 597 
1008 288 682 745 
1009 745 496 288 
1010 745 698 496 
1011 746 688 605 
1012 605 689 746 
1013 681 688 746 
1014 746 684 681 
1015 746 689 602 
1016 602 684 746 
1017 489 689 747 
1018 747 686 603 
1019 747 604 489 
1020 603 604 747 
1021 487 686 748 
1022 748 600 487 
1023 748 690 600 
1024 749 690 687 
1025 281 484 749 
1026 749 483 281 
1027 749 687 483 
1028 600 690 749 
1029 484 600 749 
1030 282 695 750 
1031 695 745 750 
1032 750 603 282 
1033 485 603 750 
1034 750 597 485 
1035 750 745 597 
1036 165 278 751 
1037 278 698 751 
1038 751 697 594 
1039 751 698 697 
1040 752 702 193 
1041 193 503 752 
1042 753 607 497 
1043 753 699 607 
1044 753 752 699 
1045 754 620 327 
1046 514 704 754 
1047 182 514 754 
1048 754 327 182 
1049 616 707 755 
1050 755 706 616 
1051 515 618 756 
1052 757 619 516 
1053 516 708 757 
1054 758 630 350 
1055 526 710 758 
1056 197 526 758 
1057 758 350 197 
1058 625 713 759 
1059 759 712 625 
1060 760 713 527 
1061 527 628 760 
1062 627 714 761 
1063 761 629 528 
1064 528 627 761 
1065 762 640 373 
1066 538 716 762 
1067 209 538 762 
1068 762 373 209 
1069 635 719 763 
1070 763 718 635 
1071 764 719 539 
1072 539 638 764 
1073 637 720 765 
1074 765 639 540 
1075 540 637 765 
1076 642 722 766 
1077 766 721 642 
1078 767 722 549 
1079 549 644 767 
1080 643 723 768 
1081 768 645 550 
1082 550 643 768 
1083 769 659 423 
1084 237 560 769 
1085 769 423 237 
1086 654 730 770 
1087 770 729 654 
1088 771 730 561 
1089 561 657 771 
1090 656 731 772 
1091 772 658 562 
1092 562 656 772 
1093 773 669 445 
1094 572 733 773 
1095 245 572 773 
1096 773 445 245 
1097 664 736 774 
1098 774 735 664 
1099 775 736 573 
1100 573 667 775 
1101 666 737 776 
1102 776 668 574 
1103 574 666 776 
1104 777 679 468 
1105 589 740 777 
1106 257 589 777 
1107 777 468 257 
1108 778 742 675 
1109 779 743 590 
1110 590 677 779 
1111 780 678 591 
1112 591 744 780 
1113 781 747 689 
1114 690 748 781 
1115 605 690 781 
1116 781 689 605 
1117 781 748 686 
1118 686 747 781 
1119 752 753 782 
1120 702 752 782 
1121 610 702 782 
1122 782 753 497 
1123 620 754 783 
1124 783 705 703 
1125 783 703 518 
1126 518 620 783 
1127 783 754 704 
1128 704 705 783 
1129 706 755 784 
1130 784 757 708 
1131 784 708 615 
1132 615 706 784 
1133 785 756 618 
1134 619 757 785 
1135 517 619 785 
1136 785 618 517 
1137 630 758 786 
1138 786 711 709 
1139 786 709 530 
1140 530 630 786 
1141 786 758 710 
1142 710 711 786 
1143 712 759 787 
1144 787 714 624 
1145 624 712 787 
1146 788 760 628 
1147 629 761 788 
1148 529 629 788 
1149 788 628 529 
1150 640 762 789 
1151 789 717 715 
1152 789 715 542 
1153 542 640 789 
1154 789 762 716 
1155 716 717 789 
1156 718 763 790 
1157 790 720 634 
1158 634 718 790 
1159 791 764 638 
1160 639 765 791 
1161 541 639 791 
1162 791 638 541 
1163 721 766 792 
1164 792 723 641 
1165 641 721 792 
1166 793 767 644 
1167 645 768 793 
1168 551 645 793 
1169 793 644 551 
1170 659 769 794 
1171 794 728 726 
1172 794 726 564 
1173 564 659 794 
1174 794 769 727 
1175 727 728 794 
1176 729 770 795 
1177 795 731 653 
1178 653 729 795 
1179 796 771 657 
1180 658 772 796 
1181 563 658 796 
1182 796 657 563 
1183 669 773 797 
1184 797 734 732 
1185 797 732 576 
1186 576 669 797 
1187 797 773 733 
1188 733 734 797 
1189 735 774 798 
1190 798 737 663 
1191 663 735 798 
1192 799 775 667 
1193 668 776 799 
1194 575 668 799 
1195 799 667 575 
1196 679 777 800 
1197 800 741 739 
1198 800 739 593 
1199 593 679 800 
1200 800 777 740 
1201 740 741 800 
1202 742 778 801 
1203 801 780 744 
1204 801 744 674 
1205 674 742 801 
1206 802 779 677 
1207 678 780 802 
1208 592 678 802 
1209 802 677 592 
1210 803 784 755 
1211 756 785 803 
1212 707 756 803 
1213 803 755 707 
1214 803 785 757 
1215 757 784 803 
1216 804 787 759 
1217 760 788 804 
1218 804 788 761 
1219 805 790 763 
1220 764 791 805 
1221 805 791 765 
1222 806 792 766 
1223 767 793 806 
1224 806 793 768 
1225 807 795 770 
1226 771 796 807 
1227 807 796 772 
1228 808 798 774 
1229 775 799 808 
1230 808 799 776 
1231 809 801 778 
1232 779 802 809 
1233 743 779 809 
1234 809 778 743 
1235 809 802 780 
1236 780 801 809 
1237 177 121 122 
1238 121 177 71 
1239 122 174 138 
1240 174 122 77 
1241 60 142 61 
1242 165 6 8 
1243 286 165 169 
1244 165 286 6 
1245 12 171 10 
1246 299 57 178 
1247 57 299 59 
1248 126 143 179 
1249 327 190 182 
1250 188 328 185 
1251 328 188 125 
1252 327 306 190 
1253 306 327 125 
1254 309 191 190 
1255 191 309 147 
1256 407 378 221 
1257 378 407 129 
1258 423 403 237 
1259 403 423 130 
1260 482 473 269 
1261 473 482 133 
1262 511 302 186 
1263 701 124 303 
1264 124 701 187 
1265 312 138 311 
1266 138 312 123 
1267 82 509 295 
1268 326 523 325 
1269 620 125 327 
1270 125 620 202 
1271 301 329 330 
1272 329 301 145 
1273 526 205 334 
1274 205 526 197 
1275 87 521 314 
1276 349 535 348 
1277 538 217 357 
1278 217 538 209 
1279 85 533 337 
1280 372 544 371 
1281 633 152 380 
1282 152 633 364 
1283 388 557 387 
1284 96 547 393 
1285 547 96 392 
1286 643 130 400 
1287 130 643 240 
1288 724 156 401 
1289 156 724 394 
1290 241 237 403 
1291 237 241 401 
1292 99 555 389 
1293 421 569 420 
1294 572 253 429 
1295 253 572 245 
1296 106 567 409 
1297 444 585 443 
1298 589 265 452 
1299 265 589 257 
1300 111 583 432 
1301 673 162 475 
1302 162 673 459 
1303 279 280 479 
1304 280 279 478 
1305 680 481 482 
1306 481 680 281 
1307 273 481 483 
1308 481 273 133 
1309 492 167 491 
1310 167 492 480 
1311 477 166 493 
1312 479 283 493 
1313 283 479 492 
1314 146 305 500 
1315 305 146 189 
1316 499 187 500 
1317 187 499 304 
1318 308 147 503 
1319 147 308 502 
1320 308 311 504 
1321 311 308 503 
1322 501 502 505 
1323 502 501 307 
1324 619 149 516 
1325 149 619 331 
1326 334 626 526 
1327 201 628 527 
1328 628 201 353 
1329 629 151 528 
1330 151 629 354 
1331 357 636 538 
1332 213 638 539 
1333 638 213 376 
1334 639 154 540 
1335 154 639 377 
1336 224 644 549 
1337 644 224 398 
1338 233 657 561 
1339 657 233 425 
1340 658 159 562 
1341 159 658 426 
1342 429 665 572 
1343 249 667 573 
1344 667 249 448 
1345 668 161 574 
1346 161 668 449 
1347 675 163 462 
1348 452 676 589 
1349 261 677 590 
1350 677 261 471 
1351 678 164 591 
1352 164 678 472 
1353 169 751 594 
1354 751 169 165 
1355 173 682 171 
1356 682 135 597 
1357 135 682 173 
1358 685 684 602 
1359 684 685 272 
1360 486 693 604 
1361 693 486 599 
1362 782 608 610 
1363 608 782 497 
1364 706 321 616 
1365 321 706 510 
1366 712 344 625 
1367 344 712 522 
1368 718 367 635 
1369 367 718 534 
1370 721 383 642 
1371 383 721 543 
1372 552 404 649 
1373 404 552 405 
1374 729 416 654 
1375 416 729 556 
1376 735 439 664 
1377 439 735 568 
1378 742 163 675 
1379 163 742 584 
1380 290 588 691 
1381 588 290 21 
1382 599 290 693 
1383 290 599 172 
1384 694 456 109 
1385 580 456 694 
1386 456 580 267 
1387 309 607 699 
1388 607 309 192 
1389 610 176 702 
1390 176 610 139 
1391 613 617 296 
1392 617 705 704 
1393 705 617 613 
1394 322 756 707 
1395 756 322 515 
1396 769 655 727 
1397 655 769 560 
1398 670 595 738 
1399 595 670 680 
1400 778 586 743 
1401 586 778 675 
1402 695 698 745 
1403 698 695 697 
1404 503 699 752 
1405 699 503 147 
1406 759 760 804 
1407 760 759 713 
1408 763 764 805 
1409 764 763 719 
1410 766 767 806 
1411 767 766 722 
1412 770 771 807 
1413 771 770 730 
1414 774 775 808 
1415 775 774 736 
1416 317 316 507 
1417 316 317 80 
1418 340 339 519 
1419 339 340 88 
1420 363 362 531 
1421 362 363 92 
1422 412 411 553 
1423 411 412 102 
1424 435 434 565 
1425 434 435 104 
1426 458 457 581 
1427 457 458 112 
1428 505 294 501 
1429 294 505 79 
1430 142 179 304 
1431 179 142 60 
1432 64 126 65 
1433 126 141 143 
1434 141 126 64 
1435 171 291 173 
1436 291 171 12 
1437 300 611 305 
1438 611 300 184 
1439 509 80 317 
1440 80 509 82 
1441 521 88 340 
1442 88 521 87 
1443 533 92 363 
1444 92 533 85 
1445 655 394 390 
1446 394 655 156 
1447 555 102 412 
1448 102 555 99 
1449 567 104 435 
1450 104 567 106 
1451 583 112 458 
1452 112 583 111 
1453 269 162 595 
1454 162 269 475 
1455 804 714 787 
1456 714 804 761 
1457 805 720 790 
1458 720 805 765 
1459 806 723 792 
1460 723 806 768 
1461 807 731 795 
1462 731 807 772 
1463 808 737 798 
1464 737 808 776 
1465 324 199 321 
1466 199 324 198 
1467 347 211 344 
1468 211 347 210 
1469 370 223 367 
1470 223 370 222 
1471 386 231 383 
1472 231 386 230 
1473 419 247 416 
1474 247 419 246 
1475 442 259 439 
1476 259 442 258 
1477 614 626 334 
1478 626 614 318 
1479 623 636 357 
1480 636 623 341 
1481 652 665 429 
1482 665 652 413 
1483 662 676 452 
1484 676 662 436 
1485 326 201 523 
1486 201 326 198 
1487 349 213 535 
1488 213 349 210 
1489 372 224 544 
1490 224 372 222 
1491 388 233 557 
1492 233 388 230 
1493 421 249 569 
1494 249 421 246 
1495 444 261 585 
1496 261 444 258 
vertexCoord 
1 1.000000 0.200000 
2 0.000000 0.200000 
3 1.000000 0.000000 
4 0.000000 0.000000 
5 1.000000 0.100000 
6 1.000000 0.040016 
7 1.000000 0.020020 
8 1.000000 0.060021 
9 1.000000 0.080010 
10 1.000000 0.140016 
11 1.000000 0.120008 
12 1.000000 0.160013 
13 1.000000 0.180007 
14 0.500000 0.200000 
15 0.760024 0.200000 
16 0.880010 0.200000 
17 0.940003 0.200000 
18 0.979999 0.200000 
19 0.960001 0.200000 
20 0.920007 0.200000 
21 0.900008 0.200000 
22 0.820012 0.200000 
23 0.860011 0.200000 
24 0.840012 0.200000 
25 0.800012 0.200000 
26 0.780012 0.200000 
27 0.640030 0.200000 
28 0.700027 0.200000 
29 0.740025 0.200000 
30 0.720026 0.200000 
31 0.680027 0.200000 
32 0.660029 0.200000 
33 0.580033 0.200000 
34 0.620032 0.200000 
35 0.600032 0.200000 
36 0.540021 0.200000 
37 0.560032 0.200000 
38 0.520011 0.200000 
39 0.260024 0.200000 
40 0.380008 0.200000 
41 0.439995 0.200000 
42 0.479994 0.200000 
43 0.459995 0.200000 
44 0.420002 0.200000 
45 0.400005 0.200000 
46 0.320011 0.200000 
47 0.360011 0.200000 
48 0.340010 0.200000 
49 0.300012 0.200000 
50 0.280018 0.200000 
51 0.140030 0.200000 
52 0.200027 0.200000 
53 0.240025 0.200000 
54 0.220026 0.200000 
55 0.180027 0.200000 
56 0.160028 0.200000 
57 0.080043 0.200000 
58 0.120032 0.200000 
59 0.100037 0.200000 
60 0.040021 0.200000 
61 0.060032 0.200000 
62 0.020011 0.200000 
63 0.000000 0.099985 
64 0.000000 0.159980 
65 0.000000 0.179980 
66 0.000000 0.139979 
67 0.000000 0.119990 
68 0.000000 0.059986 
69 0.000000 0.079985 
70 0.000000 0.039988 
71 0.000000 0.019994 
72 0.500000 0.000000 
73 0.239981 0.000000 
74 0.119993 0.000000 
75 0.059997 0.000000 
76 0.020014 0.000000 
77 0.040015 0.000000 
78 0.079993 0.000000 
79 0.099993 0.000000 
80 0.179988 0.000000 
81 0.139991 0.000000 
82 0.159988 0.000000 
83 0.199988 0.000000 
84 0.219984 0.000000 
85 0.359964 0.000000 
86 0.299975 0.000000 
87 0.259973 0.000000 
88 0.279972 0.000000 
89 0.319975 0.000000 
90 0.339975 0.000000 
91 0.419967 0.000000 
92 0.379964 0.000000 
93 0.399967 0.000000 
94 0.459979 0.000000 
95 0.439968 0.000000 
96 0.479989 0.000000 
97 0.739981 0.000000 
98 0.619991 0.000000 
99 0.559997 0.000000 
100 0.520008 0.000000 
101 0.540015 0.000000 
102 0.579993 0.000000 
103 0.599992 0.000000 
104 0.679988 0.000000 
105 0.639989 0.000000 
106 0.659988 0.000000 
107 0.699988 0.000000 
108 0.719984 0.000000 
109 0.859970 0.000000 
110 0.799975 0.000000 
111 0.759973 0.000000 
112 0.779972 0.000000 
113 0.819974 0.000000 
114 0.839972 0.000000 
115 0.919965 0.000000 
116 0.879964 0.000000 
117 0.899961 0.000000 
118 0.959979 0.000000 
119 0.939968 0.000000 
120 0.979989 0.000000 
121 0.013510 0.012920 
122 0.031703 0.016037 
123 0.028984 0.037291 
124 0.047809 0.151683 
125 0.127350 0.100840 
126 0.014642 0.177170 
127 0.223831 0.099619 
128 0.322623 0.098486 
129 0.423341 0.095074 
130 0.518045 0.100453 
131 0.622441 0.098209 
132 0.722645 0.098484 
133 0.819244 0.097233 
134 0.957561 0.044381 
135 0.959155 0.154326 
136 0.985098 0.015530 
137 0.986782 0.187186 
138 0.048270 0.030205 
139 0.013320 0.069411 
140 0.014054 0.049041 
141 0.017565 0.152043 
142 0.056080 0.183116 
143 0.034170 0.161750 
144 0.120588 0.053701 
145 0.122229 0.144571 
146 0.095507 0.133368 
147 0.081879 0.059426 
148 0.236929 0.148648 
149 0.171340 0.098642 
150 0.336815 0.148700 
151 0.270631 0.097171 
152 0.413734 0.050376 
153 0.436859 0.148608 
154 0.370648 0.096697 
155 0.536842 0.148748 
156 0.512961 0.052185 
157 0.465398 0.089335 
158 0.636837 0.148700 
159 0.570304 0.097183 
160 0.736832 0.148722 
161 0.670616 0.097147 
162 0.816557 0.052452 
163 0.829556 0.151265 
164 0.771203 0.097932 
165 0.987677 0.056270 
166 0.932445 0.026457 
167 0.892889 0.068596 
168 0.952400 0.028547 
169 0.973958 0.049680 
170 0.953008 0.184819 
171 0.985402 0.148913 
172 0.934177 0.184541 
173 0.972695 0.156529 
174 0.057546 0.014084 
175 0.011062 0.087163 
176 0.027974 0.058985 
177 0.016363 0.028732 
178 0.076584 0.183668 
179 0.036197 0.181625 
180 0.121053 0.025585 
181 0.141068 0.023507 
182 0.117141 0.070851 
183 0.132585 0.172585 
184 0.113472 0.177203 
185 0.127765 0.128732 
186 0.152234 0.169953 
187 0.064448 0.150777 
188 0.109662 0.116829 
189 0.111821 0.134427 
190 0.102247 0.084372 
191 0.100187 0.062303 
192 0.084535 0.100124 
193 0.053077 0.057152 
194 0.220609 0.024681 
195 0.241532 0.024318 
196 0.204966 0.026702 
197 0.220980 0.076583 
198 0.240029 0.174577 
199 0.222711 0.170907 
200 0.231609 0.125493 
201 0.255151 0.165516 
202 0.142951 0.099786 
203 0.147545 0.123755 
204 0.205730 0.102900 
205 0.205251 0.073417 
206 0.320595 0.024681 
207 0.341307 0.024452 
208 0.304995 0.026813 
209 0.321114 0.076762 
210 0.339909 0.174298 
211 0.322418 0.171551 
212 0.330548 0.124182 
213 0.355131 0.165479 
214 0.241840 0.096598 
215 0.248500 0.121772 
216 0.302877 0.099962 
217 0.304957 0.073255 
218 0.420321 0.026010 
219 0.437032 0.027403 
220 0.404324 0.027919 
221 0.413753 0.066304 
222 0.439899 0.174291 
223 0.422413 0.171534 
224 0.455110 0.165458 
225 0.431064 0.123595 
226 0.340774 0.095686 
227 0.348734 0.121601 
228 0.402787 0.098369 
229 0.398443 0.072062 
230 0.539892 0.174317 
231 0.522409 0.171550 
232 0.531043 0.126039 
233 0.555125 0.165498 
234 0.522665 0.025492 
235 0.542075 0.024257 
236 0.502354 0.025377 
237 0.516656 0.074549 
238 0.444957 0.092705 
239 0.448792 0.121869 
240 0.498666 0.093313 
241 0.500282 0.077375 
242 0.620615 0.024681 
243 0.641542 0.024318 
244 0.605025 0.026816 
245 0.620709 0.076243 
246 0.639932 0.174297 
247 0.622439 0.171550 
248 0.630569 0.124181 
249 0.655153 0.165478 
250 0.538783 0.095951 
251 0.548110 0.122005 
252 0.602927 0.099896 
253 0.604995 0.073093 
254 0.720609 0.024681 
255 0.741363 0.024420 
256 0.705011 0.026813 
257 0.721141 0.076763 
258 0.739964 0.174290 
259 0.722436 0.171550 
260 0.730561 0.124182 
261 0.755014 0.165538 
262 0.641849 0.096598 
263 0.648756 0.121604 
264 0.702889 0.099961 
265 0.704980 0.073256 
266 0.819096 0.023633 
267 0.833253 0.028752 
268 0.805073 0.027039 
269 0.813515 0.068651 
270 0.836616 0.175273 
271 0.820198 0.174010 
272 0.857034 0.175111 
273 0.828368 0.113767 
274 0.740827 0.095692 
275 0.748748 0.121584 
276 0.802241 0.101055 
277 0.798787 0.073376 
278 0.987983 0.080943 
279 0.938880 0.041891 
280 0.926428 0.056966 
281 0.855555 0.085251 
282 0.925120 0.109662 
283 0.901485 0.039408 
284 0.965907 0.014676 
285 0.944882 0.013533 
286 0.987091 0.035104 
287 0.971305 0.185248 
288 0.984401 0.128947 
289 0.947857 0.169054 
290 0.914107 0.185210 
291 0.983254 0.169436 
292 0.016279 0.104180 
293 0.130697 0.012304 
294 0.110928 0.012486 
295 0.146443 0.010999 
296 0.130000 0.036707 
297 0.128653 0.186879 
298 0.111456 0.189370 
299 0.096102 0.185974 
300 0.117159 0.161151 
301 0.136113 0.156430 
302 0.147286 0.185090 
303 0.036564 0.141620 
304 0.052244 0.166362 
305 0.104222 0.148527 
306 0.105536 0.100921 
307 0.111819 0.041177 
308 0.077086 0.039692 
309 0.084436 0.079589 
310 0.088708 0.116280 
311 0.059732 0.041500 
312 0.043235 0.048692 
313 0.229814 0.012103 
314 0.246462 0.010964 
315 0.234086 0.038581 
316 0.192073 0.015369 
317 0.171997 0.024867 
318 0.216166 0.036125 
319 0.211239 0.013143 
320 0.231070 0.186992 
321 0.225271 0.154285 
322 0.183704 0.168604 
323 0.211258 0.186149 
324 0.238686 0.161756 
325 0.272259 0.186970 
326 0.252516 0.185562 
327 0.120716 0.087081 
328 0.135722 0.112941 
329 0.140431 0.139964 
330 0.150708 0.150897 
331 0.153921 0.107359 
332 0.212600 0.087741 
333 0.219404 0.114604 
334 0.202251 0.056806 
335 0.191096 0.088192 
336 0.329737 0.012157 
337 0.346266 0.011157 
338 0.333921 0.038536 
339 0.292068 0.015452 
340 0.272027 0.024832 
341 0.315314 0.035681 
342 0.311224 0.013184 
343 0.331077 0.187030 
344 0.324852 0.154523 
345 0.282784 0.174395 
346 0.311194 0.186823 
347 0.338718 0.161774 
348 0.372250 0.186969 
349 0.352505 0.185561 
350 0.229441 0.085884 
351 0.236520 0.110611 
352 0.242297 0.136713 
353 0.250095 0.149784 
354 0.253937 0.105579 
355 0.312083 0.087145 
356 0.315132 0.114214 
357 0.302365 0.057440 
358 0.290207 0.087055 
359 0.429379 0.013603 
360 0.448082 0.014592 
361 0.427038 0.040202 
362 0.393151 0.016289 
363 0.376268 0.025328 
364 0.412964 0.037389 
365 0.411185 0.013970 
366 0.431068 0.187029 
367 0.424882 0.154444 
368 0.382776 0.174390 
369 0.411188 0.186823 
370 0.438699 0.161763 
371 0.472235 0.186968 
372 0.452495 0.185558 
373 0.329821 0.085424 
374 0.335274 0.109937 
375 0.342250 0.136730 
376 0.350083 0.149783 
377 0.353831 0.105451 
378 0.408889 0.082909 
379 0.414692 0.110230 
380 0.397989 0.057466 
381 0.388670 0.085656 
382 0.531067 0.187041 
383 0.524848 0.154560 
384 0.482758 0.174385 
385 0.511187 0.186824 
386 0.538727 0.161768 
387 0.572250 0.186989 
388 0.552423 0.185646 
389 0.546389 0.011133 
390 0.535682 0.039256 
391 0.530320 0.012237 
392 0.495362 0.012506 
393 0.466607 0.020814 
394 0.516160 0.039685 
395 0.511785 0.012602 
396 0.436545 0.108989 
397 0.442355 0.136567 
398 0.450067 0.149768 
399 0.457085 0.106071 
400 0.516593 0.115411 
401 0.505233 0.062125 
402 0.483543 0.083387 
403 0.512268 0.086354 
404 0.455176 0.075039 
405 0.471747 0.074261 
406 0.430110 0.055709 
407 0.432367 0.076797 
408 0.629824 0.012105 
409 0.646473 0.010963 
410 0.634093 0.038582 
411 0.592089 0.015452 
412 0.572040 0.024824 
413 0.615380 0.035691 
414 0.611256 0.013176 
415 0.631099 0.187030 
416 0.624873 0.154521 
417 0.582791 0.174401 
418 0.611215 0.186823 
419 0.638741 0.161773 
420 0.672270 0.186969 
421 0.652527 0.185560 
422 0.535316 0.111224 
423 0.527229 0.085055 
424 0.542050 0.136930 
425 0.550104 0.149783 
426 0.553311 0.105755 
427 0.611599 0.086609 
428 0.615124 0.114166 
429 0.602443 0.057429 
430 0.590155 0.086922 
431 0.729757 0.012145 
432 0.746286 0.011129 
433 0.733995 0.038533 
434 0.692083 0.015453 
435 0.672047 0.024840 
436 0.715347 0.035681 
437 0.711239 0.013182 
438 0.731092 0.187030 
439 0.724871 0.154525 
440 0.682796 0.174395 
441 0.711208 0.186823 
442 0.738761 0.161768 
443 0.772032 0.186615 
444 0.752517 0.185562 
445 0.629292 0.085697 
446 0.635751 0.110046 
447 0.642272 0.136730 
448 0.650105 0.149784 
449 0.653833 0.105476 
450 0.712101 0.087145 
451 0.715148 0.114211 
452 0.702390 0.057442 
453 0.690217 0.087051 
454 0.828311 0.013658 
455 0.865655 0.047159 
456 0.846872 0.017089 
457 0.791903 0.015797 
458 0.772218 0.024113 
459 0.818396 0.036626 
460 0.810144 0.012599 
461 0.829242 0.187261 
462 0.828980 0.164382 
463 0.781845 0.173108 
464 0.810251 0.186337 
465 0.842994 0.161540 
466 0.868848 0.187804 
467 0.848627 0.187575 
468 0.729858 0.085419 
469 0.735308 0.109957 
470 0.742252 0.136850 
471 0.750095 0.149784 
472 0.753652 0.105445 
473 0.808098 0.084599 
474 0.813322 0.111466 
475 0.799024 0.058558 
476 0.788761 0.087378 
477 0.924582 0.010834 
478 0.944130 0.057928 
479 0.920084 0.040809 
480 0.912386 0.076316 
481 0.836943 0.092785 
482 0.826041 0.079900 
483 0.848470 0.104394 
484 0.874258 0.077511 
485 0.940551 0.138167 
486 0.925352 0.150728 
487 0.908244 0.097918 
488 0.928282 0.089918 
489 0.892263 0.149627 
490 0.890678 0.021880 
491 0.893215 0.052926 
492 0.907748 0.055837 
493 0.911539 0.023231 
494 0.973094 0.030448 
495 0.964785 0.170049 
496 0.984582 0.106825 
497 0.051841 0.101127 
498 0.021118 0.126285 
499 0.071402 0.167043 
500 0.084000 0.150164 
501 0.105632 0.028117 
502 0.093884 0.041793 
503 0.066424 0.057720 
504 0.068851 0.024171 
505 0.090476 0.019544 
506 0.075774 0.133607 
507 0.190480 0.030720 
508 0.181346 0.045099 
509 0.160471 0.019185 
510 0.228057 0.140133 
511 0.168769 0.181633 
512 0.201964 0.172683 
513 0.191750 0.186308 
514 0.130804 0.062093 
515 0.166352 0.161478 
516 0.187584 0.108722 
517 0.158250 0.135632 
518 0.155212 0.091141 
519 0.290493 0.031298 
520 0.282125 0.045912 
521 0.261011 0.018399 
522 0.327849 0.140242 
523 0.267092 0.174944 
524 0.301856 0.173856 
525 0.291282 0.186945 
526 0.221137 0.063963 
527 0.272749 0.162276 
528 0.284872 0.105271 
529 0.258264 0.134621 
530 0.255637 0.089057 
531 0.390487 0.031725 
532 0.379288 0.046650 
533 0.360348 0.019178 
534 0.427980 0.140034 
535 0.367080 0.174935 
536 0.401851 0.173856 
537 0.391275 0.186945 
538 0.321088 0.064093 
539 0.372738 0.162276 
540 0.385709 0.105318 
541 0.358252 0.134617 
542 0.355805 0.088529 
543 0.527936 0.140364 
544 0.467066 0.174930 
545 0.501850 0.173857 
546 0.491266 0.186945 
547 0.483701 0.024609 
548 0.451822 0.029029 
549 0.472731 0.162279 
550 0.479498 0.102950 
551 0.458050 0.135544 
552 0.467290 0.058652 
553 0.590517 0.031293 
554 0.581189 0.047776 
555 0.560457 0.019097 
556 0.627870 0.140241 
557 0.567069 0.174963 
558 0.601878 0.173856 
559 0.591297 0.186948 
560 0.519482 0.062362 
561 0.572756 0.162282 
562 0.584858 0.105260 
563 0.558172 0.135190 
564 0.555505 0.089174 
565 0.690508 0.031300 
566 0.682141 0.045916 
567 0.661023 0.018394 
568 0.727862 0.140240 
569 0.667101 0.174936 
570 0.701870 0.173856 
571 0.691295 0.186945 
572 0.621108 0.063975 
573 0.672760 0.162276 
574 0.684880 0.105268 
575 0.658274 0.134621 
576 0.656979 0.089068 
577 0.878677 0.059047 
578 0.862391 0.066568 
579 0.883652 0.041521 
580 0.849866 0.036289 
581 0.790164 0.031263 
582 0.780410 0.046971 
583 0.760358 0.019080 
584 0.829617 0.133777 
585 0.766708 0.174545 
586 0.801086 0.170458 
587 0.790873 0.186086 
588 0.889888 0.187106 
589 0.721139 0.064097 
590 0.772133 0.161902 
591 0.786544 0.108263 
592 0.758196 0.135356 
593 0.755583 0.088942 
594 0.960675 0.061375 
595 0.831373 0.062743 
596 0.843653 0.123166 
597 0.953834 0.137537 
598 0.944243 0.153372 
599 0.929808 0.167910 
600 0.889074 0.089222 
601 0.933416 0.072250 
602 0.876567 0.155091 
603 0.920808 0.130896 
604 0.908466 0.148202 
605 0.870959 0.124938 
606 0.900190 0.159924 
607 0.068459 0.094562 
608 0.033203 0.104164 
609 0.044118 0.120708 
610 0.027256 0.082844 
611 0.094614 0.167480 
612 0.185241 0.067031 
613 0.155240 0.036194 
614 0.202018 0.041562 
615 0.216203 0.129782 
616 0.210527 0.158911 
617 0.138476 0.047862 
618 0.165978 0.146614 
619 0.169046 0.118595 
620 0.138805 0.088061 
621 0.285713 0.067631 
622 0.256680 0.038618 
623 0.302217 0.041598 
624 0.315543 0.130396 
625 0.308875 0.159184 
626 0.219149 0.049100 
627 0.298182 0.113306 
628 0.265045 0.149742 
629 0.268240 0.117481 
630 0.243549 0.083159 
631 0.383314 0.066963 
632 0.356963 0.039018 
633 0.399404 0.042439 
634 0.415740 0.130111 
635 0.408885 0.159134 
636 0.319174 0.049173 
637 0.398272 0.112131 
638 0.365033 0.149741 
639 0.368407 0.117281 
640 0.343400 0.082759 
641 0.516108 0.130657 
642 0.508816 0.159174 
643 0.500013 0.109704 
644 0.464956 0.149628 
645 0.467288 0.120468 
646 0.477336 0.041174 
647 0.462920 0.040250 
648 0.485852 0.062832 
649 0.449296 0.058488 
650 0.585927 0.067571 
651 0.557936 0.038566 
652 0.602240 0.041594 
653 0.615561 0.130396 
654 0.608896 0.159180 
655 0.527769 0.052952 
656 0.598190 0.113282 
657 0.565051 0.149748 
658 0.568450 0.117549 
659 0.541981 0.082515 
660 0.685725 0.067632 
661 0.656696 0.038623 
662 0.702231 0.041599 
663 0.715556 0.130395 
664 0.708890 0.159184 
665 0.619268 0.049185 
666 0.698194 0.113304 
667 0.665055 0.149742 
668 0.668265 0.117437 
669 0.643792 0.083123 
670 0.849263 0.055543 
671 0.783623 0.067509 
672 0.757266 0.039054 
673 0.801216 0.042396 
674 0.815414 0.126918 
675 0.816158 0.159212 
676 0.719222 0.049175 
677 0.764790 0.149342 
678 0.768794 0.118710 
679 0.743413 0.082841 
680 0.844631 0.073780 
681 0.845278 0.144083 
682 0.970132 0.140707 
683 0.947725 0.071122 
684 0.860499 0.159123 
685 0.878373 0.175648 
686 0.905598 0.116252 
687 0.860078 0.114092 
688 0.856928 0.129602 
689 0.881775 0.137539 
690 0.877214 0.106426 
691 0.897466 0.172617 
692 0.888972 0.162581 
693 0.913112 0.164554 
694 0.868973 0.023705 
695 0.947820 0.100400 
696 0.942705 0.082963 
697 0.957700 0.081096 
698 0.969803 0.093063 
699 0.069259 0.075460 
700 0.067023 0.114605 
701 0.055726 0.135826 
702 0.041373 0.067021 
703 0.169928 0.078890 
704 0.143776 0.063154 
705 0.163321 0.056128 
706 0.214229 0.144618 
707 0.194327 0.158184 
708 0.202661 0.119194 
709 0.270128 0.078950 
710 0.241566 0.056432 
711 0.264902 0.060060 
712 0.313377 0.145037 
713 0.291254 0.161376 
714 0.301793 0.125716 
715 0.369317 0.078389 
716 0.341315 0.056481 
717 0.363866 0.060035 
718 0.413452 0.144902 
719 0.391247 0.161346 
720 0.401769 0.124523 
721 0.513417 0.145071 
722 0.491177 0.161317 
723 0.501718 0.124930 
724 0.497657 0.043998 
725 0.443036 0.041847 
726 0.570319 0.078829 
727 0.546033 0.055483 
728 0.565833 0.060103 
729 0.613396 0.145034 
730 0.591274 0.161362 
731 0.601800 0.125705 
732 0.670324 0.078947 
733 0.641602 0.056459 
734 0.664950 0.060065 
735 0.713391 0.145037 
736 0.691267 0.161375 
737 0.701805 0.125714 
738 0.833118 0.045401 
739 0.769863 0.078884 
740 0.741465 0.056501 
741 0.764297 0.060271 
742 0.815431 0.143464 
743 0.787393 0.158349 
744 0.801114 0.118276 
745 0.965307 0.117992 
746 0.865335 0.141729 
747 0.899358 0.133809 
748 0.893473 0.106032 
749 0.867441 0.096149 
750 0.942871 0.121444 
751 0.972966 0.070405 
752 0.054998 0.071217 
753 0.057017 0.086233 
754 0.134039 0.074898 
755 0.202148 0.147963 
756 0.178892 0.151499 
757 0.188088 0.124022 
758 0.237624 0.071441 
759 0.298851 0.148522 
760 0.282370 0.149035 
761 0.286568 0.122344 
762 0.337601 0.071443 
763 0.398863 0.148456 
764 0.382403 0.148916 
765 0.386402 0.122212 
766 0.498675 0.148402 
767 0.482183 0.148857 
768 0.485555 0.121170 
769 0.534790 0.070000 
770 0.598870 0.148511 
771 0.582409 0.148952 
772 0.586634 0.122268 
773 0.637632 0.071441 
774 0.698863 0.148522 
775 0.682381 0.149034 
776 0.686580 0.122335 
777 0.737637 0.071443 
778 0.801697 0.151694 
779 0.777504 0.149781 
780 0.786902 0.126663 
781 0.888063 0.120833 
782 0.042902 0.085082 
783 0.152561 0.074621 
784 0.202663 0.135773 
785 0.175791 0.133967 
786 0.253203 0.072816 
787 0.304291 0.137355 
788 0.275285 0.134984 
789 0.352997 0.072711 
790 0.404361 0.137232 
791 0.375272 0.135071 
792 0.504146 0.137074 
793 0.474748 0.135206 
794 0.552410 0.072684 
795 0.604307 0.137357 
796 0.575325 0.135065 
797 0.653209 0.072812 
798 0.704304 0.137355 
799 0.675299 0.134975 
800 0.753157 0.072710 
801 0.801516 0.134960 
802 0.774120 0.137099 
803 0.188995 0.142330 
804 0.291526 0.136326 
805 0.391512 0.136068 
806 0.491171 0.135940 
807 0.591558 0.136310 
808 0.691539 0.136323 
809 0.788189 0.143091 
BC_Tag
1 5
2 2
3 16
4 18
5 23
6 23
7 23
8 23
9 23
10 23
11 23
12 23
13 23
14 6
15 6
16 6
17 6
18 6
19 6
20 6
21 6
22 6
23 6
24 6
25 6
26 6
27 6
28 6
29 6
30 6
31 6
32 6
33 6
34 6
35 6
36 6
37 6
38 6
39 6
40 6
41 6
42 6
43 6
44 6
45 6
46 6
47 6
48 6
49 6
50 6
51 6
52 6
53 6
54 6
55 6
56 6
57 6
58 6
59 6
60 6
61 6
62 6
63 24
64 24
65 24
66 24
67 24
68 24
69 24
70 24
71 24
72 14
73 14
74 14
75 14
76 14
77 14
78 14
79 14
80 14
81 14
82 14
83 14
84 14
85 14
86 14
87 14
88 14
89 14
90 14
91 14
92 14
93 14
94 14
95 14
96 14
97 14
98 14
99 14
100 14
101 14
102 14
103 14
104 14
105 14
106 14
107 14
108 14
109 14
110 14
111 14
112 14
113 14
114 14
115 14
116 14
117 14
118 14
119 14
120 14
121 26
122 26
123 26
124 26
125 26
126 26
127 26
128 26
129 26
130 26
131 26
132 26
133 26
134 26
135 26
136 26
137 26
138 26
139 26
140 26
141 26
142 26
143 26
144 26
145 26
146 26
147 26
148 26
149 26
150 26
151 26
152 26
153 26
154 26
155 26
156 26
157 26
158 26
159 26
160 26
161 26
162 26
163 26
164 26
165 26
166 26
167 26
168 26
169 26
170 26
171 26
172 26
173 26
174 26
175 26
176 26
177 26
178 26
179 26
180 26
181 26
182 26
183 26
184 26
185 26
186 26
187 26
188 26
189 26
190 26
191 26
192 26
193 26
194 26
195 26
196 26
197 26
198 26
199 26
200 26
201 26
202 26
203 26
204 26
205 26
206 26
207 26
208 26
209 26
210 26
211 26
212 26
213 26
214 26
215 26
216 26
217 26
218 26
219 26
220 26
221 26
222 26
223 26
224 26
225 26
226 26
227 26
228 26
229 26
230 26
231 26
232 26
233 26
234 26
235 26
236 26
237 26
238 26
239 26
240 26
241 26
242 26
243 26
244 26
245 26
246 26
247 26
248 26
249 26
250 26
251 26
252 26
253 26
254 26
255 26
256 26
257 26
258 26
259 26
260 26
261 26
262 26
263 26
264 26
265 26
266 26
267 26
268 26
269 26
270 26
271 26
272 26
273 26
274 26
275 26
276 26
277 26
278 26
279 26
280 26
281 26
282 26
283 26
284 26
285 26
286 26
287 26
288 26
289 26
290 26
291 26
292 26
293 26
294 26
295 26
296 26
297 26
298 26
299 26
300 26
301 26
302 26
303 26
304 26
305 26
306 26
307 26
308 26
309 26
310 26
311 26
312 26
313 26
314 26
315 26
316 26
317 26
318 26
319 26
320 26
321 26
322 26
323 26
324 26
325 26
326 26
327 26
328 26
329 26
330 26
331 26
332 26
333 26
334 26
335 26
336 26
337 26
338 26
339 26
340 26
341 26
342 26
343 26
344 26
345 26
346 26
347 26
348 26
349 26
350 26
351 26
352 26
353 26
354 26
355 26
356 26
357 26
358 26
359 26
360 26
361 26
362 26
363 26
364 26
365 26
366 26
367 26
368 26
369 26
370 26
371 26
372 26
373 26
374 26
375 26
376 26
377 26
378 26
379 26
380 26
381 26
382 26
383 26
384 26
385 26
386 26
387 26
388 26
389 26
390 26
391 26
392 26
393 26
394 26
395 26
396 26
397 26
398 26
399 26
400 26
401 26
402 26
403 26
404 26
405 26
406 26
407 26
408 26
409 26
410 26
411 26
412 26
413 26
414 26
415 26
416 26
417 26
418 26
419 26
420 26
421 26
422 26
423 26
424 26
425 26
426 26
427 26
428 26
429 26
430 26
431 26
432 26
433 26
434 26
435 26
436 26
437 26
438 26
439 26
440 26
441 26
442 26
443 26
444 26
445 26
446 26
447 26
448 26
449 26
450 26
451 26
452 26
453 26
454 26
455 26
456 26
457 26
458 26
459 26
460 26
461 26
462 26
463 26
464 26
465 26
466 26
467 26
468 26
469 26
470 26
471 26
472 26
473 26
474 26
475 26
476 26
477 26
478 26
479 26
480 26
481 26
482 26
483 26
484 26
485 26
486 26
487 26
488 26
489 26
490 26
491 26
492 26
493 26
494 26
495 26
496 26
497 26
498 26
499 26
500 26
501 26
502 26
503 26
504 26
505 26
506 26
507 26
508 26
509 26
510 26
511 26
512 26
513 26
514 26
515 26
516 26
517 26
518 26
519 26
520 26
521 26
522 26
523 26
524 26
525 26
526 26
527 26
528 26
529 26
530 26
531 26
532 26
533 26
534 26
535 26
536 26
537 26
538 26
539 26
540 26
541 26
542 26
543 26
544 26
545 26
546 26
547 26
548 26
549 26
550 26
551 26
552 26
553 26
554 26
555 26
556 26
557 26
558 26
559 26
560 26
561 26
562 26
563 26
564 26
565 26
566 26
567 26
568 26
569 26
570 26
571 26
572 26
573 26
574 26
575 26
576 26
577 26
578 26
579 26
580 26
581 26
582 26
583 26
584 26
585 26
586 26
587 26
588 26
589 26
590 26
591 26
592 26
593 26
594 26
595 26
596 26
597 26
598 26
599 26
600 26
601 26
602 26
603 26
604 26
605 26
606 26
607 26
608 26
609 26
610 26
611 26
612 26
613 26
614 26
615 26
616 26
617 26
618 26
619 26
620 26
621 26
622 26
623 26
624 26
625 26
626 26
627 26
628 26
629 26
630 26
631 26
632 26
633 26
634 26
635 26
636 26
637 26
638 26
639 26
640 26
641 26
642 26
643 26
644 26
645 26
646 26
647 26
648 26
649 26
650 26
651 26
652 26
653 26
654 26
655 26
656 26
657 26
658 26
659 26
660 26
661 26
662 26
663 26
664 26
665 26
666 26
667 26
668 26
669 26
670 26
671 26
672 26
673 26
674 26
675 26
676 26
677 26
678 26
679 26
680 26
681 26
682 26
683 26
684 26
685 26
686 26
687 26
688 26
689 26
690 26
691 26
692 26
693 26
694 26
695 26
696 26
697 26
698 26
699 26
700 26
701 26
702 26
703 26
704 26
705 26
706 26
707 26
708 26
709 26
710 26
711 26
712 26
713 26
714 26
715 26
716 26
717 26
718 26
719 26
720 26
721 26
722 26
723 26
724 26
725 26
726 26
727 26
728 26
729 26
730 26
731 26
732 26
733 26
734 26
735 26
736 26
737 26
738 26
739 26
740 26
741 26
742 26
743 26
744 26
745 26
746 26
747 26
748 26
749 26
750 26
751 26
752 26
753 26
754 26
755 26
756 26
757 26
758 26
759 26
760 26
761 26
762 26
763 26
764 26
765 26
766 26
767 26
768 26
769 26
770 26
771 26
772 26
773 26
774 26
775 26
776 26
777 26
778 26
779 26
780 26
781 26
782 26
783 26
784 26
785 26
786 26
787 26
788 26
789 26
790 26
791 26
792 26
793 26
794 26
795 26
796 26
797 26
798 26
799 26
800 26
801 26
802 26
803 26
804 26
805 26
806 26
807 26
808 26
809 26
BCelement14 50 
1 
4 
21 
20 
479 
74 
72 
77 
1440 
120 
124 
114 
116 
1442 
159 
163 
153 
155 
1444 
204 
209 
198 
200 
266 
264 
270 
261 
258 
1448 
303 
307 
297 
299 
1450 
346 
350 
340 
342 
1452 
391 
394 
385 
388 
669 
442 
435 
45 
51 
49 
7 
BCelement6 50 
9 
59 
17 
19 
65 
638 
408 
410 
399 
402 
631 
362 
363 
355 
357 
603 
319 
320 
312 
314 
579 
253 
254 
246 
248 
555 
221 
222 
214 
216 
536 
175 
176 
168 
170 
514 
136 
137 
129 
131 
490 
92 
94 
81 
83 
1247 
33 
1241 
36 
5 
BCelement24 10 
6 
1432 
15 
31 
71 
23 
12 
13 
29 
2 
BCelement11 10 
8 
56 
1242 
44 
42 
464 
62 
1245 
68 
10 
