Edge min = 0.199805, max=0.282912, average=0.225888;
Grid_size 200
Node_size 121
Total_DOF 441
maxDOF 6
Solution_Order 
2 2 2 
 meshIEN 
4 26 59 
 59 45 4 
 26 25 60 
 60 59 26 
 25 24 61 
 61 60 25 
 24 23 62 
 62 61 24 
 23 22 63 
 63 62 23 
 22 21 64 
 64 63 22 
 21 20 65 
 65 64 21 
 20 19 66 
 66 65 20 
 19 18 67 
 67 66 19 
 18 3 32 
 32 67 18 
 45 59 68 
 68 46 45 
 59 60 69 
 69 68 59 
 60 61 70 
 70 69 60 
 61 62 71 
 71 70 61 
 62 63 72 
 72 71 62 
 63 64 73 
 73 72 63 
 64 65 74 
 74 73 64 
 65 66 75 
 75 74 65 
 66 67 76 
 76 75 66 
 67 32 31 
 31 76 67 
 44 46 68 
 68 77 44 
 68 69 78 
 78 77 68 
 69 70 79 
 79 78 69 
 70 71 80 
 80 79 70 
 71 72 81 
 81 80 71 
 72 73 82 
 82 81 72 
 73 74 83 
 83 82 73 
 74 75 84 
 84 83 74 
 75 76 85 
 85 84 75 
 76 31 30 
 30 85 76 
 44 77 86 
 86 47 44 
 77 78 87 
 87 86 77 
 78 79 88 
 88 87 78 
 79 80 89 
 89 88 79 
 80 81 90 
 90 89 80 
 81 82 91 
 91 90 81 
 82 83 92 
 92 91 82 
 83 84 93 
 93 92 83 
 84 85 94 
 94 93 84 
 85 30 29 
 29 94 85 
 47 86 95 
 95 48 47 
 86 87 96 
 96 95 86 
 87 88 97 
 97 96 87 
 88 89 98 
 98 97 88 
 89 90 99 
 99 98 89 
 90 91 100 
 100 99 90 
 91 92 101 
 101 100 91 
 92 93 102 
 102 101 92 
 93 94 103 
 103 102 93 
 94 29 28 
 28 103 94 
 1 48 95 
 95 9 1 
 9 95 96 
 96 10 9 
 10 96 97 
 97 11 10 
 11 97 98 
 98 12 11 
 12 98 99 
 99 13 12 
 13 99 100 
 100 14 13 
 14 100 101 
 101 15 14 
 15 101 102 
 102 16 15 
 16 102 103 
 103 17 16 
 17 103 28 
 28 2 17 
 1 9 112 
 112 49 1 
 9 10 111 
 111 112 9 
 10 11 110 
 110 111 10 
 11 12 109 
 109 110 11 
 12 13 108 
 108 109 12 
 13 14 107 
 107 108 13 
 14 15 106 
 106 107 14 
 15 16 105 
 105 106 15 
 16 17 104 
 104 105 16 
 17 2 27 
 27 104 17 
 112 34 6 
 6 49 112 
 111 35 34 
 34 112 111 
 110 36 35 
 35 111 110 
 109 37 36 
 36 110 109 
 108 38 37 
 37 109 108 
 107 39 38 
 38 108 107 
 106 40 39 
 39 107 106 
 105 41 40 
 40 106 105 
 104 42 41 
 41 105 104 
 27 5 42 
 42 104 27 
 113 43 8 
 8 58 113 
 114 113 58 
 58 57 114 
 115 114 57 
 57 56 115 
 116 115 56 
 56 55 116 
 117 116 55 
 55 54 117 
 118 117 54 
 54 53 118 
 119 118 53 
 53 52 119 
 120 119 52 
 52 51 120 
 121 120 51 
 51 50 121 
 33 121 50 
 50 7 33 
 4 43 113 
 113 26 4 
 26 113 114 
 114 25 26 
 25 114 115 
 115 24 25 
 24 115 116 
 116 23 24 
 23 116 117 
 117 22 23 
 22 117 118 
 118 21 22 
 21 118 119 
 119 20 21 
 20 119 120 
 120 19 20 
 19 120 121 
 121 18 19 
 18 121 33 
 33 3 18 
 solutionIEN 
4 26 59 141 182 286 
 59 45 4 236 164 286 
 26 25 60 140 183 287 
 60 59 26 237 182 287 
 25 24 61 139 184 288 
 61 60 25 238 183 288 
 24 23 62 138 185 289 
 62 61 24 239 184 289 
 23 22 63 137 186 290 
 63 62 23 240 185 290 
 22 21 64 136 187 291 
 64 63 22 241 186 291 
 21 20 65 135 188 292 
 65 64 21 242 187 292 
 20 19 66 134 189 293 
 66 65 20 243 188 293 
 19 18 67 133 190 294 
 67 66 19 244 189 294 
 18 3 32 132 149 295 
 32 67 18 245 190 295 
 45 59 68 236 191 296 
 68 46 45 246 165 296 
 59 60 69 237 192 297 
 69 68 59 247 191 297 
 60 61 70 238 193 298 
 70 69 60 248 192 298 
 61 62 71 239 194 299 
 71 70 61 249 193 299 
 62 63 72 240 195 300 
 72 71 62 250 194 300 
 63 64 73 241 196 301 
 73 72 63 251 195 301 
 64 65 74 242 197 302 
 74 73 64 252 196 302 
 65 66 75 243 198 303 
 75 74 65 253 197 303 
 66 67 76 244 199 304 
 76 75 66 254 198 304 
 67 32 31 245 148 305 
 31 76 67 255 199 305 
 44 46 68 166 246 306 
 68 77 44 200 256 306 
 68 69 78 247 201 307 
 78 77 68 257 200 307 
 69 70 79 248 202 308 
 79 78 69 258 201 308 
 70 71 80 249 203 309 
 80 79 70 259 202 309 
 71 72 81 250 204 310 
 81 80 71 260 203 310 
 72 73 82 251 205 311 
 82 81 72 261 204 311 
 73 74 83 252 206 312 
 83 82 73 262 205 312 
 74 75 84 253 207 313 
 84 83 74 263 206 313 
 75 76 85 254 208 314 
 85 84 75 264 207 314 
 76 31 30 255 147 315 
 30 85 76 265 208 315 
 44 77 86 256 209 316 
 86 47 44 266 167 316 
 77 78 87 257 210 317 
 87 86 77 267 209 317 
 78 79 88 258 211 318 
 88 87 78 268 210 318 
 79 80 89 259 212 319 
 89 88 79 269 211 319 
 80 81 90 260 213 320 
 90 89 80 270 212 320 
 81 82 91 261 214 321 
 91 90 81 271 213 321 
 82 83 92 262 215 322 
 92 91 82 272 214 322 
 83 84 93 263 216 323 
 93 92 83 273 215 323 
 84 85 94 264 217 324 
 94 93 84 274 216 324 
 85 30 29 265 146 325 
 29 94 85 275 217 325 
 47 86 95 266 218 326 
 95 48 47 276 168 326 
 86 87 96 267 219 327 
 96 95 86 277 218 327 
 87 88 97 268 220 328 
 97 96 87 278 219 328 
 88 89 98 269 221 329 
 98 97 88 279 220 329 
 89 90 99 270 222 330 
 99 98 89 280 221 330 
 90 91 100 271 223 331 
 100 99 90 281 222 331 
 91 92 101 272 224 332 
 101 100 91 282 223 332 
 92 93 102 273 225 333 
 102 101 92 283 224 333 
 93 94 103 274 226 334 
 103 102 93 284 225 334 
 94 29 28 275 145 335 
 28 103 94 285 226 335 
 1 48 95 169 276 336 
 95 9 1 227 122 336 
 9 95 96 227 277 337 
 96 10 9 228 123 337 
 10 96 97 228 278 338 
 97 11 10 229 124 338 
 11 97 98 229 279 339 
 98 12 11 230 125 339 
 12 98 99 230 280 340 
 99 13 12 231 126 340 
 13 99 100 231 281 341 
 100 14 13 232 127 341 
 14 100 101 232 282 342 
 101 15 14 233 128 342 
 15 101 102 233 283 343 
 102 16 15 234 129 343 
 16 102 103 234 284 344 
 103 17 16 235 130 344 
 17 103 28 235 285 345 
 28 2 17 144 131 345 
 1 9 112 122 372 374 
 112 49 1 355 170 374 
 9 10 111 123 370 375 
 111 112 9 354 372 375 
 10 11 110 124 368 376 
 110 111 10 353 370 376 
 11 12 109 125 366 377 
 109 110 11 352 368 377 
 12 13 108 126 364 378 
 108 109 12 351 366 378 
 13 14 107 127 362 379 
 107 108 13 350 364 379 
 14 15 106 128 360 380 
 106 107 14 349 362 380 
 15 16 105 129 358 381 
 105 106 15 348 360 381 
 16 17 104 130 356 382 
 104 105 16 347 358 382 
 17 2 27 131 143 383 
 27 104 17 346 356 383 
 112 34 6 373 152 384 
 6 49 112 171 355 384 
 111 35 34 371 153 385 
 34 112 111 373 354 385 
 110 36 35 369 154 386 
 35 111 110 371 353 386 
 109 37 36 367 155 387 
 36 110 109 369 352 387 
 108 38 37 365 156 388 
 37 109 108 367 351 388 
 107 39 38 363 157 389 
 38 108 107 365 350 389 
 106 40 39 361 158 390 
 39 107 106 363 349 390 
 105 41 40 359 159 391 
 40 106 105 361 348 391 
 104 42 41 357 160 392 
 41 105 104 359 347 392 
 27 5 42 142 161 393 
 42 104 27 357 346 393 
 113 43 8 394 162 422 
 8 58 113 181 405 422 
 114 113 58 395 405 423 
 58 57 114 180 407 423 
 115 114 57 396 407 424 
 57 56 115 179 409 424 
 116 115 56 397 409 425 
 56 55 116 178 411 425 
 117 116 55 398 411 426 
 55 54 117 177 413 426 
 118 117 54 399 413 427 
 54 53 118 176 415 427 
 119 118 53 400 415 428 
 53 52 119 175 417 428 
 120 119 52 401 417 429 
 52 51 120 174 419 429 
 121 120 51 402 419 430 
 51 50 121 173 421 430 
 33 121 50 403 421 431 
 50 7 33 172 151 431 
 4 43 113 163 394 432 
 113 26 4 404 141 432 
 26 113 114 404 395 433 
 114 25 26 406 140 433 
 25 114 115 406 396 434 
 115 24 25 408 139 434 
 24 115 116 408 397 435 
 116 23 24 410 138 435 
 23 116 117 410 398 436 
 117 22 23 412 137 436 
 22 117 118 412 399 437 
 118 21 22 414 136 437 
 21 118 119 414 400 438 
 119 20 21 416 135 438 
 20 119 120 416 401 439 
 120 19 20 418 134 439 
 19 120 121 418 402 440 
 121 18 19 420 133 440 
 18 121 33 420 403 441 
 33 3 18 150 132 441 
 solutionOrder 
2 2 2 2 
 2 2 2 2 
 2 2 2 2 
 2 2 2 2 
 2 2 2 2 
 2 2 2 2 
 2 2 2 2 
 2 2 2 2 
 2 2 2 2 
 2 2 2 2 
 2 2 2 2 
 2 2 2 2 
 2 2 2 2 
 2 2 2 2 
 2 2 2 2 
 2 2 2 2 
 2 2 2 2 
 2 2 2 2 
 2 2 2 2 
 2 2 2 2 
 2 2 2 2 
 2 2 2 2 
 2 2 2 2 
 2 2 2 2 
 2 2 2 2 
 2 2 2 2 
 2 2 2 2 
 2 2 2 2 
 2 2 2 2 
 2 2 2 2 
 2 2 2 2 
 2 2 2 2 
 2 2 2 2 
 2 2 2 2 
 2 2 2 2 
 2 2 2 2 
 2 2 2 2 
 2 2 2 2 
 2 2 2 2 
 2 2 2 2 
 2 2 2 2 
 2 2 2 2 
 2 2 2 2 
 2 2 2 2 
 2 2 2 2 
 2 2 2 2 
 2 2 2 2 
 2 2 2 2 
 2 2 2 2 
 2 2 2 2 
 2 2 2 2 
 2 2 2 2 
 2 2 2 2 
 2 2 2 2 
 2 2 2 2 
 2 2 2 2 
 2 2 2 2 
 2 2 2 2 
 2 2 2 2 
 2 2 2 2 
 2 2 2 2 
 2 2 2 2 
 2 2 2 2 
 2 2 2 2 
 2 2 2 2 
 2 2 2 2 
 2 2 2 2 
 2 2 2 2 
 2 2 2 2 
 2 2 2 2 
 2 2 2 2 
 2 2 2 2 
 2 2 2 2 
 2 2 2 2 
 2 2 2 2 
 2 2 2 2 
 2 2 2 2 
 2 2 2 2 
 2 2 2 2 
 2 2 2 2 
 2 2 2 2 
 2 2 2 2 
 2 2 2 2 
 2 2 2 2 
 2 2 2 2 
 2 2 2 2 
 2 2 2 2 
 2 2 2 2 
 2 2 2 2 
 2 2 2 2 
 2 2 2 2 
 2 2 2 2 
 2 2 2 2 
 2 2 2 2 
 2 2 2 2 
 2 2 2 2 
 2 2 2 2 
 2 2 2 2 
 2 2 2 2 
 2 2 2 2 
 2 2 2 2 
 2 2 2 2 
 2 2 2 2 
 2 2 2 2 
 2 2 2 2 
 2 2 2 2 
 2 2 2 2 
 2 2 2 2 
 2 2 2 2 
 2 2 2 2 
 2 2 2 2 
 2 2 2 2 
 2 2 2 2 
 2 2 2 2 
 2 2 2 2 
 2 2 2 2 
 2 2 2 2 
 2 2 2 2 
 2 2 2 2 
 2 2 2 2 
 2 2 2 2 
 2 2 2 2 
 2 2 2 2 
 2 2 2 2 
 2 2 2 2 
 2 2 2 2 
 2 2 2 2 
 2 2 2 2 
 2 2 2 2 
 2 2 2 2 
 2 2 2 2 
 2 2 2 2 
 2 2 2 2 
 2 2 2 2 
 2 2 2 2 
 2 2 2 2 
 2 2 2 2 
 2 2 2 2 
 2 2 2 2 
 2 2 2 2 
 2 2 2 2 
 2 2 2 2 
 2 2 2 2 
 2 2 2 2 
 2 2 2 2 
 2 2 2 2 
 2 2 2 2 
 2 2 2 2 
 2 2 2 2 
 2 2 2 2 
 2 2 2 2 
 2 2 2 2 
 2 2 2 2 
 2 2 2 2 
 2 2 2 2 
 2 2 2 2 
 2 2 2 2 
 2 2 2 2 
 2 2 2 2 
 2 2 2 2 
 2 2 2 2 
 2 2 2 2 
 2 2 2 2 
 2 2 2 2 
 2 2 2 2 
 2 2 2 2 
 2 2 2 2 
 2 2 2 2 
 2 2 2 2 
 2 2 2 2 
 2 2 2 2 
 2 2 2 2 
 2 2 2 2 
 2 2 2 2 
 2 2 2 2 
 2 2 2 2 
 2 2 2 2 
 2 2 2 2 
 2 2 2 2 
 2 2 2 2 
 2 2 2 2 
 2 2 2 2 
 2 2 2 2 
 2 2 2 2 
 2 2 2 2 
 2 2 2 2 
 2 2 2 2 
 2 2 2 2 
 2 2 2 2 
 2 2 2 2 
 2 2 2 2 
 2 2 2 2 
 2 2 2 2 
 2 2 2 2 
 2 2 2 2 
 2 2 2 2 
 2 2 2 2 
 2 2 2 2 
 2 2 2 2 
 2 2 2 2 
 vertexCoord 
-0.600000 -1.000000 
 -0.600000 1.000000 
 0.600000 1.000000 
 0.600000 -1.000000 
 -1.000000 1.000000 
 -1.000000 -1.000000 
 1.000000 1.000000 
 1.000000 -1.000000 
 -0.600000 -0.800000 
 -0.600000 -0.600000 
 -0.600000 -0.400000 
 -0.600000 -0.200000 
 -0.600000 0.000000 
 -0.600000 0.200000 
 -0.600000 0.400000 
 -0.600000 0.600000 
 -0.600000 0.800000 
 0.600000 0.800000 
 0.600000 0.600000 
 0.600000 0.400000 
 0.600000 0.200000 
 0.600000 0.000000 
 0.600000 -0.200000 
 0.600000 -0.400000 
 0.600000 -0.600000 
 0.600000 -0.800000 
 -0.800000 1.000000 
 -0.399902 1.000000 
 -0.199805 1.000000 
 -0.000000 1.000000 
 0.200098 1.000000 
 0.400195 1.000000 
 0.800000 1.000000 
 -1.000000 -0.800000 
 -1.000000 -0.600000 
 -1.000000 -0.400000 
 -1.000000 -0.200000 
 -1.000000 0.000000 
 -1.000000 0.200000 
 -1.000000 0.400000 
 -1.000000 0.600000 
 -1.000000 0.800000 
 0.800000 -1.000000 
 0.000000 -1.000000 
 0.400195 -1.000000 
 0.200098 -1.000000 
 -0.199805 -1.000000 
 -0.399902 -1.000000 
 -0.800000 -1.000000 
 1.000000 0.800000 
 1.000000 0.600000 
 1.000000 0.400000 
 1.000000 0.200000 
 1.000000 0.000000 
 1.000000 -0.200000 
 1.000000 -0.400000 
 1.000000 -0.600000 
 1.000000 -0.800000 
 0.400195 -0.800000 
 0.400195 -0.600000 
 0.400195 -0.400000 
 0.400195 -0.200000 
 0.400195 0.000000 
 0.400195 0.200000 
 0.400195 0.400000 
 0.400195 0.600000 
 0.400195 0.800000 
 0.200098 -0.800000 
 0.200098 -0.600000 
 0.200098 -0.400000 
 0.200098 -0.200000 
 0.200098 0.000000 
 0.200098 0.200000 
 0.200098 0.400000 
 0.200098 0.600000 
 0.200098 0.800000 
 -0.000000 -0.800000 
 0.000000 -0.600000 
 -0.000000 -0.400000 
 -0.000000 -0.200000 
 -0.000000 0.000000 
 0.000000 0.200000 
 0.000000 0.400000 
 -0.000000 0.600000 
 -0.000000 0.800000 
 -0.199805 -0.800000 
 -0.199805 -0.600000 
 -0.199805 -0.400000 
 -0.199805 -0.200000 
 -0.199805 0.000000 
 -0.199805 0.200000 
 -0.199805 0.400000 
 -0.199805 0.600000 
 -0.199805 0.800000 
 -0.399902 -0.800000 
 -0.399902 -0.600000 
 -0.399902 -0.400000 
 -0.399902 -0.200000 
 -0.399902 0.000000 
 -0.399902 0.200000 
 -0.399902 0.400000 
 -0.399902 0.600000 
 -0.399902 0.800000 
 -0.800000 0.800000 
 -0.800000 0.600000 
 -0.800000 0.400000 
 -0.800000 0.200000 
 -0.800000 0.000000 
 -0.800000 -0.200000 
 -0.800000 -0.400000 
 -0.800000 -0.600000 
 -0.800000 -0.800000 
 0.800000 -0.800000 
 0.800000 -0.600000 
 0.800000 -0.400000 
 0.800000 -0.200000 
 0.800000 0.000000 
 0.800000 0.200000 
 0.800000 0.400000 
 0.800000 0.600000 
 0.800000 0.800000 
 bc_tag 
147 
141 
78 
71 
5 
2 
16 
18 
153 
153 
153 
153 
153 
153 
153 
153 
153 
85 
85 
85 
85 
85 
85 
85 
85 
85 
23 
142 
142 
142 
142 
142 
79 
6 
6 
6 
6 
6 
6 
6 
6 
6 
24 
72 
72 
72 
72 
72 
148 
14 
14 
14 
14 
14 
14 
14 
14 
14 
156 
156 
156 
156 
156 
156 
156 
156 
156 
156 
156 
156 
156 
156 
156 
156 
156 
156 
156 
156 
156 
156 
156 
156 
156 
156 
156 
156 
156 
156 
156 
156 
156 
156 
156 
156 
156 
156 
156 
156 
156 
156 
156 
156 
156 
88 
88 
88 
88 
88 
88 
88 
88 
88 
26 
26 
26 
26 
26 
26 
26 
26 
26 
153 
153 
153 
153 
153 
153 
153 
153 
153 
153 
85 
85 
85 
85 
85 
85 
85 
85 
85 
85 
23 
23 
142 
142 
142 
142 
142 
142 
79 
79 
6 
6 
6 
6 
6 
6 
6 
6 
6 
6 
24 
24 
72 
72 
72 
72 
72 
72 
148 
148 
14 
14 
14 
14 
14 
14 
14 
14 
14 
14 
156 
156 
156 
156 
156 
156 
156 
156 
156 
156 
156 
156 
156 
156 
156 
156 
156 
156 
156 
156 
156 
156 
156 
156 
156 
156 
156 
156 
156 
156 
156 
156 
156 
156 
156 
156 
156 
156 
156 
156 
156 
156 
156 
156 
156 
156 
156 
156 
156 
156 
156 
156 
156 
156 
156 
156 
156 
156 
156 
156 
156 
156 
156 
156 
156 
156 
156 
156 
156 
156 
156 
156 
156 
156 
156 
156 
156 
156 
156 
156 
156 
156 
156 
156 
156 
156 
156 
156 
156 
156 
156 
156 
156 
156 
156 
156 
156 
156 
156 
156 
156 
156 
156 
156 
156 
156 
156 
156 
156 
156 
156 
156 
156 
156 
156 
156 
156 
156 
156 
156 
156 
156 
156 
156 
156 
156 
156 
156 
156 
156 
156 
156 
156 
156 
156 
156 
156 
156 
156 
156 
156 
156 
156 
156 
156 
156 
156 
156 
156 
156 
156 
156 
156 
156 
156 
156 
156 
156 
156 
156 
156 
156 
156 
156 
88 
88 
88 
88 
88 
88 
88 
88 
88 
88 
88 
88 
88 
88 
88 
88 
88 
88 
88 
88 
88 
88 
88 
88 
88 
88 
88 
88 
88 
88 
88 
88 
88 
88 
88 
88 
88 
88 
88 
88 
88 
88 
88 
88 
88 
88 
88 
88 
26 
26 
26 
26 
26 
26 
26 
26 
26 
26 
26 
26 
26 
26 
26 
26 
26 
26 
26 
26 
26 
26 
26 
26 
26 
26 
26 
26 
26 
26 
26 
26 
26 
26 
26 
26 
26 
26 
26 
26 
26 
26 
26 
26 
26 
26 
26 
26 
