Edge min = 0.006212, max=0.139196, average=0.024231;
Grid_size 2371
Node_size 1221
Solution_Order 1
meshIEN 
1 77 7 1 
2 77 1 22 
3 82 20 14 
4 70 82 86 
5 86 14 18 
6 86 82 14 
7 91 29 23 
8 98 23 27 
9 72 91 98 
10 98 91 23 
11 99 31 30 
12 99 2 31 
13 99 16 2 
14 100 4 68 
15 100 34 4 
16 241 3 54 
17 241 25 3 
18 103 9 6 
19 9 103 104 
20 78 103 105 
21 106 19 20 
22 20 82 106 
23 108 82 70 
24 110 109 73 
25 73 107 110 
26 118 18 17 
27 118 86 18 
28 202 116 70 
29 72 128 129 
30 90 129 130 
31 130 128 89 
32 130 129 128 
33 131 202 90 
34 116 202 131 
35 85 116 131 
36 72 129 132 
37 132 91 72 
38 139 97 75 
39 94 97 139 
40 141 97 94 
41 141 98 27 
42 141 27 26 
43 142 141 94 
44 98 141 142 
45 72 98 142 
46 143 55 65 
47 145 36 35 
48 9 104 156 
49 156 8 9 
50 8 156 157 
51 78 105 158 
52 158 79 73 
53 21 79 158 
54 158 22 21 
55 77 105 159 
56 7 77 159 
57 159 6 7 
58 159 103 6 
59 159 105 103 
60 80 106 160 
61 160 106 82 
62 160 108 81 
63 82 108 160 
64 73 109 161 
65 163 162 109 
66 109 110 163 
67 175 116 85 
68 115 117 175 
69 85 115 175 
70 170 174 176 
71 113 170 176 
72 179 169 71 
73 194 67 66 
74 201 178 119 
75 119 127 201 
76 85 131 203 
77 203 115 85 
78 203 126 71 
79 71 115 203 
80 347 204 133 
81 209 205 92 
82 210 347 133 
83 210 209 135 
84 205 209 210 
85 133 205 210 
86 211 64 56 
87 220 140 138 
88 222 65 64 
89 222 143 65 
90 226 209 92 
91 135 209 227 
92 227 226 392 
93 209 226 227 
94 228 225 95 
95 144 225 229 
96 229 228 392 
97 225 228 229 
98 230 35 33 
99 230 145 35 
100 231 37 36 
101 132 234 235 
102 235 234 148 
103 237 99 30 
104 237 30 28 
105 148 236 238 
106 99 237 238 
107 238 237 148 
108 241 239 25 
109 149 241 242 
110 242 54 50 
111 152 233 246 
112 102 243 247 
113 152 246 247 
114 247 246 245 
115 248 146 96 
116 248 231 146 
117 252 41 40 
118 253 251 153 
119 253 252 40 
120 256 155 75 
121 97 101 256 
122 75 97 256 
123 75 155 257 
124 257 138 75 
125 258 156 104 
126 258 157 156 
127 78 161 261 
128 83 265 266 
129 266 162 83 
130 162 163 274 
131 83 162 274 
132 71 169 276 
133 276 115 71 
134 276 117 115 
135 276 176 117 
136 173 280 281 
137 173 281 283 
138 283 282 173 
139 273 282 283 
140 167 273 283 
141 116 175 285 
142 70 116 285 
143 285 108 70 
144 286 163 110 
145 287 285 177 
146 287 107 81 
147 108 285 287 
148 81 108 287 
149 303 186 87 
150 87 181 303 
151 122 304 309 
152 315 314 114 
153 114 279 315 
154 194 327 328 
155 329 325 124 
156 124 196 329 
157 330 327 194 
158 124 327 330 
159 330 196 124 
160 331 143 95 
161 196 330 331 
162 335 334 125 
163 334 335 336 
164 197 334 336 
165 338 306 187 
166 338 337 306 
167 344 343 125 
168 125 342 344 
169 345 181 87 
170 87 178 345 
171 346 63 62 
172 347 210 135 
173 204 347 348 
174 63 346 348 
175 348 346 204 
176 102 245 359 
177 364 357 212 
178 364 363 357 
179 289 362 365 
180 180 289 365 
181 93 369 371 
182 371 215 93 
183 376 370 216 
184 216 369 377 
185 377 376 216 
186 219 376 377 
187 93 215 378 
188 378 218 93 
189 140 220 379 
190 380 126 89 
191 380 127 126 
192 139 140 381 
193 94 139 381 
194 135 227 383 
195 384 349 74 
196 144 224 385 
197 349 384 386 
198 95 225 389 
199 389 331 95 
200 196 331 389 
201 143 222 390 
202 390 228 95 
203 95 143 390 
204 392 228 391 
205 391 227 392 
206 228 390 391 
207 391 390 222 
208 37 231 394 
209 231 248 394 
210 394 32 37 
211 398 234 90 
212 90 202 398 
213 398 236 148 
214 148 234 398 
215 132 235 639 
216 91 132 639 
217 399 17 15 
218 399 238 236 
219 399 118 17 
220 399 236 118 
221 118 236 400 
222 86 118 400 
223 400 398 202 
224 236 398 400 
225 149 242 401 
226 401 50 53 
227 401 242 50 
228 232 395 404 
229 244 402 404 
230 150 251 409 
231 251 253 409 
232 32 394 409 
233 409 394 150 
234 409 40 32 
235 409 253 40 
236 655 401 53 
237 138 257 411 
238 416 11 10 
239 417 267 111 
240 111 412 417 
241 418 412 259 
242 418 417 412 
243 419 161 109 
244 162 266 419 
245 109 162 419 
246 420 261 161 
247 161 419 420 
248 420 419 1018 
249 78 261 421 
250 423 58 60 
251 426 425 263 
252 424 425 426 
253 262 424 426 
254 427 57 61 
255 428 426 263 
256 430 265 83 
257 83 168 430 
258 205 269 432 
259 268 431 432 
260 432 431 92 
261 92 205 432 
262 133 204 669 
263 268 432 435 
264 435 432 269 
265 269 434 435 
266 435 434 433 
267 111 267 675 
268 439 271 267 
269 74 349 441 
270 442 349 206 
271 442 441 349 
272 277 443 445 
273 445 443 74 
274 74 441 445 
275 447 278 84 
276 448 279 114 
277 171 444 449 
278 449 446 171 
279 450 282 273 
280 451 278 172 
281 84 278 451 
282 174 284 452 
283 453 175 117 
284 453 285 175 
285 177 285 453 
286 163 286 454 
287 454 274 163 
288 455 286 110 
289 455 287 177 
290 458 456 76 
291 460 458 291 
292 456 458 460 
293 288 456 460 
294 464 463 293 
295 180 463 464 
296 464 289 180 
297 465 459 182 
298 291 459 466 
299 466 465 293 
300 459 465 466 
301 467 233 96 
302 467 294 233 
303 469 397 147 
304 233 294 470 
305 470 295 147 
306 294 468 470 
307 147 246 470 
308 470 246 233 
309 299 478 479 
310 479 300 299 
311 481 461 121 
312 292 461 482 
313 482 481 301 
314 461 481 482 
315 484 465 182 
316 485 462 292 
317 302 484 485 
318 485 484 462 
319 302 486 487 
320 488 303 181 
321 181 290 488 
322 490 474 88 
323 297 474 491 
324 491 490 305 
325 474 490 491 
326 184 475 492 
327 493 475 297 
328 307 492 493 
329 493 492 475 
330 495 494 187 
331 187 306 495 
332 121 476 496 
333 497 476 298 
334 308 496 497 
335 497 496 476 
336 121 496 499 
337 499 481 121 
338 500 477 184 
339 298 477 501 
340 501 500 502 
341 477 500 501 
342 309 503 504 
343 504 503 188 
344 188 502 504 
345 310 505 507 
346 507 443 277 
347 507 505 443 
348 312 512 513 
349 513 446 448 
350 513 512 171 
351 171 446 513 
352 189 506 514 
353 515 506 310 
354 312 514 515 
355 515 514 506 
356 519 516 313 
357 316 518 519 
358 519 518 516 
359 189 514 521 
360 521 517 189 
361 313 517 522 
362 522 521 317 
363 517 521 522 
364 524 523 317 
365 192 326 533 
366 533 531 192 
367 538 326 192 
368 545 327 124 
369 545 328 327 
370 546 544 325 
371 325 329 546 
372 548 331 330 
373 143 331 548 
374 548 330 194 
375 55 143 548 
376 550 549 332 
377 88 549 550 
378 550 490 88 
379 332 549 551 
380 551 549 525 
381 318 526 554 
382 554 553 333 
383 526 553 554 
384 197 555 556 
385 556 334 197 
386 306 337 557 
387 122 306 557 
388 169 179 559 
389 113 169 559 
390 560 179 119 
391 560 559 179 
392 561 527 123 
393 562 561 123 
394 123 518 562 
395 191 528 565 
396 341 565 566 
397 566 565 528 
398 568 567 199 
399 199 342 568 
400 572 353 208 
401 573 572 352 
402 353 572 573 
403 167 353 573 
404 573 273 167 
405 574 350 134 
406 350 574 575 
407 575 574 354 
408 576 574 134 
409 208 353 577 
410 208 577 578 
411 244 403 585 
412 356 584 586 
413 586 584 76 
414 76 456 586 
415 212 357 589 
416 590 243 102 
417 590 249 243 
418 593 402 244 
419 360 591 594 
420 594 592 360 
421 213 591 595 
422 595 591 360 
423 596 587 212 
424 597 588 361 
425 597 589 358 
426 361 596 597 
427 361 588 598 
428 599 289 120 
429 599 362 289 
430 136 366 600 
431 357 363 601 
432 136 357 601 
433 603 602 367 
434 604 43 39 
435 604 602 43 
436 608 369 93 
437 93 218 608 
438 608 377 369 
439 219 377 608 
440 215 371 609 
441 609 366 215 
442 610 369 216 
443 610 371 369 
444 611 45 47 
445 372 611 612 
446 612 47 46 
447 612 611 47 
448 614 606 137 
449 368 606 614 
450 614 373 368 
451 217 374 615 
452 616 605 837 
453 621 614 137 
454 137 370 621 
455 622 379 220 
456 623 381 140 
457 140 379 623 
458 221 381 623 
459 624 380 89 
460 89 128 624 
461 94 381 624 
462 624 142 94 
463 201 382 625 
464 127 380 626 
465 221 382 626 
466 626 380 221 
467 134 388 628 
468 630 225 144 
469 630 389 225 
470 631 392 226 
471 229 392 632 
472 392 631 632 
473 633 393 100 
474 100 195 633 
475 393 633 634 
476 152 247 636 
477 636 247 243 
478 636 248 152 
479 636 394 248 
480 150 394 636 
481 636 243 150 
482 637 459 291 
483 638 395 232 
484 639 237 28 
485 238 399 640 
486 99 238 640 
487 640 399 15 
488 16 99 640 
489 640 15 16 
490 232 404 641 
491 641 404 402 
492 641 402 151 
493 151 397 641 
494 137 606 642 
495 405 642 643 
496 643 642 606 
497 137 642 644 
498 644 370 137 
499 646 607 837 
500 250 645 647 
501 405 643 648 
502 648 645 405 
503 406 647 648 
504 648 647 645 
505 249 590 652 
506 653 253 153 
507 252 253 653 
508 154 401 655 
509 658 657 164 
510 659 414 260 
511 414 415 661 
512 415 660 661 
513 661 416 260 
514 260 414 661 
515 267 417 662 
516 663 418 259 
517 664 61 58 
518 665 60 59 
519 665 423 60 
520 666 62 57 
521 164 429 667 
522 667 424 164 
523 667 425 424 
524 204 346 669 
525 673 436 675 
526 437 438 676 
527 677 678 271 
528 678 675 267 
529 270 673 678 
530 678 673 675 
531 267 271 678 
532 270 678 679 
533 679 437 270 
534 679 438 437 
535 679 677 438 
536 678 677 679 
537 265 430 680 
538 680 439 165 
539 165 265 680 
540 681 440 272 
541 272 440 682 
542 682 441 272 
543 682 445 441 
544 281 449 683 
545 683 283 281 
546 683 449 444 
547 685 451 172 
548 172 279 685 
549 688 458 76 
550 76 403 688 
551 688 403 395 
552 291 458 689 
553 458 688 689 
554 690 466 293 
555 293 463 690 
556 288 460 690 
557 691 638 232 
558 232 469 691 
559 121 461 692 
560 471 472 693 
561 292 462 694 
562 695 461 292 
563 695 472 471 
564 292 694 695 
565 695 694 472 
566 695 692 461 
567 471 692 695 
568 121 692 697 
569 697 476 121 
570 303 488 698 
571 701 486 302 
572 302 485 701 
573 301 483 701 
574 701 482 301 
575 289 464 702 
576 702 299 120 
577 120 289 702 
578 703 491 305 
579 305 489 703 
580 703 494 307 
581 307 493 703 
582 704 700 480 
583 705 498 308 
584 308 497 705 
585 705 502 188 
586 188 498 705 
587 502 500 706 
588 706 504 502 
589 504 706 707 
590 309 504 707 
591 122 309 707 
592 708 384 74 
593 709 511 508 
594 710 506 189 
595 310 506 711 
596 508 511 711 
597 506 710 711 
598 711 710 508 
599 712 509 385 
600 223 510 712 
601 712 510 509 
602 713 510 223 
603 714 505 310 
604 714 708 505 
605 310 711 714 
606 714 711 511 
607 311 510 715 
608 510 713 715 
609 715 709 311 
610 511 709 715 
611 171 512 716 
612 716 444 171 
613 716 507 277 
614 277 444 716 
615 717 520 316 
616 316 519 717 
617 720 719 88 
618 88 474 720 
619 723 721 530 
620 525 721 723 
621 320 534 724 
622 530 722 724 
623 532 725 726 
624 727 725 532 
625 191 725 727 
626 727 528 191 
627 532 726 729 
628 729 728 532 
629 730 534 320 
630 320 531 730 
631 531 533 730 
632 321 534 730 
633 732 731 535 
634 473 731 732 
635 296 473 732 
636 192 531 734 
637 536 734 735 
638 735 531 320 
639 735 734 531 
640 313 516 743 
641 539 742 744 
642 324 742 746 
643 746 742 539 
644 747 527 319 
645 748 746 541 
646 324 746 748 
647 749 728 321 
648 321 543 749 
649 542 543 750 
650 750 533 326 
651 193 542 750 
652 750 326 193 
653 750 543 321 
654 751 538 323 
655 326 538 751 
656 325 544 751 
657 323 325 751 
658 751 544 193 
659 193 326 751 
660 323 538 752 
661 753 542 193 
662 755 546 329 
663 389 630 756 
664 547 755 756 
665 757 755 547 
666 546 755 757 
667 757 753 546 
668 758 489 305 
669 305 490 758 
670 332 552 759 
671 318 554 760 
672 760 551 318 
673 760 552 332 
674 332 551 760 
675 761 557 337 
676 198 336 762 
677 762 336 335 
678 763 761 337 
679 558 761 763 
680 198 762 763 
681 763 762 558 
682 763 338 198 
683 337 338 763 
684 119 178 764 
685 87 186 764 
686 764 178 87 
687 316 520 765 
688 765 518 316 
689 765 562 518 
690 766 564 340 
691 561 562 766 
692 340 561 766 
693 767 567 341 
694 768 565 341 
695 567 568 768 
696 341 567 768 
697 334 556 769 
698 769 568 342 
699 769 342 125 
700 125 334 769 
701 339 558 770 
702 558 762 770 
703 772 343 200 
704 773 772 569 
705 773 762 335 
706 343 772 773 
707 774 570 315 
708 278 447 774 
709 172 278 774 
710 775 447 200 
711 344 570 775 
712 775 774 447 
713 570 774 775 
714 315 570 776 
715 777 776 570 
716 777 570 344 
717 275 684 778 
718 779 442 206 
719 166 676 780 
720 579 580 781 
721 781 780 579 
722 782 580 579 
723 433 781 783 
724 784 782 355 
725 580 782 784 
726 355 782 785 
727 581 785 786 
728 786 782 579 
729 786 785 782 
730 787 677 271 
731 581 786 789 
732 789 787 581 
733 677 787 789 
734 438 677 789 
735 208 578 790 
736 208 790 791 
737 791 572 208 
738 582 790 792 
739 792 578 354 
740 792 790 578 
741 794 784 355 
742 355 793 794 
743 795 794 583 
744 784 794 795 
745 580 784 795 
746 583 794 1073 
747 1073 793 582 
748 1073 794 793 
749 797 576 351 
750 583 1073 797 
751 583 797 798 
752 798 351 207 
753 798 797 351 
754 799 596 361 
755 288 457 800 
756 800 456 288 
757 800 586 456 
758 801 587 356 
759 151 592 802 
760 592 594 802 
761 802 359 245 
762 802 594 359 
763 803 595 360 
764 592 593 803 
765 360 592 803 
766 804 290 181 
767 804 599 120 
768 120 290 804 
769 215 366 806 
770 136 601 806 
771 806 366 136 
772 44 603 807 
773 807 42 44 
774 602 604 808 
775 367 602 808 
776 837 607 809 
777 368 373 810 
778 810 809 607 
779 45 611 811 
780 811 48 45 
781 812 46 42 
782 812 612 46 
783 217 613 813 
784 813 374 217 
785 814 613 372 
786 372 612 814 
787 815 603 367 
788 367 605 815 
789 816 618 375 
790 255 618 817 
791 618 816 817 
792 254 255 817 
793 817 816 617 
794 818 613 217 
795 613 818 819 
796 372 613 819 
797 820 49 48 
798 48 811 820 
799 620 820 821 
800 821 811 611 
801 821 820 811 
802 823 820 620 
803 49 820 823 
804 823 38 49 
805 614 621 824 
806 373 614 824 
807 215 806 825 
808 825 378 215 
809 826 804 181 
810 181 345 826 
811 827 627 386 
812 387 629 827 
813 223 387 827 
814 827 386 223 
815 350 627 828 
816 828 629 388 
817 627 827 828 
818 828 827 629 
819 828 388 134 
820 134 350 828 
821 829 630 144 
822 351 628 830 
823 830 632 631 
824 830 631 207 
825 207 351 830 
826 224 632 831 
827 632 830 831 
828 831 628 388 
829 831 830 628 
830 370 644 835 
831 835 610 216 
832 216 370 835 
833 836 642 405 
834 836 644 642 
835 838 647 406 
836 252 653 839 
837 839 653 649 
838 213 840 841 
839 841 591 213 
840 843 654 408 
841 843 842 654 
842 250 842 845 
843 845 645 250 
844 846 408 153 
845 249 652 846 
846 153 251 846 
847 846 251 249 
848 408 654 848 
849 649 653 848 
850 849 816 375 
851 850 849 656 
852 816 849 850 
853 617 816 850 
854 851 257 155 
855 853 424 262 
856 657 658 854 
857 856 659 258 
858 104 421 856 
859 856 258 104 
860 857 5 13 
861 858 13 12 
862 858 857 13 
863 660 857 858 
864 416 661 859 
865 11 416 859 
866 859 12 11 
867 859 858 12 
868 165 662 860 
869 860 265 165 
870 860 266 265 
871 861 662 417 
872 861 860 662 
873 418 663 862 
874 428 664 863 
875 426 428 863 
876 863 664 422 
877 262 426 863 
878 863 422 262 
879 412 668 865 
880 668 864 865 
881 865 864 657 
882 269 866 867 
883 867 434 269 
884 872 871 868 
885 873 673 270 
886 673 873 874 
887 672 873 875 
888 111 675 877 
889 878 577 353 
890 440 681 878 
891 167 440 878 
892 878 353 167 
893 879 682 440 
894 283 683 879 
895 879 440 167 
896 167 283 879 
897 445 682 880 
898 682 879 880 
899 880 879 683 
900 284 686 882 
901 882 452 284 
902 883 686 685 
903 883 881 686 
904 883 685 279 
905 279 448 883 
906 280 881 883 
907 883 448 280 
908 168 687 884 
909 274 454 885 
910 887 688 395 
911 395 638 887 
912 887 689 688 
913 396 689 887 
914 638 691 888 
915 889 694 462 
916 889 484 182 
917 462 484 889 
918 396 888 890 
919 396 890 891 
920 891 637 396 
921 696 890 892 
922 892 888 691 
923 892 890 888 
924 183 473 894 
925 895 304 186 
926 303 698 895 
927 186 303 895 
928 300 479 896 
929 897 699 480 
930 897 896 699 
931 898 896 479 
932 699 896 898 
933 188 503 899 
934 899 498 188 
935 899 700 498 
936 465 484 900 
937 900 484 302 
938 293 465 900 
939 900 464 293 
940 302 487 900 
941 901 704 480 
942 480 699 901 
943 481 499 902 
944 301 481 902 
945 308 498 903 
946 903 902 499 
947 704 902 903 
948 700 704 903 
949 498 700 903 
950 904 706 500 
951 904 707 706 
952 904 500 184 
953 184 492 904 
954 495 707 905 
955 707 904 905 
956 494 495 905 
957 307 494 905 
958 905 492 307 
959 905 904 492 
960 708 714 906 
961 906 715 713 
962 511 715 906 
963 906 714 511 
964 906 713 384 
965 384 708 906 
966 907 521 514 
967 317 521 907 
968 907 514 312 
969 907 524 317 
970 907 718 524 
971 908 726 526 
972 908 729 726 
973 318 723 908 
974 908 526 318 
975 530 729 908 
976 908 723 530 
977 728 729 909 
978 909 724 534 
979 321 728 909 
980 909 534 321 
981 909 729 530 
982 530 724 909 
983 183 468 910 
984 296 732 911 
985 911 693 296 
986 322 740 912 
987 913 735 320 
988 914 740 322 
989 322 736 914 
990 737 915 916 
991 916 738 737 
992 297 475 917 
993 297 917 918 
994 537 915 919 
995 921 920 739 
996 737 1048 921 
997 921 739 737 
998 298 920 921 
999 921 477 298 
1000 922 743 516 
1001 540 743 922 
1002 922 741 539 
1003 508 710 923 
1004 924 743 540 
1005 925 517 313 
1006 925 924 745 
1007 743 924 925 
1008 313 743 925 
1009 189 517 926 
1010 745 923 926 
1011 517 925 926 
1012 926 925 745 
1013 926 710 189 
1014 926 923 710 
1015 927 741 123 
1016 123 527 927 
1017 539 741 927 
1018 928 747 319 
1019 319 566 928 
1020 928 566 528 
1021 929 748 541 
1022 541 747 929 
1023 930 727 532 
1024 728 749 930 
1025 532 728 930 
1026 931 749 543 
1027 543 748 931 
1028 748 929 931 
1029 931 930 749 
1030 932 734 536 
1031 311 709 934 
1032 754 934 935 
1033 547 756 936 
1034 936 754 547 
1035 936 829 754 
1036 630 829 936 
1037 936 756 630 
1038 937 756 755 
1039 389 756 937 
1040 196 389 937 
1041 937 329 196 
1042 937 755 329 
1043 324 542 938 
1044 753 757 938 
1045 542 753 938 
1046 489 758 939 
1047 939 759 338 
1048 187 489 939 
1049 939 338 187 
1050 940 939 758 
1051 759 939 940 
1052 339 560 941 
1053 557 761 942 
1054 942 941 764 
1055 943 764 186 
1056 186 304 943 
1057 943 942 764 
1058 557 942 943 
1059 565 768 944 
1060 191 565 944 
1061 944 553 191 
1062 945 769 556 
1063 553 944 945 
1064 333 553 945 
1065 569 772 946 
1066 946 771 569 
1067 771 946 947 
1068 559 771 947 
1069 948 765 520 
1070 190 776 948 
1071 948 520 190 
1072 564 766 949 
1073 949 777 199 
1074 199 564 949 
1075 577 878 950 
1076 950 878 779 
1077 950 575 354 
1078 950 779 575 
1079 354 578 950 
1080 950 578 577 
1081 268 783 951 
1082 951 431 268 
1083 951 796 431 
1084 439 680 952 
1085 952 787 271 
1086 271 439 952 
1087 168 275 954 
1088 954 430 168 
1089 955 952 680 
1090 955 680 430 
1091 958 780 676 
1092 958 789 786 
1093 438 789 958 
1094 958 676 438 
1095 958 786 579 
1096 579 780 958 
1097 959 792 354 
1098 576 797 959 
1099 574 576 959 
1100 354 574 959 
1101 960 798 207 
1102 583 798 960 
1103 795 796 961 
1104 961 951 783 
1105 796 951 961 
1106 580 795 961 
1107 962 799 361 
1108 361 598 962 
1109 963 593 244 
1110 799 962 963 
1111 585 799 963 
1112 244 585 963 
1113 963 803 593 
1114 964 799 585 
1115 356 587 964 
1116 964 584 356 
1117 964 585 584 
1118 596 799 964 
1119 587 596 964 
1120 965 800 457 
1121 965 457 180 
1122 180 365 965 
1123 586 800 966 
1124 800 965 966 
1125 364 212 587 
1126 587 801 364 
1127 364 801 967 
1128 967 965 365 
1129 967 365 214 
1130 801 966 967 
1131 967 966 965 
1132 595 803 968 
1133 968 962 598 
1134 968 598 213 
1135 213 595 968 
1136 803 963 968 
1137 968 963 962 
1138 358 600 969 
1139 970 1106 650 
1140 650 840 971 
1141 805 971 973 
1142 374 809 974 
1143 974 615 374 
1144 809 810 974 
1145 974 810 373 
1146 975 812 42 
1147 42 807 975 
1148 374 813 976 
1149 976 616 374 
1150 977 814 612 
1151 612 812 977 
1152 613 814 978 
1153 978 813 613 
1154 603 815 979 
1155 979 807 603 
1156 217 615 980 
1157 980 818 217 
1158 372 819 981 
1159 981 611 372 
1160 981 821 611 
1161 982 822 619 
1162 619 822 983 
1163 983 981 819 
1164 620 821 984 
1165 821 981 984 
1166 984 983 822 
1167 981 983 984 
1168 38 823 985 
1169 373 824 986 
1170 986 974 373 
1171 615 974 986 
1172 1192 806 601 
1173 1192 825 806 
1174 378 825 987 
1175 987 622 378 
1176 804 826 988 
1177 599 804 988 
1178 989 625 382 
1179 406 648 995 
1180 995 646 406 
1181 643 834 995 
1182 995 648 643 
1183 995 834 607 
1184 607 646 995 
1185 996 837 605 
1186 367 808 996 
1187 996 605 367 
1188 997 838 406 
1189 406 646 997 
1190 999 604 39 
1191 999 39 41 
1192 591 841 1000 
1193 359 594 1000 
1194 1000 594 591 
1195 1001 844 651 
1196 842 843 1001 
1197 651 842 1001 
1198 645 845 1002 
1199 405 645 1002 
1200 1003 842 651 
1201 1003 845 842 
1202 407 847 1004 
1203 1005 848 654 
1204 250 647 1005 
1205 1006 982 619 
1206 375 982 1006 
1207 1006 849 375 
1208 617 850 1007 
1209 656 851 1008 
1210 1008 850 656 
1211 1008 1007 850 
1212 155 1007 1008 
1213 1008 851 155 
1214 1010 824 621 
1215 621 1009 1010 
1216 1010 1009 852 
1217 852 1009 1011 
1218 1011 376 219 
1219 1011 1009 376 
1220 656 849 1012 
1221 849 1006 1012 
1222 1013 853 262 
1223 422 423 1013 
1224 262 422 1013 
1225 1014 854 658 
1226 413 854 1166 
1227 1016 663 414 
1228 1016 862 663 
1229 659 856 1016 
1230 414 659 1016 
1231 5 857 1017 
1232 1017 59 5 
1233 860 861 1018 
1234 266 860 1018 
1235 1018 419 266 
1236 1019 420 1018 
1237 418 862 1019 
1238 1020 421 261 
1239 862 1016 1020 
1240 261 420 1020 
1241 1020 856 421 
1242 1020 1016 856 
1243 670 866 1021 
1244 133 669 1021 
1245 669 671 1021 
1246 1021 205 133 
1247 1022 876 672 
1248 263 869 1023 
1249 1023 428 263 
1250 427 428 1023 
1251 425 667 1024 
1252 1025 674 436 
1253 673 874 1025 
1254 436 673 1025 
1255 1026 875 437 
1256 1026 676 166 
1257 437 676 1026 
1258 1027 876 868 
1259 868 871 1027 
1260 264 668 1029 
1261 1029 668 412 
1262 111 877 1029 
1263 1029 412 111 
1264 282 450 1031 
1265 684 884 1031 
1266 450 684 1031 
1267 686 881 1032 
1268 1033 884 687 
1269 1033 1031 884 
1270 637 891 1034 
1271 459 637 1034 
1272 182 459 1034 
1273 1035 691 469 
1274 1035 892 691 
1275 296 893 1036 
1276 1036 473 296 
1277 1036 894 473 
1278 1037 893 296 
1279 296 693 1037 
1280 1037 693 472 
1281 696 892 1039 
1282 892 1035 1039 
1283 1039 1035 295 
1284 300 896 1041 
1285 896 897 1041 
1286 1041 698 488 
1287 1042 898 185 
1288 185 483 1042 
1289 1042 902 704 
1290 704 901 1042 
1291 693 911 1043 
1292 471 693 1043 
1293 1045 722 529 
1294 1045 913 722 
1295 536 735 1046 
1296 1046 736 536 
1297 1046 914 736 
1298 740 914 1047 
1299 537 740 1047 
1300 1048 917 475 
1301 738 917 1048 
1302 1048 475 184 
1303 737 738 1048 
1304 1049 720 474 
1305 1050 917 738 
1306 1050 918 917 
1307 537 919 1051 
1308 1051 740 537 
1309 1051 912 740 
1310 476 697 1052 
1311 1053 938 757 
1312 727 930 1054 
1313 1054 928 528 
1314 528 727 1054 
1315 1054 931 929 
1316 930 931 1054 
1317 734 932 1055 
1318 192 734 1055 
1319 1055 538 192 
1320 1055 752 538 
1321 1055 932 752 
1322 536 736 1056 
1323 1056 932 536 
1324 1057 634 633 
1325 1057 933 634 
1326 752 933 1058 
1327 933 1057 1058 
1328 311 934 1059 
1329 1059 934 754 
1330 1059 510 311 
1331 509 510 1059 
1332 1059 829 509 
1333 754 829 1059 
1334 1060 923 745 
1335 508 923 1061 
1336 1061 709 508 
1337 923 1060 1061 
1338 1061 1060 935 
1339 1061 934 709 
1340 1061 935 934 
1341 324 938 1062 
1342 938 1053 1062 
1343 1063 447 84 
1344 200 447 1063 
1345 170 947 1063 
1346 84 170 1063 
1347 1064 766 562 
1348 1064 949 766 
1349 765 948 1064 
1350 562 765 1064 
1351 1065 785 581 
1352 787 952 1066 
1353 952 955 1066 
1354 1067 956 788 
1355 1068 1067 788 
1356 954 1067 1068 
1357 957 1070 1071 
1358 788 956 1072 
1359 956 1069 1072 
1360 1072 1069 957 
1361 792 959 1073 
1362 1073 959 797 
1363 582 792 1073 
1364 796 960 1074 
1365 1074 960 207 
1366 431 796 1074 
1367 92 431 1074 
1368 207 631 1074 
1369 1074 226 92 
1370 1074 631 226 
1371 1075 969 600 
1372 366 609 1075 
1373 1075 600 366 
1374 1106 970 1077 
1375 1078 971 805 
1376 1081 609 371 
1377 371 610 1081 
1378 972 1080 1081 
1379 610 1079 1081 
1380 1081 1079 972 
1381 969 1076 1082 
1382 1083 973 588 
1383 1083 1082 973 
1384 1083 597 358 
1385 588 597 1083 
1386 969 1082 1083 
1387 358 969 1083 
1388 1084 971 840 
1389 1084 973 971 
1390 1084 840 213 
1391 588 973 1084 
1392 616 976 1085 
1393 813 978 1086 
1394 1086 976 813 
1395 1087 978 814 
1396 814 977 1087 
1397 822 982 1088 
1398 620 984 1088 
1399 1088 984 822 
1400 410 985 1089 
1401 1089 618 255 
1402 255 410 1089 
1403 615 986 1090 
1404 1090 980 615 
1405 1091 601 363 
1406 1091 1192 601 
1407 221 623 1092 
1408 1092 623 379 
1409 599 988 1093 
1410 362 599 1093 
1411 1094 1092 987 
1412 1094 989 382 
1413 221 1092 1094 
1414 1094 382 221 
1415 1095 733 535 
1416 1095 991 733 
1417 1096 468 294 
1418 1097 1096 992 
1419 833 993 1098 
1420 393 634 1098 
1421 634 994 1098 
1422 1098 994 833 
1423 1098 635 393 
1424 1098 993 635 
1425 635 993 1099 
1426 230 635 1099 
1427 145 230 1099 
1428 1100 996 808 
1429 604 999 1100 
1430 1100 808 604 
1431 997 998 1101 
1432 838 997 1101 
1433 1102 997 646 
1434 1102 998 997 
1435 646 837 1102 
1436 837 996 1102 
1437 996 1100 1102 
1438 1102 1100 998 
1439 359 1000 1103 
1440 1103 590 102 
1441 102 359 1103 
1442 844 1001 1104 
1443 1104 847 407 
1444 407 844 1104 
1445 405 1002 1105 
1446 1105 836 405 
1447 845 1003 1211 
1448 1211 1002 845 
1449 848 1005 1107 
1450 649 848 1107 
1451 1108 1012 1006 
1452 1108 1090 986 
1453 824 1010 1108 
1454 1108 986 824 
1455 852 1011 1109 
1456 1109 851 656 
1457 656 1012 1109 
1458 1109 1012 852 
1459 1110 1011 219 
1460 219 411 1110 
1461 1110 1109 1011 
1462 851 1109 1110 
1463 1111 660 415 
1464 1112 415 414 
1465 413 1166 1112 
1466 259 413 1112 
1467 1114 1111 855 
1468 1014 1015 1114 
1469 855 1014 1114 
1470 1115 1013 423 
1471 423 665 1115 
1472 665 1113 1115 
1473 1115 1113 1015 
1474 1116 1015 1014 
1475 853 1013 1116 
1476 1116 1014 658 
1477 658 853 1116 
1478 1013 1115 1116 
1479 1116 1115 1015 
1480 867 1022 1117 
1481 434 867 1117 
1482 876 1022 1118 
1483 868 876 1118 
1484 670 868 1118 
1485 1118 1022 867 
1486 427 1023 1119 
1487 1119 671 666 
1488 1119 872 671 
1489 674 1025 1120 
1490 264 674 1120 
1491 875 1026 1122 
1492 1122 1117 1022 
1493 1122 1022 672 
1494 672 875 1122 
1495 876 1027 1123 
1496 1123 1028 672 
1497 672 876 1123 
1498 177 1030 1124 
1499 1124 455 177 
1500 286 455 1124 
1501 1125 1030 882 
1502 1125 882 686 
1503 686 1032 1125 
1504 1125 1032 886 
1505 1126 1032 881 
1506 173 282 1126 
1507 886 1033 1127 
1508 1127 1033 687 
1509 885 1125 1127 
1510 1127 1125 886 
1511 694 889 1128 
1512 1128 1037 472 
1513 472 694 1128 
1514 891 1038 1129 
1515 1129 1034 891 
1516 480 700 1130 
1517 1130 897 480 
1518 1131 895 698 
1519 1131 1040 895 
1520 1131 1130 1040 
1521 897 1130 1131 
1522 895 1040 1132 
1523 1132 503 309 
1524 304 895 1132 
1525 1132 309 304 
1526 1132 899 503 
1527 1132 1040 899 
1528 471 1043 1133 
1529 1133 692 471 
1530 1133 697 692 
1531 739 920 1175 
1532 912 1051 1134 
1533 1135 911 732 
1534 1135 1134 1044 
1535 1136 1052 697 
1536 697 1133 1136 
1537 1137 1045 529 
1538 719 720 1137 
1539 529 719 1137 
1540 1139 1136 1044 
1541 1052 1136 1139 
1542 1139 1175 920 
1543 920 1052 1139 
1544 1140 757 547 
1545 1140 1053 757 
1546 754 935 1140 
1547 547 754 1140 
1548 935 1060 1141 
1549 1141 1140 935 
1550 1053 1140 1141 
1551 1053 1141 1142 
1552 1143 1056 736 
1553 322 990 1143 
1554 1143 736 322 
1555 1144 1057 633 
1556 1144 1058 1057 
1557 1144 633 195 
1558 195 328 1144 
1559 545 1058 1144 
1560 328 545 1144 
1561 957 1071 1145 
1562 1145 1072 957 
1563 953 1072 1145 
1564 1145 1065 953 
1565 787 1066 1146 
1566 581 787 1146 
1567 1146 1065 581 
1568 953 1065 1146 
1569 1147 1068 788 
1570 788 1072 1147 
1571 1147 1072 953 
1572 1148 956 778 
1573 1148 1069 956 
1574 352 1069 1148 
1575 1148 571 352 
1576 1148 778 112 
1577 112 571 1148 
1578 791 1070 1149 
1579 1149 1070 957 
1580 957 1069 1149 
1581 407 1077 1150 
1582 1150 844 407 
1583 1152 1078 805 
1584 1076 1080 1152 
1585 805 1076 1152 
1586 815 1085 1153 
1587 1153 979 815 
1588 1154 1087 977 
1589 1154 977 812 
1590 812 975 1154 
1591 375 618 1155 
1592 618 1089 1155 
1593 1155 982 375 
1594 1155 1088 982 
1595 1156 823 620 
1596 1156 985 823 
1597 1156 1089 985 
1598 1156 1155 1089 
1599 214 1093 1157 
1600 1158 987 825 
1601 1158 1094 987 
1602 991 1095 1159 
1603 1159 994 832 
1604 832 991 1159 
1605 535 731 1160 
1606 910 1097 1160 
1607 731 910 1160 
1608 96 146 1161 
1609 1161 467 96 
1610 1161 992 467 
1611 833 992 1161 
1612 1161 993 833 
1613 1161 1099 993 
1614 1162 1101 998 
1615 1162 999 839 
1616 998 1100 1162 
1617 1162 1100 999 
1618 649 1101 1162 
1619 1162 839 649 
1620 590 1103 1163 
1621 1163 652 590 
1622 847 1104 1164 
1623 650 1106 1165 
1624 855 1111 1166 
1625 1111 1114 1167 
1626 1167 1017 857 
1627 660 1111 1167 
1628 1167 857 660 
1629 1167 1113 1017 
1630 1168 1026 166 
1631 434 1117 1168 
1632 1168 1122 1026 
1633 1117 1122 1168 
1634 433 434 1168 
1635 166 433 1168 
1636 1169 1120 1025 
1637 1169 1025 874 
1638 1028 1123 1170 
1639 1170 1169 874 
1640 874 1028 1170 
1641 1171 1024 667 
1642 870 1024 1171 
1643 429 1121 1171 
1644 1171 667 429 
1645 1032 1126 1172 
1646 1031 1033 1172 
1647 1172 1033 886 
1648 886 1032 1172 
1649 1172 1126 282 
1650 282 1031 1172 
1651 1037 1128 1173 
1652 1173 1129 1038 
1653 1173 1038 893 
1654 893 1037 1173 
1655 1174 1128 889 
1656 1174 1173 1128 
1657 182 1034 1174 
1658 1174 889 182 
1659 1129 1173 1174 
1660 1034 1129 1174 
1661 1175 919 739 
1662 535 733 1176 
1663 1134 1135 1176 
1664 912 1134 1176 
1665 733 912 1176 
1666 1176 732 535 
1667 1176 1135 732 
1668 1044 1134 1201 
1669 911 1135 1202 
1670 1202 1043 911 
1671 1177 1049 918 
1672 918 1050 1178 
1673 1178 1177 918 
1674 1138 1177 1178 
1675 1179 1177 1138 
1676 1049 1177 1179 
1677 1179 1137 720 
1678 720 1049 1179 
1679 1180 1060 745 
1680 1180 1141 1060 
1681 1180 1142 1141 
1682 924 1142 1180 
1683 745 924 1180 
1684 744 1062 1181 
1685 540 744 1181 
1686 1053 1142 1181 
1687 1181 1062 1053 
1688 1182 1143 990 
1689 932 1056 1183 
1690 1183 933 752 
1691 752 932 1183 
1692 1184 1145 1071 
1693 355 785 1184 
1694 1184 793 355 
1695 1184 1071 793 
1696 1065 1145 1184 
1697 785 1065 1184 
1698 1185 1211 1003 
1699 1151 1185 1186 
1700 972 1079 1187 
1701 1188 1187 1079 
1702 1189 1185 1151 
1703 1190 1153 1086 
1704 1087 1154 1190 
1705 978 1087 1190 
1706 1190 1086 978 
1707 979 1153 1191 
1708 1191 1154 975 
1709 1153 1190 1191 
1710 1191 1190 1154 
1711 807 979 1191 
1712 1191 975 807 
1713 1192 1158 825 
1714 1158 1192 1193 
1715 1193 1192 1091 
1716 1091 1157 1193 
1717 1158 1193 1194 
1718 1094 1158 1194 
1719 1194 1093 988 
1720 989 1094 1194 
1721 1194 1157 1093 
1722 1194 1193 1157 
1723 1195 1160 1097 
1724 1195 1159 1095 
1725 1196 1106 1004 
1726 1196 1165 1106 
1727 847 1163 1196 
1728 1196 1004 847 
1729 1197 1103 1000 
1730 1197 1163 1103 
1731 1197 1196 1163 
1732 1165 1196 1197 
1733 841 1165 1197 
1734 1197 1000 841 
1735 652 1164 1198 
1736 1198 846 652 
1737 408 846 1198 
1738 1198 843 408 
1739 1199 1121 429 
1740 264 1120 1199 
1741 1200 1123 1027 
1742 1200 1170 1123 
1743 870 1171 1200 
1744 1201 1134 1051 
1745 919 1175 1201 
1746 1201 1051 919 
1747 1202 1136 1133 
1748 1044 1136 1202 
1749 1202 1133 1043 
1750 738 916 1203 
1751 1203 1050 738 
1752 1203 1178 1050 
1753 913 1045 1204 
1754 1137 1179 1204 
1755 1045 1137 1204 
1756 1205 1185 1003 
1757 1205 1186 1185 
1758 1205 1003 651 
1759 1206 1150 1077 
1760 1206 1077 970 
1761 1206 1205 1150 
1762 1186 1205 1206 
1763 1186 1206 1207 
1764 1207 1206 970 
1765 1078 1152 1207 
1766 970 1078 1207 
1767 972 1187 1208 
1768 1208 1080 972 
1769 1208 1152 1080 
1770 1208 1207 1152 
1771 1209 835 644 
1772 1105 1189 1210 
1773 836 1105 1210 
1774 1185 1189 1211 
1775 1211 1105 1002 
1776 1211 1189 1105 
1777 1212 1195 1097 
1778 833 994 1212 
1779 1212 992 833 
1780 1212 1097 992 
1781 1159 1195 1212 
1782 994 1159 1212 
1783 1213 1171 1121 
1784 1213 1200 1171 
1785 1170 1200 1213 
1786 1214 1203 916 
1787 537 1047 1214 
1788 913 1204 1215 
1789 1215 1046 735 
1790 735 913 1215 
1791 1216 1208 1187 
1792 1207 1208 1216 
1793 1186 1207 1216 
1794 1151 1186 1216 
1795 835 1209 1217 
1796 1217 1188 1079 
1797 1218 1189 1151 
1798 1151 1188 1218 
1799 1218 1210 1189 
1800 1209 1210 1218 
1801 1188 1217 1218 
1802 1218 1217 1209 
1803 1219 1104 1001 
1804 1219 1164 1104 
1805 1219 1198 1164 
1806 843 1198 1219 
1807 1219 1001 843 
1808 1203 1214 1220 
1809 1178 1203 1220 
1810 1138 1178 1220 
1811 1138 1220 1221 
1812 914 1046 1221 
1813 1046 1215 1221 
1814 1221 1215 1138 
1815 1221 1047 914 
1816 1220 1214 1047 
1817 1047 1221 1220 
1818 161 78 158 
1819 158 73 161 
1820 639 28 29 
1821 26 24 101 
1822 34 100 393 
1823 393 33 34 
1824 195 100 68 
1825 68 67 195 
1826 239 101 24 
1827 24 25 239 
1828 421 104 103 
1829 103 78 421 
1830 234 132 129 
1831 129 90 234 
1832 138 140 139 
1833 139 75 138 
1834 22 158 105 
1835 105 77 22 
1836 80 160 81 
1837 81 107 80 
1838 548 194 66 
1839 66 55 548 
1840 328 195 67 
1841 67 194 328 
1842 130 203 131 
1843 131 90 130 
1844 411 219 608 
1845 608 218 411 
1846 383 222 64 
1847 64 211 383 
1848 383 227 391 
1849 391 222 383 
1850 245 102 247 
1851 241 54 242 
1852 152 248 96 
1853 96 233 152 
1854 249 251 150 
1855 150 243 249 
1856 655 254 817 
1857 254 51 52 
1858 240 256 101 
1859 101 239 240 
1860 10 8 157 
1861 439 267 662 
1862 662 165 439 
1863 83 274 687 
1864 687 168 83 
1865 446 280 448 
1866 174 170 84 
1867 452 453 117 
1868 1030 177 453 
1869 107 287 455 
1870 455 110 107 
1871 314 315 776 
1872 776 190 314 
1873 198 338 759 
1874 777 344 342 
1875 342 199 777 
1876 625 345 178 
1877 178 201 625 
1878 628 351 576 
1879 576 134 628 
1880 573 352 571 
1881 571 273 573 
1882 600 358 589 
1883 809 374 616 
1884 616 837 809 
1885 218 378 622 
1886 622 220 218 
1887 626 382 201 
1888 201 127 626 
1889 386 384 713 
1890 713 223 386 
1891 712 385 387 
1892 387 223 712 
1893 404 395 403 
1894 403 244 404 
1895 689 396 637 
1896 637 291 689 
1897 641 397 469 
1898 469 232 641 
1899 149 401 154 
1900 154 240 149 
1901 1112 414 663 
1902 663 259 1112 
1903 435 433 783 
1904 783 268 435 
1905 446 449 281 
1906 281 280 446 
1907 1035 469 147 
1908 147 295 1035 
1909 702 487 478 
1910 478 299 702 
1911 478 487 486 
1912 486 185 478 
1913 443 505 708 
1914 708 74 443 
1915 719 525 549 
1916 549 88 719 
1917 551 525 723 
1918 723 318 551 
1919 722 530 721 
1920 721 529 722 
1921 927 541 746 
1922 746 539 927 
1923 544 546 753 
1924 753 193 544 
1925 122 557 943 
1926 943 304 122 
1927 113 559 947 
1928 947 170 113 
1929 584 585 403 
1930 403 76 584 
1931 598 588 1084 
1932 1084 213 598 
1933 593 592 151 
1934 151 402 593 
1935 810 607 834 
1936 834 368 810 
1937 1009 621 370 
1938 370 376 1009 
1939 380 624 381 
1940 381 221 380 
1941 142 624 128 
1942 128 72 142 
1943 229 632 224 
1944 224 144 229 
1945 887 638 888 
1946 888 396 887 
1947 237 639 235 
1948 235 148 237 
1949 29 91 639 
1950 848 653 153 
1951 153 408 848 
1952 853 658 164 
1953 164 424 853 
1954 1199 429 864 
1955 277 445 880 
1956 880 683 444 
1957 444 277 880 
1958 884 684 275 
1959 275 168 884 
1960 685 686 284 
1961 284 451 685 
1962 463 180 457 
1963 466 690 460 
1964 460 291 466 
1965 482 701 485 
1966 485 292 482 
1967 486 701 483 
1968 483 185 486 
1969 494 703 489 
1970 489 187 494 
1971 491 703 493 
1972 493 297 491 
1973 501 705 497 
1974 497 298 501 
1975 515 716 512 
1976 512 312 515 
1977 507 716 515 
1978 515 310 507 
1979 523 717 522 
1980 522 317 523 
1981 522 717 519 
1982 519 313 522 
1983 526 726 725 
1984 1062 744 742 
1985 742 324 1062 
1986 323 752 1058 
1987 1058 545 323 
1988 332 759 940 
1989 940 550 332 
1990 552 197 336 
1991 555 760 554 
1992 554 333 555 
1993 558 339 941 
1994 119 764 941 
1995 941 560 119 
1996 566 319 563 
1997 567 767 564 
1998 564 199 567 
1999 172 774 315 
2000 315 279 172 
2001 112 778 684 
2002 684 450 112 
2003 166 780 781 
2004 781 433 166 
2005 961 783 781 
2006 781 580 961 
2007 1070 791 790 
2008 790 582 1070 
2009 960 796 795 
2010 795 583 960 
2011 966 801 356 
2012 356 586 966 
2013 1085 815 605 
2014 605 616 1085 
2015 655 817 617 
2016 617 154 655 
2017 1107 838 1101 
2018 1101 649 1107 
2019 252 839 999 
2020 999 41 252 
2021 1165 841 840 
2022 840 650 1165 
2023 1004 1106 1077 
2024 1077 407 1004 
2025 1163 847 1164 
2026 1164 652 1163 
2027 1118 867 866 
2028 866 670 1118 
2029 263 425 1024 
2030 1024 870 869 
2031 869 263 1024 
2032 871 872 1119 
2033 1028 874 873 
2034 873 672 1028 
2035 779 878 681 
2036 681 442 779 
2037 1124 885 454 
2038 454 286 1124 
2039 1038 891 890 
2040 890 696 1038 
2041 185 898 479 
2042 479 478 185 
2043 308 903 499 
2044 499 496 308 
2045 1214 916 915 
2046 915 537 1214 
2047 297 918 1049 
2048 1049 474 297 
2049 739 919 915 
2050 915 737 739 
2051 1052 920 298 
2052 298 476 1052 
2053 741 922 516 
2054 541 927 527 
2055 527 747 541 
2056 333 945 556 
2057 556 555 333 
2058 1063 947 946 
2059 1068 955 430 
2060 430 954 1068 
2061 1067 954 275 
2062 778 956 1067 
2063 1067 275 778 
2064 650 971 1078 
2065 1078 970 650 
2066 622 987 1092 
2067 1092 379 622 
2068 733 991 990 
2069 467 992 1096 
2070 1096 294 467 
2071 855 1166 854 
2072 854 1014 855 
2073 670 1021 671 
2074 902 1042 483 
2075 483 301 902 
2076 898 1042 901 
2077 901 699 898 
2078 928 1054 929 
2079 929 747 928 
2080 1149 1069 352 
2081 1071 1070 582 
2082 582 793 1071 
2083 1082 1076 805 
2084 805 973 1082 
2085 1217 1079 610 
2086 610 835 1217 
2087 1075 1080 1076 
2088 1076 969 1075 
2089 1157 1091 363 
2090 363 214 1157 
2091 1096 1097 910 
2092 910 468 1096 
2093 619 818 980 
2094 1012 1108 1010 
2095 1010 852 1012 
2096 415 1112 1166 
2097 1166 1111 415 
2098 1017 1113 665 
2099 665 59 1017 
2100 427 1119 666 
2101 666 57 427 
2102 1030 1125 885 
2103 885 1124 1030 
2104 1201 1175 1139 
2105 1139 1044 1201 
2106 1086 1153 1085 
2107 1085 976 1086 
2108 1088 1155 1156 
2109 1156 620 1088 
2110 1099 1161 146 
2111 146 145 1099 
2112 1169 1170 1213 
2113 1213 1121 1169 
2114 1182 1183 1056 
2115 1056 1143 1182 
2116 1216 1187 1188 
2117 1188 1151 1216 
2118 1160 1195 1095 
2119 1095 535 1160 
2120 1121 1199 1120 
2121 1120 1169 1121 
2122 871 869 870 
2123 870 1200 1027 
2124 1027 871 870 
2125 1202 1135 1044 
2126 1150 1205 651 
2127 651 844 1150 
2128 836 1210 1209 
2129 1209 644 836 
2130 1138 1215 1204 
2131 1204 1179 1138 
2132 203 130 89 
2133 89 126 203 
2134 422 664 58 
2135 58 423 422 
2136 468 183 295 
2137 295 470 468 
2138 346 62 666 
2139 705 501 502 
2140 758 490 550 
2141 550 940 758 
2142 79 21 19 
2143 101 97 141 
2144 141 26 101 
2145 157 260 416 
2146 416 10 157 
2147 451 284 174 
2148 174 84 451 
2149 1019 1018 861 
2150 553 526 725 
2151 725 191 553 
2152 744 540 922 
2153 922 539 744 
2154 597 596 212 
2155 212 589 597 
2156 258 659 260 
2157 260 157 258 
2158 442 681 272 
2159 272 441 442 
2160 529 721 525 
2161 525 719 529 
2162 575 779 206 
2163 983 819 818 
2164 818 619 983 
2165 875 873 270 
2166 270 437 875 
2167 274 885 1127 
2168 1127 687 274 
2169 568 769 945 
2170 625 989 826 
2171 826 345 625 
2172 1182 990 991 
2173 991 832 1182 
2174 540 1181 1142 
2175 1142 924 540 
2176 80 107 73 
2177 73 79 80 
2178 1113 1167 1114 
2179 1114 1015 1113 
2180 240 239 241 
2181 241 149 240 
2182 155 256 240 
2183 240 1007 155 
2184 325 323 545 
2185 545 124 325 
2186 383 211 347 
2187 347 135 383 
2188 365 362 1093 
2189 1093 214 365 
2190 397 245 246 
2191 246 147 397 
2192 254 655 53 
2193 53 51 254 
2194 385 509 829 
2195 829 144 385 
2196 240 154 617 
2197 617 1007 240 
2198 627 350 575 
2199 575 206 627 
2200 831 388 629 
2201 629 224 831 
2202 520 717 523 
2203 523 190 520 
2204 114 718 513 
2205 513 448 114 
2206 910 731 473 
2207 473 183 910 
2208 552 760 555 
2209 555 197 552 
2210 564 767 563 
2211 563 340 564 
2212 344 775 200 
2213 200 343 344 
2214 151 802 245 
2215 245 397 151 
2216 660 858 859 
2217 859 661 660 
2218 865 657 854 
2219 854 413 865 
2220 671 872 868 
2221 868 670 671 
2222 674 877 675 
2223 675 436 674 
2224 183 894 1039 
2225 1039 295 183 
2226 921 1048 184 
2227 184 477 921 
2228 558 941 942 
2229 942 761 558 
2230 985 410 52 
2231 52 38 985 
2232 1005 654 842 
2233 842 250 1005 
2234 1019 862 1020 
2235 1020 420 1019 
2236 264 1029 877 
2237 877 674 264 
2238 452 882 1030 
2239 1030 453 452 
2240 1036 893 1038 
2241 1038 696 1036 
2242 899 1040 1130 
2243 1130 700 899 
2244 1041 488 290 
2245 290 300 1041 
2246 948 776 777 
2247 949 1064 948 
2248 948 777 949 
2249 871 1119 1023 
2250 1023 869 871 
2251 1146 1066 1147 
2252 1147 953 1146 
2253 1068 1147 1066 
2254 1066 955 1068 
2255 933 1183 1182 
2256 1182 832 933 
2257 126 127 119 
2258 119 179 71 
2259 71 126 119 
2260 146 231 36 
2261 36 145 146 
2262 176 276 169 
2263 169 113 176 
2264 273 571 112 
2265 112 450 273 
2266 300 290 120 
2267 120 299 300 
2268 347 211 56 
2269 56 348 347 
2270 364 967 214 
2271 214 363 364 
2272 387 385 224 
2273 224 629 387 
2274 393 635 230 
2275 230 33 393 
2276 413 259 412 
2277 412 865 413 
2278 418 1019 861 
2279 861 417 418 
2280 428 427 61 
2281 61 664 428 
2282 864 668 264 
2283 264 1199 864 
2284 524 314 190 
2285 190 523 524 
2286 533 750 321 
2287 321 730 533 
2288 543 542 324 
2289 324 748 543 
2290 559 560 339 
2291 339 771 559 
2292 600 589 357 
2293 357 136 600 
2294 603 44 43 
2295 43 602 603 
2296 643 606 368 
2297 368 834 643 
2298 657 864 429 
2299 429 164 657 
2300 671 669 346 
2301 346 666 671 
2302 690 463 457 
2303 457 288 690 
2304 707 495 306 
2305 306 122 707 
2306 722 913 320 
2307 320 724 722 
2308 759 552 336 
2309 336 198 759 
2310 762 773 569 
2311 569 770 762 
2312 767 341 566 
2313 566 563 767 
2314 945 944 768 
2315 768 568 945 
2316 773 335 125 
2317 125 343 773 
2318 832 994 634 
2319 634 933 832 
2320 851 1110 411 
2321 411 257 851 
2322 894 1036 696 
2323 696 1039 894 
2324 897 1131 698 
2325 698 1041 897 
2326 900 487 702 
2327 702 464 900 
2328 907 312 513 
2329 513 718 907 
2330 1021 866 269 
2331 269 205 1021 
2332 1063 946 772 
2333 772 200 1063 
2334 1081 1080 1075 
2335 1075 609 1081 
2336 1006 619 980 
2337 1108 1006 980 
2338 980 1090 1108 
2339 1126 881 280 
2340 280 173 1126 
2341 1194 988 826 
2342 826 989 1194 
2343 174 452 117 
2344 117 176 174 
2345 218 220 138 
2346 138 411 218 
2347 255 254 52 
2348 52 410 255 
2349 516 518 123 
2350 123 741 516 
2351 563 319 527 
2352 718 114 314 
2353 314 524 718 
2354 771 339 770 
2355 770 569 771 
2356 791 1149 352 
2357 352 572 791 
2358 1107 1005 647 
2359 647 838 1107 
2360 80 79 19 
2361 19 106 80 
2362 386 627 206 
2363 206 349 386 
2364 733 990 322 
2365 322 912 733 
2366 202 70 86 
2367 86 400 202 
2368 340 563 527 
2369 527 561 340 
2370 63 348 69 
2371 69 348 56 
vertexCoord 
1 0.000000 0.000000 
2 1.000000 0.000000 
3 1.000000 1.000000 
4 0.000000 1.000000 
5 -0.000000 0.300000 
6 0.000000 0.127893 
7 0.000000 0.073126 
8 0.000000 0.208184 
9 0.000000 0.168039 
10 0.000000 0.237417 
11 0.000000 0.259428 
12 0.000000 0.276720 
13 0.000000 0.288360 
14 0.499925 0.000000 
15 0.799919 0.000000 
16 0.899902 0.000000 
17 0.699934 0.000000 
18 0.599948 0.000000 
19 0.299905 0.000000 
20 0.399915 0.000000 
21 0.199897 0.000000 
22 0.099948 0.000000 
23 1.000000 0.499925 
24 1.000000 0.799928 
25 1.000000 0.899959 
26 1.000000 0.699897 
27 1.000000 0.599948 
28 1.000000 0.299900 
29 1.000000 0.399902 
30 1.000000 0.199897 
31 1.000000 0.099948 
32 0.495424 1.000000 
33 0.190003 1.000000 
34 0.095249 1.000000 
35 0.284104 1.000000 
36 0.358569 1.000000 
37 0.433035 1.000000 
38 0.749732 1.000000 
39 0.608691 1.000000 
40 0.549740 1.000000 
41 0.580409 1.000000 
42 0.670246 1.000000 
43 0.635332 1.000000 
44 0.655703 1.000000 
45 0.709091 1.000000 
46 0.683597 1.000000 
47 0.696350 1.000000 
48 0.721830 1.000000 
49 0.734569 1.000000 
50 0.868765 1.000000 
51 0.790330 1.000000 
52 0.770031 1.000000 
53 0.821816 1.000000 
54 0.923744 1.000000 
55 -0.000000 0.647194 
56 -0.000000 0.491039 
57 -0.000000 0.381292 
58 -0.000000 0.341430 
59 -0.000000 0.312749 
60 -0.000000 0.325497 
61 -0.000000 0.359362 
62 -0.000000 0.404441 
63 -0.000000 0.427591 
64 -0.000000 0.538458 
65 -0.000000 0.585877 
66 -0.000000 0.732741 
67 -0.000000 0.822326 
68 -0.000000 0.911163 
69 -0.000000 0.446819 
70 0.489551 0.181650 
71 0.514099 0.486028 
72 0.825760 0.457628 
73 0.229638 0.170271 
74 0.199631 0.499797 
75 0.804962 0.790571 
76 0.497980 0.798038 
77 0.043353 0.054837 
78 0.105380 0.158015 
79 0.233970 0.075572 
80 0.284471 0.106584 
81 0.350329 0.172675 
82 0.442895 0.093204 
83 0.200247 0.349343 
84 0.358268 0.499405 
85 0.530957 0.362808 
86 0.559766 0.102716 
87 0.494861 0.645946 
88 0.351842 0.651098 
89 0.665595 0.490894 
90 0.654555 0.313662 
91 0.910850 0.429586 
92 0.089576 0.464664 
93 0.652219 0.805461 
94 0.832221 0.640688 
95 0.094369 0.581009 
96 0.399415 0.909178 
97 0.850135 0.735342 
98 0.911745 0.529020 
99 0.923383 0.099764 
100 0.089132 0.915916 
101 0.910077 0.795602 
102 0.503529 0.891994 
103 0.049903 0.152384 
104 0.039282 0.194322 
105 0.081649 0.095040 
106 0.359435 0.064420 
107 0.301036 0.204677 
108 0.422914 0.182635 
109 0.211890 0.251750 
110 0.264015 0.252463 
111 0.104709 0.335186 
112 0.200155 0.426440 
113 0.423421 0.504443 
114 0.275009 0.502983 
115 0.500174 0.416606 
116 0.516186 0.286912 
117 0.431923 0.420152 
118 0.662006 0.076192 
119 0.515668 0.564350 
120 0.498953 0.722620 
121 0.425275 0.725026 
122 0.427255 0.648241 
123 0.275638 0.575550 
124 0.147999 0.672925 
125 0.348822 0.575109 
126 0.587291 0.515720 
127 0.591663 0.566435 
128 0.745563 0.477393 
129 0.742193 0.386175 
130 0.662618 0.405068 
131 0.588290 0.336146 
132 0.819631 0.360623 
133 0.047151 0.448447 
134 0.153719 0.485426 
135 0.058986 0.487057 
136 0.578880 0.795881 
137 0.647226 0.899126 
138 0.743979 0.769913 
139 0.787846 0.712958 
140 0.735471 0.709699 
141 0.917276 0.656592 
142 0.831012 0.556867 
143 0.049581 0.603375 
144 0.143363 0.543325 
145 0.313691 0.964769 
146 0.368644 0.946507 
147 0.449624 0.843375 
148 0.783332 0.215290 
149 0.864427 0.939321 
150 0.500267 0.942029 
151 0.494026 0.849841 
152 0.441140 0.904386 
153 0.556739 0.948680 
154 0.833424 0.935245 
155 0.796323 0.848417 
156 0.018613 0.206846 
157 0.016052 0.229250 
158 0.158344 0.099770 
159 0.034981 0.100656 
160 0.372009 0.123904 
161 0.157924 0.199490 
162 0.208036 0.305673 
163 0.246326 0.298603 
164 0.043411 0.338315 
165 0.152389 0.350108 
166 0.101925 0.410377 
167 0.199193 0.459271 
168 0.200855 0.381259 
169 0.457694 0.497241 
170 0.392428 0.493336 
171 0.237710 0.500013 
172 0.314619 0.500315 
173 0.239557 0.460968 
174 0.379349 0.463578 
175 0.469706 0.353246 
176 0.427701 0.473341 
177 0.364085 0.310900 
178 0.520424 0.620493 
179 0.475794 0.529366 
180 0.502559 0.758955 
181 0.503796 0.675499 
182 0.460740 0.765060 
183 0.417669 0.813673 
184 0.387211 0.687067 
185 0.462796 0.721764 
186 0.466966 0.646796 
187 0.391039 0.645243 
188 0.423970 0.687264 
189 0.236790 0.537191 
190 0.278639 0.537138 
191 0.310745 0.608948 
192 0.266349 0.674745 
193 0.235796 0.642687 
194 0.064108 0.728359 
195 0.095782 0.836655 
196 0.133238 0.635476 
197 0.350538 0.606756 
198 0.385117 0.611334 
199 0.314090 0.571596 
200 0.347794 0.541001 
201 0.566353 0.604073 
202 0.584223 0.220410 
203 0.581203 0.428014 
204 0.028435 0.444788 
205 0.070094 0.452245 
206 0.179358 0.489960 
207 0.125017 0.475302 
208 0.174638 0.452310 
209 0.074626 0.476596 
210 0.056876 0.467660 
211 0.019421 0.499333 
212 0.544104 0.805069 
213 0.538540 0.851438 
214 0.537086 0.764255 
215 0.619992 0.795787 
216 0.650861 0.858218 
217 0.679892 0.950293 
218 0.688919 0.784975 
219 0.689907 0.847842 
220 0.707869 0.743648 
221 0.675156 0.621631 
222 0.040139 0.550865 
223 0.176089 0.515631 
224 0.144021 0.519341 
225 0.121969 0.559047 
226 0.094971 0.486772 
227 0.075040 0.500381 
228 0.098316 0.545493 
229 0.123050 0.530170 
230 0.250283 0.950069 
231 0.425379 0.974973 
232 0.474903 0.821471 
233 0.421021 0.879647 
234 0.752059 0.296603 
235 0.828756 0.283578 
236 0.723670 0.144784 
237 0.894504 0.223402 
238 0.819999 0.136958 
239 0.939082 0.864246 
240 0.856782 0.883581 
241 0.923325 0.936397 
242 0.879243 0.967672 
243 0.498851 0.914726 
244 0.503678 0.825963 
245 0.487784 0.872201 
246 0.454324 0.872709 
247 0.475628 0.897277 
248 0.427451 0.938746 
249 0.522132 0.925544 
250 0.597171 0.922687 
251 0.531224 0.948186 
252 0.572386 0.984461 
253 0.549569 0.969505 
254 0.790486 0.981594 
255 0.772703 0.976065 
256 0.843656 0.810703 
257 0.762011 0.819890 
258 0.034264 0.223647 
259 0.072371 0.295067 
260 0.029684 0.246823 
261 0.111439 0.205994 
262 0.025041 0.341437 
263 0.029767 0.359508 
264 0.077455 0.340841 
265 0.170966 0.347690 
266 0.176850 0.315666 
267 0.121633 0.348642 
268 0.098150 0.440558 
269 0.077583 0.429830 
270 0.096176 0.379402 
271 0.128272 0.369542 
272 0.195309 0.482159 
273 0.206690 0.442802 
274 0.241487 0.344684 
275 0.198030 0.399763 
276 0.466318 0.458674 
277 0.217182 0.498501 
278 0.330917 0.507803 
279 0.290957 0.493751 
280 0.258364 0.471155 
281 0.237888 0.475933 
282 0.230409 0.441372 
283 0.220993 0.462181 
284 0.339048 0.453265 
285 0.435424 0.273757 
286 0.281777 0.304733 
287 0.373235 0.247167 
288 0.495736 0.778823 
289 0.505723 0.742305 
290 0.494297 0.699146 
291 0.478093 0.782377 
292 0.442838 0.743443 
293 0.483576 0.761979 
294 0.408281 0.858083 
295 0.432280 0.829539 
296 0.416734 0.772698 
297 0.364929 0.669874 
298 0.403943 0.708530 
299 0.482051 0.722964 
300 0.483196 0.709715 
301 0.446289 0.727175 
302 0.463282 0.741724 
303 0.480762 0.666291 
304 0.444173 0.653240 
305 0.371267 0.653065 
306 0.408621 0.643611 
307 0.384607 0.665356 
308 0.425985 0.706268 
309 0.427149 0.664807 
310 0.218618 0.519041 
311 0.194161 0.538275 
312 0.239741 0.518047 
313 0.255029 0.557179 
314 0.279442 0.522961 
315 0.298225 0.516265 
316 0.271777 0.554226 
317 0.257219 0.534679 
318 0.329576 0.627894 
319 0.291316 0.592494 
320 0.302798 0.663195 
321 0.282903 0.640386 
322 0.336976 0.735301 
323 0.213112 0.697968 
324 0.254205 0.607674 
325 0.190852 0.666353 
326 0.250575 0.659996 
327 0.118346 0.711347 
328 0.104791 0.765510 
329 0.167457 0.638083 
330 0.102242 0.673133 
331 0.093460 0.625516 
332 0.353299 0.630722 
333 0.332521 0.609379 
334 0.352232 0.594603 
335 0.365651 0.588154 
336 0.369186 0.605673 
337 0.410632 0.625287 
338 0.393743 0.627312 
339 0.431818 0.564973 
340 0.292190 0.577832 
341 0.308902 0.592452 
342 0.328103 0.571289 
343 0.354191 0.558360 
344 0.333386 0.553175 
345 0.521391 0.651985 
346 0.016346 0.423388 
347 0.033123 0.474410 
348 0.009957 0.446819 
349 0.189113 0.496291 
350 0.161634 0.485273 
351 0.137850 0.474825 
352 0.180294 0.435990 
353 0.185380 0.457761 
354 0.163712 0.467686 
355 0.136663 0.429278 
356 0.517774 0.796662 
357 0.559758 0.794855 
358 0.560747 0.822194 
359 0.510414 0.874273 
360 0.520560 0.852595 
361 0.536894 0.826811 
362 0.519851 0.740930 
363 0.554720 0.772058 
364 0.539177 0.785876 
365 0.521959 0.758646 
366 0.594015 0.805740 
367 0.642341 0.975464 
368 0.644752 0.921962 
369 0.650871 0.834908 
370 0.654923 0.881969 
371 0.628570 0.823738 
372 0.696432 0.975420 
373 0.657250 0.923380 
374 0.663622 0.949209 
375 0.738276 0.941732 
376 0.671983 0.866141 
377 0.665865 0.848027 
378 0.647123 0.769325 
379 0.698073 0.714216 
380 0.670448 0.552344 
381 0.760305 0.631537 
382 0.598539 0.635487 
383 0.042969 0.511432 
384 0.192731 0.507214 
385 0.157706 0.532532 
386 0.179774 0.503655 
387 0.161490 0.517274 
388 0.150601 0.494405 
389 0.129533 0.596092 
390 0.073016 0.561001 
391 0.072149 0.530230 
392 0.100824 0.512855 
393 0.179527 0.905526 
394 0.466594 0.965180 
395 0.483528 0.811682 
396 0.466232 0.792596 
397 0.471711 0.850923 
398 0.689609 0.223050 
399 0.754893 0.074410 
400 0.643855 0.153430 
401 0.842609 0.967477 
402 0.495804 0.834457 
403 0.497883 0.811643 
404 0.490252 0.823390 
405 0.620468 0.915011 
406 0.618698 0.936895 
407 0.564330 0.891409 
408 0.564233 0.933697 
409 0.514623 0.972361 
410 0.762231 0.984686 
411 0.717518 0.823189 
412 0.085388 0.316274 
413 0.062013 0.305992 
414 0.045938 0.264438 
415 0.036737 0.282607 
416 0.013973 0.251876 
417 0.110200 0.321906 
418 0.092548 0.291353 
419 0.173512 0.267529 
420 0.130759 0.243062 
421 0.075623 0.193468 
422 0.014509 0.339571 
423 0.010442 0.329850 
424 0.035628 0.343893 
425 0.036245 0.352158 
426 0.026972 0.350553 
427 0.013176 0.375931 
428 0.016320 0.358690 
429 0.055293 0.345020 
430 0.178349 0.371752 
431 0.100269 0.452728 
432 0.087883 0.445146 
433 0.097429 0.419991 
434 0.086626 0.416609 
435 0.091628 0.430849 
436 0.088032 0.358372 
437 0.100280 0.390296 
438 0.111825 0.393168 
439 0.139949 0.356720 
440 0.197448 0.474136 
441 0.197250 0.489748 
442 0.188133 0.486348 
443 0.209328 0.503594 
444 0.226178 0.494449 
445 0.207114 0.493605 
446 0.248553 0.490024 
447 0.338809 0.520751 
448 0.268315 0.489727 
449 0.235346 0.490038 
450 0.214415 0.428025 
451 0.338732 0.483659 
452 0.373557 0.422420 
453 0.403574 0.359243 
454 0.273467 0.328017 
455 0.318966 0.280106 
456 0.496847 0.787292 
457 0.499530 0.771186 
458 0.487755 0.790450 
459 0.469932 0.773374 
460 0.488081 0.780544 
461 0.434583 0.735213 
462 0.450073 0.750120 
463 0.493143 0.763283 
464 0.490988 0.752088 
465 0.471815 0.762505 
466 0.480155 0.772513 
467 0.388983 0.878893 
468 0.411614 0.835716 
469 0.464743 0.831630 
470 0.429524 0.853178 
471 0.423739 0.747370 
472 0.432186 0.755267 
473 0.407076 0.793931 
474 0.356453 0.659324 
475 0.376645 0.678462 
476 0.414974 0.717427 
477 0.398498 0.697151 
478 0.472892 0.728021 
479 0.472079 0.716873 
480 0.452369 0.700081 
481 0.437457 0.725795 
482 0.443475 0.734422 
483 0.453757 0.724531 
484 0.460811 0.752878 
485 0.453108 0.742620 
486 0.463061 0.731212 
487 0.471975 0.737557 
488 0.485397 0.683745 
489 0.379234 0.649526 
490 0.362424 0.651691 
491 0.368283 0.660330 
492 0.386127 0.673894 
493 0.376425 0.667924 
494 0.387807 0.657462 
495 0.398227 0.655506 
496 0.423163 0.714255 
497 0.415963 0.706980 
498 0.430327 0.696595 
499 0.431706 0.715459 
500 0.401889 0.687853 
501 0.408662 0.697691 
502 0.413087 0.687844 
503 0.428144 0.679185 
504 0.418176 0.677182 
505 0.211535 0.512023 
506 0.227529 0.527929 
507 0.218334 0.509523 
508 0.215696 0.538279 
509 0.172462 0.537073 
510 0.183189 0.529575 
511 0.207342 0.528197 
512 0.236170 0.510942 
513 0.252733 0.506499 
514 0.238512 0.526842 
515 0.228103 0.518303 
516 0.263690 0.568024 
517 0.246204 0.547035 
518 0.273195 0.562912 
519 0.263961 0.556434 
520 0.274607 0.546661 
521 0.247642 0.535853 
522 0.255328 0.545718 
523 0.266293 0.540132 
524 0.265826 0.528351 
525 0.335149 0.644348 
526 0.320906 0.622427 
527 0.283859 0.586022 
528 0.300850 0.605152 
529 0.330745 0.653913 
530 0.315258 0.642413 
531 0.285977 0.670174 
532 0.303379 0.623877 
533 0.272100 0.656865 
534 0.296531 0.650213 
535 0.371423 0.776576 
536 0.299692 0.704263 
537 0.360727 0.715308 
538 0.244878 0.681998 
539 0.262108 0.587479 
540 0.246892 0.575922 
541 0.276851 0.596894 
542 0.244703 0.624419 
543 0.267155 0.623139 
544 0.214531 0.643315 
545 0.164642 0.719791 
546 0.196891 0.631018 
547 0.185652 0.586529 
548 0.051565 0.668386 
549 0.346475 0.642379 
550 0.358131 0.642587 
551 0.339009 0.634153 
552 0.354453 0.617320 
553 0.321690 0.611466 
554 0.331294 0.618397 
555 0.341684 0.613035 
556 0.340270 0.602064 
557 0.426571 0.629729 
558 0.421521 0.592595 
559 0.437181 0.532732 
560 0.460217 0.557310 
561 0.285682 0.574990 
562 0.283222 0.566553 
563 0.295475 0.584515 
564 0.304894 0.575086 
565 0.309206 0.599730 
566 0.300447 0.594778 
567 0.311991 0.584010 
568 0.323008 0.584777 
569 0.387661 0.563236 
570 0.312441 0.537656 
571 0.191982 0.435229 
572 0.179909 0.446737 
573 0.190575 0.446298 
574 0.158349 0.476403 
575 0.169396 0.480433 
576 0.148300 0.475186 
577 0.177722 0.461901 
578 0.168366 0.460126 
579 0.119498 0.417603 
580 0.119443 0.430043 
581 0.134749 0.403883 
582 0.155856 0.443261 
583 0.134804 0.454094 
584 0.509127 0.804136 
585 0.512604 0.816813 
586 0.506837 0.792051 
587 0.529804 0.800683 
588 0.547346 0.835347 
589 0.556367 0.811898 
590 0.520759 0.904165 
591 0.528336 0.858357 
592 0.510491 0.851532 
593 0.506820 0.839188 
594 0.516904 0.861777 
595 0.526998 0.849039 
596 0.534027 0.813923 
597 0.548194 0.821110 
598 0.538151 0.838654 
599 0.517459 0.725532 
600 0.572777 0.812372 
601 0.573599 0.777645 
602 0.636645 0.984865 
603 0.648858 0.986866 
604 0.624615 0.985975 
605 0.646464 0.964196 
606 0.641977 0.912091 
607 0.639227 0.938913 
608 0.677500 0.823546 
609 0.608220 0.817955 
610 0.630160 0.850226 
611 0.704843 0.987405 
612 0.693168 0.988578 
613 0.687151 0.962113 
614 0.654298 0.911833 
615 0.673851 0.938743 
616 0.652291 0.954808 
617 0.799957 0.923606 
618 0.758582 0.957190 
619 0.706792 0.948224 
620 0.727943 0.979841 
621 0.664480 0.899636 
622 0.672903 0.739437 
623 0.706834 0.674932 
624 0.751839 0.559920 
625 0.551207 0.643026 
626 0.620432 0.595994 
627 0.169427 0.493115 
628 0.143974 0.486800 
629 0.153997 0.504927 
630 0.148663 0.568753 
631 0.114738 0.490165 
632 0.126792 0.506974 
633 0.163965 0.842315 
634 0.238413 0.825909 
635 0.261162 0.908350 
636 0.468322 0.927058 
637 0.468096 0.783059 
638 0.472960 0.810778 
639 0.908957 0.332832 
640 0.839619 0.062226 
641 0.481280 0.835792 
642 0.633869 0.906129 
643 0.632509 0.920364 
644 0.636964 0.890960 
645 0.607906 0.919908 
646 0.628687 0.943795 
647 0.605512 0.931979 
648 0.619120 0.926072 
649 0.591543 0.957551 
650 0.557940 0.865465 
651 0.579395 0.901301 
652 0.538585 0.913280 
653 0.573090 0.963128 
654 0.578738 0.930133 
655 0.811748 0.960348 
656 0.734728 0.892852 
657 0.052480 0.330183 
658 0.039474 0.326496 
659 0.044939 0.241513 
660 0.019076 0.284936 
661 0.026751 0.268025 
662 0.133553 0.335653 
663 0.068720 0.275163 
664 0.010043 0.348201 
665 0.008751 0.318206 
666 0.014231 0.398460 
667 0.044283 0.349296 
668 0.075723 0.329226 
669 0.035200 0.431333 
670 0.059203 0.415690 
671 0.028950 0.410556 
672 0.076394 0.388177 
673 0.091955 0.368244 
674 0.084989 0.351576 
675 0.098583 0.353478 
676 0.106228 0.401482 
677 0.118588 0.382201 
678 0.108567 0.369085 
679 0.105888 0.383001 
680 0.157835 0.362799 
681 0.189497 0.478302 
682 0.204232 0.482303 
683 0.224512 0.481232 
684 0.210413 0.414949 
685 0.311584 0.475583 
686 0.301908 0.448701 
687 0.226958 0.377280 
688 0.486955 0.800877 
689 0.477295 0.791835 
690 0.490037 0.771388 
691 0.462539 0.815840 
692 0.424831 0.736814 
693 0.420919 0.758147 
694 0.442199 0.752878 
695 0.433543 0.745274 
696 0.438736 0.796409 
697 0.416113 0.728656 
698 0.471742 0.680917 
699 0.460482 0.705049 
700 0.441249 0.697272 
701 0.453829 0.733614 
702 0.485434 0.736428 
703 0.377937 0.658944 
704 0.446834 0.707544 
705 0.419666 0.697107 
706 0.407290 0.679379 
707 0.409793 0.664101 
708 0.203566 0.509851 
709 0.204421 0.538710 
710 0.226153 0.537812 
711 0.217376 0.528321 
712 0.170205 0.526424 
713 0.187964 0.516989 
714 0.208920 0.518667 
715 0.196754 0.528047 
716 0.227279 0.505289 
717 0.266393 0.548634 
718 0.264961 0.516890 
719 0.341099 0.652175 
720 0.346176 0.659643 
721 0.326100 0.646767 
722 0.318517 0.656039 
723 0.326600 0.637551 
724 0.306886 0.650619 
725 0.311716 0.617909 
726 0.312591 0.625793 
727 0.301753 0.614309 
728 0.295176 0.630612 
729 0.307887 0.633186 
730 0.288062 0.656167 
731 0.387668 0.790747 
732 0.393657 0.771488 
733 0.349147 0.759591 
734 0.281954 0.687803 
735 0.303940 0.683334 
736 0.317423 0.719436 
737 0.374803 0.700073 
738 0.366819 0.690778 
739 0.380616 0.710497 
740 0.351182 0.723962 
741 0.266996 0.579439 
742 0.255850 0.595121 
743 0.251438 0.566865 
744 0.252765 0.586191 
745 0.232425 0.556959 
746 0.266058 0.598514 
747 0.285073 0.596424 
748 0.270989 0.608263 
749 0.283418 0.625090 
750 0.258512 0.640176 
751 0.224957 0.665386 
752 0.237593 0.715313 
753 0.221369 0.624793 
754 0.188800 0.563891 
755 0.178728 0.610540 
756 0.160943 0.590500 
757 0.206432 0.604248 
758 0.369222 0.644991 
759 0.371144 0.623101 
760 0.341553 0.623587 
761 0.421091 0.614826 
762 0.388722 0.589313 
763 0.403135 0.610954 
764 0.476157 0.614473 
765 0.280818 0.556718 
766 0.293396 0.569146 
767 0.304342 0.586168 
768 0.316377 0.593983 
769 0.336657 0.587966 
770 0.407426 0.571328 
771 0.408743 0.550312 
772 0.368666 0.550139 
773 0.370077 0.571226 
774 0.320923 0.519574 
775 0.330671 0.534431 
776 0.295282 0.536269 
777 0.311178 0.554244 
778 0.192199 0.412943 
779 0.181102 0.479058 
780 0.110678 0.411069 
781 0.109254 0.422618 
782 0.127922 0.422922 
783 0.102487 0.432357 
784 0.129098 0.433310 
785 0.135395 0.416905 
786 0.126254 0.410535 
787 0.135472 0.387740 
788 0.168751 0.403715 
789 0.123862 0.397096 
790 0.165512 0.448340 
791 0.172211 0.442098 
792 0.159014 0.455993 
793 0.145919 0.436787 
794 0.137058 0.441857 
795 0.124209 0.444275 
796 0.112937 0.451553 
797 0.142382 0.464445 
798 0.132667 0.466118 
799 0.525597 0.819962 
800 0.504187 0.780979 
801 0.524092 0.788493 
802 0.503924 0.861925 
803 0.518605 0.843801 
804 0.513769 0.701768 
805 0.567410 0.848728 
806 0.594572 0.784120 
807 0.662076 0.991764 
808 0.632080 0.976021 
809 0.650399 0.944180 
810 0.648014 0.932373 
811 0.715309 0.991861 
812 0.680081 0.991578 
813 0.672808 0.958963 
814 0.686506 0.975489 
815 0.651376 0.975002 
816 0.762841 0.933824 
817 0.782720 0.955438 
818 0.694910 0.954294 
819 0.699584 0.965546 
820 0.725627 0.990559 
821 0.716423 0.982498 
822 0.716142 0.958033 
823 0.738367 0.989189 
824 0.670102 0.914805 
825 0.613001 0.760862 
826 0.535711 0.679364 
827 0.166709 0.504864 
828 0.159348 0.494669 
829 0.166050 0.551609 
830 0.131702 0.489060 
831 0.141848 0.500251 
832 0.290685 0.789453 
833 0.322539 0.856985 
834 0.638826 0.929178 
835 0.636746 0.872867 
836 0.624348 0.899244 
837 0.639992 0.952116 
838 0.609162 0.942565 
839 0.588533 0.971826 
840 0.548092 0.859627 
841 0.537591 0.864903 
842 0.584172 0.917023 
843 0.569286 0.919805 
844 0.570384 0.898176 
845 0.598388 0.912742 
846 0.544491 0.931023 
847 0.553609 0.893169 
848 0.580083 0.946502 
849 0.736547 0.919190 
850 0.765957 0.906922 
851 0.743593 0.857455 
852 0.694461 0.892586 
853 0.032591 0.334880 
854 0.047418 0.314347 
855 0.035657 0.305627 
856 0.058045 0.222976 
857 0.007425 0.294033 
858 0.006803 0.283073 
859 0.011353 0.270316 
860 0.153234 0.325704 
861 0.123457 0.304280 
862 0.083465 0.263207 
863 0.018577 0.347690 
864 0.065110 0.335734 
865 0.063910 0.320724 
866 0.068460 0.418234 
867 0.076360 0.413145 
868 0.052987 0.403089 
869 0.032742 0.366425 
870 0.047007 0.371329 
871 0.044103 0.386923 
872 0.037140 0.396625 
873 0.084429 0.378866 
874 0.078231 0.370051 
875 0.089989 0.388911 
876 0.065277 0.393935 
877 0.090409 0.342782 
878 0.186357 0.468643 
879 0.210294 0.473839 
880 0.214919 0.487321 
881 0.274932 0.455165 
882 0.331525 0.421435 
883 0.284343 0.472347 
884 0.217506 0.399348 
885 0.285775 0.362112 
886 0.267002 0.411466 
887 0.475180 0.801769 
888 0.463390 0.803290 
889 0.451027 0.758514 
890 0.452972 0.794096 
891 0.456626 0.783901 
892 0.450207 0.807122 
893 0.430602 0.775276 
894 0.425009 0.799807 
895 0.458244 0.667382 
896 0.469679 0.705686 
897 0.462657 0.693924 
898 0.462175 0.712182 
899 0.435921 0.684595 
900 0.475412 0.749309 
901 0.455067 0.708093 
902 0.443640 0.717548 
903 0.436624 0.706781 
904 0.397761 0.676483 
905 0.394054 0.665467 
906 0.199546 0.518161 
907 0.252376 0.523880 
908 0.318803 0.631544 
909 0.300773 0.641238 
910 0.393091 0.814680 
911 0.407071 0.758014 
912 0.359271 0.741618 
913 0.317895 0.670333 
914 0.334812 0.714185 
915 0.368081 0.706902 
916 0.364337 0.697912 
917 0.367185 0.680715 
918 0.356989 0.676627 
919 0.373251 0.717988 
920 0.393292 0.714692 
921 0.391297 0.704503 
922 0.257315 0.577320 
923 0.223913 0.548023 
924 0.240180 0.565604 
925 0.243407 0.556834 
926 0.234815 0.547309 
927 0.272240 0.587455 
928 0.291724 0.600733 
929 0.282886 0.604686 
930 0.292797 0.619859 
931 0.281488 0.615185 
932 0.274767 0.709928 
933 0.252688 0.763743 
934 0.198941 0.549590 
935 0.208831 0.562314 
936 0.170022 0.572256 
937 0.154829 0.613194 
938 0.232584 0.607709 
939 0.378371 0.637608 
940 0.366033 0.635802 
941 0.457957 0.584141 
942 0.442360 0.611149 
943 0.447247 0.633938 
944 0.317105 0.602816 
945 0.327508 0.599955 
946 0.387599 0.542852 
947 0.402578 0.525478 
948 0.291123 0.549431 
949 0.303825 0.560290 
950 0.174442 0.469641 
951 0.105338 0.442868 
952 0.145598 0.373788 
953 0.151076 0.408457 
954 0.184880 0.388722 
955 0.160034 0.377759 
956 0.177305 0.413368 
957 0.162641 0.426072 
958 0.116391 0.405159 
959 0.153159 0.465229 
960 0.123278 0.461925 
961 0.112845 0.437145 
962 0.529625 0.830748 
963 0.517947 0.830919 
964 0.521489 0.808696 
965 0.511302 0.771697 
966 0.514903 0.784696 
967 0.524675 0.775718 
968 0.528697 0.839959 
969 0.570532 0.829189 
970 0.568290 0.871827 
971 0.557420 0.854456 
972 0.600948 0.851111 
973 0.556889 0.844179 
974 0.660770 0.935375 
975 0.670886 0.989725 
976 0.661772 0.958326 
977 0.682930 0.983044 
978 0.677798 0.967877 
979 0.658014 0.980844 
980 0.689324 0.938942 
981 0.707125 0.973478 
982 0.723693 0.950837 
983 0.706714 0.960644 
984 0.717137 0.970228 
985 0.753267 0.987786 
986 0.671485 0.924367 
987 0.634492 0.728944 
988 0.532399 0.708446 
989 0.564822 0.666753 
990 0.326445 0.751493 
991 0.323935 0.772601 
992 0.359538 0.856544 
993 0.301440 0.893216 
994 0.301434 0.824134 
995 0.629628 0.932278 
996 0.634711 0.965627 
997 0.617454 0.948515 
998 0.615067 0.958750 
999 0.601514 0.987116 
1000 0.525286 0.870602 
1001 0.571338 0.907832 
1002 0.608483 0.910706 
1003 0.590772 0.903127 
1004 0.558152 0.884679 
1005 0.590498 0.931918 
1006 0.711312 0.928272 
1007 0.796972 0.888608 
1008 0.765840 0.880512 
1009 0.676282 0.886852 
1010 0.684059 0.904756 
1011 0.693273 0.871497 
1012 0.708241 0.911434 
1013 0.021526 0.332135 
1014 0.033049 0.315827 
1015 0.024150 0.316765 
1016 0.065264 0.250265 
1017 0.008221 0.306342 
1018 0.144996 0.287736 
1019 0.106209 0.263330 
1020 0.090475 0.234292 
1021 0.055234 0.429476 
1022 0.075730 0.401043 
1023 0.024607 0.370177 
1024 0.041522 0.359085 
1025 0.081451 0.360983 
1026 0.096077 0.399318 
1027 0.055034 0.384259 
1028 0.074277 0.377806 
1029 0.086737 0.332862 
1030 0.341347 0.375175 
1031 0.227231 0.419023 
1032 0.275403 0.432238 
1033 0.241245 0.403201 
1034 0.459611 0.774768 
1035 0.449104 0.823031 
1036 0.426181 0.786274 
1037 0.430503 0.765853 
1038 0.442354 0.783364 
1039 0.435228 0.810679 
1040 0.447955 0.677993 
1041 0.477828 0.695522 
1042 0.453476 0.715611 
1043 0.415008 0.749375 
1044 0.392987 0.736964 
1045 0.326976 0.662907 
1046 0.319358 0.700537 
1047 0.348063 0.707952 
1048 0.377532 0.690027 
1049 0.352270 0.668387 
1050 0.359932 0.684692 
1051 0.366861 0.728165 
1052 0.405385 0.721116 
1053 0.224679 0.589371 
1054 0.291916 0.609987 
1055 0.261679 0.693566 
1056 0.296792 0.725594 
1057 0.206492 0.791281 
1058 0.206890 0.744760 
1059 0.184642 0.545145 
1060 0.221436 0.558932 
1061 0.212795 0.549205 
1062 0.243927 0.595050 
1063 0.370878 0.524709 
1064 0.290477 0.560428 
1065 0.143085 0.412082 
1066 0.152028 0.388302 
1067 0.181704 0.401199 
1068 0.169067 0.390294 
1069 0.173084 0.424390 
1070 0.163081 0.436484 
1071 0.154184 0.430898 
1072 0.163365 0.413637 
1073 0.146885 0.451667 
1074 0.109124 0.469853 
1075 0.589144 0.826845 
1076 0.576847 0.839937 
1077 0.566835 0.881195 
1078 0.568856 0.860722 
1079 0.613193 0.856766 
1080 0.589526 0.842012 
1081 0.609380 0.837665 
1082 0.565911 0.838912 
1083 0.557877 0.832529 
1084 0.547806 0.847622 
1085 0.656786 0.964787 
1086 0.667059 0.966449 
1087 0.678795 0.976851 
1088 0.728477 0.966872 
1089 0.755419 0.974945 
1090 0.680618 0.931032 
1091 0.567765 0.759316 
1092 0.666684 0.693619 
1093 0.533675 0.736874 
1094 0.612646 0.682554 
1095 0.350754 0.783957 
1096 0.388306 0.846385 
1097 0.367513 0.824433 
1098 0.267419 0.869020 
1099 0.307321 0.928275 
1100 0.619841 0.970853 
1101 0.605858 0.952882 
1102 0.625959 0.956609 
1103 0.522166 0.885732 
1104 0.562234 0.900928 
1105 0.613504 0.902936 
1106 0.557352 0.875329 
1107 0.597788 0.943040 
1108 0.687812 0.922077 
1109 0.715180 0.879997 
1110 0.711894 0.855996 
1111 0.029872 0.296285 
1112 0.054309 0.286296 
1113 0.016902 0.312088 
1114 0.026077 0.307875 
1115 0.017869 0.322259 
1116 0.027928 0.325025 
1117 0.083404 0.407230 
1118 0.066336 0.407523 
1119 0.027035 0.389779 
1120 0.074041 0.352923 
1121 0.063122 0.355222 
1122 0.086582 0.397406 
1123 0.065840 0.381182 
1124 0.310903 0.326840 
1125 0.304705 0.401685 
1126 0.254644 0.447953 
1127 0.261195 0.383405 
1128 0.441310 0.762035 
1129 0.450273 0.775953 
1130 0.449607 0.689220 
1131 0.457488 0.681452 
1132 0.440264 0.671201 
1133 0.415732 0.739343 
1134 0.377172 0.740637 
1135 0.391630 0.751360 
1136 0.405082 0.732659 
1137 0.336144 0.661694 
1138 0.339107 0.682273 
1139 0.394351 0.725260 
1140 0.205876 0.579672 
1141 0.220784 0.571784 
1142 0.234088 0.575001 
1143 0.315670 0.736047 
1144 0.157094 0.783385 
1145 0.152979 0.418855 
1146 0.144983 0.399968 
1147 0.157720 0.400606 
1148 0.185836 0.424727 
1149 0.169831 0.432726 
1150 0.574313 0.890614 
1151 0.601130 0.882238 
1152 0.579329 0.852947 
1153 0.661850 0.973843 
1154 0.675110 0.983072 
1155 0.740875 0.961420 
1156 0.740800 0.976946 
1157 0.553940 0.746897 
1158 0.595065 0.728285 
1159 0.328658 0.798551 
1160 0.370470 0.799244 
1161 0.349697 0.895657 
1162 0.603726 0.966496 
1163 0.536560 0.894958 
1164 0.551400 0.905111 
1165 0.547736 0.870956 
1166 0.044334 0.298526 
1167 0.017929 0.300260 
1168 0.091723 0.407945 
1169 0.070791 0.362480 
1170 0.067806 0.371254 
1171 0.051716 0.359674 
1172 0.249196 0.426822 
1173 0.441089 0.771640 
1174 0.450857 0.768057 
1175 0.382775 0.718920 
1176 0.373717 0.756878 
1177 0.348214 0.676114 
1178 0.351499 0.683832 
1179 0.341205 0.669450 
1180 0.229793 0.565417 
1181 0.243477 0.584236 
1182 0.296920 0.753277 
1183 0.272224 0.734007 
1184 0.144704 0.424134 
1185 0.595713 0.892597 
1186 0.589161 0.880936 
1187 0.601519 0.861430 
1188 0.607462 0.870798 
1189 0.606958 0.894071 
1190 0.671207 0.975071 
1191 0.666628 0.982336 
1192 0.586356 0.758671 
1193 0.572373 0.740283 
1194 0.558738 0.708245 
1195 0.352373 0.805074 
1196 0.547707 0.882628 
1197 0.536174 0.878296 
1198 0.555049 0.918819 
1199 0.067004 0.345948 
1200 0.056924 0.371610 
1201 0.380445 0.728135 
1202 0.404727 0.744689 
1203 0.357166 0.691509 
1204 0.330967 0.671850 
1205 0.584489 0.891559 
1206 0.577378 0.880600 
1207 0.581298 0.867894 
1208 0.591278 0.857676 
1209 0.624875 0.886435 
1210 0.616410 0.893994 
1211 0.602303 0.902697 
1212 0.338676 0.827620 
1213 0.062072 0.364048 
1214 0.357690 0.702392 
1215 0.324512 0.684314 
1216 0.595308 0.870162 
1217 0.621065 0.870221 
1218 0.612820 0.883471 
1219 0.562297 0.909999 
1220 0.348163 0.694309 
1221 0.335669 0.697262 
BC_Tag
1 93
2 15
3 10
4 5
5 2
6 101
7 101
8 101
9 101
10 101
11 101
12 101
13 101
14 21
15 21
16 21
17 21
18 21
19 21
20 21
21 21
22 21
23 16
24 16
25 16
26 16
27 16
28 16
29 16
30 16
31 16
32 11
33 11
34 11
35 11
36 11
37 11
38 11
39 11
40 11
41 11
42 11
43 11
44 11
45 11
46 11
47 11
48 11
49 11
50 11
51 11
52 11
53 11
54 11
55 6
56 6
57 6
58 6
59 6
60 6
61 6
62 6
63 6
64 6
65 6
66 6
67 6
68 6
69 6
70 39
71 39
72 39
73 39
74 39
75 39
76 39
77 39
78 39
79 39
80 39
81 39
82 39
83 39
84 39
85 39
86 39
87 39
88 39
89 39
90 39
91 39
92 39
93 39
94 39
95 39
96 39
97 39
98 39
99 39
100 39
101 39
102 39
103 39
104 39
105 39
106 39
107 39
108 39
109 39
110 39
111 39
112 39
113 39
114 39
115 39
116 39
117 39
118 39
119 39
120 39
121 39
122 39
123 39
124 39
125 39
126 39
127 39
128 39
129 39
130 39
131 39
132 39
133 39
134 39
135 39
136 39
137 39
138 39
139 39
140 39
141 39
142 39
143 39
144 39
145 39
146 39
147 39
148 39
149 39
150 39
151 39
152 39
153 39
154 39
155 39
156 39
157 39
158 39
159 39
160 39
161 39
162 39
163 39
164 39
165 39
166 39
167 39
168 39
169 39
170 39
171 39
172 39
173 39
174 39
175 39
176 39
177 39
178 39
179 39
180 39
181 39
182 39
183 39
184 39
185 39
186 39
187 39
188 39
189 39
190 39
191 39
192 39
193 39
194 39
195 39
196 39
197 39
198 39
199 39
200 39
201 39
202 39
203 39
204 39
205 39
206 39
207 39
208 39
209 39
210 39
211 39
212 39
213 39
214 39
215 39
216 39
217 39
218 39
219 39
220 39
221 39
222 39
223 39
224 39
225 39
226 39
227 39
228 39
229 39
230 39
231 39
232 39
233 39
234 39
235 39
236 39
237 39
238 39
239 39
240 39
241 39
242 39
243 39
244 39
245 39
246 39
247 39
248 39
249 39
250 39
251 39
252 39
253 39
254 39
255 39
256 39
257 39
258 39
259 39
260 39
261 39
262 39
263 39
264 39
265 39
266 39
267 39
268 39
269 39
270 39
271 39
272 39
273 39
274 39
275 39
276 39
277 39
278 39
279 39
280 39
281 39
282 39
283 39
284 39
285 39
286 39
287 39
288 39
289 39
290 39
291 39
292 39
293 39
294 39
295 39
296 39
297 39
298 39
299 39
300 39
301 39
302 39
303 39
304 39
305 39
306 39
307 39
308 39
309 39
310 39
311 39
312 39
313 39
314 39
315 39
316 39
317 39
318 39
319 39
320 39
321 39
322 39
323 39
324 39
325 39
326 39
327 39
328 39
329 39
330 39
331 39
332 39
333 39
334 39
335 39
336 39
337 39
338 39
339 39
340 39
341 39
342 39
343 39
344 39
345 39
346 39
347 39
348 39
349 39
350 39
351 39
352 39
353 39
354 39
355 39
356 39
357 39
358 39
359 39
360 39
361 39
362 39
363 39
364 39
365 39
366 39
367 39
368 39
369 39
370 39
371 39
372 39
373 39
374 39
375 39
376 39
377 39
378 39
379 39
380 39
381 39
382 39
383 39
384 39
385 39
386 39
387 39
388 39
389 39
390 39
391 39
392 39
393 39
394 39
395 39
396 39
397 39
398 39
399 39
400 39
401 39
402 39
403 39
404 39
405 39
406 39
407 39
408 39
409 39
410 39
411 39
412 39
413 39
414 39
415 39
416 39
417 39
418 39
419 39
420 39
421 39
422 39
423 39
424 39
425 39
426 39
427 39
428 39
429 39
430 39
431 39
432 39
433 39
434 39
435 39
436 39
437 39
438 39
439 39
440 39
441 39
442 39
443 39
444 39
445 39
446 39
447 39
448 39
449 39
450 39
451 39
452 39
453 39
454 39
455 39
456 39
457 39
458 39
459 39
460 39
461 39
462 39
463 39
464 39
465 39
466 39
467 39
468 39
469 39
470 39
471 39
472 39
473 39
474 39
475 39
476 39
477 39
478 39
479 39
480 39
481 39
482 39
483 39
484 39
485 39
486 39
487 39
488 39
489 39
490 39
491 39
492 39
493 39
494 39
495 39
496 39
497 39
498 39
499 39
500 39
501 39
502 39
503 39
504 39
505 39
506 39
507 39
508 39
509 39
510 39
511 39
512 39
513 39
514 39
515 39
516 39
517 39
518 39
519 39
520 39
521 39
522 39
523 39
524 39
525 39
526 39
527 39
528 39
529 39
530 39
531 39
532 39
533 39
534 39
535 39
536 39
537 39
538 39
539 39
540 39
541 39
542 39
543 39
544 39
545 39
546 39
547 39
548 39
549 39
550 39
551 39
552 39
553 39
554 39
555 39
556 39
557 39
558 39
559 39
560 39
561 39
562 39
563 39
564 39
565 39
566 39
567 39
568 39
569 39
570 39
571 39
572 39
573 39
574 39
575 39
576 39
577 39
578 39
579 39
580 39
581 39
582 39
583 39
584 39
585 39
586 39
587 39
588 39
589 39
590 39
591 39
592 39
593 39
594 39
595 39
596 39
597 39
598 39
599 39
600 39
601 39
602 39
603 39
604 39
605 39
606 39
607 39
608 39
609 39
610 39
611 39
612 39
613 39
614 39
615 39
616 39
617 39
618 39
619 39
620 39
621 39
622 39
623 39
624 39
625 39
626 39
627 39
628 39
629 39
630 39
631 39
632 39
633 39
634 39
635 39
636 39
637 39
638 39
639 39
640 39
641 39
642 39
643 39
644 39
645 39
646 39
647 39
648 39
649 39
650 39
651 39
652 39
653 39
654 39
655 39
656 39
657 39
658 39
659 39
660 39
661 39
662 39
663 39
664 39
665 39
666 39
667 39
668 39
669 39
670 39
671 39
672 39
673 39
674 39
675 39
676 39
677 39
678 39
679 39
680 39
681 39
682 39
683 39
684 39
685 39
686 39
687 39
688 39
689 39
690 39
691 39
692 39
693 39
694 39
695 39
696 39
697 39
698 39
699 39
700 39
701 39
702 39
703 39
704 39
705 39
706 39
707 39
708 39
709 39
710 39
711 39
712 39
713 39
714 39
715 39
716 39
717 39
718 39
719 39
720 39
721 39
722 39
723 39
724 39
725 39
726 39
727 39
728 39
729 39
730 39
731 39
732 39
733 39
734 39
735 39
736 39
737 39
738 39
739 39
740 39
741 39
742 39
743 39
744 39
745 39
746 39
747 39
748 39
749 39
750 39
751 39
752 39
753 39
754 39
755 39
756 39
757 39
758 39
759 39
760 39
761 39
762 39
763 39
764 39
765 39
766 39
767 39
768 39
769 39
770 39
771 39
772 39
773 39
774 39
775 39
776 39
777 39
778 39
779 39
780 39
781 39
782 39
783 39
784 39
785 39
786 39
787 39
788 39
789 39
790 39
791 39
792 39
793 39
794 39
795 39
796 39
797 39
798 39
799 39
800 39
801 39
802 39
803 39
804 39
805 39
806 39
807 39
808 39
809 39
810 39
811 39
812 39
813 39
814 39
815 39
816 39
817 39
818 39
819 39
820 39
821 39
822 39
823 39
824 39
825 39
826 39
827 39
828 39
829 39
830 39
831 39
832 39
833 39
834 39
835 39
836 39
837 39
838 39
839 39
840 39
841 39
842 39
843 39
844 39
845 39
846 39
847 39
848 39
849 39
850 39
851 39
852 39
853 39
854 39
855 39
856 39
857 39
858 39
859 39
860 39
861 39
862 39
863 39
864 39
865 39
866 39
867 39
868 39
869 39
870 39
871 39
872 39
873 39
874 39
875 39
876 39
877 39
878 39
879 39
880 39
881 39
882 39
883 39
884 39
885 39
886 39
887 39
888 39
889 39
890 39
891 39
892 39
893 39
894 39
895 39
896 39
897 39
898 39
899 39
900 39
901 39
902 39
903 39
904 39
905 39
906 39
907 39
908 39
909 39
910 39
911 39
912 39
913 39
914 39
915 39
916 39
917 39
918 39
919 39
920 39
921 39
922 39
923 39
924 39
925 39
926 39
927 39
928 39
929 39
930 39
931 39
932 39
933 39
934 39
935 39
936 39
937 39
938 39
939 39
940 39
941 39
942 39
943 39
944 39
945 39
946 39
947 39
948 39
949 39
950 39
951 39
952 39
953 39
954 39
955 39
956 39
957 39
958 39
959 39
960 39
961 39
962 39
963 39
964 39
965 39
966 39
967 39
968 39
969 39
970 39
971 39
972 39
973 39
974 39
975 39
976 39
977 39
978 39
979 39
980 39
981 39
982 39
983 39
984 39
985 39
986 39
987 39
988 39
989 39
990 39
991 39
992 39
993 39
994 39
995 39
996 39
997 39
998 39
999 39
1000 39
1001 39
1002 39
1003 39
1004 39
1005 39
1006 39
1007 39
1008 39
1009 39
1010 39
1011 39
1012 39
1013 39
1014 39
1015 39
1016 39
1017 39
1018 39
1019 39
1020 39
1021 39
1022 39
1023 39
1024 39
1025 39
1026 39
1027 39
1028 39
1029 39
1030 39
1031 39
1032 39
1033 39
1034 39
1035 39
1036 39
1037 39
1038 39
1039 39
1040 39
1041 39
1042 39
1043 39
1044 39
1045 39
1046 39
1047 39
1048 39
1049 39
1050 39
1051 39
1052 39
1053 39
1054 39
1055 39
1056 39
1057 39
1058 39
1059 39
1060 39
1061 39
1062 39
1063 39
1064 39
1065 39
1066 39
1067 39
1068 39
1069 39
1070 39
1071 39
1072 39
1073 39
1074 39
1075 39
1076 39
1077 39
1078 39
1079 39
1080 39
1081 39
1082 39
1083 39
1084 39
1085 39
1086 39
1087 39
1088 39
1089 39
1090 39
1091 39
1092 39
1093 39
1094 39
1095 39
1096 39
1097 39
1098 39
1099 39
1100 39
1101 39
1102 39
1103 39
1104 39
1105 39
1106 39
1107 39
1108 39
1109 39
1110 39
1111 39
1112 39
1113 39
1114 39
1115 39
1116 39
1117 39
1118 39
1119 39
1120 39
1121 39
1122 39
1123 39
1124 39
1125 39
1126 39
1127 39
1128 39
1129 39
1130 39
1131 39
1132 39
1133 39
1134 39
1135 39
1136 39
1137 39
1138 39
1139 39
1140 39
1141 39
1142 39
1143 39
1144 39
1145 39
1146 39
1147 39
1148 39
1149 39
1150 39
1151 39
1152 39
1153 39
1154 39
1155 39
1156 39
1157 39
1158 39
1159 39
1160 39
1161 39
1162 39
1163 39
1164 39
1165 39
1166 39
1167 39
1168 39
1169 39
1170 39
1171 39
1172 39
1173 39
1174 39
1175 39
1176 39
1177 39
1178 39
1179 39
1180 39
1181 39
1182 39
1183 39
1184 39
1185 39
1186 39
1187 39
1188 39
1189 39
1190 39
1191 39
1192 39
1193 39
1194 39
1195 39
1196 39
1197 39
1198 39
1199 39
1200 39
1201 39
1202 39
1203 39
1204 39
1205 39
1206 39
1207 39
1208 39
1209 39
1210 39
1211 39
1212 39
1213 39
1214 39
1215 39
1216 39
1217 39
1218 39
1219 39
1220 39
1221 39
BCelement14 0 
BCelement6 16 
1232 
518 
250 
517 
254 
520 
171 
86 
88 
46 
1839 
73 
1825 
14 
2370 
2371 
BCelement24 0 
BCelement11 24 
15 
1823 
98 
47 
100 
210 
234 
117 
1191 
434 
2294 
773 
781 
446 
444 
780 
797 
804 
2231 
1857 
2193 
226 
110 
16 
