Edge min = 0.005535, max=0.136347, average=0.028174;
Grid_size 1860
Node_size 962
Solution_Order 1
meshIEN 
1 70 7 1 
2 70 1 21 
3 73 20 18 
4 73 71 20 
5 75 19 13 
6 63 75 79 
7 79 13 17 
8 79 75 13 
9 85 28 22 
10 90 25 23 
11 91 22 26 
12 65 85 91 
13 91 85 22 
14 92 15 2 
15 92 2 30 
16 93 33 4 
17 93 4 62 
18 95 90 23 
19 97 3 50 
20 97 24 3 
21 7 70 98 
22 98 6 7 
23 156 18 19 
24 156 73 18 
25 19 75 156 
26 272 75 63 
27 104 103 66 
28 66 102 104 
29 112 17 16 
30 112 79 17 
31 65 122 124 
32 83 124 125 
33 130 124 83 
34 65 124 130 
35 130 85 65 
36 87 90 134 
37 135 134 68 
38 68 133 135 
39 65 91 136 
40 137 90 87 
41 87 136 137 
42 25 90 137 
43 137 26 25 
44 137 91 26 
45 137 136 91 
46 139 138 88 
47 59 138 139 
48 139 51 59 
49 144 142 89 
50 35 142 144 
51 144 36 35 
52 15 92 145 
53 145 14 15 
54 150 148 96 
55 151 98 70 
56 152 8 9 
57 99 101 152 
58 6 98 153 
59 98 151 153 
60 153 9 6 
61 66 100 154 
62 154 100 72 
63 71 73 154 
64 156 102 73 
65 74 102 156 
66 156 272 74 
67 75 272 156 
68 66 103 157 
69 157 100 66 
70 159 158 103 
71 103 104 159 
72 172 110 78 
73 109 111 172 
74 78 109 172 
75 173 166 107 
76 173 171 111 
77 167 171 173 
78 107 167 173 
79 176 166 64 
80 191 61 60 
81 198 175 113 
82 113 121 198 
83 63 79 327 
84 199 120 64 
85 199 125 82 
86 82 120 199 
87 201 200 127 
88 201 52 57 
89 88 138 206 
90 704 202 84 
91 207 201 127 
92 207 704 129 
93 202 704 207 
94 127 202 207 
95 133 216 217 
96 217 135 133 
97 88 206 221 
98 89 142 222 
99 222 142 141 
100 36 144 227 
101 227 31 36 
102 228 112 16 
103 14 145 228 
104 228 16 14 
105 232 46 49 
106 233 50 46 
107 46 232 233 
108 233 232 234 
109 24 97 235 
110 235 234 95 
111 237 37 44 
112 68 149 238 
113 238 133 68 
114 239 47 48 
115 240 153 151 
116 240 154 72 
117 99 153 240 
118 72 99 240 
119 71 154 240 
120 240 151 71 
121 71 151 241 
122 241 70 21 
123 241 151 70 
124 20 71 241 
125 241 21 20 
126 242 12 11 
127 101 155 243 
128 243 152 101 
129 8 152 243 
130 243 10 8 
131 243 155 10 
132 100 157 244 
133 72 100 244 
134 84 202 250 
135 251 202 127 
136 105 247 254 
137 255 254 247 
138 72 244 256 
139 158 159 259 
140 64 166 261 
141 166 173 261 
142 261 111 109 
143 261 173 111 
144 170 264 265 
145 170 265 267 
146 268 167 77 
147 110 172 269 
148 63 110 269 
149 269 272 63 
150 271 159 104 
151 272 269 174 
152 288 183 80 
153 184 290 291 
154 651 290 116 
155 299 298 108 
156 108 263 299 
157 191 309 310 
158 311 308 118 
159 118 193 311 
160 312 309 191 
161 313 139 88 
162 193 312 313 
163 194 315 316 
164 318 317 195 
165 316 317 318 
166 194 316 318 
167 320 290 184 
168 119 324 325 
169 325 197 119 
170 80 175 326 
171 79 112 327 
172 336 206 138 
173 129 206 336 
174 337 206 129 
175 337 221 206 
176 338 29 27 
177 339 338 208 
178 340 130 83 
179 85 130 341 
180 130 340 341 
181 350 344 707 
182 350 349 344 
183 274 351 352 
184 177 274 352 
185 358 357 213 
186 86 357 358 
187 86 210 366 
188 366 216 86 
189 367 120 82 
190 134 135 368 
191 87 134 368 
192 370 329 67 
193 373 311 193 
194 373 313 88 
195 193 313 373 
196 377 226 143 
197 31 227 381 
198 381 39 31 
199 381 146 39 
200 382 339 208 
201 382 228 145 
202 147 379 384 
203 385 149 68 
204 385 236 149 
205 95 234 385 
206 234 236 385 
207 37 237 387 
208 387 48 37 
209 96 214 388 
210 388 238 149 
211 392 54 55 
212 392 390 54 
213 54 390 393 
214 393 56 54 
215 56 393 394 
216 394 53 56 
217 395 391 160 
218 76 248 396 
219 396 249 158 
220 397 248 76 
221 76 165 397 
222 398 157 103 
223 396 248 161 
224 161 249 396 
225 84 250 399 
226 399 204 84 
227 401 251 127 
228 127 200 401 
229 162 400 402 
230 407 404 105 
231 408 398 249 
232 410 242 155 
233 411 256 163 
234 67 329 412 
235 262 414 416 
236 77 197 418 
237 419 263 108 
238 168 415 420 
239 420 417 168 
240 421 258 106 
241 421 266 258 
242 422 418 169 
243 422 268 77 
244 77 418 422 
245 423 270 171 
246 424 172 111 
247 424 269 172 
248 174 269 424 
249 159 271 425 
250 425 259 159 
251 426 272 174 
252 429 427 69 
253 432 429 276 
254 427 429 432 
255 273 427 432 
256 436 435 278 
257 177 435 436 
258 436 274 177 
259 437 431 179 
260 438 437 278 
261 431 437 438 
262 89 222 439 
263 439 226 89 
264 439 279 226 
265 441 281 280 
266 280 281 442 
267 443 442 281 
268 281 441 444 
269 445 443 281 
270 81 289 446 
271 179 434 454 
272 454 437 179 
273 455 434 277 
274 287 454 455 
275 455 454 434 
276 287 456 457 
277 457 456 182 
278 182 284 457 
279 458 288 178 
280 275 285 458 
281 178 275 458 
282 459 446 289 
283 181 447 460 
284 461 447 282 
285 282 459 461 
286 291 460 461 
287 461 460 447 
288 115 448 462 
289 292 462 463 
290 463 462 448 
291 115 462 465 
292 465 451 115 
293 283 449 467 
294 467 466 293 
295 449 466 467 
296 293 466 468 
297 468 291 290 
298 468 460 291 
299 468 466 181 
300 181 460 468 
301 470 651 116 
302 294 657 472 
303 472 414 262 
304 475 473 295 
305 296 476 477 
306 477 417 419 
307 477 476 168 
308 168 417 477 
309 186 471 478 
310 296 478 479 
311 479 478 471 
312 186 478 485 
313 485 481 186 
314 486 485 301 
315 481 485 486 
316 488 487 301 
317 495 305 304 
318 497 495 189 
319 305 495 497 
320 505 504 685 
321 305 497 505 
322 506 309 118 
323 506 310 309 
324 311 373 507 
325 508 313 312 
326 139 313 508 
327 508 312 191 
328 51 139 508 
329 689 489 302 
330 314 489 689 
331 302 490 510 
332 510 689 302 
333 510 509 315 
334 490 509 510 
335 194 318 511 
336 511 314 194 
337 511 320 184 
338 184 289 511 
339 195 317 512 
340 512 319 195 
341 166 176 513 
342 107 166 513 
343 514 176 113 
344 514 513 176 
345 321 513 514 
346 515 491 117 
347 516 515 117 
348 117 482 516 
349 303 491 517 
350 517 515 322 
351 491 515 517 
352 188 492 519 
353 323 519 520 
354 520 519 492 
355 521 519 323 
356 521 316 315 
357 315 509 521 
358 524 331 257 
359 257 412 524 
360 524 412 329 
361 526 329 203 
362 526 524 329 
363 331 524 526 
364 527 333 205 
365 164 333 528 
366 528 527 332 
367 333 527 528 
368 529 525 331 
369 532 531 334 
370 534 530 334 
371 535 531 128 
372 334 531 535 
373 84 204 536 
374 537 372 220 
375 221 337 537 
376 337 536 537 
377 537 536 372 
378 538 338 27 
379 85 341 538 
380 28 85 538 
381 538 27 28 
382 538 341 208 
383 208 338 538 
384 539 340 83 
385 540 383 69 
386 230 383 541 
387 541 540 342 
388 383 540 541 
389 342 540 543 
390 543 540 69 
391 69 427 543 
392 147 384 544 
393 230 541 545 
394 343 544 545 
395 546 542 707 
396 547 378 231 
397 549 547 231 
398 147 544 550 
399 551 549 231 
400 552 544 343 
401 552 550 544 
402 209 553 554 
403 344 349 556 
404 557 274 114 
405 557 351 274 
406 212 558 560 
407 560 558 353 
408 353 354 560 
409 558 874 561 
410 353 558 561 
411 562 41 43 
412 564 561 355 
413 355 562 564 
414 566 357 86 
415 86 216 566 
416 567 348 210 
417 568 356 132 
418 132 359 569 
419 569 568 132 
420 360 568 569 
421 570 359 213 
422 570 569 359 
423 94 547 571 
424 573 548 209 
425 574 571 345 
426 574 573 363 
427 548 573 574 
428 345 548 574 
429 132 356 577 
430 728 359 132 
431 365 580 581 
432 582 579 365 
433 365 581 582 
434 565 579 582 
435 356 565 582 
436 582 577 356 
437 582 581 577 
438 584 368 135 
439 585 368 218 
440 218 367 585 
441 87 368 585 
442 585 136 87 
443 198 369 586 
444 218 369 587 
445 587 367 218 
446 203 371 588 
447 590 374 93 
448 93 192 590 
449 223 374 592 
450 141 223 592 
451 69 383 593 
452 593 429 69 
453 375 593 594 
454 94 229 595 
455 143 376 597 
456 224 380 597 
457 597 376 224 
458 598 380 224 
459 599 382 208 
460 208 341 599 
461 599 341 340 
462 228 382 600 
463 382 599 600 
464 600 327 112 
465 112 228 600 
466 601 44 45 
467 602 387 237 
468 133 238 603 
469 361 570 603 
470 47 239 605 
471 605 49 47 
472 239 604 605 
473 605 604 389 
474 606 390 245 
475 245 246 606 
476 606 393 390 
477 160 391 607 
478 607 409 255 
479 607 247 160 
480 607 255 247 
481 608 394 393 
482 398 408 609 
483 157 398 609 
484 609 244 157 
485 610 533 204 
486 204 399 610 
487 611 401 200 
488 200 328 611 
489 612 402 400 
490 403 405 615 
491 615 613 403 
492 617 405 403 
493 405 617 618 
494 161 406 619 
495 619 406 253 
496 105 254 620 
497 620 254 163 
498 163 609 620 
499 620 609 408 
500 621 5 12 
501 12 242 621 
502 622 391 245 
503 622 607 391 
504 409 607 622 
505 409 621 623 
506 623 621 242 
507 242 410 623 
508 253 406 625 
509 248 397 626 
510 397 624 626 
511 626 624 413 
512 161 248 626 
513 626 406 161 
514 627 412 257 
515 627 416 412 
516 265 420 628 
517 628 420 415 
518 629 260 165 
519 629 421 106 
520 106 260 629 
521 630 422 169 
522 169 263 630 
523 633 430 375 
524 429 593 635 
525 430 634 635 
526 636 438 278 
527 278 435 636 
528 276 438 636 
529 636 432 276 
530 273 432 636 
531 638 637 433 
532 440 637 638 
533 441 638 639 
534 639 638 433 
535 180 443 640 
536 443 445 640 
537 640 279 180 
538 640 376 143 
539 640 445 376 
540 444 642 641 
541 642 434 179 
542 430 633 643 
543 644 637 440 
544 115 637 644 
545 644 448 115 
546 288 458 645 
547 645 458 285 
548 285 450 645 
549 183 288 645 
550 286 453 646 
551 646 452 286 
552 274 436 647 
553 647 457 284 
554 647 284 114 
555 114 274 647 
556 648 289 184 
557 648 459 289 
558 648 461 459 
559 291 461 648 
560 184 291 648 
561 649 453 286 
562 451 465 649 
563 286 451 649 
564 185 469 651 
565 651 469 293 
566 283 467 652 
567 652 463 283 
568 652 464 292 
569 292 463 652 
570 653 645 450 
571 654 370 67 
572 655 471 186 
573 473 475 656 
574 471 655 656 
575 656 655 473 
576 294 656 657 
577 657 656 475 
578 168 476 658 
579 658 415 168 
580 658 472 262 
581 262 415 658 
582 658 479 294 
583 294 472 658 
584 297 486 659 
585 659 483 297 
586 493 661 662 
587 662 661 81 
588 81 446 662 
589 493 494 663 
590 489 661 663 
591 663 661 493 
592 664 663 494 
593 489 663 664 
594 302 489 664 
595 496 665 666 
596 188 665 667 
597 667 492 188 
598 669 668 496 
599 669 494 304 
600 305 668 669 
601 304 305 669 
602 670 497 189 
603 670 505 497 
604 504 505 670 
605 190 504 670 
606 180 279 671 
607 672 671 498 
608 180 671 672 
609 673 672 498 
610 442 672 673 
611 501 503 683 
612 684 491 303 
613 685 683 503 
614 505 685 686 
615 687 474 295 
616 194 314 689 
617 689 315 194 
618 689 510 315 
619 119 197 690 
620 107 513 690 
621 690 513 321 
622 691 514 113 
623 113 175 691 
624 691 175 80 
625 321 514 691 
626 300 484 692 
627 692 482 300 
628 692 516 482 
629 693 518 322 
630 515 516 693 
631 322 515 693 
632 694 522 196 
633 196 324 694 
634 323 522 694 
635 694 521 323 
636 316 521 694 
637 694 324 316 
638 695 522 323 
639 323 520 695 
640 696 523 299 
641 169 418 696 
642 697 418 197 
643 325 523 697 
644 197 325 697 
645 697 696 418 
646 523 696 697 
647 299 523 698 
648 699 698 523 
649 699 523 325 
650 700 526 203 
651 330 532 700 
652 203 588 700 
653 700 588 330 
654 701 624 260 
655 333 529 702 
656 702 530 205 
657 205 333 702 
658 703 535 128 
659 84 536 704 
660 704 536 337 
661 705 220 140 
662 705 537 220 
663 221 537 705 
664 273 428 706 
665 706 427 273 
666 706 543 427 
667 342 543 805 
668 805 542 342 
669 542 546 708 
670 708 545 541 
671 342 542 708 
672 708 541 342 
673 708 546 343 
674 343 545 708 
675 549 551 709 
676 345 549 709 
677 709 548 345 
678 346 553 709 
679 709 551 346 
680 147 550 710 
681 346 551 710 
682 710 550 346 
683 711 553 346 
684 550 552 711 
685 346 550 711 
686 343 546 712 
687 712 552 343 
688 713 707 344 
689 714 713 347 
690 555 713 714 
691 210 348 829 
692 131 556 829 
693 829 348 131 
694 715 275 178 
695 715 557 114 
696 114 275 715 
697 716 354 353 
698 716 43 42 
699 148 602 717 
700 719 45 41 
701 719 601 45 
702 912 558 212 
703 912 874 558 
704 348 567 720 
705 131 348 720 
706 721 360 214 
707 721 568 360 
708 722 574 363 
709 571 574 722 
710 209 554 723 
711 724 572 362 
712 725 358 213 
713 213 359 725 
714 726 567 358 
715 726 720 567 
716 358 725 726 
717 726 725 576 
718 728 725 359 
719 729 578 215 
720 215 575 729 
721 212 560 730 
722 730 565 212 
723 730 579 565 
724 39 146 732 
725 732 40 39 
726 146 229 733 
727 733 732 146 
728 210 829 735 
729 735 366 210 
730 736 715 178 
731 178 326 736 
732 330 588 737 
733 219 220 737 
734 128 330 737 
735 220 372 737 
736 140 474 738 
737 741 591 590 
738 742 595 229 
739 146 381 742 
740 742 229 146 
741 378 595 743 
742 595 742 743 
743 743 742 596 
744 743 596 225 
745 225 378 743 
746 225 596 744 
747 744 597 380 
748 744 596 377 
749 744 379 225 
750 744 380 379 
751 143 597 744 
752 744 377 143 
753 384 598 745 
754 745 594 230 
755 745 598 594 
756 746 600 599 
757 746 599 340 
758 340 539 746 
759 327 600 746 
760 746 539 123 
761 123 327 746 
762 387 602 747 
763 747 602 148 
764 148 150 747 
765 232 389 748 
766 96 236 748 
767 748 150 96 
768 748 236 234 
769 234 232 748 
770 533 610 749 
771 750 399 250 
772 401 611 751 
773 251 401 751 
774 402 612 752 
775 752 612 250 
776 202 251 752 
777 752 250 202 
778 754 395 160 
779 755 617 252 
780 252 407 755 
781 755 618 617 
782 253 618 755 
783 161 619 756 
784 756 620 408 
785 756 249 161 
786 756 408 249 
787 105 620 756 
788 756 407 105 
789 756 619 407 
790 5 621 757 
791 757 55 5 
792 758 622 245 
793 390 392 758 
794 245 390 758 
795 253 625 759 
796 759 618 253 
797 164 267 760 
798 416 627 761 
799 761 760 628 
800 270 423 763 
801 764 631 630 
802 764 762 631 
803 764 630 263 
804 263 419 764 
805 264 762 764 
806 764 419 264 
807 165 632 765 
808 765 629 165 
809 766 632 259 
810 259 425 766 
811 276 634 768 
812 768 438 276 
813 431 438 768 
814 444 641 769 
815 769 445 281 
816 281 444 769 
817 434 642 770 
818 441 639 770 
819 770 639 277 
820 277 434 770 
821 770 444 441 
822 770 642 444 
823 430 643 771 
824 771 634 430 
825 437 454 772 
826 772 647 436 
827 772 454 287 
828 278 437 772 
829 772 436 278 
830 457 647 772 
831 287 457 772 
832 773 464 185 
833 450 650 773 
834 185 653 773 
835 773 653 450 
836 453 649 774 
837 182 453 774 
838 465 650 774 
839 774 649 465 
840 775 657 475 
841 370 654 775 
842 775 654 657 
843 776 485 478 
844 301 485 776 
845 776 478 296 
846 776 488 301 
847 776 660 488 
848 777 666 490 
849 494 669 777 
850 777 664 494 
851 778 670 189 
852 190 670 778 
853 778 308 190 
854 307 308 778 
855 779 440 280 
856 307 674 781 
857 781 506 307 
858 495 675 783 
859 783 675 499 
860 783 674 189 
861 189 495 783 
862 499 675 784 
863 786 677 676 
864 282 447 787 
865 789 785 449 
866 790 681 480 
867 502 681 790 
868 790 680 501 
869 501 502 790 
870 473 655 792 
871 791 682 481 
872 481 682 792 
873 186 481 792 
874 792 655 186 
875 491 684 793 
876 793 684 503 
877 793 680 117 
878 117 491 793 
879 501 680 793 
880 793 503 501 
881 794 684 303 
882 503 684 795 
883 795 685 503 
884 795 686 685 
885 668 686 796 
886 496 668 796 
887 797 792 682 
888 473 792 797 
889 797 687 295 
890 295 473 797 
891 685 504 798 
892 507 688 799 
893 311 507 799 
894 799 688 190 
895 800 692 484 
896 187 698 800 
897 800 484 187 
898 518 693 801 
899 801 699 196 
900 196 518 801 
901 413 624 943 
902 803 700 532 
903 803 532 334 
904 526 700 803 
905 530 702 803 
906 334 530 803 
907 331 526 803 
908 533 703 372 
909 804 706 428 
910 804 428 177 
911 177 352 804 
912 543 706 805 
913 706 804 805 
914 350 707 542 
915 542 805 350 
916 350 805 806 
917 806 804 352 
918 806 352 211 
919 806 805 804 
920 147 710 807 
921 807 379 147 
922 808 711 552 
923 555 714 808 
924 552 712 808 
925 808 712 555 
926 808 714 554 
927 809 712 546 
928 546 707 809 
929 707 713 809 
930 809 713 555 
931 555 712 809 
932 148 717 810 
933 810 214 96 
934 96 148 810 
935 355 561 811 
936 563 719 812 
937 812 718 563 
938 356 568 813 
939 813 565 356 
940 357 566 814 
941 213 357 814 
942 814 570 213 
943 566 603 814 
944 814 603 570 
945 131 720 815 
946 815 347 131 
947 720 726 815 
948 816 722 363 
949 575 724 816 
950 571 722 817 
951 817 724 362 
952 722 816 817 
953 817 816 724 
954 818 816 363 
955 575 816 818 
956 363 573 819 
957 819 818 363 
958 820 727 576 
959 822 560 354 
960 823 580 365 
961 580 823 824 
962 824 823 731 
963 731 823 825 
964 362 572 827 
965 828 733 229 
966 362 827 828 
967 828 827 734 
968 94 362 828 
969 828 229 94 
970 366 735 830 
971 830 583 366 
972 715 736 831 
973 557 715 831 
974 832 586 369 
975 833 687 507 
976 589 738 833 
977 833 738 474 
978 474 687 833 
979 373 589 833 
980 833 507 373 
981 591 740 834 
982 834 592 374 
983 835 439 222 
984 835 834 740 
985 836 671 279 
986 836 835 740 
987 439 835 836 
988 279 439 836 
989 837 740 591 
990 591 739 837 
991 837 739 498 
992 498 671 837 
993 671 836 837 
994 837 836 740 
995 838 781 674 
996 310 506 839 
997 192 310 839 
998 506 781 839 
999 591 741 840 
1000 840 739 591 
1001 741 838 840 
1002 840 838 499 
1003 841 750 250 
1004 250 612 841 
1005 841 612 400 
1006 399 750 926 
1007 926 610 399 
1008 251 751 842 
1009 842 752 251 
1010 402 752 842 
1011 252 753 843 
1012 845 753 403 
1013 403 613 845 
1014 846 758 392 
1015 847 621 409 
1016 847 757 621 
1017 847 846 757 
1018 758 846 847 
1019 618 759 848 
1020 405 618 848 
1021 848 615 405 
1022 270 763 849 
1023 266 421 850 
1024 629 765 850 
1025 421 629 850 
1026 852 850 765 
1027 853 769 641 
1028 853 771 769 
1029 634 771 853 
1030 853 768 634 
1031 854 650 465 
1032 854 773 650 
1033 464 773 854 
1034 292 464 854 
1035 854 462 292 
1036 854 465 462 
1037 182 774 855 
1038 855 650 450 
1039 855 774 650 
1040 855 450 285 
1041 856 475 295 
1042 856 775 475 
1043 306 679 857 
1044 857 679 500 
1045 440 779 858 
1046 859 782 493 
1047 493 662 859 
1048 860 679 306 
1049 500 679 860 
1050 282 787 861 
1051 861 459 282 
1052 446 459 861 
1053 862 787 447 
1054 677 787 862 
1055 181 785 862 
1056 862 447 181 
1057 862 785 676 
1058 676 677 862 
1059 863 788 283 
1060 864 681 502 
1061 667 796 865 
1062 865 796 686 
1063 686 795 865 
1064 866 688 507 
1065 866 798 688 
1066 687 797 866 
1067 507 687 866 
1068 866 797 682 
1069 867 693 516 
1070 867 801 693 
1071 692 800 867 
1072 516 692 867 
1073 530 534 868 
1074 205 530 868 
1075 335 749 869 
1076 869 534 335 
1077 869 868 534 
1078 332 527 870 
1079 870 701 332 
1080 214 810 872 
1081 872 721 214 
1082 873 810 717 
1083 565 813 875 
1084 875 912 212 
1085 212 565 875 
1086 876 723 554 
1087 347 815 876 
1088 575 818 877 
1089 877 729 575 
1090 878 819 573 
1091 727 820 879 
1092 578 729 880 
1093 729 877 880 
1094 364 821 881 
1095 882 820 728 
1096 882 879 820 
1097 883 824 731 
1098 732 826 885 
1099 886 556 349 
1100 886 829 556 
1101 583 830 887 
1102 887 584 583 
1103 557 831 888 
1104 351 557 888 
1105 889 887 830 
1106 889 832 369 
1107 218 887 889 
1108 889 369 218 
1109 890 841 400 
1110 402 842 891 
1111 613 891 892 
1112 892 845 613 
1113 893 751 611 
1114 614 844 894 
1115 894 754 614 
1116 895 843 753 
1117 895 844 843 
1118 271 426 896 
1119 897 849 763 
1120 897 896 849 
1121 766 896 897 
1122 897 851 767 
1123 898 851 762 
1124 898 264 170 
1125 898 762 264 
1126 767 852 899 
1127 632 766 899 
1128 766 897 899 
1129 899 897 767 
1130 306 857 900 
1131 900 857 780 
1132 900 739 306 
1133 498 739 900 
1134 900 673 498 
1135 900 780 673 
1136 788 863 901 
1137 902 859 662 
1138 446 861 902 
1139 902 662 446 
1140 903 901 863 
1141 904 864 502 
1142 791 864 904 
1143 682 791 904 
1144 610 926 905 
1145 905 749 610 
1146 721 872 910 
1147 910 813 568 
1148 568 721 910 
1149 911 873 563 
1150 563 718 911 
1151 576 727 913 
1152 913 876 815 
1153 913 878 723 
1154 723 876 913 
1155 914 880 877 
1156 879 882 914 
1157 914 882 821 
1158 821 880 914 
1159 818 879 914 
1160 914 877 818 
1161 915 572 215 
1162 915 827 572 
1163 824 883 915 
1164 215 578 915 
1165 211 888 917 
1166 918 830 735 
1167 918 889 830 
1168 919 890 616 
1169 615 848 919 
1170 919 616 615 
1171 845 892 920 
1172 751 893 921 
1173 922 53 394 
1174 328 53 922 
1175 851 898 923 
1176 850 852 923 
1177 923 852 767 
1178 767 851 923 
1179 266 850 923 
1180 788 901 924 
1181 924 780 678 
1182 678 789 924 
1183 924 789 788 
1184 924 858 780 
1185 859 902 925 
1186 925 787 677 
1187 784 859 925 
1188 677 784 925 
1189 925 861 787 
1190 925 902 861 
1191 750 906 926 
1192 841 890 927 
1193 927 906 750 
1194 750 841 927 
1195 928 759 625 
1196 928 907 759 
1197 869 908 929 
1198 868 869 929 
1199 802 868 929 
1200 930 906 871 
1201 930 926 906 
1202 905 926 930 
1203 930 908 905 
1204 871 909 931 
1205 931 930 871 
1206 908 930 931 
1207 932 910 872 
1208 873 911 932 
1209 933 911 718 
1210 934 822 354 
1211 559 885 934 
1212 354 559 934 
1213 829 886 935 
1214 935 918 735 
1215 735 829 935 
1216 918 935 936 
1217 936 935 886 
1218 886 917 936 
1219 918 936 937 
1220 889 918 937 
1221 937 888 831 
1222 832 889 937 
1223 937 917 888 
1224 937 936 917 
1225 938 919 848 
1226 939 891 842 
1227 939 892 891 
1228 940 939 921 
1229 892 939 940 
1230 940 920 892 
1231 906 927 942 
1232 871 906 942 
1233 907 928 943 
1234 943 909 907 
1235 701 870 944 
1236 908 931 944 
1237 944 929 908 
1238 945 933 811 
1239 811 874 945 
1240 874 912 945 
1241 884 916 946 
1242 825 884 946 
1243 822 934 946 
1244 946 916 822 
1245 919 938 947 
1246 947 942 927 
1247 947 927 890 
1248 890 919 947 
1249 920 940 948 
1250 395 754 949 
1251 950 949 754 
1252 754 894 950 
1253 951 941 608 
1254 395 949 951 
1255 951 949 941 
1256 246 395 951 
1257 952 921 893 
1258 871 942 953 
1259 942 947 953 
1260 953 909 871 
1261 907 909 953 
1262 953 938 907 
1263 953 947 938 
1264 954 931 909 
1265 954 944 931 
1266 701 944 954 
1267 955 932 911 
1268 910 932 955 
1269 933 945 955 
1270 911 933 955 
1271 813 910 955 
1272 955 875 813 
1273 956 894 844 
1274 952 957 958 
1275 921 952 959 
1276 959 940 921 
1277 959 948 940 
1278 952 958 959 
1279 960 957 952 
1280 941 957 960 
1281 960 952 893 
1282 893 922 960 
1283 608 941 960 
1284 960 922 394 
1285 394 608 960 
1286 961 958 950 
1287 961 959 958 
1288 894 956 961 
1289 961 950 894 
1290 948 959 961 
1291 961 956 948 
1292 154 73 102 
1293 102 66 154 
1294 134 90 95 
1295 30 29 338 
1296 192 93 62 
1297 62 61 192 
1298 134 95 385 
1299 385 68 134 
1300 153 99 152 
1301 152 9 153 
1302 327 123 110 
1303 110 63 327 
1304 126 123 539 
1305 539 83 126 
1306 123 126 78 
1307 78 110 123 
1308 336 58 52 
1309 336 52 201 
1310 388 149 236 
1311 236 96 388 
1312 508 191 60 
1313 60 51 508 
1314 310 192 61 
1315 61 191 310 
1316 125 199 126 
1317 126 83 125 
1318 589 221 705 
1319 234 235 233 
1320 233 235 97 
1321 97 50 233 
1322 155 242 11 
1323 11 10 155 
1324 158 249 398 
1325 398 103 158 
1326 254 255 411 
1327 411 163 254 
1328 101 256 410 
1329 410 155 101 
1330 528 258 267 
1331 267 164 528 
1332 76 259 632 
1333 632 165 76 
1334 417 264 419 
1335 104 102 74 
1336 74 272 426 
1337 855 285 284 
1338 284 182 855 
1339 284 285 275 
1340 275 114 284 
1341 298 299 698 
1342 698 187 298 
1343 308 311 799 
1344 799 190 308 
1345 309 312 193 
1346 193 118 309 
1347 116 290 320 
1348 699 325 324 
1349 324 196 699 
1350 586 326 175 
1351 175 198 586 
1352 53 328 57 
1353 58 336 138 
1354 138 59 58 
1355 704 337 129 
1356 86 358 567 
1357 567 210 86 
1358 216 366 583 
1359 583 217 216 
1360 217 583 584 
1361 584 135 217 
1362 120 367 587 
1363 587 121 120 
1364 587 369 198 
1365 198 121 587 
1366 856 219 371 
1367 370 371 203 
1368 203 329 370 
1369 589 373 88 
1370 88 221 589 
1371 223 32 33 
1372 227 144 89 
1373 595 378 547 
1374 547 94 595 
1375 225 379 807 
1376 339 382 145 
1377 145 92 339 
1378 745 230 545 
1379 608 393 606 
1380 391 395 246 
1381 246 245 391 
1382 617 403 753 
1383 753 252 617 
1384 755 407 619 
1385 619 253 755 
1386 760 627 525 
1387 525 164 760 
1388 525 627 257 
1389 257 331 525 
1390 417 420 265 
1391 265 264 417 
1392 451 433 637 
1393 637 115 451 
1394 639 433 452 
1395 452 277 639 
1396 376 445 643 
1397 463 448 863 
1398 863 283 463 
1399 466 449 785 
1400 785 181 466 
1401 286 452 433 
1402 433 451 286 
1403 654 67 414 
1404 472 657 654 
1405 654 414 472 
1406 791 481 486 
1407 486 297 791 
1408 661 489 314 
1409 314 81 661 
1410 509 490 666 
1411 494 493 782 
1412 782 304 494 
1413 320 511 318 
1414 318 195 320 
1415 519 521 509 
1416 509 188 519 
1417 531 532 330 
1418 330 128 531 
1419 876 554 714 
1420 714 347 876 
1421 962 38 40 
1422 962 885 559 
1423 94 571 817 
1424 817 362 94 
1425 724 575 215 
1426 215 572 724 
1427 364 581 580 
1428 580 578 364 
1429 122 585 367 
1430 367 82 122 
1431 136 585 122 
1432 122 65 136 
1433 738 589 705 
1434 705 140 738 
1435 590 591 834 
1436 834 374 590 
1437 598 224 633 
1438 133 603 566 
1439 566 216 133 
1440 361 603 238 
1441 238 388 361 
1442 891 613 162 
1443 162 402 891 
1444 613 615 616 
1445 616 162 613 
1446 411 623 410 
1447 410 256 411 
1448 262 416 761 
1449 761 628 415 
1450 415 262 761 
1451 435 177 428 
1452 431 641 642 
1453 642 179 431 
1454 455 646 456 
1455 456 287 455 
1456 456 646 453 
1457 453 182 456 
1458 469 652 467 
1459 467 293 469 
1460 464 652 469 
1461 469 185 464 
1462 470 653 185 
1463 185 651 470 
1464 479 658 476 
1465 476 296 479 
1466 487 659 486 
1467 486 301 487 
1468 796 667 665 
1469 665 496 796 
1470 777 669 496 
1471 496 666 777 
1472 442 673 779 
1473 779 280 442 
1474 838 674 783 
1475 783 499 838 
1476 784 677 786 
1477 512 317 119 
1478 119 690 321 
1479 321 512 119 
1480 517 695 520 
1481 520 303 517 
1482 522 695 518 
1483 518 196 522 
1484 169 696 299 
1485 299 263 169 
1486 564 716 353 
1487 353 561 564 
1488 873 717 386 
1489 386 563 873 
1490 601 719 563 
1491 563 386 601 
1492 209 723 878 
1493 878 573 209 
1494 725 728 820 
1495 820 576 725 
1496 826 732 733 
1497 733 734 826 
1498 840 499 860 
1499 596 742 381 
1500 387 747 239 
1501 239 48 387 
1502 622 758 847 
1503 847 409 622 
1504 627 760 761 
1505 445 769 771 
1506 771 643 445 
1507 664 777 490 
1508 490 302 664 
1509 786 500 860 
1510 788 789 449 
1511 449 283 788 
1512 680 790 480 
1513 864 791 297 
1514 297 681 864 
1515 413 943 928 
1516 928 625 413 
1517 954 943 624 
1518 624 701 954 
1519 711 808 554 
1520 554 553 711 
1521 874 811 561 
1522 879 818 819 
1523 819 727 879 
1524 880 821 364 
1525 364 578 880 
1526 365 579 884 
1527 592 834 835 
1528 592 835 222 
1529 222 141 592 
1530 899 852 765 
1531 765 632 899 
1532 768 853 641 
1533 641 431 768 
1534 440 858 903 
1535 903 644 440 
1536 205 868 802 
1537 802 870 527 
1538 527 205 802 
1539 916 884 579 
1540 579 730 916 
1541 732 885 962 
1542 962 40 732 
1543 917 886 349 
1544 349 211 917 
1545 616 890 400 
1546 400 162 616 
1547 922 893 611 
1548 611 328 922 
1549 851 897 763 
1550 683 685 798 
1551 749 905 908 
1552 908 869 749 
1553 759 907 938 
1554 938 848 759 
1555 954 909 943 
1556 878 913 727 
1557 727 819 878 
1558 576 913 815 
1559 815 726 576 
1560 827 915 883 
1561 883 734 827 
1562 824 915 578 
1563 578 580 824 
1564 751 921 939 
1565 939 842 751 
1566 956 844 895 
1567 950 958 957 
1568 64 120 121 
1569 199 109 78 
1570 78 126 199 
1571 140 220 219 
1572 338 339 92 
1573 92 30 338 
1574 416 414 67 
1575 67 412 416 
1576 840 860 306 
1577 306 739 840 
1578 646 455 277 
1579 277 452 646 
1580 690 197 77 
1581 904 798 866 
1582 866 682 904 
1583 235 95 23 
1584 23 24 235 
1585 82 125 124 
1586 124 122 82 
1587 396 158 259 
1588 259 76 396 
1589 326 178 288 
1590 288 80 326 
1591 604 239 747 
1592 747 150 604 
1593 856 295 474 
1594 116 320 195 
1595 195 319 116 
1596 601 386 237 
1597 237 44 601 
1598 672 442 443 
1599 443 180 672 
1600 483 480 681 
1601 681 297 483 
1602 480 483 300 
1603 300 482 480 
1604 745 545 544 
1605 544 384 745 
1606 881 577 581 
1607 581 364 881 
1608 483 659 484 
1609 484 300 483 
1610 386 717 602 
1611 602 237 386 
1612 150 748 389 
1613 389 604 150 
1614 631 763 423 
1615 423 268 631 
1616 492 794 303 
1617 303 520 492 
1618 733 828 734 
1619 586 832 736 
1620 736 326 586 
1621 757 846 392 
1622 392 55 757 
1623 794 865 795 
1624 795 684 794 
1625 949 950 957 
1626 957 941 949 
1627 93 374 223 
1628 223 33 93 
1629 564 562 43 
1630 43 716 564 
1631 856 474 140 
1632 140 219 856 
1633 261 109 199 
1634 199 64 261 
1635 308 307 506 
1636 506 118 308 
1637 352 351 888 
1638 888 211 352 
1639 596 381 227 
1640 227 377 596 
1641 479 471 656 
1642 656 294 479 
1643 314 511 289 
1644 289 81 314 
1645 525 529 333 
1646 333 164 525 
1647 571 547 549 
1648 549 345 571 
1649 709 553 209 
1650 209 548 709 
1651 360 569 570 
1652 570 361 360 
1653 105 404 614 
1654 614 247 105 
1655 430 635 593 
1656 593 375 430 
1657 376 643 633 
1658 633 224 376 
1659 645 653 470 
1660 470 183 645 
1661 484 659 487 
1662 487 187 484 
1663 108 660 477 
1664 477 419 108 
1665 509 666 665 
1666 665 188 509 
1667 321 691 319 
1668 319 512 321 
1669 518 695 517 
1670 517 322 518 
1671 803 702 529 
1672 529 331 803 
1673 703 533 749 
1674 247 614 754 
1675 754 160 247 
1676 265 628 760 
1677 760 267 265 
1678 307 778 189 
1679 189 674 307 
1680 782 675 495 
1681 495 304 782 
1682 785 789 678 
1683 678 676 785 
1684 190 688 798 
1685 798 504 190 
1686 533 372 536 
1687 536 204 533 
1688 225 807 231 
1689 231 378 225 
1690 355 811 933 
1691 933 718 355 
1692 885 826 731 
1693 731 825 885 
1694 741 839 781 
1695 781 838 741 
1696 843 404 407 
1697 407 252 843 
1698 424 270 849 
1699 849 174 424 
1700 673 780 858 
1701 858 779 673 
1702 859 784 675 
1703 675 782 859 
1704 800 698 699 
1705 801 867 800 
1706 800 699 801 
1707 881 728 132 
1708 132 577 881 
1709 883 731 826 
1710 826 734 883 
1711 923 898 170 
1712 170 266 923 
1713 924 901 903 
1714 903 858 924 
1715 802 929 944 
1716 944 870 802 
1717 873 932 872 
1718 872 810 873 
1719 946 934 885 
1720 885 825 946 
1721 101 99 72 
1722 72 256 101 
1723 113 176 64 
1724 64 121 113 
1725 141 142 35 
1726 35 34 141 
1727 267 258 266 
1728 266 170 267 
1729 268 423 171 
1730 171 167 268 
1731 270 424 111 
1732 111 171 270 
1733 279 640 143 
1734 143 226 279 
1735 316 324 119 
1736 119 317 316 
1737 335 534 334 
1738 334 535 335 
1739 350 806 211 
1740 211 349 350 
1741 354 716 42 
1742 42 559 354 
1743 372 703 128 
1744 128 737 372 
1745 375 594 598 
1746 598 633 375 
1747 377 227 89 
1748 89 226 377 
1749 411 255 409 
1750 409 623 411 
1751 441 280 440 
1752 440 638 441 
1753 488 298 187 
1754 187 487 488 
1755 559 42 38 
1756 38 962 559 
1757 584 887 218 
1758 218 368 584 
1759 594 593 383 
1760 383 230 594 
1761 598 384 379 
1762 379 380 598 
1763 609 163 256 
1764 256 244 609 
1765 624 397 165 
1766 165 260 624 
1767 626 413 625 
1768 625 406 626 
1769 631 268 422 
1770 422 630 631 
1771 634 276 429 
1772 429 635 634 
1773 636 435 428 
1774 428 273 636 
1775 691 80 183 
1776 183 319 691 
1777 701 260 106 
1778 106 332 701 
1779 718 812 562 
1780 562 355 718 
1781 737 588 371 
1782 371 219 737 
1783 766 425 271 
1784 271 896 766 
1785 776 296 477 
1786 477 660 776 
1787 780 857 500 
1788 500 678 780 
1789 551 231 807 
1790 807 710 551 
1791 821 882 728 
1792 728 881 821 
1793 825 823 365 
1794 365 884 825 
1795 839 741 590 
1796 590 192 839 
1797 844 614 404 
1798 404 843 844 
1799 860 499 784 
1800 784 786 860 
1801 863 448 644 
1802 644 903 863 
1803 865 794 492 
1804 492 667 865 
1805 896 426 174 
1806 174 849 896 
1807 798 904 502 
1808 798 502 501 
1809 501 683 798 
1810 920 895 753 
1811 753 845 920 
1812 937 831 736 
1813 736 832 937 
1814 948 956 895 
1815 895 920 948 
1816 955 945 912 
1817 912 875 955 
1818 916 730 560 
1819 560 822 916 
1820 200 201 57 
1821 57 328 200 
1822 201 207 129 
1823 129 336 201 
1824 223 141 34 
1825 34 32 223 
1826 332 106 258 
1827 258 528 332 
1828 344 556 131 
1829 361 388 214 
1830 214 360 361 
1831 426 271 104 
1832 104 74 426 
1833 480 482 117 
1834 117 680 480 
1835 608 606 246 
1836 246 951 608 
1837 660 108 298 
1838 298 488 660 
1839 786 676 678 
1840 678 500 786 
1841 812 719 41 
1842 41 562 812 
1843 851 763 631 
1844 631 762 851 
1845 856 371 370 
1846 370 775 856 
1847 183 470 116 
1848 116 319 183 
1849 389 232 49 
1850 49 605 389 
1851 651 293 468 
1852 468 290 651 
1853 686 668 305 
1854 305 505 686 
1855 690 77 167 
1856 167 107 690 
1857 535 703 749 
1858 749 335 535 
1859 713 344 131 
1860 131 347 713 
vertexCoord 
1 0.000000 0.000000 
2 1.000000 0.000000 
3 1.000000 1.000000 
4 0.000000 1.000000 
5 -0.000000 0.300000 
6 0.000000 0.127414 
7 0.000000 0.070621 
8 0.000000 0.206131 
9 0.000000 0.166772 
10 0.000000 0.233462 
11 0.000000 0.260794 
12 0.000000 0.280397 
13 0.499925 0.000000 
14 0.799900 0.000000 
15 0.899902 0.000000 
16 0.699924 0.000000 
17 0.599948 0.000000 
18 0.299919 0.000000 
19 0.399902 0.000000 
20 0.199897 0.000000 
21 0.099948 0.000000 
22 1.000000 0.500000 
23 1.000000 0.799919 
24 1.000000 0.899959 
25 1.000000 0.699897 
26 1.000000 0.599948 
27 1.000000 0.299919 
28 1.000000 0.399902 
29 1.000000 0.199934 
30 1.000000 0.099948 
31 0.485759 1.000000 
32 0.188625 1.000000 
33 0.094541 1.000000 
34 0.281389 1.000000 
35 0.365274 1.000000 
36 0.432627 1.000000 
37 0.744654 1.000000 
38 0.612938 1.000000 
39 0.535914 1.000000 
40 0.586069 1.000000 
41 0.685096 1.000000 
42 0.639808 1.000000 
43 0.662452 1.000000 
44 0.721084 1.000000 
45 0.702672 1.000000 
46 0.872117 1.000000 
47 0.795410 1.000000 
48 0.768675 1.000000 
49 0.833764 1.000000 
50 0.928662 1.000000 
51 -0.000000 0.650407 
52 -0.000000 0.478851 
53 -0.000000 0.395142 
54 -0.000000 0.335069 
55 -0.000000 0.317534 
56 -0.000000 0.359771 
57 -0.000000 0.433755 
58 -0.000000 0.527410 
59 -0.000000 0.584178 
60 -0.000000 0.732863 
61 -0.000000 0.822644 
62 -0.000000 0.911223 
63 0.490366 0.189197 
64 0.524998 0.506920 
65 0.818680 0.462708 
66 0.210691 0.206317 
67 0.199570 0.498424 
68 0.781560 0.794193 
69 0.501461 0.797805 
70 0.062062 0.053878 
71 0.156191 0.085068 
72 0.106624 0.193078 
73 0.254627 0.085092 
74 0.322586 0.217698 
75 0.441844 0.109810 
76 0.201153 0.359207 
77 0.361465 0.506077 
78 0.551015 0.343122 
79 0.545724 0.091156 
80 0.488128 0.636684 
81 0.353439 0.649220 
82 0.658502 0.468204 
83 0.696331 0.358277 
84 0.101371 0.461277 
85 0.895332 0.412621 
86 0.642340 0.802102 
87 0.833721 0.644394 
88 0.091108 0.574211 
89 0.408092 0.921511 
90 0.913963 0.715963 
91 0.909996 0.526158 
92 0.920898 0.086686 
93 0.105014 0.917979 
94 0.552883 0.903535 
95 0.897760 0.810060 
96 0.759524 0.907402 
97 0.945368 0.957605 
98 0.037926 0.099280 
99 0.063136 0.179078 
100 0.156899 0.200951 
101 0.050856 0.220822 
102 0.262098 0.168276 
103 0.210959 0.261826 
104 0.269367 0.248355 
105 0.094270 0.327971 
106 0.196187 0.422734 
107 0.424346 0.507177 
108 0.275485 0.502431 
109 0.508332 0.397595 
110 0.525037 0.265045 
111 0.442642 0.412778 
112 0.648132 0.078345 
113 0.507638 0.569470 
114 0.499518 0.721151 
115 0.426373 0.723739 
116 0.420893 0.640386 
117 0.277591 0.575122 
118 0.160139 0.668121 
119 0.372932 0.566280 
120 0.600284 0.515037 
121 0.560221 0.557533 
122 0.742039 0.507226 
123 0.604074 0.275654 
124 0.725585 0.428944 
125 0.654360 0.405718 
126 0.619901 0.349988 
127 0.052750 0.444266 
128 0.151156 0.481589 
129 0.062493 0.493560 
130 0.784024 0.377014 
131 0.577462 0.805140 
132 0.641781 0.890667 
133 0.733403 0.790165 
134 0.837853 0.725291 
135 0.754211 0.735534 
136 0.827916 0.553540 
137 0.915107 0.622677 
138 0.041872 0.555995 
139 0.047875 0.608068 
140 0.159553 0.529253 
141 0.311491 0.956298 
142 0.370793 0.951709 
143 0.442890 0.857992 
144 0.407060 0.964990 
145 0.834161 0.072496 
146 0.540160 0.954951 
147 0.518372 0.848457 
148 0.750963 0.945492 
149 0.782938 0.842814 
150 0.782100 0.945752 
151 0.084124 0.096848 
152 0.029276 0.190601 
153 0.043632 0.142578 
154 0.174574 0.139742 
155 0.021500 0.244798 
156 0.340745 0.112449 
157 0.168867 0.237667 
158 0.202192 0.300066 
159 0.242019 0.300633 
160 0.051341 0.332168 
161 0.156967 0.340768 
162 0.094247 0.404853 
163 0.091934 0.280126 
164 0.201858 0.459716 
165 0.202616 0.387809 
166 0.461703 0.504453 
167 0.394358 0.489542 
168 0.237698 0.499531 
169 0.314064 0.503050 
170 0.243058 0.452654 
171 0.394854 0.451569 
172 0.478647 0.341921 
173 0.435250 0.470887 
174 0.374741 0.311747 
175 0.514314 0.615973 
176 0.469195 0.537726 
177 0.502607 0.758824 
178 0.504952 0.680962 
179 0.463172 0.759649 
180 0.404079 0.819378 
181 0.387071 0.684402 
182 0.463099 0.722609 
183 0.458329 0.641597 
184 0.383398 0.645789 
185 0.432477 0.681783 
186 0.235086 0.538087 
187 0.278342 0.536776 
188 0.308916 0.608708 
189 0.257799 0.673053 
190 0.222880 0.631934 
191 0.065632 0.723999 
192 0.103022 0.832137 
193 0.132020 0.647940 
194 0.355481 0.617370 
195 0.399901 0.613393 
196 0.315273 0.570515 
197 0.354819 0.535152 
198 0.555506 0.600027 
199 0.575761 0.430352 
200 0.031144 0.430530 
201 0.031706 0.466380 
202 0.077987 0.449086 
203 0.179848 0.495087 
204 0.117555 0.463013 
205 0.174977 0.452515 
206 0.071527 0.529129 
207 0.061748 0.466233 
208 0.847655 0.222477 
209 0.561024 0.854726 
210 0.617479 0.786114 
211 0.537412 0.763218 
212 0.649920 0.949760 
213 0.644796 0.845933 
214 0.718020 0.899352 
215 0.591755 0.897392 
216 0.680811 0.775020 
217 0.709148 0.745606 
218 0.669298 0.627722 
219 0.163704 0.514250 
220 0.145852 0.512414 
221 0.108159 0.535750 
222 0.352855 0.917731 
223 0.206486 0.955135 
224 0.475201 0.835346 
225 0.501258 0.880050 
226 0.416859 0.882253 
227 0.453727 0.951374 
228 0.745911 0.074238 
229 0.544640 0.926548 
230 0.508942 0.817883 
231 0.525213 0.875701 
232 0.844800 0.956332 
233 0.896820 0.950767 
234 0.861308 0.896218 
235 0.933543 0.885755 
236 0.799563 0.879182 
237 0.731780 0.985693 
238 0.743846 0.833124 
239 0.778225 0.984117 
240 0.104713 0.139399 
241 0.120444 0.047159 
242 0.019280 0.269052 
243 0.020326 0.219163 
244 0.128252 0.229056 
245 0.026648 0.331201 
246 0.030822 0.341534 
247 0.067243 0.325128 
248 0.176163 0.349064 
249 0.163119 0.307637 
250 0.097035 0.437275 
251 0.065208 0.427850 
252 0.103792 0.367702 
253 0.131112 0.369840 
254 0.080584 0.303802 
255 0.059396 0.306643 
256 0.082749 0.247750 
257 0.194841 0.481077 
258 0.206573 0.437292 
259 0.228287 0.348170 
260 0.191591 0.407146 
261 0.493597 0.459804 
262 0.217247 0.498205 
263 0.291395 0.493940 
264 0.260651 0.469263 
265 0.239613 0.472921 
266 0.225596 0.437865 
267 0.218630 0.454117 
268 0.356910 0.471797 
269 0.444348 0.280331 
270 0.381798 0.410658 
271 0.283692 0.314626 
272 0.392028 0.220281 
273 0.496439 0.779406 
274 0.505968 0.741713 
275 0.492391 0.700908 
276 0.483070 0.781084 
277 0.448815 0.745667 
278 0.483134 0.761621 
279 0.400634 0.848505 
280 0.418650 0.764658 
281 0.431759 0.780851 
282 0.370050 0.671697 
283 0.407559 0.705902 
284 0.478290 0.717527 
285 0.472572 0.697464 
286 0.443432 0.730978 
287 0.466416 0.743311 
288 0.486367 0.661969 
289 0.367639 0.643584 
290 0.402165 0.654066 
291 0.388060 0.661405 
292 0.422950 0.705168 
293 0.407575 0.684334 
294 0.220304 0.516150 
295 0.196895 0.543055 
296 0.240245 0.518050 
297 0.255340 0.557777 
298 0.279688 0.522538 
299 0.298216 0.516999 
300 0.272844 0.559026 
301 0.256557 0.534083 
302 0.333618 0.629072 
303 0.292615 0.593469 
304 0.305736 0.654201 
305 0.288410 0.643984 
306 0.334594 0.747184 
307 0.221477 0.688955 
308 0.194973 0.659393 
309 0.124218 0.696073 
310 0.107328 0.759535 
311 0.166495 0.629903 
312 0.094554 0.672178 
313 0.093227 0.628098 
314 0.353466 0.635671 
315 0.338086 0.610257 
316 0.350871 0.593144 
317 0.380042 0.595170 
318 0.375291 0.611535 
319 0.428605 0.610344 
320 0.393012 0.631683 
321 0.423802 0.572371 
322 0.293992 0.575792 
323 0.313606 0.589669 
324 0.334527 0.569556 
325 0.331273 0.552245 
326 0.514484 0.651959 
327 0.594129 0.169585 
328 0.018775 0.409768 
329 0.189805 0.493103 
330 0.162375 0.484622 
331 0.187407 0.476750 
332 0.188908 0.434116 
333 0.187739 0.457944 
334 0.161856 0.466428 
335 0.154001 0.459179 
336 0.034600 0.508554 
337 0.091958 0.506603 
338 0.926138 0.200093 
339 0.863126 0.144730 
340 0.732443 0.290125 
341 0.823441 0.306578 
342 0.517383 0.800625 
343 0.528899 0.824492 
344 0.556257 0.794575 
345 0.553965 0.871557 
346 0.540755 0.852455 
347 0.568304 0.824808 
348 0.599746 0.799597 
349 0.552786 0.774595 
350 0.537313 0.785310 
351 0.520061 0.740667 
352 0.522660 0.758263 
353 0.651563 0.973931 
354 0.635643 0.977142 
355 0.673407 0.974311 
356 0.646325 0.914905 
357 0.650356 0.826326 
358 0.630777 0.827825 
359 0.644469 0.866891 
360 0.685328 0.887137 
361 0.711617 0.864618 
362 0.571611 0.904211 
363 0.575099 0.873658 
364 0.613335 0.899263 
365 0.622406 0.927445 
366 0.643374 0.763728 
367 0.671582 0.546995 
368 0.758136 0.665626 
369 0.593367 0.634390 
370 0.189005 0.506105 
371 0.173740 0.505811 
372 0.137304 0.489752 
373 0.137379 0.600419 
374 0.214508 0.898012 
375 0.488382 0.816736 
376 0.457070 0.829319 
377 0.447330 0.899988 
378 0.521553 0.892362 
379 0.499775 0.855677 
380 0.481947 0.848924 
381 0.503196 0.958484 
382 0.792249 0.147528 
383 0.504963 0.809085 
384 0.508526 0.839815 
385 0.832033 0.829251 
386 0.720826 0.971146 
387 0.755058 0.984261 
388 0.752567 0.872126 
389 0.809063 0.963722 
390 0.014722 0.333301 
391 0.038697 0.330768 
392 0.007684 0.321692 
393 0.012567 0.348813 
394 0.016682 0.369255 
395 0.043500 0.342242 
396 0.184267 0.324871 
397 0.184695 0.371718 
398 0.169564 0.275522 
399 0.114448 0.448715 
400 0.099691 0.412941 
401 0.048739 0.424066 
402 0.088424 0.412591 
403 0.100249 0.385461 
404 0.088543 0.349993 
405 0.109681 0.385300 
406 0.146515 0.361056 
407 0.108407 0.349779 
408 0.139602 0.294669 
409 0.039160 0.300575 
410 0.042877 0.259401 
411 0.061717 0.282695 
412 0.197880 0.488696 
413 0.156103 0.384527 
414 0.208765 0.501217 
415 0.226660 0.494427 
416 0.207940 0.492897 
417 0.248693 0.488933 
418 0.335486 0.514737 
419 0.269001 0.488437 
420 0.235523 0.489243 
421 0.213127 0.425850 
422 0.333509 0.487411 
423 0.355323 0.444846 
424 0.412646 0.355603 
425 0.257618 0.330753 
426 0.326926 0.276056 
427 0.499000 0.787339 
428 0.499629 0.771034 
429 0.490582 0.791685 
430 0.478870 0.805803 
431 0.466753 0.768386 
432 0.491697 0.782259 
433 0.435991 0.735848 
434 0.456098 0.753541 
435 0.493012 0.763133 
436 0.491495 0.751719 
437 0.472130 0.760156 
438 0.477776 0.770627 
439 0.381326 0.883684 
440 0.415395 0.745342 
441 0.431925 0.758037 
442 0.408407 0.778264 
443 0.418738 0.801285 
444 0.444888 0.770445 
445 0.445263 0.804644 
446 0.357588 0.659075 
447 0.377177 0.678111 
448 0.418418 0.718241 
449 0.398271 0.701391 
450 0.455522 0.693766 
451 0.435184 0.726622 
452 0.443599 0.738901 
453 0.451528 0.726796 
454 0.465492 0.751589 
455 0.458126 0.744170 
456 0.460526 0.734822 
457 0.472694 0.735832 
458 0.485011 0.684395 
459 0.368376 0.660422 
460 0.386335 0.674400 
461 0.378337 0.666795 
462 0.425547 0.712810 
463 0.416359 0.709919 
464 0.426004 0.695808 
465 0.435759 0.714936 
466 0.397537 0.689578 
467 0.407237 0.694810 
468 0.398554 0.675303 
469 0.417681 0.687680 
470 0.446906 0.662104 
471 0.230618 0.530500 
472 0.214579 0.508093 
473 0.214187 0.540345 
474 0.174778 0.545820 
475 0.203851 0.528571 
476 0.236135 0.510833 
477 0.253072 0.506015 
478 0.239208 0.527681 
479 0.230307 0.519790 
480 0.268207 0.567892 
481 0.239435 0.548150 
482 0.276853 0.564596 
483 0.264451 0.556420 
484 0.273229 0.548288 
485 0.246698 0.536111 
486 0.252869 0.546047 
487 0.265049 0.537722 
488 0.266159 0.528505 
489 0.339809 0.637198 
490 0.324804 0.626039 
491 0.284951 0.585073 
492 0.300243 0.602654 
493 0.332100 0.658137 
494 0.319639 0.649076 
495 0.290661 0.668761 
496 0.306616 0.628509 
497 0.271011 0.652924 
498 0.360976 0.790520 
499 0.306166 0.711160 
500 0.358488 0.724389 
501 0.260602 0.588871 
502 0.251065 0.579507 
503 0.272008 0.599251 
504 0.248460 0.625892 
505 0.267610 0.635691 
506 0.172529 0.710480 
507 0.182862 0.595590 
508 0.050215 0.669269 
509 0.322407 0.610400 
510 0.332531 0.620107 
511 0.371381 0.630939 
512 0.401056 0.591512 
513 0.439281 0.536669 
514 0.461663 0.563773 
515 0.288107 0.575502 
516 0.284637 0.566456 
517 0.293906 0.584075 
518 0.304718 0.575470 
519 0.312035 0.600298 
520 0.302932 0.592498 
521 0.324411 0.596282 
522 0.311956 0.580905 
523 0.314343 0.535800 
524 0.190457 0.484850 
525 0.196677 0.470465 
526 0.182355 0.484624 
527 0.181973 0.444610 
528 0.197613 0.447966 
529 0.184938 0.467514 
530 0.169159 0.459671 
531 0.158311 0.475328 
532 0.166298 0.476555 
533 0.132647 0.470757 
534 0.160635 0.456842 
535 0.150081 0.467858 
536 0.112384 0.482588 
537 0.122052 0.509848 
538 0.919818 0.314186 
539 0.665088 0.300472 
540 0.510102 0.802305 
541 0.513834 0.811124 
542 0.528948 0.800296 
543 0.508802 0.792610 
544 0.521326 0.834479 
545 0.517503 0.821382 
546 0.534018 0.813516 
547 0.537964 0.889851 
548 0.559579 0.865108 
549 0.542509 0.874891 
550 0.531531 0.844342 
551 0.534135 0.863350 
552 0.534799 0.833848 
553 0.550403 0.850294 
554 0.556562 0.841703 
555 0.547269 0.821989 
556 0.568111 0.783798 
557 0.517988 0.725181 
558 0.654466 0.961972 
559 0.616846 0.982950 
560 0.641100 0.962442 
561 0.662812 0.970766 
562 0.677535 0.986831 
563 0.701142 0.974419 
564 0.663158 0.982273 
565 0.645930 0.934882 
566 0.679637 0.810866 
567 0.616062 0.810575 
568 0.664865 0.906244 
569 0.662055 0.883084 
570 0.674168 0.859893 
571 0.555297 0.883789 
572 0.583428 0.904183 
573 0.569604 0.864444 
574 0.563889 0.872822 
575 0.588724 0.887875 
576 0.599149 0.845553 
577 0.630931 0.904157 
578 0.602388 0.903533 
579 0.632634 0.937677 
580 0.612966 0.913970 
581 0.620550 0.908041 
582 0.633129 0.921184 
583 0.671414 0.732632 
584 0.703395 0.699805 
585 0.750449 0.590917 
586 0.547090 0.642084 
587 0.610022 0.580517 
588 0.171126 0.494999 
589 0.132508 0.559499 
590 0.198859 0.838403 
591 0.282968 0.810440 
592 0.287515 0.913463 
593 0.494651 0.804370 
594 0.499677 0.818270 
595 0.530328 0.908828 
596 0.487011 0.914667 
597 0.466692 0.848158 
598 0.492663 0.833311 
599 0.761624 0.223867 
600 0.701266 0.148177 
601 0.711994 0.988597 
602 0.742273 0.967972 
603 0.700988 0.834827 
604 0.786839 0.968914 
605 0.799355 0.984667 
606 0.022054 0.342195 
607 0.048401 0.319250 
608 0.025510 0.356125 
609 0.126122 0.265834 
610 0.128511 0.453100 
611 0.037176 0.409476 
612 0.094883 0.422512 
613 0.094742 0.394911 
614 0.076032 0.343136 
615 0.106820 0.394049 
616 0.103640 0.403113 
617 0.106998 0.376532 
618 0.117943 0.379161 
619 0.131508 0.351982 
620 0.110346 0.299473 
621 0.015984 0.288355 
622 0.032729 0.318340 
623 0.035804 0.280016 
624 0.173590 0.393321 
625 0.145433 0.375712 
626 0.167297 0.366055 
627 0.204838 0.481505 
628 0.226954 0.483580 
629 0.210108 0.409926 
630 0.307071 0.482086 
631 0.310909 0.453717 
632 0.231156 0.373174 
633 0.476225 0.821951 
634 0.477118 0.791321 
635 0.485669 0.797814 
636 0.488728 0.772342 
637 0.426160 0.733609 
638 0.429075 0.743246 
639 0.438468 0.745797 
640 0.428112 0.826854 
641 0.459591 0.775652 
642 0.455946 0.764049 
643 0.465166 0.811190 
644 0.415361 0.726859 
645 0.467301 0.676215 
646 0.451004 0.736889 
647 0.487466 0.736121 
648 0.377162 0.655599 
649 0.442748 0.722677 
650 0.445315 0.704987 
651 0.418036 0.669379 
652 0.415459 0.699829 
653 0.448348 0.681534 
654 0.203929 0.507945 
655 0.225319 0.537028 
656 0.219344 0.527144 
657 0.210825 0.517625 
658 0.226241 0.507440 
659 0.262187 0.549251 
660 0.265326 0.516617 
661 0.343053 0.647933 
662 0.345248 0.660190 
663 0.332534 0.646001 
664 0.327872 0.637058 
665 0.308708 0.617540 
666 0.315374 0.624032 
667 0.301556 0.612223 
668 0.296099 0.631599 
669 0.305554 0.640389 
670 0.247571 0.647632 
671 0.373805 0.820653 
672 0.391540 0.796238 
673 0.384741 0.766749 
674 0.249744 0.702602 
675 0.312906 0.686856 
676 0.375661 0.699410 
677 0.360831 0.692780 
678 0.378911 0.711802 
679 0.345823 0.732448 
680 0.268508 0.579145 
681 0.258151 0.567604 
682 0.229613 0.560989 
683 0.262386 0.602166 
684 0.282472 0.595558 
685 0.264417 0.613491 
686 0.282500 0.623236 
687 0.192556 0.564082 
688 0.210849 0.606140 
689 0.342814 0.624241 
690 0.395520 0.532988 
691 0.468399 0.602631 
692 0.281599 0.558092 
693 0.294287 0.569089 
694 0.324969 0.583257 
695 0.305424 0.584524 
696 0.318572 0.521048 
697 0.330898 0.531796 
698 0.295637 0.535815 
699 0.312127 0.553083 
700 0.172891 0.484589 
701 0.177377 0.418555 
702 0.178432 0.461859 
703 0.143118 0.472004 
704 0.083802 0.477872 
705 0.136653 0.531983 
706 0.504883 0.780849 
707 0.542553 0.803768 
708 0.523431 0.811906 
709 0.548554 0.861174 
710 0.529576 0.854064 
711 0.543801 0.842673 
712 0.537170 0.824634 
713 0.555748 0.813031 
714 0.557179 0.828403 
715 0.513966 0.703615 
716 0.650525 0.986669 
717 0.729560 0.954928 
718 0.686162 0.975123 
719 0.698243 0.990160 
720 0.597563 0.815289 
721 0.687343 0.909805 
722 0.568510 0.880344 
723 0.568426 0.846909 
724 0.580311 0.894558 
725 0.622761 0.849296 
726 0.608800 0.831817 
727 0.590050 0.856986 
728 0.624266 0.866658 
729 0.596817 0.893035 
730 0.639379 0.946677 
731 0.602652 0.937767 
732 0.573660 0.972042 
733 0.563923 0.941547 
734 0.576702 0.929799 
735 0.610976 0.756869 
736 0.536343 0.682134 
737 0.155710 0.500844 
738 0.153385 0.546849 
739 0.327561 0.779988 
740 0.319623 0.846419 
741 0.240378 0.771764 
742 0.516606 0.929910 
743 0.511623 0.906743 
744 0.475272 0.872208 
745 0.508106 0.827523 
746 0.672690 0.228315 
747 0.765452 0.966314 
748 0.809393 0.924768 
749 0.143285 0.456364 
750 0.114551 0.432383 
751 0.057417 0.408207 
752 0.083130 0.426944 
753 0.093845 0.375556 
754 0.058862 0.343454 
755 0.116480 0.366014 
756 0.129174 0.324611 
757 0.006447 0.304941 
758 0.021623 0.320706 
759 0.128380 0.384265 
760 0.216298 0.470027 
761 0.216522 0.487296 
762 0.279055 0.458054 
763 0.331130 0.417942 
764 0.286347 0.474250 
765 0.228454 0.397278 
766 0.269180 0.357061 
767 0.269291 0.411193 
768 0.472459 0.779017 
769 0.452145 0.785746 
770 0.446023 0.756256 
771 0.463821 0.797578 
772 0.476975 0.748621 
773 0.439534 0.693799 
774 0.447835 0.714053 
775 0.200828 0.516202 
776 0.252467 0.523866 
777 0.316643 0.634184 
778 0.227630 0.660846 
779 0.405014 0.759804 
780 0.374792 0.738435 
781 0.223370 0.728514 
782 0.316775 0.669944 
783 0.280476 0.694971 
784 0.336941 0.696195 
785 0.386319 0.697838 
786 0.358648 0.706806 
787 0.365947 0.680864 
788 0.399738 0.712757 
789 0.391052 0.708349 
790 0.261432 0.576817 
791 0.243940 0.559334 
792 0.226019 0.546849 
793 0.274707 0.587023 
794 0.289611 0.601958 
795 0.280555 0.607419 
796 0.297967 0.620688 
797 0.212284 0.555657 
798 0.239821 0.600711 
799 0.195612 0.624592 
800 0.291105 0.549693 
801 0.303344 0.560820 
802 0.168908 0.441596 
803 0.175346 0.471651 
804 0.512196 0.771619 
805 0.519146 0.786508 
806 0.524494 0.774248 
807 0.518746 0.862553 
808 0.546130 0.832208 
809 0.543033 0.815879 
810 0.727582 0.929117 
811 0.670173 0.965464 
812 0.689635 0.985307 
813 0.662679 0.928494 
814 0.669923 0.836759 
815 0.585900 0.829208 
816 0.578081 0.883817 
817 0.567782 0.891709 
818 0.588067 0.875646 
819 0.582342 0.865906 
820 0.607067 0.860398 
821 0.615089 0.887612 
822 0.629492 0.962404 
823 0.613721 0.927175 
824 0.602852 0.919845 
825 0.613665 0.942164 
826 0.583949 0.945729 
827 0.580189 0.915207 
828 0.564337 0.920142 
829 0.590252 0.778698 
830 0.631399 0.726515 
831 0.531892 0.712192 
832 0.567979 0.671417 
833 0.162245 0.568710 
834 0.273019 0.864711 
835 0.328612 0.879174 
836 0.357336 0.849035 
837 0.332842 0.816957 
838 0.265905 0.727012 
839 0.174248 0.773472 
840 0.298690 0.752291 
841 0.105706 0.422864 
842 0.075136 0.412464 
843 0.092764 0.361471 
844 0.079591 0.356879 
845 0.090206 0.384815 
846 0.014400 0.313720 
847 0.021846 0.307542 
848 0.116579 0.390882 
849 0.352999 0.371763 
850 0.228675 0.418741 
851 0.286164 0.430447 
852 0.247007 0.409475 
853 0.465353 0.786266 
854 0.432776 0.704649 
855 0.460439 0.708401 
856 0.183048 0.523581 
857 0.354478 0.740844 
858 0.393739 0.741700 
859 0.335201 0.675263 
860 0.333261 0.718486 
861 0.360566 0.670733 
862 0.375730 0.689936 
863 0.408450 0.717879 
864 0.249233 0.568133 
865 0.292325 0.611021 
866 0.215020 0.579725 
867 0.290994 0.560830 
868 0.164356 0.450090 
869 0.154524 0.450059 
870 0.175558 0.433629 
871 0.134323 0.419675 
872 0.702676 0.926295 
873 0.709426 0.950908 
874 0.663778 0.961289 
875 0.658562 0.941849 
876 0.569545 0.836078 
877 0.596012 0.885617 
878 0.575067 0.856073 
879 0.596165 0.868632 
880 0.604208 0.891542 
881 0.624167 0.891086 
882 0.608792 0.872674 
883 0.590946 0.926376 
884 0.624231 0.942183 
885 0.595809 0.966847 
886 0.570884 0.764161 
887 0.657163 0.694250 
888 0.533550 0.737651 
889 0.610309 0.684574 
890 0.110556 0.411806 
891 0.084527 0.400797 
892 0.082778 0.390631 
893 0.044094 0.392186 
894 0.067683 0.355389 
895 0.082367 0.368737 
896 0.317679 0.337042 
897 0.298536 0.391001 
898 0.262858 0.450579 
899 0.257247 0.389517 
900 0.358693 0.761765 
901 0.401112 0.720646 
902 0.350035 0.669454 
903 0.404237 0.729041 
904 0.237152 0.574906 
905 0.136814 0.441324 
906 0.125844 0.426562 
907 0.136471 0.398373 
908 0.146762 0.437326 
909 0.142430 0.410343 
910 0.680969 0.926667 
911 0.691525 0.958914 
912 0.660563 0.950735 
913 0.581356 0.845134 
914 0.601389 0.880287 
915 0.591926 0.911089 
916 0.631245 0.950651 
917 0.554107 0.749055 
918 0.594158 0.729575 
919 0.113535 0.401602 
920 0.082892 0.379776 
921 0.059761 0.390060 
922 0.025292 0.390973 
923 0.251368 0.430643 
924 0.391940 0.723247 
925 0.351587 0.680881 
926 0.126323 0.438675 
927 0.117521 0.420264 
928 0.143192 0.388531 
929 0.159035 0.441667 
930 0.136086 0.431125 
931 0.146380 0.423351 
932 0.692670 0.941541 
933 0.679757 0.963749 
934 0.619005 0.969224 
935 0.587108 0.755210 
936 0.572398 0.742329 
937 0.557614 0.712377 
938 0.124110 0.399150 
939 0.071969 0.397875 
940 0.071963 0.385062 
941 0.038968 0.360534 
942 0.125477 0.417255 
943 0.151640 0.397911 
944 0.160623 0.429266 
945 0.670739 0.957531 
946 0.620632 0.952522 
947 0.119739 0.410413 
948 0.072217 0.374373 
949 0.046961 0.354003 
950 0.056550 0.359240 
951 0.037289 0.350777 
952 0.050405 0.378481 
953 0.130425 0.409201 
954 0.158673 0.412124 
955 0.679423 0.946415 
956 0.072890 0.364370 
957 0.046751 0.366379 
958 0.055895 0.369626 
959 0.062309 0.377328 
960 0.034231 0.374756 
961 0.063612 0.366370 
962 0.597065 0.984368 
BC_Tag
1 93
2 15
3 10
4 5
5 2
6 101
7 101
8 101
9 101
10 101
11 101
12 101
13 21
14 21
15 21
16 21
17 21
18 21
19 21
20 21
21 21
22 16
23 16
24 16
25 16
26 16
27 16
28 16
29 16
30 16
31 11
32 11
33 11
34 11
35 11
36 11
37 11
38 11
39 11
40 11
41 11
42 11
43 11
44 11
45 11
46 11
47 11
48 11
49 11
50 11
51 6
52 6
53 6
54 6
55 6
56 6
57 6
58 6
59 6
60 6
61 6
62 6
63 39
64 39
65 39
66 39
67 39
68 39
69 39
70 39
71 39
72 39
73 39
74 39
75 39
76 39
77 39
78 39
79 39
80 39
81 39
82 39
83 39
84 39
85 39
86 39
87 39
88 39
89 39
90 39
91 39
92 39
93 39
94 39
95 39
96 39
97 39
98 39
99 39
100 39
101 39
102 39
103 39
104 39
105 39
106 39
107 39
108 39
109 39
110 39
111 39
112 39
113 39
114 39
115 39
116 39
117 39
118 39
119 39
120 39
121 39
122 39
123 39
124 39
125 39
126 39
127 39
128 39
129 39
130 39
131 39
132 39
133 39
134 39
135 39
136 39
137 39
138 39
139 39
140 39
141 39
142 39
143 39
144 39
145 39
146 39
147 39
148 39
149 39
150 39
151 39
152 39
153 39
154 39
155 39
156 39
157 39
158 39
159 39
160 39
161 39
162 39
163 39
164 39
165 39
166 39
167 39
168 39
169 39
170 39
171 39
172 39
173 39
174 39
175 39
176 39
177 39
178 39
179 39
180 39
181 39
182 39
183 39
184 39
185 39
186 39
187 39
188 39
189 39
190 39
191 39
192 39
193 39
194 39
195 39
196 39
197 39
198 39
199 39
200 39
201 39
202 39
203 39
204 39
205 39
206 39
207 39
208 39
209 39
210 39
211 39
212 39
213 39
214 39
215 39
216 39
217 39
218 39
219 39
220 39
221 39
222 39
223 39
224 39
225 39
226 39
227 39
228 39
229 39
230 39
231 39
232 39
233 39
234 39
235 39
236 39
237 39
238 39
239 39
240 39
241 39
242 39
243 39
244 39
245 39
246 39
247 39
248 39
249 39
250 39
251 39
252 39
253 39
254 39
255 39
256 39
257 39
258 39
259 39
260 39
261 39
262 39
263 39
264 39
265 39
266 39
267 39
268 39
269 39
270 39
271 39
272 39
273 39
274 39
275 39
276 39
277 39
278 39
279 39
280 39
281 39
282 39
283 39
284 39
285 39
286 39
287 39
288 39
289 39
290 39
291 39
292 39
293 39
294 39
295 39
296 39
297 39
298 39
299 39
300 39
301 39
302 39
303 39
304 39
305 39
306 39
307 39
308 39
309 39
310 39
311 39
312 39
313 39
314 39
315 39
316 39
317 39
318 39
319 39
320 39
321 39
322 39
323 39
324 39
325 39
326 39
327 39
328 39
329 39
330 39
331 39
332 39
333 39
334 39
335 39
336 39
337 39
338 39
339 39
340 39
341 39
342 39
343 39
344 39
345 39
346 39
347 39
348 39
349 39
350 39
351 39
352 39
353 39
354 39
355 39
356 39
357 39
358 39
359 39
360 39
361 39
362 39
363 39
364 39
365 39
366 39
367 39
368 39
369 39
370 39
371 39
372 39
373 39
374 39
375 39
376 39
377 39
378 39
379 39
380 39
381 39
382 39
383 39
384 39
385 39
386 39
387 39
388 39
389 39
390 39
391 39
392 39
393 39
394 39
395 39
396 39
397 39
398 39
399 39
400 39
401 39
402 39
403 39
404 39
405 39
406 39
407 39
408 39
409 39
410 39
411 39
412 39
413 39
414 39
415 39
416 39
417 39
418 39
419 39
420 39
421 39
422 39
423 39
424 39
425 39
426 39
427 39
428 39
429 39
430 39
431 39
432 39
433 39
434 39
435 39
436 39
437 39
438 39
439 39
440 39
441 39
442 39
443 39
444 39
445 39
446 39
447 39
448 39
449 39
450 39
451 39
452 39
453 39
454 39
455 39
456 39
457 39
458 39
459 39
460 39
461 39
462 39
463 39
464 39
465 39
466 39
467 39
468 39
469 39
470 39
471 39
472 39
473 39
474 39
475 39
476 39
477 39
478 39
479 39
480 39
481 39
482 39
483 39
484 39
485 39
486 39
487 39
488 39
489 39
490 39
491 39
492 39
493 39
494 39
495 39
496 39
497 39
498 39
499 39
500 39
501 39
502 39
503 39
504 39
505 39
506 39
507 39
508 39
509 39
510 39
511 39
512 39
513 39
514 39
515 39
516 39
517 39
518 39
519 39
520 39
521 39
522 39
523 39
524 39
525 39
526 39
527 39
528 39
529 39
530 39
531 39
532 39
533 39
534 39
535 39
536 39
537 39
538 39
539 39
540 39
541 39
542 39
543 39
544 39
545 39
546 39
547 39
548 39
549 39
550 39
551 39
552 39
553 39
554 39
555 39
556 39
557 39
558 39
559 39
560 39
561 39
562 39
563 39
564 39
565 39
566 39
567 39
568 39
569 39
570 39
571 39
572 39
573 39
574 39
575 39
576 39
577 39
578 39
579 39
580 39
581 39
582 39
583 39
584 39
585 39
586 39
587 39
588 39
589 39
590 39
591 39
592 39
593 39
594 39
595 39
596 39
597 39
598 39
599 39
600 39
601 39
602 39
603 39
604 39
605 39
606 39
607 39
608 39
609 39
610 39
611 39
612 39
613 39
614 39
615 39
616 39
617 39
618 39
619 39
620 39
621 39
622 39
623 39
624 39
625 39
626 39
627 39
628 39
629 39
630 39
631 39
632 39
633 39
634 39
635 39
636 39
637 39
638 39
639 39
640 39
641 39
642 39
643 39
644 39
645 39
646 39
647 39
648 39
649 39
650 39
651 39
652 39
653 39
654 39
655 39
656 39
657 39
658 39
659 39
660 39
661 39
662 39
663 39
664 39
665 39
666 39
667 39
668 39
669 39
670 39
671 39
672 39
673 39
674 39
675 39
676 39
677 39
678 39
679 39
680 39
681 39
682 39
683 39
684 39
685 39
686 39
687 39
688 39
689 39
690 39
691 39
692 39
693 39
694 39
695 39
696 39
697 39
698 39
699 39
700 39
701 39
702 39
703 39
704 39
705 39
706 39
707 39
708 39
709 39
710 39
711 39
712 39
713 39
714 39
715 39
716 39
717 39
718 39
719 39
720 39
721 39
722 39
723 39
724 39
725 39
726 39
727 39
728 39
729 39
730 39
731 39
732 39
733 39
734 39
735 39
736 39
737 39
738 39
739 39
740 39
741 39
742 39
743 39
744 39
745 39
746 39
747 39
748 39
749 39
750 39
751 39
752 39
753 39
754 39
755 39
756 39
757 39
758 39
759 39
760 39
761 39
762 39
763 39
764 39
765 39
766 39
767 39
768 39
769 39
770 39
771 39
772 39
773 39
774 39
775 39
776 39
777 39
778 39
779 39
780 39
781 39
782 39
783 39
784 39
785 39
786 39
787 39
788 39
789 39
790 39
791 39
792 39
793 39
794 39
795 39
796 39
797 39
798 39
799 39
800 39
801 39
802 39
803 39
804 39
805 39
806 39
807 39
808 39
809 39
810 39
811 39
812 39
813 39
814 39
815 39
816 39
817 39
818 39
819 39
820 39
821 39
822 39
823 39
824 39
825 39
826 39
827 39
828 39
829 39
830 39
831 39
832 39
833 39
834 39
835 39
836 39
837 39
838 39
839 39
840 39
841 39
842 39
843 39
844 39
845 39
846 39
847 39
848 39
849 39
850 39
851 39
852 39
853 39
854 39
855 39
856 39
857 39
858 39
859 39
860 39
861 39
862 39
863 39
864 39
865 39
866 39
867 39
868 39
869 39
870 39
871 39
872 39
873 39
874 39
875 39
876 39
877 39
878 39
879 39
880 39
881 39
882 39
883 39
884 39
885 39
886 39
887 39
888 39
889 39
890 39
891 39
892 39
893 39
894 39
895 39
896 39
897 39
898 39
899 39
900 39
901 39
902 39
903 39
904 39
905 39
906 39
907 39
908 39
909 39
910 39
911 39
912 39
913 39
914 39
915 39
916 39
917 39
918 39
919 39
920 39
921 39
922 39
923 39
924 39
925 39
926 39
927 39
928 39
929 39
930 39
931 39
932 39
933 39
934 39
935 39
936 39
937 39
938 39
939 39
940 39
941 39
942 39
943 39
944 39
945 39
946 39
947 39
948 39
949 39
950 39
951 39
952 39
953 39
954 39
955 39
956 39
957 39
958 39
959 39
960 39
961 39
962 39
BCelement14 0 
BCelement6 13 
791 
211 
214 
216 
1352 
88 
1308 
1354 
48 
1313 
80 
1297 
17 
BCelement24 0 
BCelement11 21 
16 
1371 
1825 
1726 
51 
101 
198 
725 
1421 
1755 
698 
411 
111 
700 
466 
208 
114 
471 
105 
106 
19 
