Edge min = 0.039963, max=0.056596, average=0.045379;
Grid_size 1250
Node_size 676
Solution_Order 1
meshIEN 
1 4 653 100 
2 653 4 56 
3 100 629 99 
4 629 100 653 
5 99 605 98 
6 605 99 629 
7 98 581 97 
8 581 98 605 
9 97 557 96 
10 557 97 581 
11 96 533 95 
12 533 96 557 
13 95 509 94 
14 509 95 533 
15 94 485 93 
16 485 94 509 
17 93 461 92 
18 461 93 485 
19 92 437 91 
20 437 92 461 
21 91 413 90 
22 413 91 437 
23 90 389 89 
24 389 90 413 
25 89 365 88 
26 365 89 389 
27 88 341 87 
28 341 88 365 
29 87 317 86 
30 317 87 341 
31 86 293 85 
32 293 86 317 
33 85 269 84 
34 269 85 293 
35 84 245 83 
36 245 84 269 
37 83 221 82 
38 221 83 245 
39 82 197 81 
40 197 82 221 
41 81 173 80 
42 173 81 197 
43 80 149 79 
44 149 80 173 
45 79 125 78 
46 125 79 149 
47 78 101 77 
48 101 78 125 
49 77 28 3 
50 28 77 101 
51 56 654 653 
52 654 56 57 
53 653 630 629 
54 630 653 654 
55 629 606 605 
56 606 629 630 
57 605 582 581 
58 582 605 606 
59 581 558 557 
60 558 581 582 
61 557 534 533 
62 534 557 558 
63 533 510 509 
64 510 533 534 
65 509 486 485 
66 486 509 510 
67 485 462 461 
68 462 485 486 
69 461 438 437 
70 438 461 462 
71 437 414 413 
72 414 437 438 
73 413 390 389 
74 390 413 414 
75 389 366 365 
76 366 389 390 
77 365 342 341 
78 342 365 366 
79 341 318 317 
80 318 341 342 
81 317 294 293 
82 294 317 318 
83 293 270 269 
84 270 293 294 
85 269 246 245 
86 246 269 270 
87 245 222 221 
88 222 245 246 
89 221 198 197 
90 198 221 222 
91 197 174 173 
92 174 197 198 
93 173 150 149 
94 150 173 174 
95 149 126 125 
96 126 149 150 
97 125 102 101 
98 102 125 126 
99 101 27 28 
100 27 101 102 
101 654 55 655 
102 55 654 57 
103 654 631 630 
104 631 654 655 
105 630 607 606 
106 607 630 631 
107 606 583 582 
108 583 606 607 
109 582 559 558 
110 559 582 583 
111 558 535 534 
112 535 558 559 
113 534 511 510 
114 511 534 535 
115 510 487 486 
116 487 510 511 
117 486 463 462 
118 463 486 487 
119 462 439 438 
120 439 462 463 
121 438 415 414 
122 415 438 439 
123 414 391 390 
124 391 414 415 
125 390 367 366 
126 367 390 391 
127 366 343 342 
128 343 366 367 
129 342 319 318 
130 319 342 343 
131 318 295 294 
132 295 318 319 
133 294 271 270 
134 271 294 295 
135 270 247 246 
136 247 270 271 
137 246 223 222 
138 223 246 247 
139 222 199 198 
140 199 222 223 
141 198 175 174 
142 175 198 199 
143 174 151 150 
144 151 174 175 
145 150 127 126 
146 127 150 151 
147 126 103 102 
148 103 126 127 
149 102 26 27 
150 26 102 103 
151 55 656 655 
152 656 55 58 
153 655 632 631 
154 632 655 656 
155 631 608 607 
156 608 631 632 
157 607 584 583 
158 584 607 608 
159 583 560 559 
160 560 583 584 
161 559 536 535 
162 536 559 560 
163 535 512 511 
164 512 535 536 
165 511 488 487 
166 488 511 512 
167 487 464 463 
168 464 487 488 
169 463 440 439 
170 440 463 464 
171 439 416 415 
172 416 439 440 
173 415 392 391 
174 392 415 416 
175 391 368 367 
176 368 391 392 
177 367 344 343 
178 344 367 368 
179 343 320 319 
180 320 343 344 
181 319 296 295 
182 296 319 320 
183 295 272 271 
184 272 295 296 
185 271 248 247 
186 248 271 272 
187 247 224 223 
188 224 247 248 
189 223 200 199 
190 200 223 224 
191 199 176 175 
192 176 199 200 
193 175 152 151 
194 152 175 176 
195 151 128 127 
196 128 151 152 
197 127 104 103 
198 104 127 128 
199 103 25 26 
200 25 103 104 
201 58 657 656 
202 657 58 59 
203 656 633 632 
204 633 656 657 
205 632 609 608 
206 609 632 633 
207 608 585 584 
208 585 608 609 
209 584 561 560 
210 561 584 585 
211 560 537 536 
212 537 560 561 
213 536 513 512 
214 513 536 537 
215 512 489 488 
216 489 512 513 
217 488 465 464 
218 465 488 489 
219 464 441 440 
220 441 464 465 
221 440 417 416 
222 417 440 441 
223 416 393 392 
224 393 416 417 
225 392 369 368 
226 369 392 393 
227 368 345 344 
228 345 368 369 
229 344 321 320 
230 321 344 345 
231 320 297 296 
232 297 320 321 
233 296 273 272 
234 273 296 297 
235 272 249 248 
236 249 272 273 
237 248 225 224 
238 225 248 249 
239 224 201 200 
240 201 224 225 
241 200 177 176 
242 177 200 201 
243 176 153 152 
244 153 176 177 
245 152 129 128 
246 129 152 153 
247 128 105 104 
248 105 128 129 
249 104 24 25 
250 24 104 105 
251 657 54 658 
252 54 657 59 
253 657 634 633 
254 634 657 658 
255 633 610 609 
256 610 633 634 
257 609 586 585 
258 586 609 610 
259 585 562 561 
260 562 585 586 
261 561 538 537 
262 538 561 562 
263 537 514 513 
264 514 537 538 
265 513 490 489 
266 490 513 514 
267 489 466 465 
268 466 489 490 
269 465 442 441 
270 442 465 466 
271 441 418 417 
272 418 441 442 
273 417 394 393 
274 394 417 418 
275 393 370 369 
276 370 393 394 
277 369 346 345 
278 346 369 370 
279 345 322 321 
280 322 345 346 
281 321 298 297 
282 298 321 322 
283 297 274 273 
284 274 297 298 
285 273 250 249 
286 250 273 274 
287 249 226 225 
288 226 249 250 
289 225 202 201 
290 202 225 226 
291 201 178 177 
292 178 201 202 
293 177 154 153 
294 154 177 178 
295 153 130 129 
296 130 153 154 
297 129 106 105 
298 106 129 130 
299 105 23 24 
300 23 105 106 
301 54 659 658 
302 659 54 61 
303 658 635 634 
304 635 658 659 
305 634 611 610 
306 611 634 635 
307 610 587 586 
308 587 610 611 
309 586 563 562 
310 563 586 587 
311 562 539 538 
312 539 562 563 
313 538 515 514 
314 515 538 539 
315 514 491 490 
316 491 514 515 
317 490 467 466 
318 467 490 491 
319 466 443 442 
320 443 466 467 
321 442 419 418 
322 419 442 443 
323 418 395 394 
324 395 418 419 
325 394 371 370 
326 371 394 395 
327 370 347 346 
328 347 370 371 
329 346 323 322 
330 323 346 347 
331 322 299 298 
332 299 322 323 
333 298 275 274 
334 275 298 299 
335 274 251 250 
336 251 274 275 
337 250 227 226 
338 227 250 251 
339 226 203 202 
340 203 226 227 
341 202 179 178 
342 179 202 203 
343 178 155 154 
344 155 178 179 
345 154 131 130 
346 131 154 155 
347 130 107 106 
348 107 130 131 
349 106 22 23 
350 22 106 107 
351 61 660 659 
352 660 61 62 
353 659 636 635 
354 636 659 660 
355 635 612 611 
356 612 635 636 
357 611 588 587 
358 588 611 612 
359 587 564 563 
360 564 587 588 
361 563 540 539 
362 540 563 564 
363 539 516 515 
364 516 539 540 
365 515 492 491 
366 492 515 516 
367 491 468 467 
368 468 491 492 
369 467 444 443 
370 444 467 468 
371 443 420 419 
372 420 443 444 
373 419 396 395 
374 396 419 420 
375 395 372 371 
376 372 395 396 
377 371 348 347 
378 348 371 372 
379 347 324 323 
380 324 347 348 
381 323 300 299 
382 300 323 324 
383 299 276 275 
384 276 299 300 
385 275 252 251 
386 252 275 276 
387 251 228 227 
388 228 251 252 
389 227 204 203 
390 204 227 228 
391 203 180 179 
392 180 203 204 
393 179 156 155 
394 156 179 180 
395 155 132 131 
396 132 155 156 
397 131 108 107 
398 108 131 132 
399 107 21 22 
400 21 107 108 
401 660 60 661 
402 60 660 62 
403 660 637 636 
404 637 660 661 
405 636 613 612 
406 613 636 637 
407 612 589 588 
408 589 612 613 
409 588 565 564 
410 565 588 589 
411 564 541 540 
412 541 564 565 
413 540 517 516 
414 517 540 541 
415 516 493 492 
416 493 516 517 
417 492 469 468 
418 469 492 493 
419 468 445 444 
420 445 468 469 
421 444 421 420 
422 421 444 445 
423 420 397 396 
424 397 420 421 
425 396 373 372 
426 373 396 397 
427 372 349 348 
428 349 372 373 
429 348 325 324 
430 325 348 349 
431 324 301 300 
432 301 324 325 
433 300 277 276 
434 277 300 301 
435 276 253 252 
436 253 276 277 
437 252 229 228 
438 229 252 253 
439 228 205 204 
440 205 228 229 
441 204 181 180 
442 181 204 205 
443 180 157 156 
444 157 180 181 
445 156 133 132 
446 133 156 157 
447 132 109 108 
448 109 132 133 
449 108 20 21 
450 20 108 109 
451 60 662 661 
452 662 60 63 
453 661 638 637 
454 638 661 662 
455 637 614 613 
456 614 637 638 
457 613 590 589 
458 590 613 614 
459 589 566 565 
460 566 589 590 
461 565 542 541 
462 542 565 566 
463 541 518 517 
464 518 541 542 
465 517 494 493 
466 494 517 518 
467 493 470 469 
468 470 493 494 
469 469 446 445 
470 446 469 470 
471 445 422 421 
472 422 445 446 
473 421 398 397 
474 398 421 422 
475 397 374 373 
476 374 397 398 
477 373 350 349 
478 350 373 374 
479 349 326 325 
480 326 349 350 
481 325 302 301 
482 302 325 326 
483 301 278 277 
484 278 301 302 
485 277 254 253 
486 254 277 278 
487 253 230 229 
488 230 253 254 
489 229 206 205 
490 206 229 230 
491 205 182 181 
492 182 205 206 
493 181 158 157 
494 158 181 182 
495 157 134 133 
496 134 157 158 
497 133 110 109 
498 110 133 134 
499 109 19 20 
500 19 109 110 
501 63 663 662 
502 663 63 64 
503 662 639 638 
504 639 662 663 
505 638 615 614 
506 615 638 639 
507 614 591 590 
508 591 614 615 
509 590 567 566 
510 567 590 591 
511 566 543 542 
512 543 566 567 
513 542 519 518 
514 519 542 543 
515 518 495 494 
516 495 518 519 
517 494 471 470 
518 471 494 495 
519 470 447 446 
520 447 470 471 
521 446 423 422 
522 423 446 447 
523 422 399 398 
524 399 422 423 
525 398 375 374 
526 375 398 399 
527 374 351 350 
528 351 374 375 
529 350 327 326 
530 327 350 351 
531 326 303 302 
532 303 326 327 
533 302 279 278 
534 279 302 303 
535 278 255 254 
536 255 278 279 
537 254 231 230 
538 231 254 255 
539 230 207 206 
540 207 230 231 
541 206 183 182 
542 183 206 207 
543 182 159 158 
544 159 182 183 
545 158 135 134 
546 135 158 159 
547 134 111 110 
548 111 134 135 
549 110 18 19 
550 18 110 111 
551 663 53 664 
552 53 663 64 
553 663 640 639 
554 640 663 664 
555 639 616 615 
556 616 639 640 
557 615 592 591 
558 592 615 616 
559 591 568 567 
560 568 591 592 
561 567 544 543 
562 544 567 568 
563 543 520 519 
564 520 543 544 
565 519 496 495 
566 496 519 520 
567 495 472 471 
568 472 495 496 
569 471 448 447 
570 448 471 472 
571 447 424 423 
572 424 447 448 
573 423 400 399 
574 400 423 424 
575 399 376 375 
576 376 399 400 
577 375 352 351 
578 352 375 376 
579 351 328 327 
580 328 351 352 
581 327 304 303 
582 304 327 328 
583 303 280 279 
584 280 303 304 
585 279 256 255 
586 256 279 280 
587 255 232 231 
588 232 255 256 
589 231 208 207 
590 208 231 232 
591 207 184 183 
592 184 207 208 
593 183 160 159 
594 160 183 184 
595 159 136 135 
596 136 159 160 
597 135 112 111 
598 112 135 136 
599 111 17 18 
600 17 111 112 
601 53 665 664 
602 665 53 67 
603 664 641 640 
604 641 664 665 
605 640 617 616 
606 617 640 641 
607 616 593 592 
608 593 616 617 
609 592 569 568 
610 569 592 593 
611 568 545 544 
612 545 568 569 
613 544 521 520 
614 521 544 545 
615 520 497 496 
616 497 520 521 
617 496 473 472 
618 473 496 497 
619 472 449 448 
620 449 472 473 
621 448 425 424 
622 425 448 449 
623 424 401 400 
624 401 424 425 
625 400 377 376 
626 377 400 401 
627 376 353 352 
628 353 376 377 
629 352 329 328 
630 329 352 353 
631 328 305 304 
632 305 328 329 
633 304 281 280 
634 281 304 305 
635 280 257 256 
636 257 280 281 
637 256 233 232 
638 233 256 257 
639 232 209 208 
640 209 232 233 
641 208 185 184 
642 185 208 209 
643 184 161 160 
644 161 184 185 
645 160 137 136 
646 137 160 161 
647 136 113 112 
648 113 136 137 
649 112 16 17 
650 16 112 113 
651 67 666 665 
652 666 67 68 
653 665 642 641 
654 642 665 666 
655 641 618 617 
656 618 641 642 
657 617 594 593 
658 594 617 618 
659 593 570 569 
660 570 593 594 
661 569 546 545 
662 546 569 570 
663 545 522 521 
664 522 545 546 
665 521 498 497 
666 498 521 522 
667 497 474 473 
668 474 497 498 
669 473 450 449 
670 450 473 474 
671 449 426 425 
672 426 449 450 
673 425 402 401 
674 402 425 426 
675 401 378 377 
676 378 401 402 
677 377 354 353 
678 354 377 378 
679 353 330 329 
680 330 353 354 
681 329 306 305 
682 306 329 330 
683 305 282 281 
684 282 305 306 
685 281 258 257 
686 258 281 282 
687 257 234 233 
688 234 257 258 
689 233 210 209 
690 210 233 234 
691 209 186 185 
692 186 209 210 
693 185 162 161 
694 162 185 186 
695 161 138 137 
696 138 161 162 
697 137 114 113 
698 114 137 138 
699 113 15 16 
700 15 113 114 
701 666 66 667 
702 66 666 68 
703 666 643 642 
704 643 666 667 
705 642 619 618 
706 619 642 643 
707 618 595 594 
708 595 618 619 
709 594 571 570 
710 571 594 595 
711 570 547 546 
712 547 570 571 
713 546 523 522 
714 523 546 547 
715 522 499 498 
716 499 522 523 
717 498 475 474 
718 475 498 499 
719 474 451 450 
720 451 474 475 
721 450 427 426 
722 427 450 451 
723 426 403 402 
724 403 426 427 
725 402 379 378 
726 379 402 403 
727 378 355 354 
728 355 378 379 
729 354 331 330 
730 331 354 355 
731 330 307 306 
732 307 330 331 
733 306 283 282 
734 283 306 307 
735 282 259 258 
736 259 282 283 
737 258 235 234 
738 235 258 259 
739 234 211 210 
740 211 234 235 
741 210 187 186 
742 187 210 211 
743 186 163 162 
744 163 186 187 
745 162 139 138 
746 139 162 163 
747 138 115 114 
748 115 138 139 
749 114 14 15 
750 14 114 115 
751 66 668 667 
752 668 66 69 
753 667 644 643 
754 644 667 668 
755 643 620 619 
756 620 643 644 
757 619 596 595 
758 596 619 620 
759 595 572 571 
760 572 595 596 
761 571 548 547 
762 548 571 572 
763 547 524 523 
764 524 547 548 
765 523 500 499 
766 500 523 524 
767 499 476 475 
768 476 499 500 
769 475 452 451 
770 452 475 476 
771 451 428 427 
772 428 451 452 
773 427 404 403 
774 404 427 428 
775 403 380 379 
776 380 403 404 
777 379 356 355 
778 356 379 380 
779 355 332 331 
780 332 355 356 
781 331 308 307 
782 308 331 332 
783 307 284 283 
784 284 307 308 
785 283 260 259 
786 260 283 284 
787 259 236 235 
788 236 259 260 
789 235 212 211 
790 212 235 236 
791 211 188 187 
792 188 211 212 
793 187 164 163 
794 164 187 188 
795 163 140 139 
796 140 163 164 
797 139 116 115 
798 116 139 140 
799 115 13 14 
800 13 115 116 
801 69 669 668 
802 669 69 70 
803 668 645 644 
804 645 668 669 
805 644 621 620 
806 621 644 645 
807 620 597 596 
808 597 620 621 
809 596 573 572 
810 573 596 597 
811 572 549 548 
812 549 572 573 
813 548 525 524 
814 525 548 549 
815 524 501 500 
816 501 524 525 
817 500 477 476 
818 477 500 501 
819 476 453 452 
820 453 476 477 
821 452 429 428 
822 429 452 453 
823 428 405 404 
824 405 428 429 
825 404 381 380 
826 381 404 405 
827 380 357 356 
828 357 380 381 
829 356 333 332 
830 333 356 357 
831 332 309 308 
832 309 332 333 
833 308 285 284 
834 285 308 309 
835 284 261 260 
836 261 284 285 
837 260 237 236 
838 237 260 261 
839 236 213 212 
840 213 236 237 
841 212 189 188 
842 189 212 213 
843 188 165 164 
844 165 188 189 
845 164 141 140 
846 141 164 165 
847 140 117 116 
848 117 140 141 
849 116 12 13 
850 12 116 117 
851 669 65 670 
852 65 669 70 
853 669 646 645 
854 646 669 670 
855 645 622 621 
856 622 645 646 
857 621 598 597 
858 598 621 622 
859 597 574 573 
860 574 597 598 
861 573 550 549 
862 550 573 574 
863 549 526 525 
864 526 549 550 
865 525 502 501 
866 502 525 526 
867 501 478 477 
868 478 501 502 
869 477 454 453 
870 454 477 478 
871 453 430 429 
872 430 453 454 
873 429 406 405 
874 406 429 430 
875 405 382 381 
876 382 405 406 
877 381 358 357 
878 358 381 382 
879 357 334 333 
880 334 357 358 
881 333 310 309 
882 310 333 334 
883 309 286 285 
884 286 309 310 
885 285 262 261 
886 262 285 286 
887 261 238 237 
888 238 261 262 
889 237 214 213 
890 214 237 238 
891 213 190 189 
892 190 213 214 
893 189 166 165 
894 166 189 190 
895 165 142 141 
896 142 165 166 
897 141 118 117 
898 118 141 142 
899 117 11 12 
900 11 117 118 
901 65 671 670 
902 671 65 72 
903 670 647 646 
904 647 670 671 
905 646 623 622 
906 623 646 647 
907 622 599 598 
908 599 622 623 
909 598 575 574 
910 575 598 599 
911 574 551 550 
912 551 574 575 
913 550 527 526 
914 527 550 551 
915 526 503 502 
916 503 526 527 
917 502 479 478 
918 479 502 503 
919 478 455 454 
920 455 478 479 
921 454 431 430 
922 431 454 455 
923 430 407 406 
924 407 430 431 
925 406 383 382 
926 383 406 407 
927 382 359 358 
928 359 382 383 
929 358 335 334 
930 335 358 359 
931 334 311 310 
932 311 334 335 
933 310 287 286 
934 287 310 311 
935 286 263 262 
936 263 286 287 
937 262 239 238 
938 239 262 263 
939 238 215 214 
940 215 238 239 
941 214 191 190 
942 191 214 215 
943 190 167 166 
944 167 190 191 
945 166 143 142 
946 143 166 167 
947 142 119 118 
948 119 142 143 
949 118 10 11 
950 10 118 119 
951 72 672 671 
952 672 72 73 
953 671 648 647 
954 648 671 672 
955 647 624 623 
956 624 647 648 
957 623 600 599 
958 600 623 624 
959 599 576 575 
960 576 599 600 
961 575 552 551 
962 552 575 576 
963 551 528 527 
964 528 551 552 
965 527 504 503 
966 504 527 528 
967 503 480 479 
968 480 503 504 
969 479 456 455 
970 456 479 480 
971 455 432 431 
972 432 455 456 
973 431 408 407 
974 408 431 432 
975 407 384 383 
976 384 407 408 
977 383 360 359 
978 360 383 384 
979 359 336 335 
980 336 359 360 
981 335 312 311 
982 312 335 336 
983 311 288 287 
984 288 311 312 
985 287 264 263 
986 264 287 288 
987 263 240 239 
988 240 263 264 
989 239 216 215 
990 216 239 240 
991 215 192 191 
992 192 215 216 
993 191 168 167 
994 168 191 192 
995 167 144 143 
996 144 167 168 
997 143 120 119 
998 120 143 144 
999 119 9 10 
1000 9 119 120 
1001 672 71 673 
1002 71 672 73 
1003 672 649 648 
1004 649 672 673 
1005 648 625 624 
1006 625 648 649 
1007 624 601 600 
1008 601 624 625 
1009 600 577 576 
1010 577 600 601 
1011 576 553 552 
1012 553 576 577 
1013 552 529 528 
1014 529 552 553 
1015 528 505 504 
1016 505 528 529 
1017 504 481 480 
1018 481 504 505 
1019 480 457 456 
1020 457 480 481 
1021 456 433 432 
1022 433 456 457 
1023 432 409 408 
1024 409 432 433 
1025 408 385 384 
1026 385 408 409 
1027 384 361 360 
1028 361 384 385 
1029 360 337 336 
1030 337 360 361 
1031 336 313 312 
1032 313 336 337 
1033 312 289 288 
1034 289 312 313 
1035 288 265 264 
1036 265 288 289 
1037 264 241 240 
1038 241 264 265 
1039 240 217 216 
1040 217 240 241 
1041 216 193 192 
1042 193 216 217 
1043 192 169 168 
1044 169 192 193 
1045 168 145 144 
1046 145 168 169 
1047 144 121 120 
1048 121 144 145 
1049 120 8 9 
1050 8 120 121 
1051 71 674 673 
1052 674 71 75 
1053 673 650 649 
1054 650 673 674 
1055 649 626 625 
1056 626 649 650 
1057 625 602 601 
1058 602 625 626 
1059 601 578 577 
1060 578 601 602 
1061 577 554 553 
1062 554 577 578 
1063 553 530 529 
1064 530 553 554 
1065 529 506 505 
1066 506 529 530 
1067 505 482 481 
1068 482 505 506 
1069 481 458 457 
1070 458 481 482 
1071 457 434 433 
1072 434 457 458 
1073 433 410 409 
1074 410 433 434 
1075 409 386 385 
1076 386 409 410 
1077 385 362 361 
1078 362 385 386 
1079 361 338 337 
1080 338 361 362 
1081 337 314 313 
1082 314 337 338 
1083 313 290 289 
1084 290 313 314 
1085 289 266 265 
1086 266 289 290 
1087 265 242 241 
1088 242 265 266 
1089 241 218 217 
1090 218 241 242 
1091 217 194 193 
1092 194 217 218 
1093 193 170 169 
1094 170 193 194 
1095 169 146 145 
1096 146 169 170 
1097 145 122 121 
1098 122 145 146 
1099 121 7 8 
1100 7 121 122 
1101 674 74 675 
1102 74 674 75 
1103 674 651 650 
1104 651 674 675 
1105 650 627 626 
1106 627 650 651 
1107 626 603 602 
1108 603 626 627 
1109 602 579 578 
1110 579 602 603 
1111 578 555 554 
1112 555 578 579 
1113 554 531 530 
1114 531 554 555 
1115 530 507 506 
1116 507 530 531 
1117 506 483 482 
1118 483 506 507 
1119 482 459 458 
1120 459 482 483 
1121 458 435 434 
1122 435 458 459 
1123 434 411 410 
1124 411 434 435 
1125 410 387 386 
1126 387 410 411 
1127 386 363 362 
1128 363 386 387 
1129 362 339 338 
1130 339 362 363 
1131 338 315 314 
1132 315 338 339 
1133 314 291 290 
1134 291 314 315 
1135 290 267 266 
1136 267 290 291 
1137 266 243 242 
1138 243 266 267 
1139 242 219 218 
1140 219 242 243 
1141 218 195 194 
1142 195 218 219 
1143 194 171 170 
1144 171 194 195 
1145 170 147 146 
1146 147 170 171 
1147 146 123 122 
1148 123 146 147 
1149 122 6 7 
1150 6 122 123 
1151 74 676 675 
1152 676 74 76 
1153 675 652 651 
1154 652 675 676 
1155 651 628 627 
1156 628 651 652 
1157 627 604 603 
1158 604 627 628 
1159 603 580 579 
1160 580 603 604 
1161 579 556 555 
1162 556 579 580 
1163 555 532 531 
1164 532 555 556 
1165 531 508 507 
1166 508 531 532 
1167 507 484 483 
1168 484 507 508 
1169 483 460 459 
1170 460 483 484 
1171 459 436 435 
1172 436 459 460 
1173 435 412 411 
1174 412 435 436 
1175 411 388 387 
1176 388 411 412 
1177 387 364 363 
1178 364 387 388 
1179 363 340 339 
1180 340 363 364 
1181 339 316 315 
1182 316 339 340 
1183 315 292 291 
1184 292 315 316 
1185 291 268 267 
1186 268 291 292 
1187 267 244 243 
1188 244 267 268 
1189 243 220 219 
1190 220 243 244 
1191 219 196 195 
1192 196 219 220 
1193 195 172 171 
1194 172 195 196 
1195 171 148 147 
1196 148 171 172 
1197 147 124 123 
1198 124 147 148 
1199 123 5 6 
1200 5 123 124 
1201 676 2 29 
1202 2 676 76 
1203 652 29 30 
1204 29 652 676 
1205 628 30 31 
1206 30 628 652 
1207 604 31 32 
1208 31 604 628 
1209 580 32 33 
1210 32 580 604 
1211 556 33 34 
1212 33 556 580 
1213 532 34 35 
1214 34 532 556 
1215 508 35 36 
1216 35 508 532 
1217 484 36 37 
1218 36 484 508 
1219 460 37 38 
1220 37 460 484 
1221 436 38 39 
1222 38 436 460 
1223 412 39 40 
1224 39 412 436 
1225 388 40 41 
1226 40 388 412 
1227 364 41 42 
1228 41 364 388 
1229 340 42 43 
1230 42 340 364 
1231 316 43 44 
1232 43 316 340 
1233 292 44 45 
1234 44 292 316 
1235 268 45 46 
1236 45 268 292 
1237 244 46 47 
1238 46 244 268 
1239 220 47 48 
1240 47 220 244 
1241 196 48 49 
1242 48 196 220 
1243 172 49 50 
1244 49 172 196 
1245 148 50 51 
1246 50 148 172 
1247 124 51 52 
1248 51 124 148 
1249 5 52 1 
1250 52 5 124 
vertexCoord 
1 0.000000 0.000000 
2 -0.707107 0.707107 
3 0.707107 0.707107 
4 -0.000000 1.414214 
5 0.028299 0.028299 
6 0.056599 0.056599 
7 0.084898 0.084898 
8 0.113197 0.113197 
9 0.141469 0.141469 
10 0.169756 0.169756 
11 0.198040 0.198040 
12 0.226310 0.226310 
13 0.254595 0.254595 
14 0.282877 0.282877 
15 0.311166 0.311166 
16 0.339449 0.339449 
17 0.367729 0.367729 
18 0.395997 0.395997 
19 0.424281 0.424281 
20 0.452562 0.452562 
21 0.480850 0.480850 
22 0.509132 0.509132 
23 0.537411 0.537411 
24 0.565698 0.565698 
25 0.593980 0.593980 
26 0.622258 0.622258 
27 0.650517 0.650517 
28 0.678795 0.678795 
29 -0.678823 0.678823 
30 -0.650538 0.650538 
31 -0.622254 0.622254 
32 -0.593970 0.593970 
33 -0.565685 0.565685 
34 -0.537401 0.537401 
35 -0.509117 0.509117 
36 -0.480833 0.480833 
37 -0.452548 0.452548 
38 -0.424264 0.424264 
39 -0.395980 0.395980 
40 -0.367696 0.367696 
41 -0.339411 0.339411 
42 -0.311127 0.311127 
43 -0.282843 0.282843 
44 -0.254558 0.254558 
45 -0.226274 0.226274 
46 -0.197990 0.197990 
47 -0.169706 0.169706 
48 -0.141421 0.141421 
49 -0.113137 0.113137 
50 -0.084853 0.084853 
51 -0.056569 0.056569 
52 -0.028284 0.028284 
53 -0.339378 1.074836 
54 -0.169696 1.244517 
55 -0.084848 1.329365 
56 -0.028312 1.385902 
57 -0.056590 1.357623 
58 -0.113127 1.301087 
59 -0.141409 1.272805 
60 -0.254544 1.159669 
61 -0.197975 1.216239 
62 -0.226257 1.187957 
63 -0.282826 1.131388 
64 -0.311110 1.103104 
65 -0.509066 0.905147 
66 -0.424229 0.989984 
67 -0.367658 1.046556 
68 -0.395941 1.018273 
69 -0.452512 0.961702 
70 -0.480797 0.933416 
71 -0.593909 0.820304 
72 -0.537351 0.876863 
73 -0.565638 0.848575 
74 -0.650508 0.763705 
75 -0.622209 0.792005 
76 -0.678807 0.735406 
77 0.678823 0.735391 
78 0.650538 0.763675 
79 0.622254 0.791960 
80 0.593970 0.820244 
81 0.565685 0.848528 
82 0.537401 0.876812 
83 0.509117 0.905097 
84 0.480833 0.933381 
85 0.452548 0.961665 
86 0.424264 0.989949 
87 0.395980 1.018234 
88 0.367696 1.046518 
89 0.339411 1.074802 
90 0.311127 1.103087 
91 0.282843 1.131371 
92 0.254558 1.159655 
93 0.226274 1.187939 
94 0.197990 1.216224 
95 0.169706 1.244508 
96 0.141421 1.272792 
97 0.113137 1.301076 
98 0.084853 1.329361 
99 0.056569 1.357645 
100 0.028284 1.385929 
101 0.650511 0.707079 
102 0.622232 0.678801 
103 0.593974 0.650543 
104 0.565695 0.622264 
105 0.537414 0.593982 
106 0.509126 0.565695 
107 0.480847 0.537416 
108 0.452566 0.509134 
109 0.424278 0.480847 
110 0.395997 0.452565 
111 0.367713 0.424281 
112 0.339445 0.396013 
113 0.311165 0.367733 
114 0.282882 0.339450 
115 0.254593 0.311162 
116 0.226311 0.282879 
117 0.198025 0.254594 
118 0.169756 0.226325 
119 0.141472 0.198040 
120 0.113184 0.169753 
121 0.084913 0.141482 
122 0.056614 0.113182 
123 0.028314 0.084883 
124 0.000015 0.056584 
125 0.622226 0.735363 
126 0.593948 0.707085 
127 0.565690 0.678827 
128 0.537411 0.650548 
129 0.509129 0.622266 
130 0.480842 0.593979 
131 0.452563 0.565700 
132 0.424281 0.537418 
133 0.395994 0.509131 
134 0.367713 0.480850 
135 0.339428 0.452565 
136 0.311160 0.424297 
137 0.282880 0.396017 
138 0.254597 0.367734 
139 0.226309 0.339446 
140 0.198026 0.311163 
141 0.169741 0.282878 
142 0.141472 0.254609 
143 0.113187 0.226324 
144 0.084900 0.198037 
145 0.056629 0.169766 
146 0.028329 0.141467 
147 0.000030 0.113167 
148 -0.028269 0.084868 
149 0.593942 0.763648 
150 0.565664 0.735370 
151 0.537406 0.707111 
152 0.509127 0.678833 
153 0.480845 0.650551 
154 0.452558 0.622263 
155 0.424279 0.593985 
156 0.395997 0.565703 
157 0.367710 0.537415 
158 0.339428 0.509134 
159 0.311144 0.480850 
160 0.282876 0.452582 
161 0.254596 0.424302 
162 0.226313 0.396019 
163 0.198025 0.367730 
164 0.169742 0.339448 
165 0.141457 0.311162 
166 0.113188 0.282893 
167 0.084903 0.254609 
168 0.056616 0.226321 
169 0.028344 0.198050 
170 0.000045 0.169751 
171 -0.028254 0.141451 
172 -0.056553 0.113152 
173 0.565658 0.791932 
174 0.537380 0.763654 
175 0.509121 0.735396 
176 0.480843 0.707117 
177 0.452561 0.678835 
178 0.424273 0.650548 
179 0.395995 0.622269 
180 0.367713 0.593987 
181 0.339425 0.565700 
182 0.311144 0.537418 
183 0.282860 0.509134 
184 0.254592 0.480866 
185 0.226312 0.452586 
186 0.198029 0.424303 
187 0.169740 0.396014 
188 0.141458 0.367732 
189 0.113173 0.339447 
190 0.084903 0.311178 
191 0.056619 0.282893 
192 0.028331 0.254606 
193 0.000060 0.226334 
194 -0.028239 0.198035 
195 -0.056538 0.169736 
196 -0.084838 0.141436 
197 0.537374 0.820216 
198 0.509095 0.791938 
199 0.480837 0.763680 
200 0.452558 0.735401 
201 0.424277 0.707119 
202 0.395989 0.678832 
203 0.367710 0.650553 
204 0.339429 0.622271 
205 0.311141 0.593984 
206 0.282860 0.565702 
207 0.254576 0.537418 
208 0.226308 0.509150 
209 0.198028 0.480870 
210 0.169745 0.452587 
211 0.141456 0.424299 
212 0.113174 0.396016 
213 0.084888 0.367731 
214 0.056619 0.339462 
215 0.028335 0.311177 
216 0.000047 0.282890 
217 -0.028224 0.254619 
218 -0.056523 0.226319 
219 -0.084823 0.198020 
220 -0.113122 0.169721 
221 0.509089 0.848501 
222 0.480811 0.820222 
223 0.452553 0.791964 
224 0.424274 0.763685 
225 0.395992 0.735404 
226 0.367705 0.707116 
227 0.339426 0.678837 
228 0.311144 0.650555 
229 0.282857 0.622268 
230 0.254575 0.593987 
231 0.226291 0.565703 
232 0.198023 0.537434 
233 0.169743 0.509155 
234 0.141460 0.480872 
235 0.113172 0.452583 
236 0.084889 0.424301 
237 0.056604 0.396015 
238 0.028335 0.367746 
239 0.000050 0.339461 
240 -0.028237 0.311174 
241 -0.056508 0.282903 
242 -0.084808 0.254604 
243 -0.113107 0.226304 
244 -0.141406 0.198005 
245 0.480805 0.876785 
246 0.452527 0.848507 
247 0.424269 0.820248 
248 0.395990 0.791970 
249 0.367708 0.763688 
250 0.339421 0.735400 
251 0.311142 0.707122 
252 0.282860 0.678840 
253 0.254573 0.650552 
254 0.226291 0.622271 
255 0.198007 0.593987 
256 0.169739 0.565719 
257 0.141459 0.537439 
258 0.113176 0.509156 
259 0.084888 0.480867 
260 0.056605 0.452585 
261 0.028320 0.424300 
262 0.000051 0.396030 
263 -0.028234 0.367746 
264 -0.056521 0.339458 
265 -0.084793 0.311187 
266 -0.113092 0.282888 
267 -0.141391 0.254589 
268 -0.169691 0.226289 
269 0.452521 0.905069 
270 0.424243 0.876791 
271 0.395984 0.848533 
272 0.367706 0.820254 
273 0.339424 0.791972 
274 0.311136 0.763685 
275 0.282858 0.735406 
276 0.254576 0.707124 
277 0.226288 0.678837 
278 0.198007 0.650555 
279 0.169723 0.622271 
280 0.141455 0.594003 
281 0.113175 0.565723 
282 0.084892 0.537440 
283 0.056603 0.509152 
284 0.028321 0.480869 
285 0.000035 0.452584 
286 -0.028234 0.424315 
287 -0.056518 0.396030 
288 -0.084806 0.367743 
289 -0.113077 0.339471 
290 -0.141376 0.311172 
291 -0.169676 0.282873 
292 -0.197975 0.254573 
293 0.424236 0.933353 
294 0.395958 0.905075 
295 0.367700 0.876817 
296 0.339421 0.848538 
297 0.311139 0.820256 
298 0.282852 0.791969 
299 0.254573 0.763690 
300 0.226291 0.735408 
301 0.198004 0.707121 
302 0.169723 0.678840 
303 0.141438 0.650555 
304 0.113170 0.622287 
305 0.084890 0.594007 
306 0.056607 0.565724 
307 0.028319 0.537436 
308 0.000036 0.509153 
309 -0.028249 0.480868 
310 -0.056518 0.452599 
311 -0.084803 0.424314 
312 -0.113090 0.396027 
313 -0.141361 0.367756 
314 -0.169660 0.339456 
315 -0.197960 0.311157 
316 -0.226259 0.282858 
317 0.395952 0.961638 
318 0.367674 0.933359 
319 0.339416 0.905101 
320 0.311137 0.876822 
321 0.282855 0.848541 
322 0.254568 0.820253 
323 0.226289 0.791974 
324 0.198007 0.763693 
325 0.169720 0.735405 
326 0.141438 0.707124 
327 0.113154 0.678840 
328 0.084886 0.650572 
329 0.056606 0.622292 
330 0.028323 0.594009 
331 0.000035 0.565720 
332 -0.028248 0.537438 
333 -0.056533 0.509152 
334 -0.084802 0.480883 
335 -0.113087 0.452599 
336 -0.141374 0.424311 
337 -0.169645 0.396040 
338 -0.197945 0.367741 
339 -0.226244 0.339441 
340 -0.254543 0.311142 
341 0.367668 0.989922 
342 0.339390 0.961644 
343 0.311131 0.933385 
344 0.282853 0.905107 
345 0.254571 0.876825 
346 0.226284 0.848538 
347 0.198005 0.820259 
348 0.169723 0.791977 
349 0.141435 0.763689 
350 0.113154 0.735408 
351 0.084870 0.707124 
352 0.056602 0.678856 
353 0.028322 0.650576 
354 0.000039 0.622293 
355 -0.028250 0.594004 
356 -0.056532 0.565722 
357 -0.084817 0.537437 
358 -0.113087 0.509167 
359 -0.141371 0.480883 
360 -0.169658 0.452596 
361 -0.197930 0.424324 
362 -0.226229 0.396025 
363 -0.254528 0.367726 
364 -0.282828 0.339426 
365 0.339384 1.018206 
366 0.311105 0.989928 
367 0.282847 0.961670 
368 0.254568 0.933391 
369 0.226287 0.905109 
370 0.197999 0.876822 
371 0.169720 0.848543 
372 0.141439 0.820261 
373 0.113151 0.791974 
374 0.084870 0.763692 
375 0.056586 0.735408 
376 0.028318 0.707140 
377 0.000038 0.678860 
378 -0.028245 0.650577 
379 -0.056534 0.622289 
380 -0.084816 0.594006 
381 -0.113102 0.565721 
382 -0.141371 0.537452 
383 -0.169655 0.509167 
384 -0.197943 0.480880 
385 -0.226214 0.452609 
386 -0.254513 0.424309 
387 -0.282813 0.396010 
388 -0.311112 0.367711 
389 0.311099 1.046490 
390 0.282821 1.018212 
391 0.254563 0.989954 
392 0.226284 0.961675 
393 0.198002 0.933393 
394 0.169715 0.905106 
395 0.141436 0.876827 
396 0.113154 0.848545 
397 0.084867 0.820258 
398 0.056586 0.791977 
399 0.028301 0.763692 
400 0.000033 0.735424 
401 -0.028247 0.707144 
402 -0.056530 0.678861 
403 -0.084818 0.650573 
404 -0.113101 0.622290 
405 -0.141386 0.594005 
406 -0.169655 0.565736 
407 -0.197940 0.537451 
408 -0.226227 0.509164 
409 -0.254498 0.480893 
410 -0.282798 0.452593 
411 -0.311097 0.424294 
412 -0.339396 0.395995 
413 0.282815 1.074775 
414 0.254537 1.046497 
415 0.226279 1.018238 
416 0.198000 0.989960 
417 0.169718 0.961678 
418 0.141431 0.933390 
419 0.113152 0.905112 
420 0.084870 0.876830 
421 0.056583 0.848542 
422 0.028301 0.820261 
423 0.000017 0.791977 
424 -0.028251 0.763709 
425 -0.056531 0.735429 
426 -0.084814 0.707146 
427 -0.113102 0.678857 
428 -0.141385 0.650575 
429 -0.169670 0.622289 
430 -0.197939 0.594020 
431 -0.226224 0.565736 
432 -0.254511 0.537448 
433 -0.282783 0.509177 
434 -0.311082 0.480878 
435 -0.339381 0.452578 
436 -0.367680 0.424279 
437 0.254531 1.103059 
438 0.226253 1.074781 
439 0.197994 1.046523 
440 0.169716 1.018244 
441 0.141434 0.989962 
442 0.113146 0.961675 
443 0.084868 0.933396 
444 0.056586 0.905114 
445 0.028298 0.876827 
446 0.000017 0.848545 
447 -0.028267 0.820261 
448 -0.056535 0.791993 
449 -0.084815 0.763713 
450 -0.113098 0.735430 
451 -0.141387 0.707141 
452 -0.169669 0.678859 
453 -0.197954 0.650574 
454 -0.226224 0.622305 
455 -0.254508 0.594020 
456 -0.282796 0.565733 
457 -0.311067 0.537461 
458 -0.339366 0.509162 
459 -0.367665 0.480863 
460 -0.395965 0.452563 
461 0.226247 1.131343 
462 0.197968 1.103065 
463 0.169710 1.074807 
464 0.141431 1.046528 
465 0.113150 1.018246 
466 0.084862 0.989959 
467 0.056583 0.961680 
468 0.028302 0.933398 
469 0.000014 0.905111 
470 -0.028267 0.876829 
471 -0.056551 0.848545 
472 -0.084819 0.820277 
473 -0.113099 0.791997 
474 -0.141382 0.763714 
475 -0.169671 0.735426 
476 -0.197953 0.707143 
477 -0.226239 0.678858 
478 -0.254508 0.650589 
479 -0.282792 0.622304 
480 -0.311080 0.594017 
481 -0.339351 0.565746 
482 -0.367650 0.537446 
483 -0.395950 0.509147 
484 -0.424249 0.480848 
485 0.197962 1.159627 
486 0.169684 1.131349 
487 0.141426 1.103091 
488 0.113147 1.074812 
489 0.084865 1.046531 
490 0.056578 1.018243 
491 0.028299 0.989964 
492 0.000017 0.961682 
493 -0.028270 0.933395 
494 -0.056552 0.905114 
495 -0.084836 0.876830 
496 -0.113104 0.848561 
497 -0.141384 0.820282 
498 -0.169667 0.791999 
499 -0.197955 0.763710 
500 -0.226238 0.735428 
501 -0.254523 0.707142 
502 -0.282792 0.678873 
503 -0.311077 0.650588 
504 -0.339364 0.622301 
505 -0.367635 0.594030 
506 -0.395935 0.565731 
507 -0.424234 0.537431 
508 -0.452533 0.509132 
509 0.169678 1.187912 
510 0.141400 1.159634 
511 0.113142 1.131375 
512 0.084863 1.103097 
513 0.056581 1.074815 
514 0.028294 1.046527 
515 0.000015 1.018249 
516 -0.028267 0.989967 
517 -0.056554 0.961679 
518 -0.084836 0.933398 
519 -0.113120 0.905114 
520 -0.141388 0.876846 
521 -0.169668 0.848566 
522 -0.197951 0.820283 
523 -0.226239 0.791994 
524 -0.254522 0.763712 
525 -0.282807 0.735426 
526 -0.311076 0.707157 
527 -0.339361 0.678873 
528 -0.367648 0.650585 
529 -0.395920 0.622314 
530 -0.424219 0.594015 
531 -0.452518 0.565716 
532 -0.480818 0.537416 
533 0.141394 1.216196 
534 0.113116 1.187918 
535 0.084857 1.159660 
536 0.056579 1.131381 
537 0.028297 1.103099 
538 0.000009 1.074812 
539 -0.028269 1.046533 
540 -0.056551 1.018251 
541 -0.084839 0.989964 
542 -0.113120 0.961682 
543 -0.141404 0.933398 
544 -0.169672 0.905130 
545 -0.197952 0.876850 
546 -0.226235 0.848567 
547 -0.254524 0.820279 
548 -0.282806 0.791996 
549 -0.311092 0.763711 
550 -0.339361 0.735442 
551 -0.367645 0.707157 
552 -0.395933 0.678870 
553 -0.424204 0.650598 
554 -0.452503 0.622299 
555 -0.480803 0.594000 
556 -0.509102 0.565700 
557 0.113109 1.244480 
558 0.084831 1.216202 
559 0.056573 1.187944 
560 0.028294 1.159665 
561 0.000012 1.131383 
562 -0.028275 1.103096 
563 -0.056554 1.074817 
564 -0.084836 1.046535 
565 -0.113123 1.018248 
566 -0.141404 0.989966 
567 -0.169689 0.961682 
568 -0.197957 0.933414 
569 -0.226236 0.905134 
570 -0.254519 0.876851 
571 -0.282808 0.848563 
572 -0.311091 0.820280 
573 -0.339376 0.791995 
574 -0.367645 0.763726 
575 -0.395930 0.735441 
576 -0.424217 0.707154 
577 -0.452488 0.678883 
578 -0.480787 0.650583 
579 -0.509087 0.622284 
580 -0.537386 0.593985 
581 0.084825 1.272765 
582 0.056547 1.244486 
583 0.028289 1.216228 
584 0.000010 1.187949 
585 -0.028272 1.159668 
586 -0.056559 1.131380 
587 -0.084838 1.103101 
588 -0.113120 1.074820 
589 -0.141407 1.046532 
590 -0.169689 1.018251 
591 -0.197973 0.989967 
592 -0.226241 0.961699 
593 -0.254521 0.933419 
594 -0.282804 0.905136 
595 -0.311092 0.876847 
596 -0.339375 0.848565 
597 -0.367660 0.820279 
598 -0.395929 0.792010 
599 -0.424214 0.763726 
600 -0.452501 0.735438 
601 -0.480772 0.707167 
602 -0.509072 0.678868 
603 -0.537371 0.650568 
604 -0.565670 0.622269 
605 0.056541 1.301049 
606 0.028263 1.272771 
607 0.000005 1.244512 
608 -0.028274 1.216234 
609 -0.056556 1.187952 
610 -0.084843 1.159665 
611 -0.113122 1.131386 
612 -0.141404 1.103104 
613 -0.169692 1.074816 
614 -0.197973 1.046535 
615 -0.226257 1.018251 
616 -0.254525 0.989983 
617 -0.282805 0.961703 
618 -0.311088 0.933420 
619 -0.339377 0.905131 
620 -0.367659 0.876849 
621 -0.395944 0.848564 
622 -0.424214 0.820294 
623 -0.452498 0.792010 
624 -0.480785 0.763722 
625 -0.509057 0.735451 
626 -0.537356 0.707152 
627 -0.565655 0.678853 
628 -0.593955 0.650553 
629 0.028257 1.329333 
630 -0.000022 1.301055 
631 -0.028280 1.272797 
632 -0.056559 1.244518 
633 -0.084840 1.216236 
634 -0.113128 1.187949 
635 -0.141406 1.159670 
636 -0.169688 1.131388 
637 -0.197976 1.103101 
638 -0.226257 1.074819 
639 -0.254541 1.046535 
640 -0.282809 1.018267 
641 -0.311089 0.989987 
642 -0.339372 0.961704 
643 -0.367661 0.933416 
644 -0.395943 0.905133 
645 -0.424229 0.876848 
646 -0.452498 0.848579 
647 -0.480782 0.820294 
648 -0.509070 0.792007 
649 -0.537341 0.763736 
650 -0.565640 0.735436 
651 -0.593940 0.707137 
652 -0.622239 0.678838 
653 -0.000028 1.357617 
654 -0.028306 1.329339 
655 -0.056564 1.301081 
656 -0.084843 1.272802 
657 -0.113125 1.244520 
658 -0.141412 1.216233 
659 -0.169691 1.187954 
660 -0.197973 1.159672 
661 -0.226260 1.131385 
662 -0.254541 1.103104 
663 -0.282826 1.074819 
664 -0.311094 1.046551 
665 -0.339374 1.018271 
666 -0.367657 0.989988 
667 -0.395945 0.961700 
668 -0.424228 0.933417 
669 -0.452513 0.905132 
670 -0.480782 0.876863 
671 -0.509067 0.848578 
672 -0.537354 0.820291 
673 -0.565625 0.792020 
674 -0.593925 0.763720 
675 -0.622224 0.735421 
676 -0.650523 0.707122 
BC_Tag
1 5
2 2
3 16
4 18
5 23
6 23
7 23
8 23
9 23
10 23
11 23
12 23
13 23
14 23
15 23
16 23
17 23
18 23
19 23
20 23
21 23
22 23
23 23
24 23
25 23
26 23
27 23
28 23
29 6
30 6
31 6
32 6
33 6
34 6
35 6
36 6
37 6
38 6
39 6
40 6
41 6
42 6
43 6
44 6
45 6
46 6
47 6
48 6
49 6
50 6
51 6
52 6
53 24
54 24
55 24
56 24
57 24
58 24
59 24
60 24
61 24
62 24
63 24
64 24
65 24
66 24
67 24
68 24
69 24
70 24
71 24
72 24
73 24
74 24
75 24
76 24
77 14
78 14
79 14
80 14
81 14
82 14
83 14
84 14
85 14
86 14
87 14
88 14
89 14
90 14
91 14
92 14
93 14
94 14
95 14
96 14
97 14
98 14
99 14
100 14
101 26
102 26
103 26
104 26
105 26
106 26
107 26
108 26
109 26
110 26
111 26
112 26
113 26
114 26
115 26
116 26
117 26
118 26
119 26
120 26
121 26
122 26
123 26
124 26
125 26
126 26
127 26
128 26
129 26
130 26
131 26
132 26
133 26
134 26
135 26
136 26
137 26
138 26
139 26
140 26
141 26
142 26
143 26
144 26
145 26
146 26
147 26
148 26
149 26
150 26
151 26
152 26
153 26
154 26
155 26
156 26
157 26
158 26
159 26
160 26
161 26
162 26
163 26
164 26
165 26
166 26
167 26
168 26
169 26
170 26
171 26
172 26
173 26
174 26
175 26
176 26
177 26
178 26
179 26
180 26
181 26
182 26
183 26
184 26
185 26
186 26
187 26
188 26
189 26
190 26
191 26
192 26
193 26
194 26
195 26
196 26
197 26
198 26
199 26
200 26
201 26
202 26
203 26
204 26
205 26
206 26
207 26
208 26
209 26
210 26
211 26
212 26
213 26
214 26
215 26
216 26
217 26
218 26
219 26
220 26
221 26
222 26
223 26
224 26
225 26
226 26
227 26
228 26
229 26
230 26
231 26
232 26
233 26
234 26
235 26
236 26
237 26
238 26
239 26
240 26
241 26
242 26
243 26
244 26
245 26
246 26
247 26
248 26
249 26
250 26
251 26
252 26
253 26
254 26
255 26
256 26
257 26
258 26
259 26
260 26
261 26
262 26
263 26
264 26
265 26
266 26
267 26
268 26
269 26
270 26
271 26
272 26
273 26
274 26
275 26
276 26
277 26
278 26
279 26
280 26
281 26
282 26
283 26
284 26
285 26
286 26
287 26
288 26
289 26
290 26
291 26
292 26
293 26
294 26
295 26
296 26
297 26
298 26
299 26
300 26
301 26
302 26
303 26
304 26
305 26
306 26
307 26
308 26
309 26
310 26
311 26
312 26
313 26
314 26
315 26
316 26
317 26
318 26
319 26
320 26
321 26
322 26
323 26
324 26
325 26
326 26
327 26
328 26
329 26
330 26
331 26
332 26
333 26
334 26
335 26
336 26
337 26
338 26
339 26
340 26
341 26
342 26
343 26
344 26
345 26
346 26
347 26
348 26
349 26
350 26
351 26
352 26
353 26
354 26
355 26
356 26
357 26
358 26
359 26
360 26
361 26
362 26
363 26
364 26
365 26
366 26
367 26
368 26
369 26
370 26
371 26
372 26
373 26
374 26
375 26
376 26
377 26
378 26
379 26
380 26
381 26
382 26
383 26
384 26
385 26
386 26
387 26
388 26
389 26
390 26
391 26
392 26
393 26
394 26
395 26
396 26
397 26
398 26
399 26
400 26
401 26
402 26
403 26
404 26
405 26
406 26
407 26
408 26
409 26
410 26
411 26
412 26
413 26
414 26
415 26
416 26
417 26
418 26
419 26
420 26
421 26
422 26
423 26
424 26
425 26
426 26
427 26
428 26
429 26
430 26
431 26
432 26
433 26
434 26
435 26
436 26
437 26
438 26
439 26
440 26
441 26
442 26
443 26
444 26
445 26
446 26
447 26
448 26
449 26
450 26
451 26
452 26
453 26
454 26
455 26
456 26
457 26
458 26
459 26
460 26
461 26
462 26
463 26
464 26
465 26
466 26
467 26
468 26
469 26
470 26
471 26
472 26
473 26
474 26
475 26
476 26
477 26
478 26
479 26
480 26
481 26
482 26
483 26
484 26
485 26
486 26
487 26
488 26
489 26
490 26
491 26
492 26
493 26
494 26
495 26
496 26
497 26
498 26
499 26
500 26
501 26
502 26
503 26
504 26
505 26
506 26
507 26
508 26
509 26
510 26
511 26
512 26
513 26
514 26
515 26
516 26
517 26
518 26
519 26
520 26
521 26
522 26
523 26
524 26
525 26
526 26
527 26
528 26
529 26
530 26
531 26
532 26
533 26
534 26
535 26
536 26
537 26
538 26
539 26
540 26
541 26
542 26
543 26
544 26
545 26
546 26
547 26
548 26
549 26
550 26
551 26
552 26
553 26
554 26
555 26
556 26
557 26
558 26
559 26
560 26
561 26
562 26
563 26
564 26
565 26
566 26
567 26
568 26
569 26
570 26
571 26
572 26
573 26
574 26
575 26
576 26
577 26
578 26
579 26
580 26
581 26
582 26
583 26
584 26
585 26
586 26
587 26
588 26
589 26
590 26
591 26
592 26
593 26
594 26
595 26
596 26
597 26
598 26
599 26
600 26
601 26
602 26
603 26
604 26
605 26
606 26
607 26
608 26
609 26
610 26
611 26
612 26
613 26
614 26
615 26
616 26
617 26
618 26
619 26
620 26
621 26
622 26
623 26
624 26
625 26
626 26
627 26
628 26
629 26
630 26
631 26
632 26
633 26
634 26
635 26
636 26
637 26
638 26
639 26
640 26
641 26
642 26
643 26
644 26
645 26
646 26
647 26
648 26
649 26
650 26
651 26
652 26
653 26
654 26
655 26
656 26
657 26
658 26
659 26
660 26
661 26
662 26
663 26
664 26
665 26
666 26
667 26
668 26
669 26
670 26
671 26
672 26
673 26
674 26
675 26
676 26
BCelement14 25 
49 
47 
45 
43 
41 
39 
37 
35 
33 
31 
29 
27 
25 
23 
21 
19 
17 
15 
13 
11 
9 
7 
5 
3 
1 
BCelement6 25 
1201 
1203 
1205 
1207 
1209 
1211 
1213 
1215 
1217 
1219 
1221 
1223 
1225 
1227 
1229 
1231 
1233 
1235 
1237 
1239 
1241 
1243 
1245 
1247 
1249 
BCelement24 25 
2 
52 
102 
152 
202 
252 
302 
352 
402 
452 
502 
552 
602 
652 
702 
752 
802 
852 
902 
952 
1002 
1052 
1102 
1152 
1202 
BCelement23 25 
1249 
1199 
1149 
1099 
1049 
999 
949 
899 
849 
799 
749 
699 
649 
599 
549 
499 
449 
399 
349 
299 
249 
199 
149 
99 
49 
