Edge min = 0.199805, max=0.282912, average=0.225888;
Grid_size 200
Node_size 121
Total_DOF 653
maxDOF 10
Solution_Order 
1 3 1 
 meshIEN 
4 26 59 
 59 45 4 
 26 25 60 
 60 59 26 
 25 24 61 
 61 60 25 
 24 23 62 
 62 61 24 
 23 22 63 
 63 62 23 
 22 21 64 
 64 63 22 
 21 20 65 
 65 64 21 
 20 19 66 
 66 65 20 
 19 18 67 
 67 66 19 
 18 3 32 
 32 67 18 
 45 59 68 
 68 46 45 
 59 60 69 
 69 68 59 
 60 61 70 
 70 69 60 
 61 62 71 
 71 70 61 
 62 63 72 
 72 71 62 
 63 64 73 
 73 72 63 
 64 65 74 
 74 73 64 
 65 66 75 
 75 74 65 
 66 67 76 
 76 75 66 
 67 32 31 
 31 76 67 
 44 46 68 
 68 77 44 
 68 69 78 
 78 77 68 
 69 70 79 
 79 78 69 
 70 71 80 
 80 79 70 
 71 72 81 
 81 80 71 
 72 73 82 
 82 81 72 
 73 74 83 
 83 82 73 
 74 75 84 
 84 83 74 
 75 76 85 
 85 84 75 
 76 31 30 
 30 85 76 
 44 77 86 
 86 47 44 
 77 78 87 
 87 86 77 
 78 79 88 
 88 87 78 
 79 80 89 
 89 88 79 
 80 81 90 
 90 89 80 
 81 82 91 
 91 90 81 
 82 83 92 
 92 91 82 
 83 84 93 
 93 92 83 
 84 85 94 
 94 93 84 
 85 30 29 
 29 94 85 
 47 86 95 
 95 48 47 
 86 87 96 
 96 95 86 
 87 88 97 
 97 96 87 
 88 89 98 
 98 97 88 
 89 90 99 
 99 98 89 
 90 91 100 
 100 99 90 
 91 92 101 
 101 100 91 
 92 93 102 
 102 101 92 
 93 94 103 
 103 102 93 
 94 29 28 
 28 103 94 
 1 48 95 
 95 9 1 
 9 95 96 
 96 10 9 
 10 96 97 
 97 11 10 
 11 97 98 
 98 12 11 
 12 98 99 
 99 13 12 
 13 99 100 
 100 14 13 
 14 100 101 
 101 15 14 
 15 101 102 
 102 16 15 
 16 102 103 
 103 17 16 
 17 103 28 
 28 2 17 
 1 9 112 
 112 49 1 
 9 10 111 
 111 112 9 
 10 11 110 
 110 111 10 
 11 12 109 
 109 110 11 
 12 13 108 
 108 109 12 
 13 14 107 
 107 108 13 
 14 15 106 
 106 107 14 
 15 16 105 
 105 106 15 
 16 17 104 
 104 105 16 
 17 2 27 
 27 104 17 
 112 34 6 
 6 49 112 
 111 35 34 
 34 112 111 
 110 36 35 
 35 111 110 
 109 37 36 
 36 110 109 
 108 38 37 
 37 109 108 
 107 39 38 
 38 108 107 
 106 40 39 
 39 107 106 
 105 41 40 
 40 106 105 
 104 42 41 
 41 105 104 
 27 5 42 
 42 104 27 
 113 43 8 
 8 58 113 
 114 113 58 
 58 57 114 
 115 114 57 
 57 56 115 
 116 115 56 
 56 55 116 
 117 116 55 
 55 54 117 
 118 117 54 
 54 53 118 
 119 118 53 
 53 52 119 
 120 119 52 
 52 51 120 
 121 120 51 
 51 50 121 
 33 121 50 
 50 7 33 
 4 43 113 
 113 26 4 
 26 113 114 
 114 25 26 
 25 114 115 
 115 24 25 
 24 115 116 
 116 23 24 
 23 116 117 
 117 22 23 
 22 117 118 
 118 21 22 
 21 118 119 
 119 20 21 
 20 119 120 
 120 19 20 
 19 120 121 
 121 18 19 
 18 121 33 
 33 3 18 
 solutionIEN 
4 26 59 161 160 186 187 395 394 514 
 59 45 4 295 294 175 174 394 395 515 
 26 25 60 159 158 188 189 397 396 516 
 60 59 26 297 296 187 186 396 397 517 
 25 24 61 157 156 190 191 399 398 518 
 61 60 25 299 298 189 188 398 399 519 
 24 23 62 155 154 192 193 401 400 520 
 62 61 24 301 300 191 190 400 401 521 
 23 22 63 153 152 194 195 403 402 522 
 63 62 23 303 302 193 192 402 403 523 
 22 21 64 151 150 196 197 405 404 524 
 64 63 22 305 304 195 194 404 405 525 
 21 20 65 149 148 198 199 407 406 526 
 65 64 21 307 306 197 196 406 407 527 
 20 19 66 147 146 200 201 409 408 528 
 66 65 20 309 308 199 198 408 409 529 
 19 18 67 145 144 202 203 411 410 530 
 67 66 19 311 310 201 200 410 411 531 
 18 3 32 143 142 173 172 413 412 532 
 32 67 18 313 312 203 202 412 413 533 
 45 59 68 294 295 204 205 415 414 534 
 68 46 45 315 314 177 176 414 415 535 
 59 60 69 296 297 206 207 417 416 536 
 69 68 59 317 316 205 204 416 417 537 
 60 61 70 298 299 208 209 419 418 538 
 70 69 60 319 318 207 206 418 419 539 
 61 62 71 300 301 210 211 421 420 540 
 71 70 61 321 320 209 208 420 421 541 
 62 63 72 302 303 212 213 423 422 542 
 72 71 62 323 322 211 210 422 423 543 
 63 64 73 304 305 214 215 425 424 544 
 73 72 63 325 324 213 212 424 425 545 
 64 65 74 306 307 216 217 427 426 546 
 74 73 64 327 326 215 214 426 427 547 
 65 66 75 308 309 218 219 429 428 548 
 75 74 65 329 328 217 216 428 429 549 
 66 67 76 310 311 220 221 431 430 550 
 76 75 66 331 330 219 218 430 431 551 
 67 32 31 312 313 171 170 433 432 552 
 31 76 67 333 332 221 220 432 433 553 
 44 46 68 179 178 314 315 435 434 554 
 68 77 44 222 223 335 334 434 435 555 
 68 69 78 316 317 224 225 437 436 556 
 78 77 68 337 336 223 222 436 437 557 
 69 70 79 318 319 226 227 439 438 558 
 79 78 69 339 338 225 224 438 439 559 
 70 71 80 320 321 228 229 441 440 560 
 80 79 70 341 340 227 226 440 441 561 
 71 72 81 322 323 230 231 443 442 562 
 81 80 71 343 342 229 228 442 443 563 
 72 73 82 324 325 232 233 445 444 564 
 82 81 72 345 344 231 230 444 445 565 
 73 74 83 326 327 234 235 447 446 566 
 83 82 73 347 346 233 232 446 447 567 
 74 75 84 328 329 236 237 449 448 568 
 84 83 74 349 348 235 234 448 449 569 
 75 76 85 330 331 238 239 451 450 570 
 85 84 75 351 350 237 236 450 451 571 
 76 31 30 332 333 169 168 453 452 572 
 30 85 76 353 352 239 238 452 453 573 
 44 77 86 334 335 240 241 455 454 574 
 86 47 44 355 354 181 180 454 455 575 
 77 78 87 336 337 242 243 457 456 576 
 87 86 77 357 356 241 240 456 457 577 
 78 79 88 338 339 244 245 459 458 578 
 88 87 78 359 358 243 242 458 459 579 
 79 80 89 340 341 246 247 461 460 580 
 89 88 79 361 360 245 244 460 461 581 
 80 81 90 342 343 248 249 463 462 582 
 90 89 80 363 362 247 246 462 463 583 
 81 82 91 344 345 250 251 465 464 584 
 91 90 81 365 364 249 248 464 465 585 
 82 83 92 346 347 252 253 467 466 586 
 92 91 82 367 366 251 250 466 467 587 
 83 84 93 348 349 254 255 469 468 588 
 93 92 83 369 368 253 252 468 469 589 
 84 85 94 350 351 256 257 471 470 590 
 94 93 84 371 370 255 254 470 471 591 
 85 30 29 352 353 167 166 473 472 592 
 29 94 85 373 372 257 256 472 473 593 
 47 86 95 354 355 258 259 475 474 594 
 95 48 47 375 374 183 182 474 475 595 
 86 87 96 356 357 260 261 477 476 596 
 96 95 86 377 376 259 258 476 477 597 
 87 88 97 358 359 262 263 479 478 598 
 97 96 87 379 378 261 260 478 479 599 
 88 89 98 360 361 264 265 481 480 600 
 98 97 88 381 380 263 262 480 481 601 
 89 90 99 362 363 266 267 483 482 602 
 99 98 89 383 382 265 264 482 483 603 
 90 91 100 364 365 268 269 485 484 604 
 100 99 90 385 384 267 266 484 485 605 
 91 92 101 366 367 270 271 487 486 606 
 101 100 91 387 386 269 268 486 487 607 
 92 93 102 368 369 272 273 489 488 608 
 102 101 92 389 388 271 270 488 489 609 
 93 94 103 370 371 274 275 491 490 610 
 103 102 93 391 390 273 272 490 491 611 
 94 29 28 372 373 165 164 493 492 612 
 28 103 94 393 392 275 274 492 493 613 
 1 48 95 185 184 374 375 495 494 614 
 95 9 1 276 277 123 122 494 495 615 
 9 95 96 277 276 376 377 497 496 616 
 96 10 9 278 279 125 124 496 497 617 
 10 96 97 279 278 378 379 499 498 618 
 97 11 10 280 281 127 126 498 499 619 
 11 97 98 281 280 380 381 501 500 620 
 98 12 11 282 283 129 128 500 501 621 
 12 98 99 283 282 382 383 503 502 622 
 99 13 12 284 285 131 130 502 503 623 
 13 99 100 285 284 384 385 505 504 624 
 100 14 13 286 287 133 132 504 505 625 
 14 100 101 287 286 386 387 507 506 626 
 101 15 14 288 289 135 134 506 507 627 
 15 101 102 289 288 388 389 509 508 628 
 102 16 15 290 291 137 136 508 509 629 
 16 102 103 291 290 390 391 511 510 630 
 103 17 16 292 293 139 138 510 511 631 
 17 103 28 293 292 392 393 513 512 632 
 28 2 17 163 162 141 140 512 513 633 
 1 9 112 122 123 634 0 0 0 0 
 112 49 1 0 0 0 0 0 0 0 
 9 10 111 124 125 635 0 0 0 0 
 111 112 9 0 0 0 0 0 0 0 
 10 11 110 126 127 636 0 0 0 0 
 110 111 10 0 0 0 0 0 0 0 
 11 12 109 128 129 637 0 0 0 0 
 109 110 11 0 0 0 0 0 0 0 
 12 13 108 130 131 638 0 0 0 0 
 108 109 12 0 0 0 0 0 0 0 
 13 14 107 132 133 639 0 0 0 0 
 107 108 13 0 0 0 0 0 0 0 
 14 15 106 134 135 640 0 0 0 0 
 106 107 14 0 0 0 0 0 0 0 
 15 16 105 136 137 641 0 0 0 0 
 105 106 15 0 0 0 0 0 0 0 
 16 17 104 138 139 642 0 0 0 0 
 104 105 16 0 0 0 0 0 0 0 
 17 2 27 140 141 643 0 0 0 0 
 27 104 17 0 0 0 0 0 0 0 
 112 34 6 0 0 0 0 0 0 0 
 6 49 112 0 0 0 0 0 0 0 
 111 35 34 0 0 0 0 0 0 0 
 34 112 111 0 0 0 0 0 0 0 
 110 36 35 0 0 0 0 0 0 0 
 35 111 110 0 0 0 0 0 0 0 
 109 37 36 0 0 0 0 0 0 0 
 36 110 109 0 0 0 0 0 0 0 
 108 38 37 0 0 0 0 0 0 0 
 37 109 108 0 0 0 0 0 0 0 
 107 39 38 0 0 0 0 0 0 0 
 38 108 107 0 0 0 0 0 0 0 
 106 40 39 0 0 0 0 0 0 0 
 39 107 106 0 0 0 0 0 0 0 
 105 41 40 0 0 0 0 0 0 0 
 40 106 105 0 0 0 0 0 0 0 
 104 42 41 0 0 0 0 0 0 0 
 41 105 104 0 0 0 0 0 0 0 
 27 5 42 0 0 0 0 0 0 0 
 42 104 27 0 0 0 0 0 0 0 
 113 43 8 0 0 0 0 0 0 0 
 8 58 113 0 0 0 0 0 0 0 
 114 113 58 0 0 0 0 0 0 0 
 58 57 114 0 0 0 0 0 0 0 
 115 114 57 0 0 0 0 0 0 0 
 57 56 115 0 0 0 0 0 0 0 
 116 115 56 0 0 0 0 0 0 0 
 56 55 116 0 0 0 0 0 0 0 
 117 116 55 0 0 0 0 0 0 0 
 55 54 117 0 0 0 0 0 0 0 
 118 117 54 0 0 0 0 0 0 0 
 54 53 118 0 0 0 0 0 0 0 
 119 118 53 0 0 0 0 0 0 0 
 53 52 119 0 0 0 0 0 0 0 
 120 119 52 0 0 0 0 0 0 0 
 52 51 120 0 0 0 0 0 0 0 
 121 120 51 0 0 0 0 0 0 0 
 51 50 121 0 0 0 0 0 0 0 
 33 121 50 0 0 0 0 0 0 0 
 50 7 33 0 0 0 0 0 0 0 
 4 43 113 0 0 0 0 0 0 0 
 113 26 4 160 161 644 0 0 0 0 
 26 113 114 0 0 0 0 0 0 0 
 114 25 26 158 159 645 0 0 0 0 
 25 114 115 0 0 0 0 0 0 0 
 115 24 25 156 157 646 0 0 0 0 
 24 115 116 0 0 0 0 0 0 0 
 116 23 24 154 155 647 0 0 0 0 
 23 116 117 0 0 0 0 0 0 0 
 117 22 23 152 153 648 0 0 0 0 
 22 117 118 0 0 0 0 0 0 0 
 118 21 22 150 151 649 0 0 0 0 
 21 118 119 0 0 0 0 0 0 0 
 119 20 21 148 149 650 0 0 0 0 
 20 119 120 0 0 0 0 0 0 0 
 120 19 20 146 147 651 0 0 0 0 
 19 120 121 0 0 0 0 0 0 0 
 121 18 19 144 145 652 0 0 0 0 
 18 121 33 0 0 0 0 0 0 0 
 33 3 18 142 143 653 0 0 0 0 
 solutionOrder 
3 3 3 3 
 3 3 3 3 
 3 3 3 3 
 3 3 3 3 
 3 3 3 3 
 3 3 3 3 
 3 3 3 3 
 3 3 3 3 
 3 3 3 3 
 3 3 3 3 
 3 3 3 3 
 3 3 3 3 
 3 3 3 3 
 3 3 3 3 
 3 3 3 3 
 3 3 3 3 
 3 3 3 3 
 3 3 3 3 
 3 3 3 3 
 3 3 3 3 
 3 3 3 3 
 3 3 3 3 
 3 3 3 3 
 3 3 3 3 
 3 3 3 3 
 3 3 3 3 
 3 3 3 3 
 3 3 3 3 
 3 3 3 3 
 3 3 3 3 
 3 3 3 3 
 3 3 3 3 
 3 3 3 3 
 3 3 3 3 
 3 3 3 3 
 3 3 3 3 
 3 3 3 3 
 3 3 3 3 
 3 3 3 3 
 3 3 3 3 
 3 3 3 3 
 3 3 3 3 
 3 3 3 3 
 3 3 3 3 
 3 3 3 3 
 3 3 3 3 
 3 3 3 3 
 3 3 3 3 
 3 3 3 3 
 3 3 3 3 
 3 3 3 3 
 3 3 3 3 
 3 3 3 3 
 3 3 3 3 
 3 3 3 3 
 3 3 3 3 
 3 3 3 3 
 3 3 3 3 
 3 3 3 3 
 3 3 3 3 
 3 3 3 3 
 3 3 3 3 
 3 3 3 3 
 3 3 3 3 
 3 3 3 3 
 3 3 3 3 
 3 3 3 3 
 3 3 3 3 
 3 3 3 3 
 3 3 3 3 
 3 3 3 3 
 3 3 3 3 
 3 3 3 3 
 3 3 3 3 
 3 3 3 3 
 3 3 3 3 
 3 3 3 3 
 3 3 3 3 
 3 3 3 3 
 3 3 3 3 
 3 3 3 3 
 3 3 3 3 
 3 3 3 3 
 3 3 3 3 
 3 3 3 3 
 3 3 3 3 
 3 3 3 3 
 3 3 3 3 
 3 3 3 3 
 3 3 3 3 
 3 3 3 3 
 3 3 3 3 
 3 3 3 3 
 3 3 3 3 
 3 3 3 3 
 3 3 3 3 
 3 3 3 3 
 3 3 3 3 
 3 3 3 3 
 3 3 3 3 
 3 3 3 3 
 3 3 3 3 
 3 3 3 3 
 3 3 3 3 
 3 3 3 3 
 3 3 3 3 
 3 3 3 3 
 3 3 3 3 
 3 3 3 3 
 3 3 3 3 
 3 3 3 3 
 3 3 3 3 
 3 3 3 3 
 3 3 3 3 
 3 3 3 3 
 3 3 3 3 
 3 3 3 3 
 3 3 3 3 
 3 3 3 3 
 3 3 3 3 
 3 1 1 3 
 1 1 1 1 
 3 1 1 3 
 1 1 1 1 
 3 1 1 3 
 1 1 1 1 
 3 1 1 3 
 1 1 1 1 
 3 1 1 3 
 1 1 1 1 
 3 1 1 3 
 1 1 1 1 
 3 1 1 3 
 1 1 1 1 
 3 1 1 3 
 1 1 1 1 
 3 1 1 3 
 1 1 1 1 
 3 1 1 3 
 1 1 1 1 
 1 1 1 1 
 1 1 1 1 
 1 1 1 1 
 1 1 1 1 
 1 1 1 1 
 1 1 1 1 
 1 1 1 1 
 1 1 1 1 
 1 1 1 1 
 1 1 1 1 
 1 1 1 1 
 1 1 1 1 
 1 1 1 1 
 1 1 1 1 
 1 1 1 1 
 1 1 1 1 
 1 1 1 1 
 1 1 1 1 
 1 1 1 1 
 1 1 1 1 
 1 1 1 1 
 1 1 1 1 
 1 1 1 1 
 1 1 1 1 
 1 1 1 1 
 1 1 1 1 
 1 1 1 1 
 1 1 1 1 
 1 1 1 1 
 1 1 1 1 
 1 1 1 1 
 1 1 1 1 
 1 1 1 1 
 1 1 1 1 
 1 1 1 1 
 1 1 1 1 
 1 1 1 1 
 1 1 1 1 
 1 1 1 1 
 1 1 1 1 
 1 1 1 1 
 1 3 1 3 
 1 1 1 1 
 1 3 1 3 
 1 1 1 1 
 1 3 1 3 
 1 1 1 1 
 1 3 1 3 
 1 1 1 1 
 1 3 1 3 
 1 1 1 1 
 1 3 1 3 
 1 1 1 1 
 1 3 1 3 
 1 1 1 1 
 1 3 1 3 
 1 1 1 1 
 1 3 1 3 
 1 1 1 1 
 1 3 1 3 
 vertexCoord 
-0.600000 -1.000000 
 -0.600000 1.000000 
 0.600000 1.000000 
 0.600000 -1.000000 
 -1.000000 1.000000 
 -1.000000 -1.000000 
 1.000000 1.000000 
 1.000000 -1.000000 
 -0.600000 -0.800000 
 -0.600000 -0.600000 
 -0.600000 -0.400000 
 -0.600000 -0.200000 
 -0.600000 0.000000 
 -0.600000 0.200000 
 -0.600000 0.400000 
 -0.600000 0.600000 
 -0.600000 0.800000 
 0.600000 0.800000 
 0.600000 0.600000 
 0.600000 0.400000 
 0.600000 0.200000 
 0.600000 0.000000 
 0.600000 -0.200000 
 0.600000 -0.400000 
 0.600000 -0.600000 
 0.600000 -0.800000 
 -0.800000 1.000000 
 -0.399902 1.000000 
 -0.199805 1.000000 
 -0.000000 1.000000 
 0.200098 1.000000 
 0.400195 1.000000 
 0.800000 1.000000 
 -1.000000 -0.800000 
 -1.000000 -0.600000 
 -1.000000 -0.400000 
 -1.000000 -0.200000 
 -1.000000 0.000000 
 -1.000000 0.200000 
 -1.000000 0.400000 
 -1.000000 0.600000 
 -1.000000 0.800000 
 0.800000 -1.000000 
 0.000000 -1.000000 
 0.400195 -1.000000 
 0.200098 -1.000000 
 -0.199805 -1.000000 
 -0.399902 -1.000000 
 -0.800000 -1.000000 
 1.000000 0.800000 
 1.000000 0.600000 
 1.000000 0.400000 
 1.000000 0.200000 
 1.000000 0.000000 
 1.000000 -0.200000 
 1.000000 -0.400000 
 1.000000 -0.600000 
 1.000000 -0.800000 
 0.400195 -0.800000 
 0.400195 -0.600000 
 0.400195 -0.400000 
 0.400195 -0.200000 
 0.400195 0.000000 
 0.400195 0.200000 
 0.400195 0.400000 
 0.400195 0.600000 
 0.400195 0.800000 
 0.200098 -0.800000 
 0.200098 -0.600000 
 0.200098 -0.400000 
 0.200098 -0.200000 
 0.200098 0.000000 
 0.200098 0.200000 
 0.200098 0.400000 
 0.200098 0.600000 
 0.200098 0.800000 
 -0.000000 -0.800000 
 0.000000 -0.600000 
 -0.000000 -0.400000 
 -0.000000 -0.200000 
 -0.000000 0.000000 
 0.000000 0.200000 
 0.000000 0.400000 
 -0.000000 0.600000 
 -0.000000 0.800000 
 -0.199805 -0.800000 
 -0.199805 -0.600000 
 -0.199805 -0.400000 
 -0.199805 -0.200000 
 -0.199805 0.000000 
 -0.199805 0.200000 
 -0.199805 0.400000 
 -0.199805 0.600000 
 -0.199805 0.800000 
 -0.399902 -0.800000 
 -0.399902 -0.600000 
 -0.399902 -0.400000 
 -0.399902 -0.200000 
 -0.399902 0.000000 
 -0.399902 0.200000 
 -0.399902 0.400000 
 -0.399902 0.600000 
 -0.399902 0.800000 
 -0.800000 0.800000 
 -0.800000 0.600000 
 -0.800000 0.400000 
 -0.800000 0.200000 
 -0.800000 0.000000 
 -0.800000 -0.200000 
 -0.800000 -0.400000 
 -0.800000 -0.600000 
 -0.800000 -0.800000 
 0.800000 -0.800000 
 0.800000 -0.600000 
 0.800000 -0.400000 
 0.800000 -0.200000 
 0.800000 0.000000 
 0.800000 0.200000 
 0.800000 0.400000 
 0.800000 0.600000 
 0.800000 0.800000 
 bc_tag 
147 
141 
78 
71 
5 
2 
16 
18 
153 
153 
153 
153 
153 
153 
153 
153 
153 
85 
85 
85 
85 
85 
85 
85 
85 
85 
23 
142 
142 
142 
142 
142 
79 
6 
6 
6 
6 
6 
6 
6 
6 
6 
24 
72 
72 
72 
72 
72 
148 
14 
14 
14 
14 
14 
14 
14 
14 
14 
156 
156 
156 
156 
156 
156 
156 
156 
156 
156 
156 
156 
156 
156 
156 
156 
156 
156 
156 
156 
156 
156 
156 
156 
156 
156 
156 
156 
156 
156 
156 
156 
156 
156 
156 
156 
156 
156 
156 
156 
156 
156 
156 
156 
156 
88 
88 
88 
88 
88 
88 
88 
88 
88 
26 
26 
26 
26 
26 
26 
26 
26 
26 
153 
153 
153 
153 
153 
153 
153 
153 
153 
153 
153 
153 
153 
153 
153 
153 
153 
153 
153 
153 
85 
85 
85 
85 
85 
85 
85 
85 
85 
85 
85 
85 
85 
85 
85 
85 
85 
85 
85 
85 
142 
142 
142 
142 
142 
142 
142 
142 
142 
142 
142 
142 
72 
72 
72 
72 
72 
72 
72 
72 
72 
72 
72 
72 
156 
156 
156 
156 
156 
156 
156 
156 
156 
156 
156 
156 
156 
156 
156 
156 
156 
156 
156 
156 
156 
156 
156 
156 
156 
156 
156 
156 
156 
156 
156 
156 
156 
156 
156 
156 
156 
156 
156 
156 
156 
156 
156 
156 
156 
156 
156 
156 
156 
156 
156 
156 
156 
156 
156 
156 
156 
156 
156 
156 
156 
156 
156 
156 
156 
156 
156 
156 
156 
156 
156 
156 
156 
156 
156 
156 
156 
156 
156 
156 
156 
156 
156 
156 
156 
156 
156 
156 
156 
156 
156 
156 
156 
156 
156 
156 
156 
156 
156 
156 
156 
156 
156 
156 
156 
156 
156 
156 
156 
156 
156 
156 
156 
156 
156 
156 
156 
156 
156 
156 
156 
156 
156 
156 
156 
156 
156 
156 
156 
156 
156 
156 
156 
156 
156 
156 
156 
156 
156 
156 
156 
156 
156 
156 
156 
156 
156 
156 
156 
156 
156 
156 
156 
156 
156 
156 
156 
156 
156 
156 
156 
156 
156 
156 
156 
156 
156 
156 
156 
156 
156 
156 
156 
156 
156 
156 
156 
156 
156 
156 
156 
156 
156 
156 
156 
156 
156 
156 
156 
156 
156 
156 
156 
156 
156 
156 
156 
156 
156 
156 
156 
156 
156 
156 
156 
156 
156 
156 
156 
156 
156 
156 
156 
156 
156 
156 
156 
156 
156 
156 
156 
156 
156 
156 
156 
156 
156 
156 
156 
156 
156 
156 
156 
156 
156 
156 
156 
156 
156 
156 
156 
156 
156 
156 
156 
156 
156 
156 
156 
156 
156 
156 
156 
156 
156 
156 
156 
156 
156 
156 
156 
156 
156 
156 
156 
156 
156 
156 
156 
156 
156 
156 
156 
156 
156 
156 
156 
156 
156 
156 
156 
156 
156 
156 
156 
156 
156 
156 
156 
156 
156 
156 
156 
156 
156 
156 
156 
156 
156 
156 
156 
156 
156 
156 
156 
156 
156 
156 
156 
156 
156 
156 
156 
156 
156 
156 
156 
156 
156 
156 
156 
156 
156 
156 
156 
156 
156 
156 
156 
156 
156 
156 
156 
156 
156 
156 
156 
156 
156 
156 
156 
156 
156 
156 
156 
156 
156 
156 
156 
156 
156 
156 
156 
156 
156 
156 
156 
156 
156 
156 
156 
156 
156 
156 
156 
156 
156 
156 
156 
156 
156 
156 
156 
156 
156 
156 
156 
156 
156 
156 
156 
156 
156 
156 
156 
156 
156 
156 
156 
156 
156 
156 
156 
156 
156 
156 
156 
156 
156 
156 
156 
156 
156 
156 
156 
156 
156 
156 
156 
156 
156 
156 
156 
156 
156 
156 
156 
156 
156 
156 
156 
156 
156 
156 
156 
156 
156 
156 
156 
156 
156 
156 
156 
156 
156 
156 
156 
156 
156 
156 
156 
156 
156 
156 
156 
156 
156 
156 
88 
88 
88 
88 
88 
88 
88 
88 
88 
88 
26 
26 
26 
26 
26 
26 
26 
26 
26 
26 
