Edge min = 0.005765, max=0.131273, average=0.025539;
Grid_size 2281
Node_size 1195
Solution_Order 1
meshIEN 
1 4 101 317 
2 98 4 317 
3 103 99 119 
4 108 119 123 
5 123 119 99 
6 99 105 123 
7 107 3 130 
8 3 7 130 
9 78 77 131 
10 5 11 135 
11 10 12 137 
12 139 137 12 
13 12 13 139 
14 13 1 143 
15 1 16 143 
16 2 81 144 
17 75 2 144 
18 101 100 145 
19 111 116 148 
20 149 119 108 
21 103 119 150 
22 102 103 150 
23 150 149 118 
24 119 149 150 
25 152 151 111 
26 111 148 152 
27 105 104 375 
28 164 157 108 
29 110 163 165 
30 166 165 163 
31 167 164 126 
32 157 164 167 
33 122 157 167 
34 76 87 168 
35 107 130 177 
36 106 107 177 
37 110 135 183 
38 184 137 113 
39 185 184 113 
40 134 187 188 
41 84 76 188 
42 189 135 110 
43 5 135 189 
44 189 136 9 
45 9 5 189 
46 190 135 11 
47 190 184 133 
48 137 184 190 
49 133 183 190 
50 190 183 135 
51 10 137 190 
52 11 10 190 
53 79 78 191 
54 80 79 193 
55 196 179 115 
56 72 74 199 
57 75 144 200 
58 203 201 141 
59 94 98 206 
60 85 96 207 
61 324 117 111 
62 209 208 151 
63 151 152 209 
64 158 222 223 
65 223 220 156 
66 77 82 233 
67 235 233 161 
68 77 233 235 
69 235 131 77 
70 241 164 108 
71 108 123 241 
72 110 165 242 
73 242 189 110 
74 136 189 242 
75 251 249 128 
76 141 201 252 
77 253 251 171 
78 249 251 253 
79 170 249 253 
80 261 239 125 
81 262 261 174 
82 239 261 262 
83 106 177 270 
84 104 106 270 
85 271 177 130 
86 136 242 273 
87 162 236 274 
88 274 236 115 
89 115 179 274 
90 182 281 282 
91 285 227 134 
92 134 188 287 
93 192 288 290 
94 292 291 194 
95 194 291 293 
96 194 293 294 
97 16 17 294 
98 195 295 296 
99 138 191 297 
100 297 289 138 
101 192 289 298 
102 298 297 197 
103 289 297 298 
104 131 179 299 
105 197 297 299 
106 140 197 299 
107 140 196 301 
108 301 195 140 
109 301 198 195 
110 73 72 838 
111 81 80 304 
112 19 15 313 
113 315 205 113 
114 137 139 315 
115 113 137 315 
116 139 291 315 
117 113 205 316 
118 317 206 98 
119 146 206 318 
120 117 146 318 
121 206 317 318 
122 85 207 319 
123 92 85 319 
124 95 97 322 
125 147 320 323 
126 146 147 323 
127 320 322 323 
128 323 322 97 
129 120 328 329 
130 208 209 337 
131 211 328 338 
132 338 328 120 
133 120 214 338 
134 347 219 121 
135 348 221 109 
136 109 218 348 
137 348 223 156 
138 156 221 348 
139 348 225 158 
140 158 223 348 
141 349 222 158 
142 350 148 118 
143 351 209 152 
144 356 285 186 
145 227 285 356 
146 159 354 359 
147 361 341 121 
148 341 361 362 
149 216 341 362 
150 368 233 82 
151 82 83 368 
152 369 237 162 
153 371 235 161 
154 234 369 371 
155 228 229 372 
156 124 228 372 
157 156 220 373 
158 373 221 156 
159 373 240 221 
160 374 239 262 
161 375 241 123 
162 376 243 127 
163 376 287 168 
164 168 243 376 
165 377 284 244 
166 244 284 378 
167 379 378 169 
168 244 378 379 
169 382 336 213 
170 385 236 162 
171 385 248 236 
172 247 248 386 
173 170 247 386 
174 171 251 389 
175 390 250 171 
176 171 389 390 
177 390 389 252 
178 391 247 170 
179 115 247 391 
180 391 196 115 
181 394 253 171 
182 250 254 394 
183 171 250 394 
184 255 308 396 
185 399 219 155 
186 173 259 400 
187 401 238 262 
188 401 257 109 
189 109 238 401 
190 401 262 174 
191 174 260 401 
192 129 405 408 
193 409 405 264 
194 409 408 405 
195 414 256 128 
196 419 418 268 
197 172 398 419 
198 422 271 178 
199 177 271 422 
200 422 270 177 
201 423 271 130 
202 423 130 7 
203 7 6 423 
204 424 242 165 
205 424 273 242 
206 126 272 424 
207 164 241 425 
208 425 272 126 
209 126 164 425 
210 9 136 426 
211 8 9 426 
212 426 423 6 
213 6 8 426 
214 427 273 178 
215 178 271 427 
216 271 423 427 
217 423 426 427 
218 433 430 275 
219 433 432 430 
220 278 440 441 
221 279 444 446 
222 181 437 447 
223 449 281 182 
224 450 281 132 
225 450 282 281 
226 174 261 451 
227 184 185 453 
228 133 184 453 
229 455 377 112 
230 284 377 455 
231 284 455 456 
232 457 285 134 
233 134 227 458 
234 227 370 458 
235 458 187 134 
236 458 286 187 
237 461 288 459 
238 70 71 461 
239 67 73 462 
240 463 290 288 
241 71 67 463 
242 463 461 71 
243 288 461 463 
244 67 462 463 
245 463 462 290 
246 464 204 142 
247 465 464 292 
248 465 294 17 
249 194 294 465 
250 465 292 194 
251 142 205 466 
252 205 315 466 
253 466 464 142 
254 292 464 466 
255 64 63 467 
256 468 467 295 
257 64 467 468 
258 195 296 469 
259 469 197 140 
260 140 195 469 
261 192 298 471 
262 60 59 473 
263 475 295 195 
264 475 468 295 
265 195 198 475 
266 200 303 476 
267 476 199 200 
268 477 303 193 
269 138 289 477 
270 477 193 138 
271 43 39 478 
272 479 478 305 
273 43 478 479 
274 42 43 479 
275 45 44 480 
276 45 480 481 
277 481 480 306 
278 481 478 39 
279 39 45 481 
280 252 389 484 
281 308 483 485 
282 35 36 486 
283 487 486 36 
284 36 14 487 
285 489 305 201 
286 489 479 305 
287 203 311 489 
288 201 203 489 
289 41 40 490 
290 19 313 491 
291 18 19 491 
292 492 278 142 
293 142 204 492 
294 142 278 493 
295 278 441 493 
296 493 205 142 
297 493 316 205 
298 182 316 493 
299 493 449 182 
300 441 449 493 
301 117 318 494 
302 494 318 317 
303 494 145 116 
304 498 497 321 
305 324 499 500 
306 117 324 500 
307 500 146 117 
308 500 147 146 
309 88 86 502 
310 503 501 210 
311 325 501 503 
312 503 326 325 
313 211 330 505 
314 505 328 211 
315 505 329 328 
316 509 507 212 
317 510 506 331 
318 510 509 332 
319 507 509 510 
320 331 507 510 
321 332 508 512 
322 512 510 332 
323 512 504 327 
324 512 508 504 
325 506 510 512 
326 513 507 331 
327 331 506 514 
328 514 513 331 
329 516 245 127 
330 335 380 518 
331 112 377 519 
332 520 330 211 
333 214 726 521 
334 521 338 214 
335 525 523 112 
336 112 519 525 
337 526 342 154 
338 339 343 526 
339 154 339 526 
340 527 522 215 
341 344 528 529 
342 529 343 339 
343 530 345 336 
344 217 528 531 
345 531 346 217 
346 732 341 216 
347 732 347 121 
348 121 341 732 
349 532 349 158 
350 158 225 532 
351 532 225 224 
352 108 157 533 
353 533 149 108 
354 222 349 533 
355 226 350 533 
356 533 349 226 
357 209 351 534 
358 534 337 209 
359 535 351 152 
360 535 350 226 
361 537 534 351 
362 351 536 537 
363 540 537 352 
364 534 537 540 
365 541 455 112 
366 542 456 353 
367 544 542 353 
368 544 543 542 
369 227 356 547 
370 159 357 548 
371 548 354 159 
372 230 360 553 
373 553 359 230 
374 159 359 553 
375 553 357 159 
376 553 360 229 
377 554 366 231 
378 557 556 364 
379 232 557 558 
380 559 557 364 
381 559 558 557 
382 551 560 561 
383 552 551 561 
384 563 554 363 
385 366 554 563 
386 363 556 563 
387 556 557 563 
388 563 557 232 
389 232 366 563 
390 564 367 154 
391 154 342 564 
392 216 362 564 
393 564 342 216 
394 286 368 565 
395 187 286 565 
396 565 368 83 
397 83 84 565 
398 161 286 566 
399 286 458 566 
400 566 458 370 
401 566 370 234 
402 567 357 228 
403 567 548 357 
404 234 370 567 
405 124 234 567 
406 567 228 124 
407 235 371 568 
408 568 371 369 
409 568 274 179 
410 570 373 220 
411 570 220 122 
412 122 167 570 
413 571 374 240 
414 240 373 571 
415 373 570 571 
416 239 374 166 
417 572 570 167 
418 572 167 126 
419 572 571 570 
420 244 379 573 
421 574 377 244 
422 574 380 335 
423 244 573 574 
424 574 573 380 
425 335 519 574 
426 574 519 377 
427 575 518 380 
428 336 382 576 
429 576 381 336 
430 577 379 169 
431 383 577 580 
432 581 237 124 
433 50 49 582 
434 250 387 583 
435 583 254 250 
436 47 38 585 
437 50 582 586 
438 388 585 586 
439 586 585 38 
440 38 50 586 
441 587 389 251 
442 587 484 389 
443 128 256 587 
444 587 251 128 
445 250 390 588 
446 589 588 390 
447 584 588 589 
448 53 55 590 
449 591 590 392 
450 53 590 591 
451 54 53 591 
452 198 301 592 
453 393 593 594 
454 253 394 595 
455 52 48 596 
456 604 600 402 
457 604 603 600 
458 605 598 255 
459 264 405 607 
460 607 405 129 
461 129 408 608 
462 608 407 129 
463 259 407 608 
464 265 413 610 
465 613 612 412 
466 410 610 614 
467 614 610 413 
468 614 613 410 
469 612 613 614 
470 266 612 614 
471 614 413 266 
472 175 411 615 
473 615 406 175 
474 615 409 264 
475 264 406 615 
476 415 617 619 
477 619 618 416 
478 617 618 619 
479 622 620 416 
480 622 621 620 
481 623 612 266 
482 612 623 624 
483 412 612 624 
484 626 398 256 
485 267 418 626 
486 626 419 398 
487 418 419 626 
488 256 414 626 
489 626 414 267 
490 270 422 634 
491 634 425 241 
492 241 375 634 
493 635 422 178 
494 635 634 422 
495 425 634 635 
496 272 425 635 
497 178 272 635 
498 428 636 638 
499 638 636 114 
500 114 601 638 
501 639 485 307 
502 175 406 642 
503 642 403 175 
504 642 431 403 
505 644 643 645 
506 646 600 263 
507 646 644 645 
508 647 434 180 
509 430 432 647 
510 180 430 647 
511 435 648 649 
512 435 650 651 
513 652 648 435 
514 435 651 652 
515 21 25 653 
516 25 24 654 
517 654 653 25 
518 656 437 181 
519 657 449 441 
520 658 441 440 
521 181 439 658 
522 658 656 181 
523 440 656 658 
524 439 657 658 
525 658 657 441 
526 434 444 659 
527 180 434 659 
528 132 438 664 
529 664 276 132 
530 664 446 276 
531 181 447 665 
532 665 439 181 
533 666 655 277 
534 667 666 277 
535 277 650 667 
536 29 31 670 
537 671 670 31 
538 31 32 671 
539 29 670 672 
540 30 29 672 
541 174 451 673 
542 673 260 174 
543 972 260 673 
544 675 453 185 
545 283 453 675 
546 675 452 283 
547 133 453 676 
548 676 451 261 
549 676 453 283 
550 283 451 676 
551 452 674 679 
552 679 678 452 
553 454 678 679 
554 680 679 674 
555 284 456 681 
556 681 547 356 
557 681 356 186 
558 682 457 376 
559 127 245 682 
560 68 460 683 
561 69 68 683 
562 204 464 684 
563 684 491 313 
564 295 467 685 
565 685 296 295 
566 686 467 63 
567 63 65 686 
568 686 685 467 
569 470 685 686 
570 66 57 687 
571 688 471 298 
572 197 469 688 
573 688 298 197 
574 459 471 689 
575 471 688 689 
576 37 60 690 
577 691 473 59 
578 59 61 691 
579 473 691 692 
580 62 58 693 
581 302 474 694 
582 474 693 694 
583 199 476 695 
584 305 478 696 
585 696 481 306 
586 478 481 696 
587 397 597 697 
588 482 483 697 
589 308 485 699 
590 202 309 700 
591 701 311 310 
592 702 487 14 
593 14 41 702 
594 490 701 702 
595 41 490 702 
596 703 488 486 
597 703 487 310 
598 486 487 703 
599 33 35 704 
600 705 489 311 
601 479 489 705 
602 706 490 40 
603 40 42 706 
604 706 705 490 
605 479 705 706 
606 42 479 706 
607 18 491 707 
608 491 684 707 
609 708 492 204 
610 278 492 710 
611 710 440 278 
612 93 92 711 
613 712 504 210 
614 327 504 712 
615 712 495 327 
616 207 320 714 
617 715 711 319 
618 497 498 715 
619 715 714 497 
620 321 497 716 
621 329 505 717 
622 208 329 717 
623 504 508 718 
624 210 504 718 
625 720 168 87 
626 721 243 168 
627 168 720 721 
628 721 720 511 
629 334 515 722 
630 722 721 511 
631 724 514 506 
632 333 514 724 
633 724 506 153 
634 153 330 724 
635 338 521 725 
636 344 527 727 
637 531 727 728 
638 349 532 729 
639 729 536 226 
640 226 349 729 
641 731 526 343 
642 216 342 733 
643 539 732 733 
644 733 732 216 
645 734 726 214 
646 215 522 735 
647 735 524 215 
648 735 545 524 
649 736 544 353 
650 353 541 736 
651 736 546 355 
652 355 544 736 
653 547 681 737 
654 542 354 737 
655 737 456 542 
656 737 681 456 
657 738 360 230 
658 551 552 738 
659 738 552 358 
660 358 360 738 
661 739 555 160 
662 160 550 739 
663 739 559 364 
664 364 555 739 
665 365 559 739 
666 748 577 383 
667 379 577 748 
668 748 573 379 
669 382 575 749 
670 246 576 749 
671 749 576 382 
672 384 580 750 
673 751 584 306 
674 306 480 751 
675 47 585 752 
676 46 47 752 
677 753 585 388 
678 753 752 585 
679 388 588 753 
680 753 588 584 
681 754 586 582 
682 388 586 754 
683 387 388 754 
684 755 587 256 
685 256 398 755 
686 484 587 755 
687 898 590 55 
688 55 56 898 
689 756 591 392 
690 757 592 301 
691 391 595 757 
692 196 391 757 
693 757 301 196 
694 758 593 393 
695 254 395 758 
696 392 590 759 
697 300 594 760 
698 760 472 300 
699 393 594 761 
700 761 594 300 
701 762 595 394 
702 762 757 595 
703 592 757 762 
704 762 394 254 
705 393 761 762 
706 762 761 592 
707 52 596 764 
708 51 52 764 
709 767 766 599 
710 768 602 263 
711 769 601 114 
712 114 597 769 
713 769 604 402 
714 402 601 769 
715 404 604 769 
716 770 766 400 
717 770 400 259 
718 771 620 268 
719 268 418 771 
720 415 619 771 
721 771 418 415 
722 772 618 176 
723 176 611 772 
724 772 622 416 
725 416 618 772 
726 417 622 772 
727 255 396 775 
728 775 605 255 
729 265 610 780 
730 628 780 782 
731 782 610 410 
732 782 780 610 
733 784 783 267 
734 267 414 784 
735 790 554 231 
736 793 790 632 
737 554 790 793 
738 363 554 793 
739 114 636 796 
740 796 698 482 
741 482 697 796 
742 797 640 429 
743 307 640 797 
744 797 639 307 
745 798 637 275 
746 428 637 798 
747 800 636 428 
748 641 799 800 
749 428 798 800 
750 800 798 641 
751 428 638 801 
752 801 637 428 
753 801 645 433 
754 802 649 27 
755 27 20 802 
756 21 653 1045 
757 23 21 1045 
758 803 654 436 
759 653 654 803 
760 648 652 804 
761 804 654 24 
762 436 654 804 
763 804 652 436 
764 277 655 805 
765 805 650 277 
766 805 651 650 
767 275 430 806 
768 203 660 807 
769 807 703 310 
770 815 309 202 
771 445 817 816 
772 663 816 817 
773 663 817 818 
774 141 309 818 
775 818 203 141 
776 818 660 203 
777 818 817 660 
778 819 815 202 
779 820 667 650 
780 821 668 669 
781 666 667 821 
782 669 666 821 
783 655 666 822 
784 437 655 822 
785 822 666 669 
786 822 447 437 
787 670 671 823 
788 1116 671 32 
789 32 28 1116 
790 30 672 824 
791 20 30 824 
792 825 432 643 
793 677 825 826 
794 431 642 826 
795 826 825 643 
796 643 431 826 
797 827 673 451 
798 827 451 283 
799 829 406 264 
800 829 828 971 
801 607 828 829 
802 264 607 829 
803 830 825 677 
804 276 434 831 
805 831 830 680 
806 647 830 831 
807 434 647 831 
808 186 285 832 
809 169 378 832 
810 832 378 186 
811 457 682 832 
812 285 457 832 
813 833 687 57 
814 69 683 833 
815 57 69 833 
816 834 469 296 
817 834 688 469 
818 835 683 460 
819 459 689 835 
820 835 460 459 
821 836 691 61 
822 474 692 836 
823 836 692 691 
824 61 62 836 
825 837 693 58 
826 837 694 693 
827 64 468 837 
828 58 64 837 
829 475 694 837 
830 468 475 837 
831 172 396 839 
832 839 398 172 
833 839 755 398 
834 484 755 839 
835 839 699 484 
836 484 699 840 
837 840 700 309 
838 840 309 141 
839 842 841 709 
840 803 841 842 
841 440 710 843 
842 843 656 440 
843 844 710 492 
844 844 843 710 
845 712 713 845 
846 847 501 325 
847 847 713 501 
848 848 714 320 
849 147 500 848 
850 848 320 147 
851 499 716 848 
852 848 500 499 
853 848 716 497 
854 497 714 848 
855 91 89 849 
856 93 711 850 
857 850 849 89 
858 89 93 850 
859 321 716 851 
860 852 717 499 
861 853 851 716 
862 853 717 505 
863 499 717 853 
864 853 716 499 
865 326 503 854 
866 332 509 855 
867 856 855 509 
868 719 855 856 
869 332 855 857 
870 857 508 332 
871 511 720 858 
872 858 719 511 
873 334 722 859 
874 859 517 334 
875 864 725 521 
876 866 727 527 
877 866 728 727 
878 866 527 215 
879 215 524 866 
880 335 518 867 
881 728 866 868 
882 525 867 868 
883 868 867 728 
884 868 524 340 
885 868 866 524 
886 531 728 869 
887 346 531 869 
888 728 867 869 
889 869 867 518 
890 869 518 213 
891 213 346 869 
892 539 733 870 
893 871 532 224 
894 526 731 872 
895 872 870 733 
896 872 733 342 
897 342 526 872 
898 540 734 873 
899 873 734 214 
900 534 540 873 
901 337 534 873 
902 120 337 873 
903 873 214 120 
904 345 530 874 
905 726 734 874 
906 875 559 365 
907 558 559 875 
908 876 875 365 
909 740 875 876 
910 355 877 878 
911 878 877 741 
912 878 544 355 
913 543 544 878 
914 879 741 562 
915 879 878 741 
916 880 339 154 
917 743 880 881 
918 882 740 562 
919 232 558 883 
920 743 881 883 
921 884 372 229 
922 884 744 372 
923 248 385 885 
924 581 745 885 
925 385 581 885 
926 372 744 887 
927 744 886 887 
928 887 886 745 
929 887 745 581 
930 890 888 746 
931 794 888 890 
932 633 794 890 
933 421 795 891 
934 573 748 892 
935 892 749 575 
936 892 575 380 
937 380 573 892 
938 246 749 893 
939 749 892 893 
940 893 579 246 
941 383 579 893 
942 893 748 383 
943 893 892 748 
944 578 750 894 
945 245 578 894 
946 894 682 245 
947 894 832 682 
948 169 832 894 
949 894 750 169 
950 895 751 480 
951 46 752 895 
952 895 752 751 
953 895 480 44 
954 44 46 895 
955 896 898 56 
956 37 690 896 
957 56 37 896 
958 897 596 48 
959 48 54 897 
960 897 756 395 
961 591 756 897 
962 54 591 897 
963 898 759 590 
964 472 760 899 
965 899 690 472 
966 899 896 690 
967 899 898 896 
968 759 898 899 
969 900 583 387 
970 900 763 583 
971 901 764 596 
972 596 763 901 
973 763 900 901 
974 765 902 903 
975 906 905 767 
976 231 905 906 
977 906 790 231 
978 766 770 907 
979 599 766 907 
980 908 608 408 
981 910 909 417 
982 773 909 910 
983 417 624 910 
984 910 624 623 
985 404 606 911 
986 911 606 605 
987 404 911 912 
988 912 911 774 
989 912 604 404 
990 625 774 913 
991 774 911 913 
992 175 403 914 
993 915 914 776 
994 625 773 916 
995 917 623 266 
996 917 915 776 
997 918 611 176 
998 609 611 918 
999 176 618 919 
1000 919 618 617 
1001 628 782 924 
1002 924 921 628 
1003 781 921 924 
1004 925 782 410 
1005 410 613 925 
1006 925 613 609 
1007 926 784 414 
1008 777 919 929 
1009 930 786 785 
1010 930 923 627 
1011 778 923 930 
1012 930 927 778 
1013 785 927 930 
1014 931 920 420 
1015 160 555 932 
1016 160 932 936 
1017 936 932 788 
1018 936 935 549 
1019 933 935 936 
1020 631 933 939 
1021 939 933 788 
1022 940 789 631 
1023 631 939 940 
1024 940 939 792 
1025 940 938 791 
1026 792 938 940 
1027 941 793 632 
1028 941 938 792 
1029 363 793 942 
1030 942 556 363 
1031 555 556 942 
1032 698 796 943 
1033 943 800 799 
1034 636 800 943 
1035 943 796 636 
1036 944 801 638 
1037 433 275 637 
1038 637 801 433 
1039 945 709 708 
1040 945 842 709 
1041 180 659 946 
1042 641 798 947 
1043 275 806 947 
1044 947 798 275 
1045 949 948 279 
1046 279 443 949 
1047 951 659 444 
1048 448 823 954 
1049 955 669 668 
1050 280 811 955 
1051 955 668 280 
1052 662 812 956 
1053 957 956 812 
1054 813 956 957 
1055 957 812 445 
1056 953 958 960 
1057 810 953 960 
1058 962 807 660 
1059 814 961 962 
1060 963 812 662 
1061 662 811 963 
1062 814 963 964 
1063 964 963 954 
1064 965 816 663 
1065 663 815 965 
1066 639 797 966 
1067 649 802 968 
1068 280 668 969 
1069 969 954 280 
1070 448 954 969 
1071 20 824 970 
1072 970 802 20 
1073 972 407 259 
1074 276 831 973 
1075 973 831 680 
1076 973 450 132 
1077 132 276 973 
1078 973 674 450 
1079 973 680 674 
1080 974 834 296 
1081 683 835 975 
1082 975 833 683 
1083 976 975 835 
1084 976 835 689 
1085 834 974 976 
1086 977 695 476 
1087 979 1045 653 
1088 842 945 979 
1089 803 842 979 
1090 653 803 979 
1091 980 655 437 
1092 980 805 655 
1093 656 843 980 
1094 437 656 980 
1095 981 498 321 
1096 321 496 981 
1097 982 847 325 
1098 983 982 846 
1099 847 982 983 
1100 91 849 984 
1101 849 850 985 
1102 985 715 498 
1103 985 850 711 
1104 711 715 985 
1105 986 330 153 
1106 986 505 330 
1107 986 853 505 
1108 719 856 987 
1109 987 859 722 
1110 987 722 511 
1111 511 719 987 
1112 508 857 1159 
1113 1159 718 508 
1114 988 858 720 
1115 88 502 988 
1116 517 859 989 
1117 384 990 991 
1118 991 579 384 
1119 860 990 992 
1120 992 990 384 
1121 995 993 860 
1122 861 993 995 
1123 996 862 517 
1124 996 989 212 
1125 517 989 996 
1126 998 514 333 
1127 513 514 998 
1128 863 998 999 
1129 999 998 333 
1130 333 520 999 
1131 723 997 1000 
1132 1000 997 862 
1133 513 998 1001 
1134 1001 998 863 
1135 539 870 1004 
1136 352 539 1004 
1137 1004 870 538 
1138 1005 732 539 
1139 345 874 1006 
1140 538 730 1006 
1141 1006 730 217 
1142 1007 882 743 
1143 743 883 1007 
1144 740 882 1007 
1145 1007 875 740 
1146 1007 883 558 
1147 558 875 1007 
1148 1008 560 551 
1149 740 876 1009 
1150 562 740 1009 
1151 1010 735 522 
1152 339 880 1010 
1153 741 877 1011 
1154 1011 882 562 
1155 562 741 1011 
1156 358 935 1012 
1157 1012 360 358 
1158 744 884 1013 
1159 1013 747 569 
1160 1013 934 747 
1161 884 1012 1013 
1162 1013 1012 934 
1163 1014 616 386 
1164 248 885 1014 
1165 1014 386 248 
1166 1015 886 569 
1167 1016 1023 630 
1168 1016 889 269 
1169 269 1023 1016 
1170 633 890 1017 
1171 1018 890 746 
1172 1018 1017 890 
1173 746 1015 1018 
1174 747 891 1018 
1175 1019 937 421 
1176 789 937 1019 
1177 51 764 1020 
1178 1020 900 582 
1179 764 901 1020 
1180 1020 901 900 
1181 1020 582 49 
1182 49 51 1020 
1183 269 794 1021 
1184 1021 903 902 
1185 630 1023 1022 
1186 269 1021 1023 
1187 1023 1021 902 
1188 1024 794 633 
1189 1024 1021 794 
1190 903 1021 1024 
1191 767 905 1026 
1192 121 219 1026 
1193 219 399 1026 
1194 1026 361 121 
1195 1026 905 361 
1196 766 767 1026 
1197 399 766 1026 
1198 1027 906 767 
1199 599 904 1027 
1200 1027 767 599 
1201 765 904 1028 
1202 265 780 1030 
1203 1030 908 408 
1204 620 621 1031 
1205 268 620 1031 
1206 776 916 1032 
1207 1032 917 776 
1208 1032 916 773 
1209 773 910 1032 
1210 623 917 1032 
1211 1032 910 623 
1212 1033 909 773 
1213 625 913 1033 
1214 1033 773 625 
1215 602 768 1034 
1216 1034 914 403 
1217 403 602 1034 
1218 625 916 1035 
1219 1035 774 625 
1220 1035 912 774 
1221 1036 925 609 
1222 609 918 1036 
1223 1037 927 785 
1224 1037 928 420 
1225 420 927 1037 
1226 786 929 1038 
1227 1039 935 933 
1228 1039 933 631 
1229 934 1012 1039 
1230 1039 1012 935 
1231 747 934 1040 
1232 1040 891 747 
1233 631 789 1041 
1234 1041 1040 934 
1235 1041 1039 631 
1236 934 1039 1041 
1237 1019 1040 1041 
1238 789 1019 1041 
1239 790 906 1042 
1240 632 790 1042 
1241 1043 939 788 
1242 788 932 1043 
1243 1043 941 792 
1244 792 939 1043 
1245 600 646 1044 
1246 1044 646 645 
1247 1044 944 402 
1248 402 600 1044 
1249 801 944 1044 
1250 645 801 1044 
1251 948 949 1046 
1252 808 948 1046 
1253 1048 950 661 
1254 669 955 1049 
1255 661 950 1050 
1256 1050 953 661 
1257 1050 958 953 
1258 1051 956 813 
1259 665 1052 1053 
1260 1053 1052 959 
1261 1054 1053 959 
1262 488 703 1055 
1263 1055 962 961 
1264 1056 1055 961 
1265 488 1055 1056 
1266 1056 704 488 
1267 445 812 1057 
1268 1057 817 445 
1269 1057 962 660 
1270 660 817 1057 
1271 814 962 1057 
1272 1058 954 823 
1273 1058 964 954 
1274 671 1116 1059 
1275 816 965 1060 
1276 819 966 1061 
1277 1062 1061 966 
1278 967 1062 1064 
1279 1064 1062 429 
1280 429 799 1064 
1281 448 969 1065 
1282 677 971 1066 
1283 1067 826 642 
1284 1067 642 406 
1285 829 971 1067 
1286 406 829 1067 
1287 971 828 1068 
1288 687 833 1069 
1289 1069 976 974 
1290 1069 974 470 
1291 470 687 1069 
1292 975 976 1069 
1293 833 975 1069 
1294 709 841 1070 
1295 1070 844 709 
1296 843 844 1070 
1297 1072 982 325 
1298 1072 326 90 
1299 325 326 1072 
1300 1073 509 212 
1301 212 989 1073 
1302 1073 856 509 
1303 1073 987 856 
1304 1073 989 859 
1305 859 987 1073 
1306 718 1159 1074 
1307 517 862 1075 
1308 862 997 1075 
1309 1075 994 334 
1310 334 517 1075 
1311 1075 997 861 
1312 861 994 1075 
1313 861 995 1076 
1314 516 994 1076 
1315 1076 994 861 
1316 1077 996 212 
1317 513 1001 1077 
1318 507 513 1077 
1319 212 507 1077 
1320 725 864 1078 
1321 1078 999 520 
1322 520 725 1078 
1323 1079 1001 863 
1324 1079 1077 1001 
1325 1079 1000 862 
1326 863 1000 1079 
1327 996 1077 1079 
1328 862 996 1079 
1329 860 993 1080 
1330 1081 576 246 
1331 381 576 1081 
1332 579 991 1082 
1333 246 579 1082 
1334 1082 1081 246 
1335 1003 1081 1082 
1336 1083 1082 991 
1337 1003 1082 1083 
1338 871 1005 1084 
1339 536 729 1084 
1340 538 1006 1085 
1341 1085 1006 874 
1342 1085 734 540 
1343 1085 874 734 
1344 735 1010 1087 
1345 545 735 1087 
1346 1194 885 745 
1347 1194 1014 885 
1348 1088 1016 630 
1349 1090 1024 633 
1350 633 1017 1090 
1351 1090 1017 795 
1352 1092 795 421 
1353 1092 1091 1025 
1354 937 1091 1092 
1355 421 937 1092 
1356 903 1024 1093 
1357 1024 1090 1093 
1358 1093 1090 795 
1359 1094 1027 904 
1360 903 1093 1094 
1361 1094 1093 1025 
1362 765 1028 1095 
1363 1095 1022 765 
1364 1096 780 628 
1365 1029 1096 1097 
1366 908 1030 1098 
1367 1098 1096 1029 
1368 780 1096 1098 
1369 1098 1030 780 
1370 1099 1033 913 
1371 1100 1034 768 
1372 1100 768 603 
1373 616 1014 1101 
1374 1141 1102 1103 
1375 1105 919 617 
1376 1105 929 919 
1377 1105 1038 929 
1378 1107 1050 950 
1379 958 1050 1108 
1380 1050 1107 1108 
1381 1108 1051 813 
1382 813 958 1108 
1383 1109 811 662 
1384 1110 1049 955 
1385 811 1109 1110 
1386 1110 955 811 
1387 1111 1051 959 
1388 959 1052 1111 
1389 662 956 1112 
1390 1112 1111 1109 
1391 1112 1109 662 
1392 1051 1111 1112 
1393 956 1051 1112 
1394 447 1049 1113 
1395 1049 1110 1113 
1396 665 1053 1114 
1397 1053 1054 1114 
1398 704 1056 1115 
1399 1118 1060 965 
1400 947 1063 1119 
1401 641 947 1119 
1402 967 1064 1119 
1403 1119 1063 967 
1404 1120 970 824 
1405 673 827 1121 
1406 1121 972 673 
1407 1121 1068 972 
1408 1121 678 454 
1409 1121 827 678 
1410 1122 978 651 
1411 651 805 1122 
1412 805 980 1122 
1413 846 984 1123 
1414 1123 984 849 
1415 1123 983 846 
1416 1123 1071 983 
1417 1124 1071 981 
1418 1124 845 713 
1419 1124 981 496 
1420 496 845 1124 
1421 983 1071 1124 
1422 981 1071 1125 
1423 1071 1123 1125 
1424 498 981 1125 
1425 1125 1123 849 
1426 1125 985 498 
1427 849 985 1125 
1428 858 988 1126 
1429 1126 988 502 
1430 1127 1076 995 
1431 516 1076 1127 
1432 245 516 1127 
1433 1127 578 245 
1434 1127 992 578 
1435 999 1078 1160 
1436 863 999 1160 
1437 1160 1000 863 
1438 1128 1080 1002 
1439 1129 1081 1003 
1440 860 1080 1130 
1441 1080 1128 1130 
1442 1130 990 860 
1443 742 1086 1131 
1444 1131 1008 230 
1445 230 359 1131 
1446 882 1011 1132 
1447 743 882 1132 
1448 877 1087 1132 
1449 1132 1011 877 
1450 1132 880 743 
1451 1132 1010 880 
1452 1132 1087 1010 
1453 791 938 1133 
1454 1134 1095 1028 
1455 1029 1097 1134 
1456 907 1029 1134 
1457 1134 1028 907 
1458 1134 1097 1089 
1459 1089 1095 1134 
1460 1135 1096 628 
1461 628 921 1135 
1462 1135 921 779 
1463 1135 1097 1096 
1464 1136 931 787 
1465 1089 1097 1136 
1466 787 1089 1136 
1467 1136 1135 779 
1468 1097 1135 1136 
1469 920 931 1136 
1470 779 920 1136 
1471 1137 1098 1029 
1472 908 1098 1137 
1473 770 908 1137 
1474 1137 907 770 
1475 1137 1029 907 
1476 1138 1099 775 
1477 268 1031 1138 
1478 1138 419 268 
1479 1139 1035 916 
1480 1139 916 776 
1481 776 914 1139 
1482 1034 1100 1139 
1483 914 1034 1139 
1484 889 1016 1140 
1485 1016 1088 1140 
1486 1103 1166 1142 
1487 1142 1037 785 
1488 784 926 1143 
1489 1038 1105 1144 
1490 629 1038 1144 
1491 1144 783 629 
1492 415 783 1144 
1493 967 1063 1145 
1494 1146 1145 1063 
1495 1106 1145 1146 
1496 1149 1107 1046 
1497 1149 1046 949 
1498 1150 1054 959 
1499 1150 1149 1054 
1500 1051 1108 1150 
1501 959 1051 1150 
1502 1107 1149 1150 
1503 1150 1108 1107 
1504 1052 1113 1151 
1505 1151 1113 1110 
1506 1151 1111 1052 
1507 442 1114 1152 
1508 1152 1114 1054 
1509 34 1115 1153 
1510 1153 1116 28 
1511 28 34 1153 
1512 810 1117 1154 
1513 1060 1117 1155 
1514 1155 1117 810 
1515 810 960 1155 
1516 1157 1145 1106 
1517 970 1120 1158 
1518 820 968 1158 
1519 802 970 1158 
1520 1158 968 802 
1521 1159 1126 854 
1522 854 1074 1159 
1523 1160 1002 723 
1524 723 1000 1160 
1525 1003 1083 1161 
1526 1161 1129 1003 
1527 1083 1130 1161 
1528 1161 1130 1128 
1529 865 1129 1161 
1530 1161 1128 865 
1531 1162 1129 865 
1532 1162 865 864 
1533 1008 1131 1163 
1534 1163 1086 1009 
1535 1163 1131 1086 
1536 1163 1009 876 
1537 1164 1133 938 
1538 632 1042 1164 
1539 1099 1138 1165 
1540 1033 1099 1165 
1541 1165 1138 1031 
1542 909 1033 1165 
1543 1102 1140 1166 
1544 1166 1103 1102 
1545 1166 1140 1088 
1546 1167 1015 746 
1547 889 1140 1168 
1548 1168 1140 1102 
1549 888 889 1169 
1550 746 888 1169 
1551 889 1168 1169 
1552 1170 1167 1169 
1553 1170 1102 1141 
1554 1170 1168 1102 
1555 1169 1168 1170 
1556 1171 1142 785 
1557 629 1104 1171 
1558 1103 1142 1171 
1559 1172 1143 926 
1560 616 1101 1172 
1561 1172 926 616 
1562 1104 1143 1172 
1563 1141 1104 1172 
1564 1101 1141 1172 
1565 1173 1146 1063 
1566 806 946 1173 
1567 1048 1154 1174 
1568 1175 1154 1117 
1569 1147 1174 1175 
1570 1175 1174 1154 
1571 1106 1148 1176 
1572 1176 1157 1106 
1573 1177 946 659 
1574 659 951 1177 
1575 1116 1153 1178 
1576 1059 1116 1178 
1577 1179 1056 961 
1578 1179 1178 1153 
1579 1179 1115 1056 
1580 1179 1153 1115 
1581 1180 1118 965 
1582 1180 1156 1118 
1583 1181 1156 1061 
1584 1181 1157 1156 
1585 1181 1062 967 
1586 1061 1062 1181 
1587 1145 1157 1181 
1588 967 1145 1181 
1589 1060 1118 1182 
1590 820 1158 1183 
1591 1183 1065 969 
1592 1183 1120 1065 
1593 1183 1158 1120 
1594 1184 1160 1078 
1595 1002 1160 1184 
1596 865 1128 1184 
1597 1184 1128 1002 
1598 1185 1164 1042 
1599 1133 1164 1185 
1600 1091 1133 1185 
1601 1185 1094 1025 
1602 1025 1091 1185 
1603 1027 1094 1185 
1604 1015 1167 1186 
1605 886 1015 1186 
1606 1186 1194 745 
1607 745 886 1186 
1608 1187 1174 1147 
1609 1187 1047 809 
1610 809 952 1187 
1611 1157 1176 1188 
1612 1188 1182 1157 
1613 1188 1176 1147 
1614 1147 1175 1188 
1615 1189 1148 1047 
1616 1189 1176 1148 
1617 1047 1187 1189 
1618 1189 1187 1147 
1619 1147 1176 1189 
1620 1146 1173 1190 
1621 1106 1146 1190 
1622 946 1177 1190 
1623 1190 1173 946 
1624 1190 1148 1106 
1625 1190 1177 1148 
1626 1191 1175 1117 
1627 1191 1188 1175 
1628 1182 1188 1191 
1629 1060 1182 1191 
1630 1191 1117 1060 
1631 1192 821 667 
1632 1192 1183 969 
1633 820 1183 1192 
1634 667 820 1192 
1635 1192 969 668 
1636 668 821 1192 
1637 1193 1170 1141 
1638 1193 1141 1101 
1639 1193 1186 1167 
1640 1167 1170 1193 
1641 1186 1193 1194 
1642 1194 1193 1101 
1643 102 145 100 
1644 494 111 117 
1645 111 494 116 
1646 200 74 75 
1647 94 323 97 
1648 323 206 146 
1649 206 323 94 
1650 105 375 123 
1651 316 185 113 
1652 316 282 185 
1653 282 316 182 
1654 457 287 376 
1655 287 457 134 
1656 565 188 187 
1657 188 565 84 
1658 76 287 188 
1659 287 76 168 
1660 337 329 208 
1661 329 337 120 
1662 155 224 225 
1663 224 155 219 
1664 371 566 234 
1665 566 371 161 
1666 374 238 240 
1667 238 374 262 
1668 238 221 240 
1669 221 238 109 
1670 247 236 248 
1671 236 247 115 
1672 218 257 258 
1673 257 218 109 
1674 972 173 260 
1675 173 972 259 
1676 161 368 286 
1677 368 161 233 
1678 288 471 459 
1679 471 288 192 
1680 139 293 291 
1681 139 143 293 
1682 143 139 13 
1683 179 140 299 
1684 140 179 196 
1685 131 191 78 
1686 304 193 303 
1687 193 304 80 
1688 305 589 201 
1689 696 589 305 
1690 311 807 310 
1691 807 311 203 
1692 312 684 313 
1693 684 312 204 
1694 708 312 314 
1695 312 708 204 
1696 291 466 315 
1697 466 291 292 
1698 381 530 336 
1699 530 381 1162 
1700 726 530 1162 
1701 213 345 346 
1702 345 213 336 
1703 218 225 348 
1704 225 218 155 
1705 535 148 350 
1706 148 535 152 
1707 535 536 351 
1708 536 535 226 
1709 737 548 547 
1710 548 737 354 
1711 579 580 384 
1712 580 579 383 
1713 387 588 388 
1714 588 387 250 
1715 170 595 391 
1716 595 170 253 
1717 155 258 399 
1718 258 155 218 
1719 260 257 401 
1720 257 260 173 
1721 1138 172 419 
1722 136 427 426 
1723 427 136 273 
1724 434 446 444 
1725 446 434 276 
1726 657 438 449 
1727 438 281 449 
1728 281 438 132 
1729 282 675 185 
1730 675 674 452 
1731 70 460 68 
1732 17 707 465 
1733 707 17 18 
1734 687 65 66 
1735 974 685 470 
1736 685 974 296 
1737 690 473 472 
1738 473 690 60 
1739 692 472 473 
1740 472 692 300 
1741 836 693 474 
1742 693 836 62 
1743 198 694 475 
1744 694 198 302 
1745 308 598 483 
1746 598 308 255 
1747 840 252 484 
1748 252 840 141 
1749 639 700 485 
1750 700 639 202 
1751 704 486 488 
1752 486 704 35 
1753 705 701 490 
1754 701 705 311 
1755 986 327 495 
1756 327 986 153 
1757 496 851 495 
1758 851 496 321 
1759 324 852 499 
1760 512 153 506 
1761 153 512 327 
1762 515 994 516 
1763 994 515 334 
1764 211 725 520 
1765 725 211 338 
1766 522 344 529 
1767 344 522 527 
1768 528 343 529 
1769 726 874 530 
1770 157 222 533 
1771 222 157 122 
1772 350 149 533 
1773 149 350 118 
1774 1004 540 352 
1775 353 455 541 
1776 455 353 456 
1777 340 545 546 
1778 545 340 524 
1779 738 1008 551 
1780 1008 738 230 
1781 549 552 550 
1782 555 364 556 
1783 366 367 564 
1784 367 366 232 
1785 166 571 572 
1786 571 166 374 
1787 992 750 578 
1788 750 992 384 
1789 385 237 581 
1790 237 385 162 
1791 900 754 582 
1792 754 900 387 
1793 897 763 596 
1794 763 897 395 
1795 412 609 613 
1796 609 412 611 
1797 411 413 615 
1798 413 411 266 
1799 926 249 616 
1800 601 944 638 
1801 944 601 402 
1802 602 431 644 
1803 431 602 403 
1804 431 643 644 
1805 978 652 651 
1806 652 978 436 
1807 1114 439 665 
1808 439 1114 442 
1809 1049 822 669 
1810 822 1049 447 
1811 675 450 674 
1812 450 675 282 
1813 183 163 110 
1814 186 284 681 
1815 284 186 378 
1816 376 127 682 
1817 464 707 684 
1818 707 464 465 
1819 310 702 701 
1820 702 310 487 
1821 1115 33 704 
1822 33 1115 34 
1823 844 708 709 
1824 708 844 492 
1825 845 495 712 
1826 495 845 496 
1827 319 714 715 
1828 714 319 207 
1829 852 208 717 
1830 208 852 151 
1831 870 730 538 
1832 523 546 736 
1833 546 523 340 
1834 541 523 736 
1835 523 541 112 
1836 561 550 552 
1837 753 751 752 
1838 751 753 584 
1839 399 400 766 
1840 400 399 258 
1841 263 603 768 
1842 603 263 600 
1843 606 597 397 
1844 624 611 412 
1845 931 928 787 
1846 928 931 420 
1847 697 114 796 
1848 114 697 597 
1849 202 966 819 
1850 966 202 639 
1851 968 435 649 
1852 647 825 830 
1853 825 647 432 
1854 699 700 840 
1855 700 699 485 
1856 986 851 853 
1857 851 986 495 
1858 503 1074 854 
1859 525 335 867 
1860 335 525 519 
1861 340 525 868 
1862 525 340 523 
1863 347 1005 871 
1864 1005 347 732 
1865 365 560 876 
1866 560 365 561 
1867 355 1087 877 
1868 879 543 878 
1869 154 881 880 
1870 881 154 367 
1871 770 608 908 
1872 608 770 259 
1873 621 417 909 
1874 417 621 622 
1875 605 913 911 
1876 915 175 914 
1877 175 915 411 
1878 777 176 919 
1879 176 777 918 
1880 779 781 923 
1881 781 779 921 
1882 778 779 923 
1883 779 778 920 
1884 627 777 929 
1885 777 627 922 
1886 627 786 930 
1887 786 627 929 
1888 358 549 935 
1889 549 358 552 
1890 788 933 936 
1891 549 160 936 
1892 160 549 550 
1893 791 789 940 
1894 789 791 937 
1895 640 799 429 
1896 1045 22 23 
1897 1195 22 1045 
1898 957 1155 960 
1899 1155 957 445 
1900 1055 807 962 
1901 807 1055 703 
1902 815 1180 965 
1903 1180 815 819 
1904 1068 407 972 
1905 407 1068 828 
1906 476 477 977 
1907 477 476 303 
1908 884 360 1012 
1909 360 884 229 
1910 569 744 1013 
1911 744 569 886 
1912 891 1017 1018 
1913 1017 891 795 
1914 421 1040 1019 
1915 1040 421 891 
1916 924 925 1036 
1917 925 924 782 
1918 918 922 1036 
1919 922 918 777 
1920 932 942 1043 
1921 942 932 555 
1922 661 1154 1048 
1923 665 1113 1052 
1924 1113 665 447 
1925 1149 1152 1054 
1926 1152 1149 949 
1927 812 814 1057 
1928 814 812 963 
1929 1178 1058 1059 
1930 1058 1178 964 
1931 1155 816 1060 
1932 816 1155 445 
1933 947 1173 1063 
1934 1173 947 806 
1935 1122 843 1070 
1936 843 1122 980 
1937 864 1184 1078 
1938 1184 864 865 
1939 904 903 1094 
1940 903 904 765 
1941 1014 1194 1101 
1942 617 1144 1105 
1943 1144 617 415 
1944 1064 641 1119 
1945 641 1064 799 
1946 824 1065 1120 
1947 1065 824 672 
1948 454 1068 1121 
1949 502 854 1126 
1950 854 502 326 
1951 995 992 1127 
1952 992 995 860 
1953 1083 990 1130 
1954 990 1083 991 
1955 1091 791 1133 
1956 791 1091 937 
1957 1100 1035 1139 
1958 1035 1100 912 
1959 1177 1047 1148 
1960 1047 1177 951 
1961 1182 1156 1157 
1962 1156 1182 1118 
1963 1129 381 1081 
1964 1129 1162 381 
1965 746 1169 1167 
1966 964 961 814 
1967 1042 1027 1185 
1968 1027 1042 906 
1969 138 79 191 
1970 79 138 193 
1971 326 86 90 
1972 86 326 502 
1973 926 128 249 
1974 128 926 414 
1975 125 676 261 
1976 73 838 462 
1977 912 603 604 
1978 603 912 1100 
1979 960 813 957 
1980 813 960 958 
1981 200 199 74 
1982 118 116 150 
1983 116 118 148 
1984 207 322 320 
1985 313 314 312 
1986 314 313 15 
1987 15 1195 314 
1988 1195 15 22 
1989 258 173 400 
1990 173 258 257 
1991 272 273 424 
1992 273 272 178 
1993 289 977 477 
1994 319 711 92 
1995 229 357 553 
1996 357 229 228 
1997 129 828 607 
1998 828 129 407 
1999 249 386 616 
2000 386 249 170 
2001 415 267 783 
2002 267 415 418 
2003 1171 1038 629 
2004 309 663 818 
2005 663 309 815 
2006 1086 543 879 
2007 543 1086 742 
2008 605 1099 913 
2009 1099 605 775 
2010 823 1059 1058 
2011 1059 823 671 
2012 729 871 1084 
2013 871 729 532 
2014 950 1046 1107 
2015 1046 950 808 
2016 1180 1061 1156 
2017 1061 1180 819 
2018 224 347 871 
2019 347 224 219 
2020 297 131 299 
2021 131 297 191 
2022 227 567 370 
2023 494 101 145 
2024 101 494 317 
2025 362 366 564 
2026 366 362 231 
2027 227 548 567 
2028 548 227 547 
2029 179 235 568 
2030 235 179 131 
2031 382 518 575 
2032 518 382 213 
2033 598 697 483 
2034 697 598 397 
2035 397 605 606 
2036 605 397 598 
2037 413 409 615 
2038 409 413 265 
2039 634 104 270 
2040 104 634 375 
2041 439 438 657 
2042 72 695 838 
2043 695 72 199 
2044 640 482 698 
2045 482 640 307 
2046 712 501 713 
2047 501 712 210 
2048 722 243 721 
2049 243 722 515 
2050 330 333 724 
2051 333 330 520 
2052 531 344 727 
2053 344 531 528 
2054 343 730 731 
2055 354 543 742 
2056 543 354 542 
2057 577 750 580 
2058 750 577 169 
2059 395 392 758 
2060 392 395 756 
2061 758 759 593 
2062 759 758 392 
2063 763 254 583 
2064 254 763 395 
2065 24 648 804 
2066 648 24 26 
2067 823 672 670 
2068 111 852 324 
2069 852 111 151 
2070 881 232 883 
2071 232 881 367 
2072 794 889 888 
2073 889 794 269 
2074 266 915 917 
2075 915 266 411 
2076 781 627 923 
2077 627 781 922 
2078 420 778 927 
2079 778 420 920 
2080 444 948 809 
2081 948 444 279 
2082 797 1062 966 
2083 1062 797 429 
2084 838 290 462 
2085 977 838 695 
2086 838 977 290 
2087 289 290 977 
2088 290 289 192 
2089 803 978 841 
2090 978 803 436 
2091 1086 562 1009 
2092 562 1086 879 
2093 1023 765 1022 
2094 765 1023 902 
2095 922 924 1036 
2096 924 922 781 
2097 942 941 1043 
2098 941 942 793 
2099 444 1047 951 
2100 1047 444 809 
2101 823 1065 672 
2102 1065 823 448 
2103 1068 1066 971 
2104 1066 1068 454 
2105 984 982 1072 
2106 982 984 846 
2107 993 1002 1080 
2108 1002 993 723 
2109 787 630 1089 
2110 630 787 1088 
2111 1093 1092 1025 
2112 1092 1093 795 
2113 841 1122 1070 
2114 1122 841 978 
2115 1110 1111 1151 
2116 1111 1110 1109 
2117 1159 858 1126 
2118 858 1159 857 
2119 785 1038 1171 
2120 1038 785 786 
2121 1141 1171 1104 
2122 1171 1141 1103 
2123 1187 1048 1174 
2124 1048 1187 952 
2125 961 1178 1179 
2126 1178 961 964 
2127 207 95 322 
2128 95 207 96 
2129 293 16 294 
2130 16 293 143 
2131 345 217 346 
2132 217 345 1006 
2133 361 231 362 
2134 231 361 905 
2135 369 124 237 
2136 124 369 234 
2137 408 265 1030 
2138 265 408 409 
2139 433 643 432 
2140 643 433 645 
2141 470 65 687 
2142 65 470 686 
2143 528 730 343 
2144 730 528 217 
2145 540 538 1085 
2146 538 540 1004 
2147 568 162 274 
2148 162 568 369 
2149 581 372 887 
2150 372 581 124 
2151 589 252 201 
2152 252 589 390 
2153 620 619 416 
2154 619 620 771 
2155 646 602 644 
2156 602 646 263 
2157 649 26 27 
2158 26 649 648 
2159 678 283 452 
2160 283 678 827 
2161 680 677 1066 
2162 677 680 830 
2163 698 799 640 
2164 799 698 943 
2165 720 88 988 
2166 88 720 87 
2167 739 561 365 
2168 561 739 550 
2169 761 198 592 
2170 762 758 393 
2171 758 762 254 
2172 769 606 404 
2173 606 769 597 
2174 772 624 417 
2175 624 772 611 
2176 809 808 952 
2177 808 809 948 
2178 839 308 699 
2179 308 839 396 
2180 1074 210 718 
2181 210 1074 503 
2182 857 719 858 
2183 719 857 855 
2184 861 723 993 
2185 723 861 997 
2186 870 731 730 
2187 731 870 872 
2188 355 545 1087 
2189 545 355 546 
2190 899 593 759 
2191 907 904 599 
2192 904 907 1028 
2193 938 632 1164 
2194 632 938 941 
2195 708 1195 945 
2196 1195 708 314 
2197 946 430 180 
2198 430 946 806 
2199 949 442 1152 
2200 442 949 443 
2201 954 811 280 
2202 811 954 963 
2203 971 826 1067 
2204 826 971 677 
2205 976 688 834 
2206 688 976 689 
2207 983 713 847 
2208 713 983 1124 
2209 1008 876 560 
2210 876 1008 1163 
2211 1031 909 1165 
2212 909 1031 621 
2213 1045 945 1195 
2214 945 1045 979 
2215 1084 539 352 
2216 539 1084 1005 
2217 1088 928 1166 
2218 928 1088 787 
2219 1089 1022 1095 
2220 1022 1089 630 
2221 1104 784 1143 
2222 1131 354 742 
2223 354 1131 359 
2224 1138 396 172 
2225 396 1138 775 
2226 1166 1037 1142 
2227 1037 1166 928 
2228 222 220 223 
2229 220 222 122 
2230 438 443 664 
2231 459 70 461 
2232 70 459 460 
2233 483 307 485 
2234 307 483 482 
2235 515 127 243 
2236 127 515 516 
2237 522 339 1010 
2238 339 522 529 
2239 536 352 537 
2240 352 536 1084 
2241 664 279 446 
2242 279 664 443 
2243 676 183 133 
2244 680 454 679 
2245 454 680 1066 
2246 692 302 300 
2247 302 692 474 
2248 820 435 968 
2249 435 820 650 
2250 864 726 1162 
2251 726 864 521 
2252 952 950 1048 
2253 950 952 808 
2254 1015 747 1018 
2255 747 1015 569 
2256 1072 91 984 
2257 91 1072 90 
2258 1154 953 810 
2259 953 1154 661 
2260 116 102 150 
2261 102 116 145 
2262 165 126 424 
2263 166 125 239 
2264 125 166 163 
2265 589 306 584 
2266 306 589 696 
2267 200 304 303 
2268 1104 783 784 
2269 783 1104 629 
2270 439 443 438 
2271 443 439 442 
2272 200 81 304 
2273 81 200 144 
2274 594 899 760 
2275 899 594 593 
2276 166 126 165 
2277 126 166 572 
2278 300 198 761 
2279 198 300 302 
2280 676 163 183 
2281 163 676 125 
vertexCoord 
1 1.000000 1.000000 
2 0.000000 1.000000 
3 1.000000 0.000000 
4 0.000000 0.000000 
5 1.000000 0.500065 
6 1.000000 0.200081 
7 1.000000 0.100098 
8 1.000000 0.300066 
9 1.000000 0.400052 
10 1.000000 0.700081 
11 1.000000 0.600073 
12 1.000000 0.800066 
13 1.000000 0.900052 
14 0.499906 1.000000 
15 0.756682 1.000000 
16 0.935018 1.000000 
17 0.870037 1.000000 
18 0.819807 1.000000 
19 0.784945 1.000000 
20 0.626018 1.000000 
21 0.689284 1.000000 
22 0.732216 1.000000 
23 0.707980 1.000000 
24 0.663954 1.000000 
25 0.676619 1.000000 
26 0.651294 1.000000 
27 0.638634 1.000000 
28 0.562920 1.000000 
29 0.600781 1.000000 
30 0.613399 1.000000 
31 0.588160 1.000000 
32 0.575535 1.000000 
33 0.537700 1.000000 
34 0.550305 1.000000 
35 0.525100 1.000000 
36 0.512501 1.000000 
37 0.249565 1.000000 
38 0.374589 1.000000 
39 0.437127 1.000000 
40 0.474774 1.000000 
41 0.487338 1.000000 
42 0.462214 1.000000 
43 0.449653 1.000000 
44 0.412088 1.000000 
45 0.424608 1.000000 
46 0.399589 1.000000 
47 0.387091 1.000000 
48 0.312065 1.000000 
49 0.349557 1.000000 
50 0.362088 1.000000 
51 0.337053 1.000000 
52 0.324560 1.000000 
53 0.287059 1.000000 
54 0.299562 1.000000 
55 0.274558 1.000000 
56 0.262061 1.000000 
57 0.124596 1.000000 
58 0.187065 1.000000 
59 0.224557 1.000000 
60 0.237057 1.000000 
61 0.212059 1.000000 
62 0.199562 1.000000 
63 0.162055 1.000000 
64 0.174557 1.000000 
65 0.149553 1.000000 
66 0.137060 1.000000 
67 0.062190 1.000000 
68 0.099633 1.000000 
69 0.112115 1.000000 
70 0.087147 1.000000 
71 0.074668 1.000000 
72 0.037306 1.000000 
73 0.049748 1.000000 
74 0.024862 1.000000 
75 0.012429 1.000000 
76 0.000000 0.512387 
77 0.000000 0.772023 
78 0.000000 0.859067 
79 0.000000 0.921754 
80 0.000000 0.961299 
81 0.000000 0.987244 
82 0.000000 0.684978 
83 0.000000 0.620712 
84 0.000000 0.566550 
85 0.000000 0.256766 
86 0.000000 0.382065 
87 0.000000 0.461556 
88 0.000000 0.418364 
89 0.000000 0.315005 
90 0.000000 0.354792 
91 0.000000 0.334898 
92 0.000000 0.278969 
93 0.000000 0.297405 
94 0.000000 0.134484 
95 0.000000 0.209395 
96 0.000000 0.233081 
97 0.000000 0.176291 
98 0.000000 0.075434 
99 0.500000 0.000000 
100 0.200081 0.000000 
101 0.100098 0.000000 
102 0.300103 0.000000 
103 0.400052 0.000000 
104 0.700049 0.000000 
105 0.600024 0.000000 
106 0.800041 0.000000 
107 0.900021 0.000000 
108 0.496142 0.187732 
109 0.506766 0.493109 
110 0.818932 0.469115 
111 0.201537 0.176487 
112 0.198858 0.499092 
113 0.811430 0.781791 
114 0.499690 0.798258 
115 0.199009 0.798670 
116 0.255675 0.113130 
117 0.111364 0.169176 
118 0.335487 0.161423 
119 0.453040 0.089607 
120 0.196579 0.352978 
121 0.354992 0.499170 
122 0.515906 0.351182 
123 0.542285 0.086488 
124 0.189036 0.654168 
125 0.669078 0.501114 
126 0.655293 0.329980 
127 0.098526 0.464484 
128 0.355942 0.810317 
129 0.505753 0.660407 
130 0.918834 0.077943 
131 0.063057 0.830477 
132 0.649792 0.797508 
133 0.794168 0.624023 
134 0.093002 0.546302 
135 0.904187 0.534421 
136 0.889476 0.345401 
137 0.899546 0.758555 
138 0.038315 0.926696 
139 0.926456 0.860270 
140 0.149076 0.883141 
141 0.458824 0.906365 
142 0.765553 0.894530 
143 0.953879 0.937092 
144 0.005473 0.993832 
145 0.199690 0.042908 
146 0.066834 0.173379 
147 0.058500 0.211175 
148 0.292547 0.207214 
149 0.419683 0.174000 
150 0.360673 0.089693 
151 0.212207 0.258585 
152 0.256801 0.258527 
153 0.101976 0.353146 
154 0.277411 0.504090 
155 0.428104 0.496755 
156 0.496705 0.428691 
157 0.507810 0.293265 
158 0.434111 0.415257 
159 0.205410 0.581098 
160 0.272685 0.573892 
161 0.083998 0.663962 
162 0.184829 0.722725 
163 0.728767 0.485428 
164 0.578844 0.254823 
165 0.739450 0.404579 
166 0.650015 0.419169 
167 0.567309 0.330576 
168 0.037318 0.476976 
169 0.148099 0.484035 
170 0.278454 0.823936 
171 0.348883 0.888377 
172 0.427921 0.796645 
173 0.500940 0.571087 
174 0.586395 0.557958 
175 0.494701 0.722539 
176 0.424352 0.724715 
177 0.828820 0.072304 
178 0.791276 0.218475 
179 0.135222 0.800203 
180 0.574731 0.800758 
181 0.650697 0.903204 
182 0.716921 0.810990 
183 0.809931 0.554860 
184 0.816534 0.700980 
185 0.761622 0.730561 
186 0.151678 0.517132 
187 0.072221 0.575866 
188 0.043639 0.545642 
189 0.906595 0.444913 
190 0.889662 0.637498 
191 0.036158 0.885095 
192 0.077444 0.959065 
193 0.018814 0.951688 
194 0.865949 0.929191 
195 0.168727 0.937677 
196 0.191963 0.850063 
197 0.111927 0.911588 
198 0.200974 0.947433 
199 0.029948 0.989967 
200 0.016810 0.986724 
201 0.442489 0.942848 
202 0.490514 0.856915 
203 0.477354 0.937735 
204 0.759322 0.935491 
205 0.789757 0.843784 
206 0.038268 0.128971 
207 0.015005 0.234892 
208 0.193574 0.293837 
209 0.235876 0.301904 
210 0.049979 0.356781 
211 0.156119 0.357089 
212 0.098235 0.400313 
213 0.208089 0.456818 
214 0.202112 0.380693 
215 0.234513 0.494520 
216 0.312154 0.494293 
217 0.234459 0.453419 
218 0.467601 0.494863 
219 0.388988 0.498361 
220 0.502164 0.393095 
221 0.513690 0.458907 
222 0.456144 0.358340 
223 0.472109 0.409959 
224 0.396256 0.464485 
225 0.431962 0.458442 
226 0.369813 0.318789 
227 0.141897 0.567135 
228 0.201995 0.624989 
229 0.220092 0.615545 
230 0.229227 0.579267 
231 0.321837 0.536065 
232 0.279140 0.534473 
233 0.043025 0.699116 
234 0.152955 0.639366 
235 0.088223 0.735249 
236 0.210507 0.760692 
237 0.197114 0.694275 
238 0.545321 0.486950 
239 0.624699 0.489965 
240 0.549753 0.451572 
241 0.592940 0.160612 
242 0.820603 0.383477 
243 0.074055 0.457748 
244 0.174946 0.492269 
245 0.119961 0.465724 
246 0.173614 0.452646 
247 0.242704 0.792545 
248 0.246798 0.753417 
249 0.315501 0.809035 
250 0.347638 0.931686 
251 0.348686 0.848337 
252 0.419344 0.902843 
253 0.317825 0.857430 
254 0.314767 0.941416 
255 0.458035 0.799440 
256 0.385309 0.807486 
257 0.504230 0.531529 
258 0.464240 0.532685 
259 0.493559 0.606421 
260 0.542740 0.569267 
261 0.632358 0.542452 
262 0.586496 0.511710 
263 0.500558 0.762715 
264 0.502234 0.690448 
265 0.465520 0.680882 
266 0.465158 0.720739 
267 0.386024 0.764412 
268 0.423261 0.767175 
269 0.350627 0.651568 
270 0.753701 0.067808 
271 0.850137 0.156014 
272 0.731784 0.268141 
273 0.809723 0.300023 
274 0.175172 0.762511 
275 0.540882 0.799827 
276 0.620072 0.797581 
277 0.648240 0.951402 
278 0.720773 0.893463 
279 0.614367 0.840596 
280 0.606981 0.949977 
281 0.684325 0.800932 
282 0.718262 0.765625 
283 0.671946 0.636870 
284 0.173791 0.508554 
285 0.128313 0.529943 
286 0.076941 0.613620 
287 0.059072 0.512322 
288 0.075362 0.979691 
289 0.061426 0.946546 
290 0.062425 0.975811 
291 0.868551 0.886294 
292 0.838478 0.914825 
293 0.905583 0.928918 
294 0.883176 0.961419 
295 0.165256 0.968779 
296 0.149220 0.958647 
297 0.074445 0.896708 
298 0.090008 0.938576 
299 0.106745 0.864423 
300 0.227349 0.965376 
301 0.195908 0.902545 
302 0.208233 0.971633 
303 0.024180 0.969894 
304 0.011961 0.971370 
305 0.447094 0.972818 
306 0.414120 0.975279 
307 0.489545 0.827150 
308 0.454963 0.815857 
309 0.480641 0.878713 
310 0.498259 0.975424 
311 0.483581 0.964770 
312 0.757369 0.961735 
313 0.769015 0.981913 
314 0.748110 0.976174 
315 0.852738 0.829200 
316 0.756856 0.798103 
317 0.059345 0.073474 
318 0.075214 0.135029 
319 0.015531 0.264881 
320 0.037299 0.221345 
321 0.059634 0.297862 
322 0.016504 0.204602 
323 0.031409 0.179645 
324 0.118579 0.220872 
325 0.026873 0.352042 
326 0.017515 0.365135 
327 0.081062 0.344963 
328 0.170285 0.345787 
329 0.180378 0.324206 
330 0.127824 0.349385 
331 0.103084 0.380924 
332 0.076548 0.379456 
333 0.128083 0.373163 
334 0.098170 0.429500 
335 0.198416 0.482586 
336 0.199078 0.444834 
337 0.215747 0.331522 
338 0.178943 0.367450 
339 0.261363 0.493646 
340 0.217749 0.498952 
341 0.326543 0.503458 
342 0.294410 0.488562 
343 0.260589 0.473358 
344 0.239485 0.480823 
345 0.218738 0.441988 
346 0.221229 0.458613 
347 0.363748 0.471136 
348 0.471421 0.454412 
349 0.409831 0.363781 
350 0.361277 0.237329 
351 0.279713 0.320107 
352 0.304828 0.401157 
353 0.198846 0.516548 
354 0.204397 0.556016 
355 0.220851 0.516560 
356 0.150201 0.537104 
357 0.201066 0.600960 
358 0.255304 0.591573 
359 0.216015 0.574017 
360 0.236952 0.601427 
361 0.341532 0.519034 
362 0.316448 0.515397 
363 0.296651 0.555141 
364 0.275115 0.557202 
365 0.257606 0.557167 
366 0.299381 0.530174 
367 0.284307 0.519927 
368 0.042905 0.639369 
369 0.166522 0.685915 
370 0.138401 0.605720 
371 0.125941 0.680280 
372 0.225658 0.647548 
373 0.530700 0.422839 
374 0.587114 0.464777 
375 0.616458 0.080721 
376 0.079892 0.483468 
377 0.187047 0.497415 
378 0.157944 0.497996 
379 0.164195 0.483487 
380 0.188609 0.475878 
381 0.185969 0.435722 
382 0.194261 0.457855 
383 0.163034 0.465987 
384 0.151384 0.456944 
385 0.219585 0.722571 
386 0.278165 0.781187 
387 0.355491 0.961903 
388 0.369800 0.974680 
389 0.382326 0.874871 
390 0.382576 0.917616 
391 0.237542 0.835651 
392 0.293553 0.975375 
393 0.264144 0.945241 
394 0.313351 0.899453 
395 0.311454 0.971292 
396 0.443548 0.799435 
397 0.479050 0.796614 
398 0.409308 0.803302 
399 0.423004 0.530460 
400 0.460697 0.568945 
401 0.545325 0.525087 
402 0.501112 0.780340 
403 0.503095 0.737290 
404 0.483983 0.780912 
405 0.496993 0.675830 
406 0.508999 0.707045 
407 0.517603 0.641029 
408 0.480403 0.662833 
409 0.484321 0.685954 
410 0.445705 0.702957 
411 0.479594 0.715808 
412 0.441547 0.721058 
413 0.470410 0.701858 
414 0.371027 0.783098 
415 0.401401 0.749316 
416 0.425988 0.741472 
417 0.440980 0.742185 
418 0.406558 0.767765 
419 0.417777 0.784295 
420 0.389469 0.690219 
421 0.309840 0.616021 
422 0.768660 0.139787 
423 0.927444 0.178719 
424 0.759146 0.335690 
425 0.658612 0.222847 
426 0.929640 0.289227 
427 0.866052 0.248954 
428 0.519428 0.797032 
429 0.513106 0.827022 
430 0.557340 0.795037 
431 0.524853 0.736790 
432 0.556731 0.778927 
433 0.538182 0.782880 
434 0.594691 0.802285 
435 0.651271 0.977492 
436 0.669999 0.980304 
437 0.650602 0.924031 
438 0.656884 0.835083 
439 0.647337 0.874878 
440 0.690334 0.902016 
441 0.697980 0.872684 
442 0.628031 0.870636 
443 0.632064 0.851400 
444 0.595006 0.830871 
445 0.546179 0.907093 
446 0.611543 0.820065 
447 0.636794 0.918831 
448 0.600793 0.970699 
449 0.692824 0.837576 
450 0.675589 0.758856 
451 0.632529 0.591572 
452 0.657323 0.686698 
453 0.744882 0.659084 
454 0.591968 0.691644 
455 0.190704 0.507736 
456 0.185105 0.521799 
457 0.100617 0.509579 
458 0.106686 0.589260 
459 0.091477 0.983429 
460 0.098727 0.991730 
461 0.079487 0.991019 
462 0.057216 0.992956 
463 0.068781 0.991973 
464 0.800343 0.927374 
465 0.839292 0.948984 
466 0.819237 0.882668 
467 0.164067 0.987129 
468 0.174520 0.982774 
469 0.138136 0.934961 
470 0.142977 0.986281 
471 0.091700 0.963804 
472 0.236339 0.980319 
473 0.230231 0.991211 
474 0.205398 0.982261 
475 0.182174 0.967611 
476 0.032014 0.977418 
477 0.038316 0.957572 
478 0.441586 0.988860 
479 0.457467 0.985270 
480 0.414157 0.989576 
481 0.427542 0.989059 
482 0.493706 0.815895 
483 0.476823 0.817574 
484 0.414879 0.853209 
485 0.471142 0.832620 
486 0.519928 0.989813 
487 0.506533 0.988549 
488 0.526807 0.980736 
489 0.463530 0.963811 
490 0.480603 0.990230 
491 0.789218 0.982124 
492 0.727272 0.923454 
493 0.743146 0.855865 
494 0.143275 0.101458 
495 0.073222 0.328615 
496 0.058360 0.318075 
497 0.052233 0.274772 
498 0.039200 0.295602 
499 0.111640 0.256967 
500 0.086245 0.216278 
501 0.040974 0.348833 
502 0.015805 0.385870 
503 0.035887 0.360121 
504 0.065292 0.357260 
505 0.144386 0.326998 
506 0.100918 0.369814 
507 0.099767 0.389674 
508 0.064167 0.370437 
509 0.087650 0.389789 
510 0.091680 0.379020 
511 0.060256 0.420806 
512 0.083092 0.364871 
513 0.111529 0.388298 
514 0.114640 0.376649 
515 0.095187 0.445422 
516 0.112054 0.450770 
517 0.103396 0.418040 
518 0.200465 0.470186 
519 0.196144 0.491138 
520 0.149349 0.372582 
521 0.182498 0.387523 
522 0.245926 0.493609 
523 0.208790 0.502092 
524 0.227156 0.498331 
525 0.208644 0.490505 
526 0.276134 0.482480 
527 0.235291 0.488405 
528 0.245184 0.468215 
529 0.250509 0.481930 
530 0.201098 0.428106 
531 0.229653 0.470574 
532 0.400876 0.421679 
533 0.432512 0.276938 
534 0.256143 0.347867 
535 0.317620 0.285607 
536 0.324015 0.358039 
537 0.287823 0.368700 
538 0.263791 0.426988 
539 0.320866 0.443216 
540 0.263124 0.393177 
541 0.201200 0.506475 
542 0.197696 0.530521 
543 0.208128 0.531904 
544 0.209244 0.521890 
545 0.225678 0.506167 
546 0.216968 0.506486 
547 0.160382 0.543204 
548 0.187310 0.582161 
549 0.265505 0.582696 
550 0.263787 0.573260 
551 0.249346 0.571618 
552 0.255882 0.578116 
553 0.218127 0.592052 
554 0.306321 0.547442 
555 0.279104 0.565260 
556 0.285550 0.556121 
557 0.277563 0.548093 
558 0.266714 0.542532 
559 0.266851 0.552810 
560 0.250835 0.562967 
561 0.257508 0.567580 
562 0.235950 0.537763 
563 0.292782 0.545059 
564 0.297240 0.509355 
565 0.038809 0.590164 
566 0.114154 0.632035 
567 0.173237 0.610643 
568 0.145985 0.731147 
569 0.276186 0.645800 
570 0.547036 0.382750 
571 0.577237 0.420003 
572 0.598805 0.378910 
573 0.177336 0.479969 
574 0.187754 0.486090 
575 0.188486 0.466936 
576 0.185034 0.448704 
577 0.157252 0.474130 
578 0.132236 0.463855 
579 0.161910 0.457334 
580 0.155662 0.464578 
581 0.227455 0.684995 
582 0.353060 0.989625 
583 0.336473 0.956790 
584 0.399400 0.967192 
585 0.379917 0.988330 
586 0.367075 0.990581 
587 0.379588 0.838845 
588 0.379050 0.953144 
589 0.414716 0.951547 
590 0.282933 0.987087 
591 0.295198 0.989203 
592 0.228754 0.916465 
593 0.267955 0.961668 
594 0.247700 0.961591 
595 0.275691 0.867826 
596 0.321243 0.989709 
597 0.487573 0.795501 
598 0.472660 0.804817 
599 0.388497 0.582576 
600 0.501145 0.770934 
601 0.502643 0.788169 
602 0.504345 0.750692 
603 0.492502 0.767758 
604 0.491947 0.776680 
605 0.466943 0.788370 
606 0.480527 0.788028 
607 0.510643 0.678092 
608 0.485533 0.636587 
609 0.434970 0.714248 
610 0.453481 0.693964 
611 0.434091 0.724003 
612 0.450994 0.721045 
613 0.443978 0.711880 
614 0.454842 0.707287 
615 0.490043 0.703942 
616 0.306519 0.764426 
617 0.409159 0.735140 
618 0.421759 0.733452 
619 0.417129 0.744096 
620 0.426705 0.752116 
621 0.436378 0.750882 
622 0.432521 0.744241 
623 0.456602 0.732359 
624 0.444023 0.731737 
625 0.463371 0.761045 
626 0.396001 0.785060 
627 0.408284 0.706380 
628 0.428112 0.682807 
629 0.379435 0.730095 
630 0.370892 0.661733 
631 0.292636 0.597208 
632 0.316754 0.571148 
633 0.330630 0.633899 
634 0.670877 0.126948 
635 0.721933 0.196579 
636 0.509900 0.801761 
637 0.529664 0.793688 
638 0.510249 0.792159 
639 0.488378 0.841443 
640 0.503714 0.822774 
641 0.526546 0.814665 
642 0.516911 0.724181 
643 0.537868 0.758225 
644 0.520816 0.756154 
645 0.523333 0.769347 
646 0.510150 0.763780 
647 0.574827 0.780311 
648 0.656650 0.988483 
649 0.645118 0.990270 
650 0.653822 0.962275 
651 0.662052 0.963970 
652 0.662966 0.977355 
653 0.686268 0.991464 
654 0.674150 0.989328 
655 0.649760 0.939952 
656 0.667105 0.912962 
657 0.672935 0.861508 
658 0.671065 0.887875 
659 0.583378 0.813364 
660 0.509490 0.928807 
661 0.580754 0.874033 
662 0.586187 0.925324 
663 0.506798 0.887856 
664 0.630787 0.823706 
665 0.632689 0.901202 
666 0.639529 0.946576 
667 0.639817 0.957935 
668 0.620210 0.951423 
669 0.628283 0.941909 
670 0.594596 0.993016 
671 0.582817 0.990602 
672 0.604096 0.990820 
673 0.583948 0.602682 
674 0.652161 0.728643 
675 0.715473 0.693518 
676 0.710457 0.574425 
677 0.565585 0.730254 
678 0.624725 0.666665 
679 0.625776 0.701157 
680 0.602702 0.732135 
681 0.167006 0.528137 
682 0.110605 0.484380 
683 0.108899 0.992430 
684 0.781992 0.959711 
685 0.152550 0.978354 
686 0.154240 0.990353 
687 0.135157 0.991508 
688 0.112500 0.950189 
689 0.103830 0.971273 
690 0.244347 0.990321 
691 0.218694 0.992997 
692 0.218766 0.982501 
693 0.196745 0.989469 
694 0.196406 0.974284 
695 0.039202 0.985566 
696 0.433652 0.980636 
697 0.487143 0.805609 
698 0.504941 0.814955 
699 0.447937 0.840957 
700 0.470973 0.853768 
701 0.485780 0.980337 
702 0.493477 0.989420 
703 0.515131 0.976640 
704 0.532049 0.989996 
705 0.473336 0.979436 
706 0.469054 0.992199 
707 0.816782 0.969699 
708 0.728599 0.955471 
709 0.700949 0.956948 
710 0.704694 0.917102 
711 0.012758 0.286627 
712 0.058167 0.343709 
713 0.042268 0.338295 
714 0.035722 0.253416 
715 0.029663 0.278865 
716 0.080753 0.279927 
717 0.150173 0.291204 
718 0.054898 0.365201 
719 0.066543 0.400555 
720 0.033119 0.432847 
721 0.056161 0.443609 
722 0.078701 0.432581 
723 0.131722 0.421732 
724 0.114688 0.364431 
725 0.165416 0.380272 
726 0.198400 0.405304 
727 0.230197 0.482574 
728 0.221678 0.481312 
729 0.366819 0.390560 
730 0.256301 0.449412 
731 0.273856 0.465105 
732 0.332819 0.475806 
733 0.307616 0.470165 
734 0.227695 0.396607 
735 0.236182 0.502912 
736 0.209316 0.511675 
737 0.182590 0.539299 
738 0.243844 0.581969 
739 0.267522 0.563882 
740 0.246629 0.543219 
741 0.230584 0.530498 
742 0.215237 0.548347 
743 0.256619 0.526714 
744 0.255629 0.646875 
745 0.261860 0.689954 
746 0.316509 0.654226 
747 0.290792 0.633145 
748 0.168815 0.472489 
749 0.182118 0.459589 
750 0.144733 0.468493 
751 0.402276 0.981474 
752 0.393528 0.989541 
753 0.387328 0.975727 
754 0.357911 0.980103 
755 0.403427 0.824404 
756 0.301484 0.981612 
757 0.233714 0.880392 
758 0.293157 0.951678 
759 0.277089 0.971379 
760 0.240123 0.972643 
761 0.240224 0.940985 
762 0.272423 0.909801 
763 0.322827 0.972656 
764 0.330577 0.993136 
765 0.371686 0.630816 
766 0.414621 0.567051 
767 0.372474 0.557216 
768 0.494667 0.759697 
769 0.491244 0.788570 
770 0.455393 0.606378 
771 0.415601 0.756240 
772 0.432556 0.734548 
773 0.457417 0.752786 
774 0.470104 0.768690 
775 0.451902 0.788877 
776 0.473253 0.741823 
777 0.416602 0.715834 
778 0.398444 0.692848 
779 0.406811 0.687399 
780 0.444923 0.676419 
781 0.413490 0.696737 
782 0.439172 0.693126 
783 0.380870 0.745205 
784 0.363575 0.756969 
785 0.385281 0.705666 
786 0.398027 0.709994 
787 0.381521 0.673142 
788 0.286947 0.582182 
789 0.302842 0.601539 
790 0.321332 0.557145 
791 0.311995 0.595271 
792 0.300654 0.582962 
793 0.306115 0.561920 
794 0.338203 0.643187 
795 0.321603 0.621258 
796 0.501050 0.807646 
797 0.504017 0.833066 
798 0.529045 0.804411 
799 0.514416 0.817230 
800 0.518376 0.807416 
801 0.520782 0.784289 
802 0.633542 0.992238 
803 0.682773 0.976964 
804 0.665544 0.987094 
805 0.658459 0.950285 
806 0.549767 0.808342 
807 0.504892 0.952250 
808 0.594420 0.859848 
809 0.589359 0.850000 
810 0.566463 0.882433 
811 0.596808 0.938296 
812 0.565638 0.923131 
813 0.583425 0.897831 
814 0.555659 0.943906 
815 0.504495 0.869966 
816 0.530019 0.891560 
817 0.519816 0.907585 
818 0.492154 0.907844 
819 0.507831 0.856889 
820 0.637622 0.971808 
821 0.631125 0.952019 
822 0.638452 0.933896 
823 0.591945 0.979280 
824 0.616027 0.992628 
825 0.559358 0.754545 
826 0.539199 0.728667 
827 0.616101 0.633391 
828 0.526343 0.671828 
829 0.519852 0.692803 
830 0.580078 0.756313 
831 0.600982 0.772589 
832 0.132814 0.501058 
833 0.121064 0.992062 
834 0.133069 0.958701 
835 0.106425 0.982691 
836 0.208537 0.991205 
837 0.185244 0.985690 
838 0.048684 0.988661 
839 0.428855 0.819116 
840 0.448766 0.872643 
841 0.685567 0.961302 
842 0.694828 0.969363 
843 0.682018 0.928522 
844 0.704391 0.937811 
845 0.054370 0.331218 
846 0.022306 0.333698 
847 0.032895 0.342669 
848 0.066056 0.244840 
849 0.013729 0.317077 
850 0.010884 0.299027 
851 0.081479 0.307826 
852 0.164618 0.249659 
853 0.112426 0.298240 
854 0.033034 0.374177 
855 0.074252 0.389459 
856 0.078720 0.399529 
857 0.061814 0.382785 
858 0.051039 0.402944 
859 0.090552 0.418007 
860 0.141880 0.440677 
861 0.123539 0.431932 
862 0.116018 0.415511 
863 0.127507 0.400094 
864 0.171633 0.402705 
865 0.164093 0.420225 
866 0.227979 0.489202 
867 0.210559 0.480757 
868 0.219041 0.490072 
869 0.215279 0.469710 
870 0.287894 0.449514 
871 0.366276 0.437551 
872 0.287982 0.471165 
873 0.231936 0.368339 
874 0.222019 0.419926 
875 0.256685 0.548059 
876 0.246303 0.554413 
877 0.231988 0.523174 
878 0.220950 0.526466 
879 0.224906 0.534773 
880 0.258984 0.512451 
881 0.269442 0.522213 
882 0.246292 0.533196 
883 0.264620 0.533199 
884 0.244582 0.625195 
885 0.251579 0.718879 
886 0.271347 0.663712 
887 0.248390 0.666617 
888 0.330102 0.653053 
889 0.342901 0.660749 
890 0.324354 0.642339 
891 0.308302 0.626336 
892 0.179554 0.469486 
893 0.171520 0.461877 
894 0.131408 0.477924 
895 0.404328 0.992118 
896 0.255957 0.991540 
897 0.308394 0.986793 
898 0.268026 0.988207 
899 0.255556 0.979238 
900 0.341646 0.976289 
901 0.331275 0.984514 
902 0.359059 0.632404 
903 0.354095 0.614247 
904 0.380846 0.600742 
905 0.351058 0.538071 
906 0.343504 0.555391 
907 0.413230 0.611079 
908 0.460385 0.642587 
909 0.445637 0.753649 
910 0.451080 0.742655 
911 0.474368 0.778200 
912 0.481811 0.770700 
913 0.463768 0.772735 
914 0.486526 0.739212 
915 0.477630 0.729095 
916 0.468071 0.752148 
917 0.466548 0.734450 
918 0.426327 0.715496 
919 0.414310 0.724983 
920 0.396681 0.685654 
921 0.417751 0.688071 
922 0.419826 0.706529 
923 0.404975 0.696980 
924 0.426182 0.697064 
925 0.435807 0.704686 
926 0.340031 0.774250 
927 0.389586 0.695983 
928 0.378334 0.684233 
929 0.405692 0.717071 
930 0.397433 0.701309 
931 0.391243 0.682618 
932 0.283847 0.574427 
933 0.283264 0.591609 
934 0.280449 0.617603 
935 0.270399 0.593883 
936 0.277108 0.583115 
937 0.312507 0.605398 
938 0.311324 0.583656 
939 0.293342 0.587222 
940 0.302164 0.591430 
941 0.303453 0.573916 
942 0.292580 0.566374 
943 0.509737 0.809801 
944 0.509099 0.783559 
945 0.709072 0.972174 
946 0.563426 0.812826 
947 0.538012 0.813517 
948 0.601897 0.851572 
949 0.615378 0.862024 
950 0.589814 0.869291 
951 0.582530 0.827552 
952 0.586196 0.860162 
953 0.576472 0.881429 
954 0.591931 0.959516 
955 0.614554 0.939517 
956 0.583001 0.911146 
957 0.567933 0.904043 
958 0.582278 0.887875 
959 0.609452 0.899170 
960 0.571847 0.891272 
961 0.548703 0.964903 
962 0.531240 0.946563 
963 0.577804 0.941672 
964 0.570601 0.959858 
965 0.522394 0.875791 
966 0.504763 0.845564 
967 0.530769 0.831258 
968 0.639319 0.983409 
969 0.611179 0.963874 
970 0.624982 0.990629 
971 0.542666 0.699128 
972 0.540570 0.615302 
973 0.633549 0.764552 
974 0.137578 0.972996 
975 0.116788 0.984864 
976 0.118830 0.972422 
977 0.048060 0.971785 
978 0.672530 0.966644 
979 0.696321 0.979504 
980 0.663386 0.934000 
981 0.043590 0.312095 
982 0.022667 0.340678 
983 0.031099 0.333807 
984 0.015410 0.333409 
985 0.022243 0.298268 
986 0.106123 0.326517 
987 0.076813 0.412754 
988 0.027035 0.405841 
989 0.097528 0.409970 
990 0.149836 0.446616 
991 0.157295 0.450163 
992 0.139345 0.453596 
993 0.135866 0.432001 
994 0.110587 0.437079 
995 0.131265 0.442246 
996 0.106968 0.408193 
997 0.121984 0.421511 
998 0.124511 0.387276 
999 0.137776 0.389187 
1000 0.125884 0.412269 
1001 0.118035 0.396198 
1002 0.142267 0.423396 
1003 0.166427 0.438154 
1004 0.288101 0.422810 
1005 0.344218 0.448286 
1006 0.239923 0.434211 
1007 0.255890 0.538137 
1008 0.238802 0.567072 
1009 0.238603 0.547496 
1010 0.247018 0.506245 
1011 0.238400 0.529793 
1012 0.261373 0.609554 
1013 0.267786 0.630220 
1014 0.279127 0.742477 
1015 0.294986 0.655543 
1016 0.357246 0.662495 
1017 0.320889 0.630807 
1018 0.309305 0.640399 
1019 0.303410 0.609679 
1020 0.340085 0.990778 
1021 0.348386 0.634803 
1022 0.374654 0.649760 
1023 0.361793 0.646226 
1024 0.339794 0.628152 
1025 0.334083 0.602712 
1026 0.378738 0.521692 
1027 0.358424 0.578514 
1028 0.389574 0.626178 
1029 0.421277 0.644089 
1030 0.458723 0.663421 
1031 0.435917 0.762692 
1032 0.461818 0.743217 
1033 0.454814 0.764021 
1034 0.491870 0.750420 
1035 0.474508 0.761198 
1036 0.428623 0.707604 
1037 0.379586 0.694488 
1038 0.391125 0.719942 
1039 0.280152 0.604277 
1040 0.297807 0.618325 
1041 0.294051 0.607168 
1042 0.333403 0.571299 
1043 0.293338 0.577831 
1044 0.510937 0.775375 
1045 0.707312 0.989341 
1046 0.602493 0.865314 
1047 0.579478 0.839803 
1048 0.579164 0.866021 
1049 0.625064 0.929990 
1050 0.586230 0.879930 
1051 0.595733 0.901691 
1052 0.617453 0.907558 
1053 0.620269 0.896351 
1054 0.614494 0.888567 
1055 0.528257 0.967141 
1056 0.538401 0.978826 
1057 0.539386 0.926322 
1058 0.578750 0.971485 
1059 0.577318 0.981426 
1060 0.541721 0.875910 
1061 0.519758 0.849169 
1062 0.518093 0.836238 
1063 0.539577 0.825454 
1064 0.522407 0.824709 
1065 0.607830 0.979996 
1066 0.570548 0.701820 
1067 0.525525 0.710365 
1068 0.549820 0.655937 
1069 0.128732 0.983355 
1070 0.688828 0.947780 
1071 0.033671 0.322297 
1072 0.013744 0.346826 
1073 0.088343 0.405090 
1074 0.044594 0.366926 
1075 0.112337 0.425707 
1076 0.120896 0.442748 
1077 0.108799 0.398609 
1078 0.153041 0.394225 
1079 0.117202 0.405146 
1080 0.144655 0.431864 
1081 0.174939 0.442042 
1082 0.165421 0.446951 
1083 0.158341 0.441369 
1084 0.337837 0.413135 
1085 0.243310 0.414182 
1086 0.225544 0.544793 
1087 0.235165 0.513763 
1088 0.367241 0.674447 
1089 0.386189 0.659579 
1090 0.329599 0.626909 
1091 0.323394 0.598574 
1092 0.323158 0.610030 
1093 0.337523 0.616218 
1094 0.350071 0.600085 
1095 0.384356 0.641533 
1096 0.426367 0.665762 
1097 0.407518 0.660383 
1098 0.442386 0.654386 
1099 0.453421 0.777037 
1100 0.485764 0.760277 
1101 0.307688 0.727967 
1102 0.345884 0.690448 
1103 0.359069 0.701251 
1104 0.358750 0.735714 
1105 0.403213 0.726429 
1106 0.552378 0.839680 
1107 0.597011 0.878198 
1108 0.591267 0.889038 
1109 0.599271 0.921906 
1110 0.609863 0.925864 
1111 0.605689 0.912444 
1112 0.593976 0.914502 
1113 0.622438 0.919923 
1114 0.627086 0.884872 
1115 0.544241 0.990094 
1116 0.569818 0.989583 
1117 0.558476 0.876050 
1118 0.531849 0.866492 
1119 0.531462 0.821920 
1120 0.620036 0.984509 
1121 0.584522 0.644270 
1122 0.673495 0.950112 
1123 0.022837 0.326993 
1124 0.043607 0.326179 
1125 0.027222 0.312409 
1126 0.035210 0.389180 
1127 0.125960 0.453157 
1128 0.152491 0.426298 
1129 0.172311 0.431252 
1130 0.151208 0.436269 
1131 0.222881 0.560675 
1132 0.244488 0.521087 
1133 0.320971 0.589435 
1134 0.400357 0.640474 
1135 0.414159 0.676350 
1136 0.397732 0.675018 
1137 0.438534 0.631704 
1138 0.437393 0.780456 
1139 0.479999 0.750846 
1140 0.351726 0.675836 
1141 0.337948 0.712206 
1142 0.371360 0.701332 
1143 0.351554 0.748727 
1144 0.395778 0.735009 
1145 0.541075 0.836552 
1146 0.547207 0.830266 
1147 0.565447 0.856643 
1148 0.565109 0.838006 
1149 0.609100 0.877049 
1150 0.602843 0.888952 
1151 0.614034 0.916445 
1152 0.618818 0.876630 
1153 0.556866 0.989296 
1154 0.570505 0.872954 
1155 0.554763 0.890327 
1156 0.531882 0.855572 
1157 0.545251 0.849520 
1158 0.629580 0.983035 
1159 0.049251 0.378807 
1160 0.140246 0.408054 
1161 0.160042 0.430792 
1162 0.182251 0.420552 
1163 0.234958 0.554912 
1164 0.323575 0.580923 
1165 0.445399 0.767494 
1166 0.364743 0.688862 
1167 0.310429 0.673596 
1168 0.339451 0.676731 
1169 0.327250 0.667676 
1170 0.328408 0.686360 
1171 0.369140 0.716012 
1172 0.329456 0.741058 
1173 0.549354 0.819646 
1174 0.570937 0.863416 
1175 0.562155 0.866310 
1176 0.558723 0.848322 
1177 0.572256 0.826168 
1178 0.563564 0.976011 
1179 0.550350 0.980087 
1180 0.519625 0.862832 
1181 0.531270 0.843136 
1182 0.543538 0.862281 
1183 0.621979 0.975617 
1184 0.153826 0.412547 
1185 0.334846 0.588792 
1186 0.289400 0.680618 
1187 0.577129 0.854804 
1188 0.555045 0.858463 
1189 0.569177 0.847516 
1190 0.558289 0.827765 
1191 0.555154 0.867703 
1192 0.627786 0.962254 
1193 0.309648 0.698288 
1194 0.283217 0.709697 
1195 0.730332 0.982193 
BC_Tag
1 5
2 2
3 16
4 18
5 23
6 23
7 23
8 23
9 23
10 23
11 23
12 23
13 23
14 6
15 6
16 6
17 6
18 6
19 6
20 6
21 6
22 6
23 6
24 6
25 6
26 6
27 6
28 6
29 6
30 6
31 6
32 6
33 6
34 6
35 6
36 6
37 6
38 6
39 6
40 6
41 6
42 6
43 6
44 6
45 6
46 6
47 6
48 6
49 6
50 6
51 6
52 6
53 6
54 6
55 6
56 6
57 6
58 6
59 6
60 6
61 6
62 6
63 6
64 6
65 6
66 6
67 6
68 6
69 6
70 6
71 6
72 6
73 6
74 6
75 6
76 24
77 24
78 24
79 24
80 24
81 24
82 24
83 24
84 24
85 24
86 24
87 24
88 24
89 24
90 24
91 24
92 24
93 24
94 24
95 24
96 24
97 24
98 24
99 14
100 14
101 14
102 14
103 14
104 14
105 14
106 14
107 14
108 26
109 26
110 26
111 26
112 26
113 26
114 26
115 26
116 26
117 26
118 26
119 26
120 26
121 26
122 26
123 26
124 26
125 26
126 26
127 26
128 26
129 26
130 26
131 26
132 26
133 26
134 26
135 26
136 26
137 26
138 26
139 26
140 26
141 26
142 26
143 26
144 26
145 26
146 26
147 26
148 26
149 26
150 26
151 26
152 26
153 26
154 26
155 26
156 26
157 26
158 26
159 26
160 26
161 26
162 26
163 26
164 26
165 26
166 26
167 26
168 26
169 26
170 26
171 26
172 26
173 26
174 26
175 26
176 26
177 26
178 26
179 26
180 26
181 26
182 26
183 26
184 26
185 26
186 26
187 26
188 26
189 26
190 26
191 26
192 26
193 26
194 26
195 26
196 26
197 26
198 26
199 26
200 26
201 26
202 26
203 26
204 26
205 26
206 26
207 26
208 26
209 26
210 26
211 26
212 26
213 26
214 26
215 26
216 26
217 26
218 26
219 26
220 26
221 26
222 26
223 26
224 26
225 26
226 26
227 26
228 26
229 26
230 26
231 26
232 26
233 26
234 26
235 26
236 26
237 26
238 26
239 26
240 26
241 26
242 26
243 26
244 26
245 26
246 26
247 26
248 26
249 26
250 26
251 26
252 26
253 26
254 26
255 26
256 26
257 26
258 26
259 26
260 26
261 26
262 26
263 26
264 26
265 26
266 26
267 26
268 26
269 26
270 26
271 26
272 26
273 26
274 26
275 26
276 26
277 26
278 26
279 26
280 26
281 26
282 26
283 26
284 26
285 26
286 26
287 26
288 26
289 26
290 26
291 26
292 26
293 26
294 26
295 26
296 26
297 26
298 26
299 26
300 26
301 26
302 26
303 26
304 26
305 26
306 26
307 26
308 26
309 26
310 26
311 26
312 26
313 26
314 26
315 26
316 26
317 26
318 26
319 26
320 26
321 26
322 26
323 26
324 26
325 26
326 26
327 26
328 26
329 26
330 26
331 26
332 26
333 26
334 26
335 26
336 26
337 26
338 26
339 26
340 26
341 26
342 26
343 26
344 26
345 26
346 26
347 26
348 26
349 26
350 26
351 26
352 26
353 26
354 26
355 26
356 26
357 26
358 26
359 26
360 26
361 26
362 26
363 26
364 26
365 26
366 26
367 26
368 26
369 26
370 26
371 26
372 26
373 26
374 26
375 26
376 26
377 26
378 26
379 26
380 26
381 26
382 26
383 26
384 26
385 26
386 26
387 26
388 26
389 26
390 26
391 26
392 26
393 26
394 26
395 26
396 26
397 26
398 26
399 26
400 26
401 26
402 26
403 26
404 26
405 26
406 26
407 26
408 26
409 26
410 26
411 26
412 26
413 26
414 26
415 26
416 26
417 26
418 26
419 26
420 26
421 26
422 26
423 26
424 26
425 26
426 26
427 26
428 26
429 26
430 26
431 26
432 26
433 26
434 26
435 26
436 26
437 26
438 26
439 26
440 26
441 26
442 26
443 26
444 26
445 26
446 26
447 26
448 26
449 26
450 26
451 26
452 26
453 26
454 26
455 26
456 26
457 26
458 26
459 26
460 26
461 26
462 26
463 26
464 26
465 26
466 26
467 26
468 26
469 26
470 26
471 26
472 26
473 26
474 26
475 26
476 26
477 26
478 26
479 26
480 26
481 26
482 26
483 26
484 26
485 26
486 26
487 26
488 26
489 26
490 26
491 26
492 26
493 26
494 26
495 26
496 26
497 26
498 26
499 26
500 26
501 26
502 26
503 26
504 26
505 26
506 26
507 26
508 26
509 26
510 26
511 26
512 26
513 26
514 26
515 26
516 26
517 26
518 26
519 26
520 26
521 26
522 26
523 26
524 26
525 26
526 26
527 26
528 26
529 26
530 26
531 26
532 26
533 26
534 26
535 26
536 26
537 26
538 26
539 26
540 26
541 26
542 26
543 26
544 26
545 26
546 26
547 26
548 26
549 26
550 26
551 26
552 26
553 26
554 26
555 26
556 26
557 26
558 26
559 26
560 26
561 26
562 26
563 26
564 26
565 26
566 26
567 26
568 26
569 26
570 26
571 26
572 26
573 26
574 26
575 26
576 26
577 26
578 26
579 26
580 26
581 26
582 26
583 26
584 26
585 26
586 26
587 26
588 26
589 26
590 26
591 26
592 26
593 26
594 26
595 26
596 26
597 26
598 26
599 26
600 26
601 26
602 26
603 26
604 26
605 26
606 26
607 26
608 26
609 26
610 26
611 26
612 26
613 26
614 26
615 26
616 26
617 26
618 26
619 26
620 26
621 26
622 26
623 26
624 26
625 26
626 26
627 26
628 26
629 26
630 26
631 26
632 26
633 26
634 26
635 26
636 26
637 26
638 26
639 26
640 26
641 26
642 26
643 26
644 26
645 26
646 26
647 26
648 26
649 26
650 26
651 26
652 26
653 26
654 26
655 26
656 26
657 26
658 26
659 26
660 26
661 26
662 26
663 26
664 26
665 26
666 26
667 26
668 26
669 26
670 26
671 26
672 26
673 26
674 26
675 26
676 26
677 26
678 26
679 26
680 26
681 26
682 26
683 26
684 26
685 26
686 26
687 26
688 26
689 26
690 26
691 26
692 26
693 26
694 26
695 26
696 26
697 26
698 26
699 26
700 26
701 26
702 26
703 26
704 26
705 26
706 26
707 26
708 26
709 26
710 26
711 26
712 26
713 26
714 26
715 26
716 26
717 26
718 26
719 26
720 26
721 26
722 26
723 26
724 26
725 26
726 26
727 26
728 26
729 26
730 26
731 26
732 26
733 26
734 26
735 26
736 26
737 26
738 26
739 26
740 26
741 26
742 26
743 26
744 26
745 26
746 26
747 26
748 26
749 26
750 26
751 26
752 26
753 26
754 26
755 26
756 26
757 26
758 26
759 26
760 26
761 26
762 26
763 26
764 26
765 26
766 26
767 26
768 26
769 26
770 26
771 26
772 26
773 26
774 26
775 26
776 26
777 26
778 26
779 26
780 26
781 26
782 26
783 26
784 26
785 26
786 26
787 26
788 26
789 26
790 26
791 26
792 26
793 26
794 26
795 26
796 26
797 26
798 26
799 26
800 26
801 26
802 26
803 26
804 26
805 26
806 26
807 26
808 26
809 26
810 26
811 26
812 26
813 26
814 26
815 26
816 26
817 26
818 26
819 26
820 26
821 26
822 26
823 26
824 26
825 26
826 26
827 26
828 26
829 26
830 26
831 26
832 26
833 26
834 26
835 26
836 26
837 26
838 26
839 26
840 26
841 26
842 26
843 26
844 26
845 26
846 26
847 26
848 26
849 26
850 26
851 26
852 26
853 26
854 26
855 26
856 26
857 26
858 26
859 26
860 26
861 26
862 26
863 26
864 26
865 26
866 26
867 26
868 26
869 26
870 26
871 26
872 26
873 26
874 26
875 26
876 26
877 26
878 26
879 26
880 26
881 26
882 26
883 26
884 26
885 26
886 26
887 26
888 26
889 26
890 26
891 26
892 26
893 26
894 26
895 26
896 26
897 26
898 26
899 26
900 26
901 26
902 26
903 26
904 26
905 26
906 26
907 26
908 26
909 26
910 26
911 26
912 26
913 26
914 26
915 26
916 26
917 26
918 26
919 26
920 26
921 26
922 26
923 26
924 26
925 26
926 26
927 26
928 26
929 26
930 26
931 26
932 26
933 26
934 26
935 26
936 26
937 26
938 26
939 26
940 26
941 26
942 26
943 26
944 26
945 26
946 26
947 26
948 26
949 26
950 26
951 26
952 26
953 26
954 26
955 26
956 26
957 26
958 26
959 26
960 26
961 26
962 26
963 26
964 26
965 26
966 26
967 26
968 26
969 26
970 26
971 26
972 26
973 26
974 26
975 26
976 26
977 26
978 26
979 26
980 26
981 26
982 26
983 26
984 26
985 26
986 26
987 26
988 26
989 26
990 26
991 26
992 26
993 26
994 26
995 26
996 26
997 26
998 26
999 26
1000 26
1001 26
1002 26
1003 26
1004 26
1005 26
1006 26
1007 26
1008 26
1009 26
1010 26
1011 26
1012 26
1013 26
1014 26
1015 26
1016 26
1017 26
1018 26
1019 26
1020 26
1021 26
1022 26
1023 26
1024 26
1025 26
1026 26
1027 26
1028 26
1029 26
1030 26
1031 26
1032 26
1033 26
1034 26
1035 26
1036 26
1037 26
1038 26
1039 26
1040 26
1041 26
1042 26
1043 26
1044 26
1045 26
1046 26
1047 26
1048 26
1049 26
1050 26
1051 26
1052 26
1053 26
1054 26
1055 26
1056 26
1057 26
1058 26
1059 26
1060 26
1061 26
1062 26
1063 26
1064 26
1065 26
1066 26
1067 26
1068 26
1069 26
1070 26
1071 26
1072 26
1073 26
1074 26
1075 26
1076 26
1077 26
1078 26
1079 26
1080 26
1081 26
1082 26
1083 26
1084 26
1085 26
1086 26
1087 26
1088 26
1089 26
1090 26
1091 26
1092 26
1093 26
1094 26
1095 26
1096 26
1097 26
1098 26
1099 26
1100 26
1101 26
1102 26
1103 26
1104 26
1105 26
1106 26
1107 26
1108 26
1109 26
1110 26
1111 26
1112 26
1113 26
1114 26
1115 26
1116 26
1117 26
1118 26
1119 26
1120 26
1121 26
1122 26
1123 26
1124 26
1125 26
1126 26
1127 26
1128 26
1129 26
1130 26
1131 26
1132 26
1133 26
1134 26
1135 26
1136 26
1137 26
1138 26
1139 26
1140 26
1141 26
1142 26
1143 26
1144 26
1145 26
1146 26
1147 26
1148 26
1149 26
1150 26
1151 26
1152 26
1153 26
1154 26
1155 26
1156 26
1157 26
1158 26
1159 26
1160 26
1161 26
1162 26
1163 26
1164 26
1165 26
1166 26
1167 26
1168 26
1169 26
1170 26
1171 26
1172 26
1173 26
1174 26
1175 26
1176 26
1177 26
1178 26
1179 26
1180 26
1181 26
1182 26
1183 26
1184 26
1185 26
1186 26
1187 26
1188 26
1189 26
1190 26
1191 26
1192 26
1193 26
1194 26
1195 26
BCelement14 10 
1 
18 
1643 
22 
3 
6 
27 
84 
36 
7 
BCelement6 63 
15 
97 
1733 
291 
112 
1988 
1896 
757 
515 
516 
2066 
2157 
755 
791 
540 
536 
538 
789 
1511 
1822 
599 
282 
284 
593 
289 
603 
274 
271 
279 
275 
954 
676 
436 
440 
433 
1182 
708 
455 
959 
451 
448 
688 
957 
576 
262 
578 
824 
580 
828 
255 
567 
1734 
570 
815 
561 
1731 
238 
241 
239 
110 
56 
1646 
17 
BCelement24 24 
9 
53 
54 
16 
111 
66 
151 
397 
41 
34 
2166 
309 
1971 
2257 
855 
123 
858 
612 
60 
2128 
124 
1647 
59 
2 
BCelement23 10 
8 
203 
213 
211 
45 
10 
52 
11 
13 
14 
