Edge min = 0.026603, max=0.077071, average=0.045639;
Grid_size 1130
Node_size 606
Solution_Order 1
meshIEN 
1 81 7 1 
2 81 1 29 
3 82 29 28 
4 82 81 29 
5 89 52 4 
6 89 4 80 
7 90 14 2 
8 90 2 48 
9 92 3 67 
10 92 33 3 
11 93 28 26 
12 93 82 28 
13 93 83 82 
14 94 6 8 
15 82 83 94 
16 113 32 33 
17 33 92 113 
18 114 66 64 
19 115 92 67 
20 115 114 91 
21 91 113 115 
22 115 113 92 
23 66 114 115 
24 115 67 66 
25 83 93 116 
26 117 94 83 
27 83 116 117 
28 117 116 84 
29 118 10 9 
30 119 117 84 
31 6 94 120 
32 94 117 120 
33 120 9 6 
34 120 119 95 
35 117 119 120 
36 121 27 21 
37 121 96 27 
38 84 116 122 
39 123 93 26 
40 96 122 123 
41 27 96 123 
42 123 26 27 
43 123 116 93 
44 123 122 116 
45 124 71 70 
46 126 70 5 
47 126 124 70 
48 129 24 22 
49 95 119 130 
50 131 122 96 
51 84 122 131 
52 131 98 84 
53 196 55 56 
54 55 196 132 
55 133 56 50 
56 133 196 56 
57 135 68 74 
58 68 135 136 
59 136 76 68 
60 143 142 102 
61 100 137 145 
62 102 142 145 
63 147 134 99 
64 103 146 147 
65 147 146 134 
66 102 144 148 
67 151 36 37 
68 151 150 36 
69 87 152 156 
70 158 152 104 
71 106 156 158 
72 158 156 152 
73 87 156 160 
74 166 18 12 
75 167 43 41 
76 168 40 44 
77 43 167 168 
78 168 44 43 
79 46 173 174 
80 174 45 46 
81 175 169 88 
82 109 169 176 
83 111 173 176 
84 176 175 111 
85 169 175 176 
86 178 164 108 
87 112 177 178 
88 178 177 164 
89 112 178 181 
90 181 179 112 
91 15 179 181 
92 181 16 15 
93 32 113 182 
94 182 34 32 
95 256 162 107 
96 183 21 25 
97 183 121 21 
98 71 124 184 
99 184 69 71 
100 185 126 260 
101 124 126 185 
102 188 23 11 
103 24 129 193 
104 193 25 24 
105 194 129 22 
106 127 189 194 
107 194 189 129 
108 195 186 125 
109 196 133 99 
110 197 58 57 
111 198 50 54 
112 198 133 50 
113 125 186 199 
114 200 186 85 
115 200 199 186 
116 208 137 100 
117 209 72 73 
118 141 209 210 
119 213 145 142 
120 213 75 77 
121 213 142 75 
122 76 136 213 
123 213 77 76 
124 100 145 213 
125 213 136 100 
126 214 78 79 
127 102 148 215 
128 215 143 102 
129 217 53 51 
130 218 149 103 
131 103 147 218 
132 36 150 219 
133 219 38 36 
134 220 37 31 
135 220 151 37 
136 221 60 61 
137 221 153 60 
138 222 221 61 
139 223 154 153 
140 87 160 224 
141 155 161 225 
142 226 113 91 
143 226 182 113 
144 227 256 107 
145 106 159 228 
146 229 159 106 
147 106 158 229 
148 230 35 34 
149 105 225 231 
150 231 225 161 
151 231 223 105 
152 154 223 231 
153 232 161 155 
154 155 224 232 
155 232 224 160 
156 233 64 65 
157 162 256 233 
158 233 114 64 
159 233 256 114 
160 107 162 234 
161 234 232 107 
162 161 232 234 
163 235 17 18 
164 238 20 19 
165 239 12 16 
166 239 166 12 
167 16 181 239 
168 240 152 87 
169 242 240 170 
170 152 240 242 
171 104 152 242 
172 171 243 245 
173 245 169 109 
174 245 243 169 
175 247 42 30 
176 42 247 249 
177 249 41 42 
178 45 174 251 
179 251 47 45 
180 252 176 173 
181 40 168 252 
182 252 46 40 
183 252 173 46 
184 109 176 252 
185 252 168 109 
186 111 175 253 
187 88 177 253 
188 253 175 88 
189 254 251 174 
190 255 180 179 
191 90 180 255 
192 255 15 13 
193 255 179 15 
194 14 90 255 
195 255 13 14 
196 91 114 256 
197 257 118 95 
198 258 126 5 
199 258 5 10 
200 118 257 258 
201 10 118 258 
202 85 186 259 
203 186 195 259 
204 261 238 165 
205 262 190 85 
206 85 259 262 
207 262 259 98 
208 97 191 263 
209 263 189 97 
210 129 189 263 
211 265 131 96 
212 96 121 265 
213 131 265 266 
214 266 265 192 
215 192 265 267 
216 267 265 121 
217 121 183 267 
218 58 197 268 
219 268 49 58 
220 269 198 54 
221 149 218 269 
222 269 54 53 
223 270 190 128 
224 270 200 85 
225 85 190 270 
226 272 185 260 
227 187 201 272 
228 260 187 272 
229 125 199 273 
230 199 271 273 
231 273 187 125 
232 273 201 187 
233 273 271 138 
234 138 201 273 
235 274 201 138 
236 290 208 100 
237 100 136 290 
238 290 136 135 
239 140 208 291 
240 292 73 69 
241 292 209 73 
242 292 210 209 
243 69 184 292 
244 124 185 293 
245 293 184 124 
246 101 211 294 
247 295 211 101 
248 72 209 297 
249 141 296 297 
250 297 209 141 
251 212 393 298 
252 298 135 74 
253 298 393 135 
254 78 214 299 
255 299 216 89 
256 299 80 78 
257 299 89 80 
258 143 215 300 
259 300 214 143 
260 215 216 300 
261 300 299 214 
262 216 299 300 
263 103 149 301 
264 149 217 301 
265 302 217 51 
266 302 301 217 
267 52 89 302 
268 302 51 52 
269 216 301 302 
270 89 216 302 
271 133 198 303 
272 303 218 147 
273 303 147 99 
274 99 133 303 
275 304 220 31 
276 159 229 304 
277 304 31 35 
278 305 227 107 
279 306 156 106 
280 227 305 306 
281 306 160 156 
282 306 305 160 
283 307 229 158 
284 307 158 104 
285 104 151 307 
286 151 220 307 
287 182 226 308 
288 157 228 308 
289 308 226 157 
290 309 59 63 
291 62 154 309 
292 309 63 62 
293 310 234 162 
294 59 309 310 
295 310 65 59 
296 97 189 311 
297 127 236 311 
298 311 189 127 
299 313 261 165 
300 315 314 237 
301 317 315 237 
302 237 316 317 
303 163 315 317 
304 317 235 163 
305 318 238 19 
306 235 317 318 
307 318 317 316 
308 166 239 319 
309 319 181 178 
310 319 239 181 
311 319 178 108 
312 104 242 320 
313 320 151 104 
314 150 151 320 
315 321 242 170 
316 326 245 109 
317 109 168 326 
318 326 168 167 
319 172 250 327 
320 327 250 110 
321 171 245 328 
322 329 30 39 
323 329 247 30 
324 330 219 150 
325 330 248 219 
326 41 249 332 
327 332 167 41 
328 110 250 333 
329 334 177 112 
330 334 253 177 
331 335 180 90 
332 335 254 180 
333 251 254 335 
334 47 251 335 
335 111 253 336 
336 336 254 174 
337 253 334 336 
338 336 334 254 
339 337 256 227 
340 157 226 337 
341 91 256 337 
342 337 226 91 
343 130 195 338 
344 338 257 95 
345 95 130 338 
346 339 195 125 
347 339 338 195 
348 187 260 339 
349 125 187 339 
350 257 338 339 
351 339 260 257 
352 340 236 127 
353 127 188 340 
354 340 313 236 
355 261 313 340 
356 238 261 341 
357 20 238 341 
358 341 11 20 
359 341 188 11 
360 342 262 98 
361 98 131 342 
362 131 266 342 
363 343 264 192 
364 192 267 343 
365 191 264 343 
366 343 263 191 
367 344 264 128 
368 128 190 344 
369 344 342 266 
370 344 266 192 
371 192 264 344 
372 425 267 183 
373 425 343 267 
374 49 268 345 
375 345 61 49 
376 345 222 61 
377 201 274 346 
378 346 272 201 
379 87 224 348 
380 347 224 155 
381 347 348 224 
382 275 348 347 
383 275 276 348 
384 348 240 87 
385 170 240 350 
386 240 348 350 
387 350 348 276 
388 203 281 352 
389 352 349 203 
390 352 351 276 
391 281 351 352 
392 275 349 352 
393 352 276 275 
394 353 225 105 
395 203 349 354 
396 275 347 355 
397 277 354 355 
398 355 349 275 
399 355 354 349 
400 105 223 356 
401 357 353 277 
402 277 355 357 
403 225 353 357 
404 155 225 357 
405 357 347 155 
406 357 355 347 
407 359 281 203 
408 360 359 203 
409 203 354 360 
410 110 333 361 
411 361 333 241 
412 362 361 241 
413 364 358 139 
414 278 358 364 
415 280 365 366 
416 366 365 281 
417 366 359 278 
418 281 359 366 
419 207 295 367 
420 367 295 101 
421 369 368 205 
422 282 368 369 
423 369 283 282 
424 140 291 371 
425 371 291 207 
426 139 372 374 
427 202 375 377 
428 101 294 377 
429 377 294 202 
430 378 372 139 
431 379 378 139 
432 139 358 379 
433 372 378 380 
434 284 372 380 
435 382 196 99 
436 99 134 382 
437 383 382 134 
438 287 382 383 
439 385 197 132 
440 387 382 287 
441 288 385 388 
442 388 387 288 
443 388 385 132 
444 132 196 388 
445 382 387 388 
446 196 382 388 
447 390 384 287 
448 289 389 390 
449 391 206 140 
450 140 371 391 
451 206 391 392 
452 392 391 289 
453 394 291 208 
454 208 290 394 
455 290 393 394 
456 202 294 395 
457 395 274 202 
458 141 210 396 
459 396 395 294 
460 396 211 141 
461 396 294 211 
462 397 295 207 
463 207 291 397 
464 211 295 398 
465 295 397 398 
466 212 296 398 
467 103 301 399 
468 399 301 216 
469 399 215 148 
470 399 216 215 
471 227 306 400 
472 400 306 106 
473 157 337 400 
474 400 337 227 
475 106 228 400 
476 400 228 157 
477 401 310 309 
478 234 310 401 
479 161 234 401 
480 401 231 161 
481 128 312 402 
482 402 270 128 
483 97 311 404 
484 405 191 97 
485 405 312 191 
486 97 404 405 
487 406 330 150 
488 150 320 406 
489 242 321 407 
490 407 320 242 
491 407 406 320 
492 408 243 171 
493 243 408 409 
494 409 408 322 
495 244 325 410 
496 316 324 414 
497 165 316 414 
498 172 327 417 
499 417 247 172 
500 417 249 247 
501 418 328 245 
502 245 326 418 
503 246 328 419 
504 328 418 419 
505 219 248 420 
506 420 329 39 
507 248 331 420 
508 420 331 329 
509 38 219 420 
510 420 39 38 
511 172 331 421 
512 421 250 172 
513 167 332 422 
514 422 326 167 
515 422 418 326 
516 241 333 423 
517 254 334 424 
518 180 254 424 
519 424 334 112 
520 179 180 424 
521 112 179 424 
522 263 343 425 
523 129 263 425 
524 425 193 129 
525 197 385 426 
526 426 268 197 
527 272 346 427 
528 427 293 185 
529 185 272 427 
530 210 293 427 
531 276 351 428 
532 428 350 276 
533 277 353 429 
534 430 223 153 
535 430 356 223 
536 431 354 277 
537 431 360 354 
538 432 431 277 
539 277 429 432 
540 359 360 433 
541 278 359 433 
542 434 362 241 
543 434 321 170 
544 241 423 434 
545 434 423 321 
546 435 363 279 
547 279 362 435 
548 362 434 435 
549 436 381 384 
550 384 389 436 
551 436 389 370 
552 283 369 437 
553 437 371 283 
554 438 437 369 
555 205 373 438 
556 438 369 205 
557 280 364 439 
558 440 372 284 
559 440 374 372 
560 278 433 442 
561 442 358 278 
562 444 383 134 
563 444 146 86 
564 134 146 444 
565 384 381 445 
566 445 386 384 
567 289 391 446 
568 446 437 370 
569 446 389 289 
570 370 389 446 
571 371 437 446 
572 446 391 371 
573 206 392 447 
574 447 444 86 
575 448 394 393 
576 448 398 397 
577 212 398 448 
578 448 393 212 
579 271 452 453 
580 453 452 403 
581 454 311 236 
582 454 404 311 
583 455 409 322 
584 456 363 204 
585 279 363 457 
586 363 456 457 
587 457 456 411 
588 244 410 459 
589 461 459 410 
590 412 459 461 
591 110 361 462 
592 462 246 110 
593 462 413 246 
594 463 408 171 
595 246 413 463 
596 171 328 463 
597 463 328 246 
598 165 414 464 
599 464 313 165 
600 465 325 244 
601 466 316 237 
602 466 324 316 
603 243 409 467 
604 467 416 88 
605 169 243 467 
606 88 169 467 
607 249 417 468 
608 468 332 249 
609 468 422 332 
610 406 407 469 
611 321 423 469 
612 469 407 321 
613 470 385 288 
614 268 426 472 
615 472 345 268 
616 395 396 473 
617 473 427 346 
618 274 395 473 
619 473 346 274 
620 350 428 474 
621 474 435 434 
622 474 434 170 
623 170 350 474 
624 363 435 475 
625 435 474 475 
626 204 363 475 
627 475 351 204 
628 475 428 351 
629 475 474 428 
630 476 436 370 
631 381 436 476 
632 284 380 477 
633 477 373 284 
634 477 438 373 
635 204 365 478 
636 284 373 479 
637 479 440 284 
638 480 433 360 
639 431 432 480 
640 360 431 480 
641 481 476 438 
642 438 477 481 
643 381 476 481 
644 481 443 381 
645 481 477 380 
646 380 443 481 
647 383 444 482 
648 444 447 482 
649 289 390 482 
650 482 392 289 
651 482 447 392 
652 483 445 381 
653 206 447 484 
654 137 206 484 
655 484 447 86 
656 86 144 484 
657 484 144 137 
658 485 402 312 
659 485 449 402 
660 403 452 486 
661 375 450 487 
662 285 377 487 
663 487 377 375 
664 488 375 138 
665 488 450 375 
666 271 453 488 
667 138 271 488 
668 489 453 403 
669 450 488 489 
670 489 488 453 
671 402 449 494 
672 494 452 200 
673 449 486 494 
674 494 486 452 
675 270 402 494 
676 200 270 494 
677 416 467 495 
678 495 410 325 
679 495 455 410 
680 495 467 409 
681 409 455 495 
682 411 458 496 
683 496 457 411 
684 244 459 497 
685 408 463 499 
686 322 408 499 
687 413 498 499 
688 499 463 413 
689 313 464 500 
690 500 454 236 
691 236 313 500 
692 465 466 501 
693 314 415 501 
694 501 466 237 
695 237 314 501 
696 502 468 417 
697 502 419 418 
698 327 419 502 
699 502 417 327 
700 422 468 502 
701 418 422 502 
702 406 469 503 
703 504 470 288 
704 288 387 504 
705 504 387 386 
706 356 430 505 
707 471 505 507 
708 153 221 507 
709 507 430 153 
710 507 505 430 
711 471 507 508 
712 508 507 221 
713 221 222 508 
714 411 456 509 
715 280 439 510 
716 511 479 373 
717 511 373 205 
718 514 376 282 
719 403 486 515 
720 403 515 516 
721 516 489 403 
722 323 458 518 
723 449 485 525 
724 525 521 492 
725 529 458 323 
726 529 496 458 
727 323 498 529 
728 529 498 413 
729 457 496 530 
730 279 457 530 
731 530 462 361 
732 530 496 462 
733 532 499 498 
734 412 461 532 
735 532 460 412 
736 421 503 533 
737 533 423 333 
738 250 421 533 
739 533 333 250 
740 533 469 423 
741 533 503 469 
742 534 504 386 
743 386 445 534 
744 472 506 536 
745 345 472 536 
746 471 508 536 
747 536 506 471 
748 536 508 222 
749 222 345 536 
750 537 518 458 
751 411 509 537 
752 537 458 411 
753 538 505 471 
754 539 480 432 
755 540 432 429 
756 540 429 356 
757 540 539 432 
758 512 539 540 
759 356 505 540 
760 505 538 540 
761 540 538 512 
762 541 513 379 
763 489 516 542 
764 450 489 542 
765 543 516 515 
766 460 520 544 
767 545 518 491 
768 545 520 518 
769 546 521 404 
770 404 454 546 
771 404 521 547 
772 521 525 547 
773 547 405 404 
774 547 525 485 
775 548 519 451 
776 517 522 548 
777 451 517 548 
778 549 523 490 
779 550 464 414 
780 492 521 551 
781 521 546 551 
782 551 546 524 
783 454 500 552 
784 552 546 454 
785 524 546 552 
786 552 550 524 
787 440 479 553 
788 511 528 553 
789 479 511 553 
790 554 510 439 
791 554 555 510 
792 374 526 554 
793 554 439 374 
794 555 509 478 
795 451 527 556 
796 556 517 451 
797 557 519 491 
798 557 527 451 
799 451 519 557 
800 558 528 511 
801 559 553 528 
802 528 558 560 
803 560 558 441 
804 561 414 324 
805 561 550 414 
806 445 483 562 
807 562 534 445 
808 509 555 564 
809 564 537 509 
810 480 539 566 
811 433 480 566 
812 566 442 433 
813 567 514 285 
814 285 487 567 
815 568 497 459 
816 568 459 412 
817 520 545 569 
818 569 544 520 
819 519 548 570 
820 571 486 449 
821 449 525 571 
822 571 515 486 
823 571 549 515 
824 523 549 571 
825 492 551 572 
826 572 523 492 
827 522 523 572 
828 517 556 573 
829 573 543 490 
830 490 517 573 
831 574 557 491 
832 537 564 574 
833 518 537 574 
834 491 518 574 
835 493 559 575 
836 514 567 576 
837 550 561 577 
838 524 550 577 
839 578 562 483 
840 286 513 578 
841 578 483 286 
842 504 534 580 
843 581 580 563 
844 581 565 506 
845 506 535 581 
846 581 535 470 
847 582 578 513 
848 583 564 555 
849 442 566 584 
850 584 541 442 
851 585 531 497 
852 585 561 324 
853 324 531 585 
854 545 570 586 
855 586 569 545 
856 522 572 587 
857 587 548 522 
858 527 575 588 
859 588 556 527 
860 528 560 589 
861 589 559 528 
862 590 542 516 
863 590 567 542 
864 590 576 567 
865 591 572 551 
866 524 577 591 
867 591 551 524 
868 592 566 539 
869 579 582 592 
870 512 579 592 
871 592 539 512 
872 592 584 566 
873 582 584 592 
874 562 578 593 
875 578 582 593 
876 593 580 534 
877 534 562 593 
878 563 580 593 
879 557 574 594 
880 527 557 594 
881 564 583 594 
882 594 574 564 
883 594 583 493 
884 493 575 594 
885 594 575 527 
886 561 585 595 
887 595 577 561 
888 596 568 544 
889 497 568 596 
890 597 586 570 
891 548 587 597 
892 597 570 548 
893 598 589 560 
894 599 588 575 
895 559 589 599 
896 599 575 559 
897 543 573 600 
898 600 590 516 
899 516 543 600 
900 572 591 601 
901 601 587 572 
902 569 586 602 
903 602 596 544 
904 544 569 602 
905 588 599 603 
906 603 600 573 
907 556 588 603 
908 603 573 556 
909 590 600 604 
910 600 603 604 
911 604 598 576 
912 576 590 604 
913 604 603 599 
914 604 599 589 
915 589 598 604 
916 605 595 585 
917 605 601 595 
918 601 605 606 
919 606 605 596 
920 596 602 606 
921 335 90 48 
922 48 47 335 
923 120 95 118 
924 118 9 120 
925 194 22 23 
926 145 137 144 
927 144 102 145 
928 79 75 142 
929 86 146 148 
930 148 144 86 
931 399 148 146 
932 146 103 399 
933 217 149 269 
934 269 53 217 
935 60 153 154 
936 154 62 60 
937 230 159 304 
938 304 35 230 
939 232 160 305 
940 305 107 232 
941 310 162 233 
942 233 65 310 
943 166 163 235 
944 235 18 166 
945 416 164 177 
946 177 88 416 
947 163 166 319 
948 319 108 163 
949 336 174 173 
950 173 111 336 
951 258 257 260 
952 260 126 258 
953 264 191 312 
954 312 128 264 
955 259 195 130 
956 130 98 259 
957 132 197 57 
958 57 55 132 
959 137 208 140 
960 140 206 137 
961 293 210 292 
962 292 184 293 
963 17 235 318 
964 318 19 17 
965 452 271 199 
966 199 200 452 
967 351 281 365 
968 365 204 351 
969 298 297 296 
970 296 212 298 
971 297 298 74 
972 74 72 297 
973 218 303 198 
974 198 269 218 
975 229 307 220 
976 220 304 229 
977 182 308 230 
978 230 34 182 
979 401 309 154 
980 154 231 401 
981 108 314 315 
982 315 163 108 
983 318 316 165 
984 165 238 318 
985 415 164 416 
986 419 327 110 
987 110 246 419 
988 329 331 172 
989 172 247 329 
990 342 344 190 
991 190 262 342 
992 193 425 183 
993 183 25 193 
994 105 356 429 
995 429 353 105 
996 530 361 362 
997 362 279 530 
998 367 282 283 
999 283 371 207 
1000 207 367 283 
1001 139 374 439 
1002 439 364 139 
1003 138 375 202 
1004 202 274 138 
1005 101 377 285 
1006 285 367 101 
1007 443 380 378 
1008 378 286 443 
1009 483 381 443 
1010 443 286 483 
1011 386 387 287 
1012 287 384 386 
1013 390 389 384 
1014 290 135 393 
1015 211 398 296 
1016 296 141 211 
1017 330 406 503 
1018 503 248 330 
1019 461 410 455 
1020 455 322 461 
1021 466 465 531 
1022 531 324 466 
1023 164 415 314 
1024 314 108 164 
1025 415 416 495 
1026 495 325 415 
1027 210 427 473 
1028 473 396 210 
1029 437 438 476 
1030 476 370 437 
1031 358 442 541 
1032 541 379 358 
1033 394 448 397 
1034 397 291 394 
1035 385 470 535 
1036 535 426 385 
1037 383 482 390 
1038 390 287 383 
1039 462 496 529 
1040 529 413 462 
1041 322 499 532 
1042 532 461 322 
1043 248 503 421 
1044 421 331 248 
1045 535 506 472 
1046 472 426 535 
1047 478 509 456 
1048 456 204 478 
1049 558 511 205 
1050 379 513 286 
1051 286 378 379 
1052 543 515 549 
1053 549 490 543 
1054 323 518 520 
1055 520 460 323 
1056 490 523 522 
1057 522 517 490 
1058 571 525 492 
1059 492 523 571 
1060 555 478 510 
1061 526 493 583 
1062 583 555 554 
1063 554 526 583 
1064 570 545 491 
1065 491 519 570 
1066 464 550 552 
1067 552 500 464 
1068 440 553 526 
1069 526 374 440 
1070 553 559 493 
1071 493 526 553 
1072 376 514 576 
1073 542 567 487 
1074 487 450 542 
1075 376 576 598 
1076 565 579 512 
1077 512 538 565 
1078 565 581 563 
1079 563 579 565 
1080 580 581 470 
1081 470 504 580 
1082 593 582 579 
1083 579 563 593 
1084 584 582 513 
1085 513 541 584 
1086 587 601 606 
1087 606 597 587 
1088 595 601 591 
1089 591 577 595 
1090 597 606 602 
1091 602 586 597 
1092 498 323 460 
1093 460 532 498 
1094 81 82 94 
1095 188 127 194 
1096 194 23 188 
1097 98 130 119 
1098 119 84 98 
1099 142 143 214 
1100 214 79 142 
1101 159 230 308 
1102 308 228 159 
1103 341 261 340 
1104 340 188 341 
1105 364 280 366 
1106 366 278 364 
1107 280 510 478 
1108 478 365 280 
1109 405 547 485 
1110 485 312 405 
1111 506 565 538 
1112 538 471 506 
1113 244 497 531 
1114 531 465 244 
1115 282 376 441 
1116 441 368 282 
1117 465 501 415 
1118 415 325 465 
1119 94 8 7 
1120 7 81 94 
1121 285 514 282 
1122 282 367 285 
1123 544 568 412 
1124 412 460 544 
1125 560 441 376 
1126 376 598 560 
1127 441 558 205 
1128 205 368 441 
1129 596 605 585 
1130 585 497 596 
vertexCoord 
1 0.000000 0.000000 
2 1.000000 0.000000 
3 1.000000 1.000000 
4 0.000000 1.000000 
5 -0.000000 0.300000 
6 0.000000 0.150000 
7 0.000000 0.049951 
8 0.000000 0.099976 
9 0.000000 0.199951 
10 0.000000 0.249976 
11 0.499956 0.000000 
12 0.750000 0.000000 
13 0.899959 0.000000 
14 0.949951 0.000000 
15 0.849948 0.000000 
16 0.799974 0.000000 
17 0.649959 0.000000 
18 0.699980 0.000000 
19 0.599948 0.000000 
20 0.549952 0.000000 
21 0.250000 0.000000 
22 0.399950 0.000000 
23 0.449956 0.000000 
24 0.349948 0.000000 
25 0.299974 0.000000 
26 0.149950 0.000000 
27 0.199951 0.000000 
28 0.099948 0.000000 
29 0.049974 0.000000 
30 1.000000 0.499956 
31 1.000000 0.749968 
32 1.000000 0.899950 
33 1.000000 0.949975 
34 1.000000 0.849962 
35 1.000000 0.799974 
36 1.000000 0.649959 
37 1.000000 0.699963 
38 1.000000 0.599948 
39 1.000000 0.549952 
40 1.000000 0.250000 
41 1.000000 0.399950 
42 1.000000 0.449956 
43 1.000000 0.349948 
44 1.000000 0.299974 
45 1.000000 0.149950 
46 1.000000 0.199951 
47 1.000000 0.099965 
48 1.000000 0.049983 
49 0.500000 1.000000 
50 0.250037 1.000000 
51 0.100050 1.000000 
52 0.050049 1.000000 
53 0.150044 1.000000 
54 0.200038 1.000000 
55 0.350034 1.000000 
56 0.300036 1.000000 
57 0.400025 1.000000 
58 0.450013 1.000000 
59 0.750047 1.000000 
60 0.600041 1.000000 
61 0.550020 1.000000 
62 0.650052 1.000000 
63 0.700049 1.000000 
64 0.850041 1.000000 
65 0.800049 1.000000 
66 0.900033 1.000000 
67 0.950026 1.000000 
68 -0.000000 0.650000 
69 -0.000000 0.449945 
70 -0.000000 0.349990 
71 -0.000000 0.399980 
72 -0.000000 0.549972 
73 -0.000000 0.499958 
74 -0.000000 0.599986 
75 -0.000000 0.799945 
76 -0.000000 0.699988 
77 -0.000000 0.749966 
78 -0.000000 0.899972 
79 -0.000000 0.849958 
80 -0.000000 0.949986 
81 0.031397 0.038655 
82 0.065249 0.042745 
83 0.086408 0.075860 
84 0.137927 0.118604 
85 0.226398 0.219028 
86 0.186826 0.804255 
87 0.796290 0.751000 
88 0.835701 0.202652 
89 0.043275 0.953975 
90 0.955502 0.038309 
91 0.907986 0.922233 
92 0.968304 0.967151 
93 0.113111 0.040261 
94 0.041760 0.100579 
95 0.086963 0.201808 
96 0.192434 0.059055 
97 0.376961 0.122112 
98 0.163226 0.164462 
99 0.267693 0.900968 
100 0.096500 0.707653 
101 0.218000 0.501706 
102 0.099443 0.809968 
103 0.171582 0.901069 
104 0.883890 0.694788 
105 0.657175 0.867246 
106 0.886659 0.794265 
107 0.808602 0.887499 
108 0.736206 0.093911 
109 0.910350 0.280854 
110 0.811546 0.461648 
111 0.899973 0.198860 
112 0.834040 0.097490 
113 0.962049 0.923963 
114 0.877470 0.961001 
115 0.929447 0.961816 
116 0.123347 0.079571 
117 0.091061 0.115664 
118 0.043968 0.222959 
119 0.110361 0.160117 
120 0.053445 0.164440 
121 0.236330 0.040075 
122 0.157837 0.082976 
123 0.156105 0.043644 
124 0.040976 0.381014 
125 0.177120 0.279538 
126 0.043811 0.329574 
127 0.439225 0.067327 
128 0.283292 0.181472 
129 0.364244 0.043272 
130 0.133321 0.198123 
131 0.187043 0.111155 
132 0.373994 0.952797 
133 0.266904 0.952528 
134 0.250079 0.859733 
135 0.051498 0.632804 
136 0.047574 0.682157 
137 0.154737 0.726693 
138 0.219476 0.374533 
139 0.503180 0.640524 
140 0.196608 0.687743 
141 0.096167 0.503508 
142 0.047593 0.806215 
143 0.069202 0.839552 
144 0.143564 0.780787 
145 0.094749 0.758478 
146 0.191255 0.854030 
147 0.219902 0.895127 
148 0.142682 0.827662 
149 0.161639 0.936363 
150 0.935596 0.632270 
151 0.941343 0.683241 
152 0.838817 0.719741 
153 0.610349 0.940781 
154 0.658924 0.950273 
155 0.725243 0.826977 
156 0.840691 0.772999 
157 0.909427 0.856368 
158 0.880891 0.743451 
159 0.934520 0.800924 
160 0.801501 0.807126 
161 0.725337 0.878973 
162 0.803713 0.926939 
163 0.703686 0.062305 
164 0.763785 0.134236 
165 0.560350 0.088239 
166 0.725792 0.031163 
167 0.962522 0.353917 
168 0.960125 0.299996 
169 0.860631 0.253567 
170 0.787812 0.636286 
171 0.817448 0.330649 
172 0.912757 0.491490 
173 0.937870 0.200827 
174 0.956070 0.160318 
175 0.875691 0.215350 
176 0.907592 0.233755 
177 0.816308 0.148732 
178 0.787572 0.096869 
179 0.864957 0.058251 
180 0.913452 0.071652 
181 0.808754 0.048772 
182 0.967300 0.871567 
183 0.282619 0.033034 
184 0.031242 0.420718 
185 0.082470 0.364308 
186 0.203736 0.249953 
187 0.150097 0.314289 
188 0.467219 0.033029 
189 0.392788 0.078130 
190 0.242042 0.185342 
191 0.336168 0.132431 
192 0.258554 0.108064 
193 0.322632 0.027437 
194 0.418969 0.036800 
195 0.156873 0.238720 
196 0.316148 0.939468 
197 0.421412 0.961311 
198 0.223687 0.961838 
199 0.226375 0.289670 
200 0.251278 0.255605 
201 0.174129 0.355856 
202 0.218944 0.430441 
203 0.643181 0.702274 
204 0.660218 0.574052 
205 0.356218 0.575232 
206 0.207851 0.730098 
207 0.217659 0.595754 
208 0.145515 0.675539 
209 0.047160 0.502115 
210 0.094547 0.452996 
211 0.155727 0.507810 
212 0.107998 0.581344 
213 0.040917 0.743486 
214 0.036666 0.862224 
215 0.099383 0.855091 
216 0.085206 0.905871 
217 0.134697 0.963205 
218 0.198535 0.931326 
219 0.959392 0.600535 
220 0.958290 0.731399 
221 0.571737 0.959342 
222 0.539350 0.958571 
223 0.641849 0.907463 
224 0.759198 0.789175 
225 0.691605 0.852973 
226 0.929365 0.883607 
227 0.846599 0.866760 
228 0.909689 0.827571 
229 0.923811 0.761394 
230 0.968629 0.824747 
231 0.684306 0.900899 
232 0.765927 0.854051 
233 0.823022 0.963890 
234 0.764921 0.905696 
235 0.676440 0.036445 
236 0.464543 0.097596 
237 0.670167 0.114739 
238 0.561769 0.038982 
239 0.768076 0.027973 
240 0.793513 0.691617 
241 0.790749 0.536391 
242 0.839780 0.663346 
243 0.820556 0.288264 
244 0.685699 0.221851 
245 0.862765 0.318169 
246 0.796602 0.406491 
247 0.958887 0.473926 
248 0.929085 0.565306 
249 0.961333 0.437416 
250 0.856169 0.492445 
251 0.966680 0.122292 
252 0.952656 0.244231 
253 0.868116 0.177689 
254 0.919059 0.120876 
255 0.902956 0.034905 
256 0.854292 0.918067 
257 0.082147 0.247982 
258 0.044039 0.276135 
259 0.183369 0.210078 
260 0.094310 0.306318 
261 0.525420 0.062963 
262 0.205576 0.186395 
263 0.349343 0.089729 
264 0.293702 0.141072 
265 0.222628 0.078823 
266 0.226906 0.120003 
267 0.270390 0.070352 
268 0.464196 0.966764 
269 0.178107 0.965455 
270 0.269294 0.218976 
271 0.245375 0.330930 
272 0.127414 0.354586 
273 0.198762 0.324136 
274 0.181035 0.401038 
275 0.702997 0.721998 
276 0.711266 0.670797 
277 0.651817 0.793326 
278 0.569211 0.675687 
279 0.720487 0.524340 
280 0.581775 0.594942 
281 0.637878 0.655551 
282 0.290813 0.542483 
283 0.268787 0.595802 
284 0.425038 0.618091 
285 0.278317 0.473682 
286 0.449932 0.706411 
287 0.325608 0.814000 
288 0.386014 0.875578 
289 0.271681 0.735773 
290 0.096746 0.657526 
291 0.185579 0.639388 
292 0.041167 0.456794 
293 0.074054 0.415034 
294 0.193780 0.466632 
295 0.191516 0.551077 
296 0.103170 0.548441 
297 0.051067 0.548640 
298 0.065539 0.587054 
299 0.037967 0.906409 
300 0.065235 0.871239 
301 0.124552 0.921050 
302 0.089638 0.957350 
303 0.235344 0.928357 
304 0.964208 0.778068 
305 0.812386 0.849090 
306 0.843688 0.821876 
307 0.917645 0.722855 
308 0.939395 0.845034 
309 0.707236 0.973634 
310 0.766803 0.957042 
311 0.423077 0.109720 
312 0.324485 0.173768 
313 0.509782 0.093548 
314 0.713479 0.120771 
315 0.696692 0.093378 
316 0.619439 0.111591 
317 0.664029 0.077960 
318 0.618848 0.050459 
319 0.755859 0.059928 
320 0.893598 0.652863 
321 0.819231 0.610771 
322 0.749183 0.303053 
323 0.665089 0.387049 
324 0.608719 0.164568 
325 0.720196 0.206354 
326 0.916040 0.333758 
327 0.870602 0.453294 
328 0.831968 0.366636 
329 0.959739 0.517485 
330 0.922307 0.596516 
331 0.932243 0.533318 
332 0.955000 0.397115 
333 0.818489 0.514924 
334 0.871262 0.134554 
335 0.957668 0.080978 
336 0.909764 0.165986 
337 0.890035 0.882479 
338 0.115021 0.227064 
339 0.128672 0.267567 
340 0.486963 0.064588 
341 0.515590 0.033064 
342 0.212843 0.153066 
343 0.304088 0.100422 
344 0.253461 0.148909 
345 0.504002 0.967514 
346 0.149300 0.386443 
347 0.718528 0.773266 
348 0.747496 0.722620 
349 0.670724 0.722947 
350 0.750668 0.660277 
351 0.675893 0.629308 
352 0.674207 0.679539 
353 0.665230 0.831685 
354 0.649286 0.746055 
355 0.680697 0.761159 
356 0.622860 0.870098 
357 0.690832 0.809361 
358 0.527757 0.672614 
359 0.608083 0.685948 
360 0.617509 0.729055 
361 0.777510 0.491519 
362 0.755642 0.530162 
363 0.692994 0.545634 
364 0.552977 0.636597 
365 0.627346 0.607674 
366 0.596212 0.642733 
367 0.244680 0.542805 
368 0.325794 0.562405 
369 0.315283 0.591106 
370 0.314424 0.689281 
371 0.242993 0.650064 
372 0.461255 0.629401 
373 0.386339 0.601816 
374 0.498975 0.593272 
375 0.252506 0.410898 
376 0.343474 0.498523 
377 0.240735 0.452212 
378 0.458445 0.670725 
379 0.489401 0.686783 
380 0.421347 0.650114 
381 0.372995 0.712365 
382 0.307176 0.870714 
383 0.279128 0.818556 
384 0.343657 0.760044 
385 0.400682 0.915128 
386 0.367367 0.805916 
387 0.354745 0.852277 
388 0.355647 0.900878 
389 0.307823 0.726726 
390 0.297843 0.772084 
391 0.241196 0.705245 
392 0.239747 0.744174 
393 0.099197 0.615876 
394 0.140191 0.631126 
395 0.177079 0.437265 
396 0.144873 0.465292 
397 0.170506 0.596102 
398 0.143937 0.563392 
399 0.134529 0.876252 
400 0.874292 0.841015 
401 0.718636 0.929136 
402 0.313539 0.215847 
403 0.319738 0.332052 
404 0.411961 0.158327 
405 0.365309 0.164350 
406 0.895373 0.612303 
407 0.861022 0.625415 
408 0.784642 0.317451 
409 0.779623 0.272237 
410 0.722361 0.245824 
411 0.656145 0.474800 
412 0.680803 0.301488 
413 0.749469 0.391519 
414 0.568339 0.139382 
415 0.740625 0.161379 
416 0.788690 0.184158 
417 0.919491 0.447244 
418 0.879434 0.370015 
419 0.847345 0.411767 
420 0.964023 0.560134 
421 0.896396 0.533038 
422 0.921044 0.379598 
423 0.819704 0.562584 
424 0.880554 0.096564 
425 0.316372 0.060881 
426 0.442399 0.936021 
427 0.114181 0.400303 
428 0.716847 0.630973 
429 0.632763 0.833009 
430 0.607466 0.904576 
431 0.625186 0.764935 
432 0.610850 0.796462 
433 0.582609 0.718046 
434 0.776598 0.582127 
435 0.732250 0.563361 
436 0.336380 0.712550 
437 0.302381 0.643759 
438 0.348076 0.628129 
439 0.538742 0.597590 
440 0.460514 0.587437 
441 0.347206 0.535846 
442 0.545712 0.709550 
443 0.415733 0.688625 
444 0.233245 0.815994 
445 0.385087 0.762070 
446 0.280256 0.689689 
447 0.218239 0.772477 
448 0.132366 0.597568 
449 0.343899 0.246409 
450 0.284476 0.396876 
451 0.503447 0.382654 
452 0.281206 0.297147 
453 0.283296 0.339779 
454 0.453410 0.135197 
455 0.746396 0.265773 
456 0.653724 0.522410 
457 0.688303 0.498543 
458 0.659833 0.431838 
459 0.685176 0.261812 
460 0.674321 0.344885 
461 0.716097 0.284150 
462 0.753672 0.443965 
463 0.787891 0.360069 
464 0.524084 0.128081 
465 0.688088 0.180414 
466 0.654350 0.152214 
467 0.811511 0.235650 
468 0.930157 0.414779 
469 0.857242 0.587790 
470 0.424488 0.870905 
471 0.545760 0.903393 
472 0.480892 0.931791 
473 0.143502 0.423889 
474 0.747072 0.609369 
475 0.704212 0.592116 
476 0.343003 0.674337 
477 0.392354 0.632441 
478 0.611409 0.555093 
479 0.424883 0.582182 
480 0.595707 0.758509 
481 0.382251 0.664335 
482 0.259162 0.777406 
483 0.410706 0.728082 
484 0.182602 0.762932 
485 0.353548 0.204141 
486 0.331675 0.289958 
487 0.282865 0.429915 
488 0.264969 0.370344 
489 0.303841 0.369369 
490 0.430023 0.332499 
491 0.570652 0.394629 
492 0.426048 0.248873 
493 0.489915 0.502331 
494 0.298482 0.253991 
495 0.764209 0.222302 
496 0.699630 0.456328 
497 0.649199 0.240117 
498 0.708908 0.369181 
499 0.748793 0.344704 
500 0.485133 0.121399 
501 0.691571 0.144951 
502 0.894679 0.412783 
503 0.892739 0.573075 
504 0.394507 0.838702 
505 0.582984 0.882794 
506 0.502416 0.890519 
507 0.579287 0.921744 
508 0.551179 0.934742 
509 0.614226 0.500902 
510 0.568130 0.565080 
511 0.402662 0.560920 
512 0.540477 0.819807 
513 0.485493 0.724207 
514 0.316012 0.483023 
515 0.362908 0.323556 
516 0.349928 0.370804 
517 0.470304 0.356527 
518 0.617299 0.403464 
519 0.533676 0.373721 
520 0.640055 0.361129 
521 0.421671 0.205062 
522 0.473550 0.313635 
523 0.428102 0.291349 
524 0.495705 0.190259 
525 0.386056 0.231132 
526 0.494673 0.548451 
527 0.501203 0.421912 
528 0.417150 0.521682 
529 0.706100 0.413313 
530 0.736258 0.483231 
531 0.648089 0.196043 
532 0.713017 0.324577 
533 0.856790 0.543976 
534 0.409164 0.797699 
535 0.452791 0.898547 
536 0.520600 0.931088 
537 0.616276 0.452612 
538 0.544338 0.863174 
539 0.571742 0.791027 
540 0.587887 0.837965 
541 0.512723 0.706807 
542 0.315672 0.404699 
543 0.394818 0.352040 
544 0.639100 0.313747 
545 0.594491 0.365539 
546 0.455840 0.177258 
547 0.387999 0.193337 
548 0.515001 0.340507 
549 0.398782 0.315867 
550 0.527707 0.166196 
551 0.464426 0.218860 
552 0.489002 0.153079 
553 0.449862 0.542649 
554 0.534949 0.555793 
555 0.572761 0.527434 
556 0.468234 0.395960 
557 0.535185 0.410059 
558 0.380898 0.540611 
559 0.449882 0.494038 
560 0.381158 0.509592 
561 0.569737 0.177615 
562 0.421914 0.763521 
563 0.472695 0.824819 
564 0.573345 0.479977 
565 0.504384 0.843597 
566 0.559434 0.749526 
567 0.316880 0.442800 
568 0.656386 0.276147 
569 0.610684 0.336301 
570 0.556096 0.352173 
571 0.378622 0.278827 
572 0.478992 0.264690 
573 0.432171 0.374685 
574 0.574696 0.431451 
575 0.479644 0.459984 
576 0.353184 0.458332 
577 0.531332 0.196502 
578 0.450216 0.744399 
579 0.498947 0.802355 
580 0.436911 0.829606 
581 0.465614 0.859665 
582 0.490211 0.762184 
583 0.532323 0.512038 
584 0.520587 0.738541 
585 0.602480 0.217096 
586 0.582781 0.335256 
587 0.520897 0.295841 
588 0.465235 0.429531 
589 0.418819 0.483634 
590 0.355099 0.418197 
591 0.508763 0.226574 
592 0.530233 0.777240 
593 0.454395 0.785357 
594 0.526616 0.459679 
595 0.553533 0.220634 
596 0.613269 0.268722 
597 0.555911 0.315809 
598 0.379271 0.477496 
599 0.442657 0.453857 
600 0.394363 0.394844 
601 0.532715 0.257749 
602 0.596725 0.306457 
603 0.434440 0.415942 
604 0.399721 0.437399 
605 0.574242 0.249371 
606 0.565626 0.282325 
BC_Tag
1 93
2 15
3 10
4 5
5 2
6 101
7 101
8 101
9 101
10 101
11 21
12 21
13 21
14 21
15 21
16 21
17 21
18 21
19 21
20 21
21 21
22 21
23 21
24 21
25 21
26 21
27 21
28 21
29 21
30 16
31 16
32 16
33 16
34 16
35 16
36 16
37 16
38 16
39 16
40 16
41 16
42 16
43 16
44 16
45 16
46 16
47 16
48 16
49 11
50 11
51 11
52 11
53 11
54 11
55 11
56 11
57 11
58 11
59 11
60 11
61 11
62 11
63 11
64 11
65 11
66 11
67 11
68 6
69 6
70 6
71 6
72 6
73 6
74 6
75 6
76 6
77 6
78 6
79 6
80 6
81 39
82 39
83 39
84 39
85 39
86 39
87 39
88 39
89 39
90 39
91 39
92 39
93 39
94 39
95 39
96 39
97 39
98 39
99 39
100 39
101 39
102 39
103 39
104 39
105 39
106 39
107 39
108 39
109 39
110 39
111 39
112 39
113 39
114 39
115 39
116 39
117 39
118 39
119 39
120 39
121 39
122 39
123 39
124 39
125 39
126 39
127 39
128 39
129 39
130 39
131 39
132 39
133 39
134 39
135 39
136 39
137 39
138 39
139 39
140 39
141 39
142 39
143 39
144 39
145 39
146 39
147 39
148 39
149 39
150 39
151 39
152 39
153 39
154 39
155 39
156 39
157 39
158 39
159 39
160 39
161 39
162 39
163 39
164 39
165 39
166 39
167 39
168 39
169 39
170 39
171 39
172 39
173 39
174 39
175 39
176 39
177 39
178 39
179 39
180 39
181 39
182 39
183 39
184 39
185 39
186 39
187 39
188 39
189 39
190 39
191 39
192 39
193 39
194 39
195 39
196 39
197 39
198 39
199 39
200 39
201 39
202 39
203 39
204 39
205 39
206 39
207 39
208 39
209 39
210 39
211 39
212 39
213 39
214 39
215 39
216 39
217 39
218 39
219 39
220 39
221 39
222 39
223 39
224 39
225 39
226 39
227 39
228 39
229 39
230 39
231 39
232 39
233 39
234 39
235 39
236 39
237 39
238 39
239 39
240 39
241 39
242 39
243 39
244 39
245 39
246 39
247 39
248 39
249 39
250 39
251 39
252 39
253 39
254 39
255 39
256 39
257 39
258 39
259 39
260 39
261 39
262 39
263 39
264 39
265 39
266 39
267 39
268 39
269 39
270 39
271 39
272 39
273 39
274 39
275 39
276 39
277 39
278 39
279 39
280 39
281 39
282 39
283 39
284 39
285 39
286 39
287 39
288 39
289 39
290 39
291 39
292 39
293 39
294 39
295 39
296 39
297 39
298 39
299 39
300 39
301 39
302 39
303 39
304 39
305 39
306 39
307 39
308 39
309 39
310 39
311 39
312 39
313 39
314 39
315 39
316 39
317 39
318 39
319 39
320 39
321 39
322 39
323 39
324 39
325 39
326 39
327 39
328 39
329 39
330 39
331 39
332 39
333 39
334 39
335 39
336 39
337 39
338 39
339 39
340 39
341 39
342 39
343 39
344 39
345 39
346 39
347 39
348 39
349 39
350 39
351 39
352 39
353 39
354 39
355 39
356 39
357 39
358 39
359 39
360 39
361 39
362 39
363 39
364 39
365 39
366 39
367 39
368 39
369 39
370 39
371 39
372 39
373 39
374 39
375 39
376 39
377 39
378 39
379 39
380 39
381 39
382 39
383 39
384 39
385 39
386 39
387 39
388 39
389 39
390 39
391 39
392 39
393 39
394 39
395 39
396 39
397 39
398 39
399 39
400 39
401 39
402 39
403 39
404 39
405 39
406 39
407 39
408 39
409 39
410 39
411 39
412 39
413 39
414 39
415 39
416 39
417 39
418 39
419 39
420 39
421 39
422 39
423 39
424 39
425 39
426 39
427 39
428 39
429 39
430 39
431 39
432 39
433 39
434 39
435 39
436 39
437 39
438 39
439 39
440 39
441 39
442 39
443 39
444 39
445 39
446 39
447 39
448 39
449 39
450 39
451 39
452 39
453 39
454 39
455 39
456 39
457 39
458 39
459 39
460 39
461 39
462 39
463 39
464 39
465 39
466 39
467 39
468 39
469 39
470 39
471 39
472 39
473 39
474 39
475 39
476 39
477 39
478 39
479 39
480 39
481 39
482 39
483 39
484 39
485 39
486 39
487 39
488 39
489 39
490 39
491 39
492 39
493 39
494 39
495 39
496 39
497 39
498 39
499 39
500 39
501 39
502 39
503 39
504 39
505 39
506 39
507 39
508 39
509 39
510 39
511 39
512 39
513 39
514 39
515 39
516 39
517 39
518 39
519 39
520 39
521 39
522 39
523 39
524 39
525 39
526 39
527 39
528 39
529 39
530 39
531 39
532 39
533 39
534 39
535 39
536 39
537 39
538 39
539 39
540 39
541 39
542 39
543 39
544 39
545 39
546 39
547 39
548 39
549 39
550 39
551 39
552 39
553 39
554 39
555 39
556 39
557 39
558 39
559 39
560 39
561 39
562 39
563 39
564 39
565 39
566 39
567 39
568 39
569 39
570 39
571 39
572 39
573 39
574 39
575 39
576 39
577 39
578 39
579 39
580 39
581 39
582 39
583 39
584 39
585 39
586 39
587 39
588 39
589 39
590 39
591 39
592 39
593 39
594 39
595 39
596 39
597 39
598 39
599 39
600 39
601 39
602 39
603 39
604 39
605 39
606 39
BCelement14 0 
BCelement6 14 
46 
45 
99 
240 
117 
972 
57 
59 
123 
120 
928 
126 
256 
6 
BCelement24 0 
BCelement11 20 
5 
268 
129 
222 
111 
55 
53 
958 
110 
219 
375 
136 
936 
292 
290 
295 
156 
18 
24 
9 
