Edge min = 0.219244, max=0.456091, average=0.333035;
Grid_size 90
Node_size 56
Total_DOF 282
maxDOF 10
Solution_Order 
1 3 1 
 meshIEN 
29 4 16 
 29 23 4 
 30 1 24 
 30 10 1 
 31 14 3 
 31 3 18 
 32 2 12 
 32 17 2 
 34 33 41 
 35 9 10 
 9 35 36 
 36 11 9 
 41 35 37 
 17 32 38 
 38 18 17 
 39 13 14 
 39 33 13 
 40 29 16 
 15 34 40 
 40 16 15 
 41 36 35 
 11 36 42 
 42 12 11 
 42 32 12 
 43 24 23 
 43 40 37 
 43 30 24 
 43 37 30 
 29 40 43 
 23 29 43 
 45 41 33 
 45 42 36 
 36 41 45 
 46 38 32 
 46 44 38 
 46 45 44 
 42 45 46 
 32 42 46 
 13 33 34 
 34 15 13 
 30 37 35 
 35 10 30 
 37 40 34 
 34 41 37 
 31 44 39 
 39 14 31 
 38 44 31 
 31 18 38 
 45 33 39 
 39 44 45 
 1 10 47 
 47 6 1 
 47 20 6 
 10 9 48 
 48 19 20 
 49 21 19 
 9 11 49 
 11 12 50 
 50 22 21 
 50 49 11 
 21 49 50 
 51 2 5 
 12 2 51 
 51 5 22 
 51 50 12 
 22 50 51 
 48 20 47 
 47 10 48 
 49 19 48 
 48 9 49 
 3 14 52 
 52 7 3 
 52 26 7 
 14 13 53 
 53 25 26 
 54 27 25 
 13 15 54 
 15 16 55 
 55 28 27 
 55 54 15 
 27 54 55 
 56 4 8 
 16 4 56 
 56 8 28 
 56 55 16 
 28 55 56 
 53 26 52 
 52 14 53 
 54 25 53 
 53 13 54 
 solutionIEN 
29 4 16 92 91 76 75 89 90 223 
 29 23 4 94 93 84 83 91 92 224 
 30 1 24 98 97 88 87 95 96 225 
 30 10 1 100 99 58 57 97 98 226 
 31 14 3 104 103 68 67 101 102 227 
 31 3 18 102 101 82 81 105 106 228 
 32 2 12 110 109 66 65 107 108 229 
 32 17 2 112 111 78 77 109 110 230 
 34 33 41 118 117 159 160 119 120 231 
 35 9 10 122 121 60 59 123 124 232 
 9 35 36 121 122 125 126 128 127 233 
 36 11 9 130 129 62 61 127 128 234 
 41 35 37 162 161 135 136 134 133 235 
 17 32 38 111 112 139 140 138 137 236 
 38 18 17 142 141 80 79 137 138 237 
 39 13 14 146 145 70 69 143 144 238 
 39 33 13 148 147 114 113 145 146 239 
 40 29 16 152 151 90 89 149 150 240 
 15 34 40 115 116 155 156 154 153 241 
 40 16 15 150 149 74 73 153 154 242 
 41 36 35 164 163 126 125 161 162 243 
 11 36 42 129 130 167 168 166 165 244 
 42 12 11 170 169 64 63 165 166 245 
 42 32 12 172 171 108 107 169 170 246 
 43 24 23 176 175 86 85 173 174 247 
 43 40 37 180 179 158 157 177 178 248 
 43 30 24 182 181 96 95 175 176 249 
 43 37 30 178 177 132 131 181 182 250 
 29 40 43 151 152 179 180 184 183 251 
 23 29 43 93 94 183 184 174 173 252 
 45 41 33 196 195 160 159 193 194 253 
 45 42 36 200 199 168 167 197 198 254 
 36 41 45 163 164 195 196 198 197 255 
 46 38 32 204 203 140 139 201 202 256 
 46 44 38 206 205 190 189 203 204 257 
 46 45 44 208 207 192 191 205 206 258 
 42 45 46 199 200 207 208 210 209 259 
 32 42 46 171 172 209 210 202 201 260 
 13 33 34 113 114 117 118 212 211 261 
 34 15 13 116 115 72 71 211 212 262 
 30 37 35 131 132 136 135 214 213 263 
 35 10 30 124 123 99 100 213 214 264 
 37 40 34 157 158 156 155 216 215 265 
 34 41 37 120 119 133 134 215 216 266 
 31 44 39 187 188 186 185 218 217 267 
 39 14 31 144 143 103 104 217 218 268 
 38 44 31 189 190 188 187 220 219 269 
 31 18 38 106 105 141 142 219 220 270 
 45 33 39 194 193 147 148 222 221 271 
 39 44 45 185 186 191 192 221 222 272 
 1 10 47 57 58 273 0 0 0 0 
 47 6 1 0 0 0 0 0 0 0 
 47 20 6 0 0 0 0 0 0 0 
 10 9 48 59 60 274 0 0 0 0 
 48 19 20 0 0 0 0 0 0 0 
 49 21 19 0 0 0 0 0 0 0 
 9 11 49 61 62 275 0 0 0 0 
 11 12 50 63 64 276 0 0 0 0 
 50 22 21 0 0 0 0 0 0 0 
 50 49 11 0 0 0 0 0 0 0 
 21 49 50 0 0 0 0 0 0 0 
 51 2 5 0 0 0 0 0 0 0 
 12 2 51 65 66 277 0 0 0 0 
 51 5 22 0 0 0 0 0 0 0 
 51 50 12 0 0 0 0 0 0 0 
 22 50 51 0 0 0 0 0 0 0 
 48 20 47 0 0 0 0 0 0 0 
 47 10 48 0 0 0 0 0 0 0 
 49 19 48 0 0 0 0 0 0 0 
 48 9 49 0 0 0 0 0 0 0 
 3 14 52 67 68 278 0 0 0 0 
 52 7 3 0 0 0 0 0 0 0 
 52 26 7 0 0 0 0 0 0 0 
 14 13 53 69 70 279 0 0 0 0 
 53 25 26 0 0 0 0 0 0 0 
 54 27 25 0 0 0 0 0 0 0 
 13 15 54 71 72 280 0 0 0 0 
 15 16 55 73 74 281 0 0 0 0 
 55 28 27 0 0 0 0 0 0 0 
 55 54 15 0 0 0 0 0 0 0 
 27 54 55 0 0 0 0 0 0 0 
 56 4 8 0 0 0 0 0 0 0 
 16 4 56 75 76 282 0 0 0 0 
 56 8 28 0 0 0 0 0 0 0 
 56 55 16 0 0 0 0 0 0 0 
 28 55 56 0 0 0 0 0 0 0 
 53 26 52 0 0 0 0 0 0 0 
 52 14 53 0 0 0 0 0 0 0 
 54 25 53 0 0 0 0 0 0 0 
 53 13 54 0 0 0 0 0 0 0 
 solutionOrder 
3 3 3 3 
 3 3 3 3 
 3 3 3 3 
 3 3 3 3 
 3 3 3 3 
 3 3 3 3 
 3 3 3 3 
 3 3 3 3 
 3 3 3 3 
 3 3 3 3 
 3 3 3 3 
 3 3 3 3 
 3 3 3 3 
 3 3 3 3 
 3 3 3 3 
 3 3 3 3 
 3 3 3 3 
 3 3 3 3 
 3 3 3 3 
 3 3 3 3 
 3 3 3 3 
 3 3 3 3 
 3 3 3 3 
 3 3 3 3 
 3 3 3 3 
 3 3 3 3 
 3 3 3 3 
 3 3 3 3 
 3 3 3 3 
 3 3 3 3 
 3 3 3 3 
 3 3 3 3 
 3 3 3 3 
 3 3 3 3 
 3 3 3 3 
 3 3 3 3 
 3 3 3 3 
 3 3 3 3 
 3 3 3 3 
 3 3 3 3 
 3 3 3 3 
 3 3 3 3 
 3 3 3 3 
 3 3 3 3 
 3 3 3 3 
 3 3 3 3 
 3 3 3 3 
 3 3 3 3 
 3 3 3 3 
 3 3 3 3 
 3 1 1 3 
 1 1 1 1 
 1 1 1 1 
 3 1 1 3 
 1 1 1 1 
 1 1 1 1 
 3 1 1 3 
 3 1 1 3 
 1 1 1 1 
 1 1 1 1 
 1 1 1 1 
 1 1 1 1 
 3 1 1 3 
 1 1 1 1 
 1 1 1 1 
 1 1 1 1 
 1 1 1 1 
 1 1 1 1 
 1 1 1 1 
 1 1 1 1 
 3 1 1 3 
 1 1 1 1 
 1 1 1 1 
 3 1 1 3 
 1 1 1 1 
 1 1 1 1 
 3 1 1 3 
 3 1 1 3 
 1 1 1 1 
 1 1 1 1 
 1 1 1 1 
 1 1 1 1 
 3 1 1 3 
 1 1 1 1 
 1 1 1 1 
 1 1 1 1 
 1 1 1 1 
 1 1 1 1 
 1 1 1 1 
 1 1 1 1 
 vertexCoord 
-0.600000 -1.000000 
 -0.600000 1.000000 
 0.600000 1.000000 
 0.600000 -1.000000 
 -1.000000 1.000000 
 -1.000000 -1.000000 
 1.000000 1.000000 
 1.000000 -1.000000 
 -0.600000 -0.199599 
 -0.600000 -0.599799 
 -0.600000 0.200277 
 -0.600000 0.600138 
 0.600000 0.199599 
 0.600000 0.599799 
 0.600000 -0.200304 
 0.600000 -0.600152 
 -0.200098 1.000000 
 0.199805 1.000000 
 -1.000000 -0.199599 
 -1.000000 -0.599609 
 -1.000000 0.200277 
 -1.000000 0.600138 
 0.200391 -1.000000 
 -0.199805 -1.000000 
 1.000000 0.199599 
 1.000000 0.599609 
 1.000000 -0.200277 
 1.000000 -0.600138 
 0.353129 -0.762390 
 -0.290651 -0.696473 
 0.309586 0.730052 
 -0.305331 0.727343 
 0.244290 0.147633 
 0.290719 -0.135610 
 -0.302639 -0.317326 
 -0.305035 0.061676 
 -0.006361 -0.407169 
 0.003220 0.766270 
 0.328304 0.430220 
 0.310731 -0.478000 
 -0.010468 -0.057374 
 -0.317280 0.410760 
 0.061239 -0.724005 
 0.109560 0.560334 
 0.016217 0.306551 
 -0.109530 0.568579 
 -0.800000 -0.717077 
 -0.800000 -0.385520 
 -0.800000 0.002563 
 -0.800000 0.387254 
 -0.800000 0.717506 
 0.800000 0.717076 
 0.800000 0.385517 
 0.800000 -0.002581 
 0.800000 -0.387266 
 0.800000 -0.717511 
 bc_tag 
147 
141 
78 
71 
5 
2 
16 
18 
153 
153 
153 
153 
85 
85 
85 
85 
142 
142 
6 
6 
6 
6 
72 
72 
14 
14 
14 
14 
156 
156 
156 
156 
156 
156 
156 
156 
156 
156 
156 
156 
156 
156 
156 
156 
156 
156 
88 
88 
88 
88 
88 
26 
26 
26 
26 
26 
153 
153 
153 
153 
153 
153 
153 
153 
153 
153 
85 
85 
85 
85 
85 
85 
85 
85 
85 
85 
142 
142 
142 
142 
142 
142 
72 
72 
72 
72 
72 
72 
156 
156 
156 
156 
156 
156 
156 
156 
156 
156 
156 
156 
156 
156 
156 
156 
156 
156 
156 
156 
156 
156 
156 
156 
156 
156 
156 
156 
156 
156 
156 
156 
156 
156 
156 
156 
156 
156 
156 
156 
156 
156 
156 
156 
156 
156 
156 
156 
156 
156 
156 
156 
156 
156 
156 
156 
156 
156 
156 
156 
156 
156 
156 
156 
156 
156 
156 
156 
156 
156 
156 
156 
156 
156 
156 
156 
156 
156 
156 
156 
156 
156 
156 
156 
156 
156 
156 
156 
156 
156 
156 
156 
156 
156 
156 
156 
156 
156 
156 
156 
156 
156 
156 
156 
156 
156 
156 
156 
156 
156 
156 
156 
156 
156 
156 
156 
156 
156 
156 
156 
156 
156 
156 
156 
156 
156 
156 
156 
156 
156 
156 
156 
156 
156 
156 
156 
156 
156 
156 
156 
156 
156 
156 
156 
156 
156 
156 
156 
156 
156 
156 
156 
156 
156 
156 
156 
156 
156 
156 
156 
156 
156 
156 
156 
156 
156 
156 
156 
156 
156 
156 
156 
156 
156 
156 
156 
156 
156 
156 
156 
156 
156 
156 
156 
88 
88 
88 
88 
88 
26 
26 
26 
26 
26 
