Edge min = 0.103252, max=0.239766, average=0.187516;
Grid_size 268
Node_size 155
Total_DOF 943
maxDOF 10
Solution_Order 
1 3 1 
 meshIEN 
59 4 26 
 59 45 4 
 60 59 26 
 62 1 48 
 62 11 1 
 65 20 3 
 65 3 32 
 66 17 16 
 67 2 17 
 67 29 2 
 17 66 67 
 68 25 23 
 69 46 45 
 70 47 44 
 71 10 11 
 11 62 71 
 71 62 61 
 78 70 44 
 46 69 78 
 78 44 46 
 10 71 79 
 79 12 10 
 80 24 18 
 82 13 12 
 83 82 72 
 13 82 83 
 83 9 13 
 73 86 87 
 87 84 72 
 89 88 74 
 74 88 90 
 19 92 93 
 93 21 19 
 75 92 94 
 95 91 64 
 63 81 96 
 96 84 63 
 76 96 97 
 97 96 81 
 98 96 76 
 84 96 98 
 64 91 102 
 102 99 64 
 103 102 101 
 99 102 103 
 76 99 103 
 104 81 63 
 63 86 104 
 105 80 118 
 105 104 77 
 81 104 105 
 77 104 106 
 106 104 86 
 107 68 23 
 107 105 77 
 80 105 107 
 24 80 107 
 107 23 24 
 68 107 108 
 108 107 77 
 109 18 22 
 70 78 110 
 110 85 61 
 61 70 110 
 111 79 71 
 61 85 111 
 111 71 61 
 111 85 73 
 79 111 112 
 112 111 73 
 73 87 112 
 112 87 72 
 72 82 112 
 28 89 113 
 113 31 28 
 101 102 114 
 114 102 91 
 114 91 74 
 74 90 114 
 21 93 115 
 115 22 21 
 91 95 116 
 117 99 76 
 76 97 117 
 119 83 72 
 84 98 119 
 72 84 119 
 120 15 9 
 120 100 15 
 121 16 14 
 122 78 69 
 122 110 78 
 68 108 123 
 60 68 123 
 31 113 124 
 124 32 31 
 124 65 32 
 124 94 65 
 124 116 94 
 125 90 66 
 125 114 90 
 125 121 101 
 101 114 125 
 126 89 74 
 126 113 89 
 91 116 126 
 74 91 126 
 75 95 127 
 118 109 128 
 97 118 128 
 128 117 97 
 129 119 98 
 76 103 129 
 129 98 76 
 83 119 130 
 119 129 130 
 131 122 69 
 60 123 131 
 132 108 77 
 122 131 132 
 106 122 132 
 77 106 132 
 132 123 108 
 132 131 123 
 110 122 133 
 133 122 106 
 85 110 133 
 73 85 133 
 134 115 93 
 134 128 115 
 75 127 134 
 101 100 135 
 135 130 129 
 135 103 101 
 135 129 103 
 120 130 135 
 100 120 135 
 69 45 59 
 48 47 70 
 70 61 62 
 62 48 70 
 67 66 90 
 25 68 60 
 60 26 25 
 131 69 59 
 59 60 131 
 109 118 80 
 80 18 109 
 87 86 63 
 63 84 87 
 88 30 29 
 92 19 20 
 118 97 81 
 14 15 100 
 133 106 86 
 86 73 133 
 79 112 82 
 82 12 79 
 127 95 64 
 121 125 66 
 66 16 121 
 117 128 134 
 134 127 117 
 115 128 109 
 109 22 115 
 83 130 120 
 120 9 83 
 65 94 92 
 92 20 65 
 67 90 88 
 88 29 67 
 89 28 30 
 30 88 89 
 93 92 75 
 75 134 93 
 100 101 121 
 121 14 100 
 94 116 95 
 95 75 94 
 99 117 127 
 127 64 99 
 113 126 116 
 116 124 113 
 118 81 105 
 1 11 136 
 136 49 1 
 136 6 49 
 136 36 6 
 11 10 137 
 36 136 137 
 137 35 36 
 138 38 37 
 12 13 138 
 9 15 139 
 14 16 140 
 140 41 39 
 141 27 5 
 141 5 42 
 17 2 141 
 141 2 27 
 142 138 37 
 12 138 142 
 35 137 142 
 142 37 35 
 142 137 10 
 10 12 142 
 143 138 13 
 38 138 143 
 9 139 143 
 13 9 143 
 143 34 38 
 143 139 34 
 144 140 39 
 14 140 144 
 40 139 144 
 144 39 40 
 144 139 15 
 15 14 144 
 145 140 16 
 41 140 145 
 17 141 145 
 16 17 145 
 145 42 41 
 145 141 42 
 136 11 137 
 40 34 139 
 3 20 146 
 146 33 3 
 146 7 33 
 146 52 7 
 20 19 147 
 52 146 147 
 147 51 52 
 148 54 53 
 21 22 148 
 18 24 149 
 23 25 150 
 150 57 55 
 151 43 8 
 151 8 58 
 26 4 151 
 151 4 43 
 152 148 53 
 21 148 152 
 51 147 152 
 152 53 51 
 152 147 19 
 19 21 152 
 153 148 22 
 54 148 153 
 18 149 153 
 22 18 153 
 153 50 54 
 153 149 50 
 154 150 55 
 23 150 154 
 56 149 154 
 154 55 56 
 154 149 24 
 24 23 154 
 155 150 25 
 57 150 155 
 26 151 155 
 25 26 155 
 155 58 57 
 155 151 58 
 146 20 147 
 56 50 149 
 solutionIEN 
59 4 26 223 222 195 194 220 221 740 
 59 45 4 225 224 209 208 222 223 741 
 60 59 26 227 226 221 220 228 229 742 
 62 1 48 233 232 219 218 230 231 743 
 62 11 1 235 234 157 156 232 233 744 
 65 20 3 239 238 177 176 242 243 745 
 65 3 32 243 242 207 206 240 241 746 
 66 17 16 247 246 173 172 244 245 747 
 67 2 17 251 250 175 174 248 249 748 
 67 29 2 253 252 197 196 250 251 749 
 17 66 67 246 247 254 255 249 248 750 
 68 25 23 259 258 191 190 256 257 751 
 69 46 45 263 262 211 210 264 265 752 
 70 47 44 269 268 215 214 266 267 753 
 71 10 11 273 272 159 158 274 275 754 
 11 62 71 234 235 278 279 275 274 755 
 71 62 61 279 278 237 236 276 277 756 
 78 70 44 283 282 267 266 280 281 757 
 46 69 78 262 263 286 287 285 284 758 
 78 44 46 281 280 213 212 284 285 759 
 10 71 79 272 273 290 291 289 288 760 
 79 12 10 293 292 161 160 288 289 761 
 80 24 18 297 296 187 186 298 299 762 
 82 13 12 303 302 163 162 306 307 763 
 83 82 72 311 310 305 304 308 309 764 
 13 82 83 302 303 310 311 315 314 765 
 83 9 13 313 312 165 164 314 315 766 
 73 86 87 326 327 330 331 329 328 767 
 87 84 72 335 334 319 318 332 333 768 
 89 88 74 345 344 339 338 342 343 769 
 74 88 90 338 339 348 349 347 346 770 
 19 92 93 356 357 362 363 365 364 771 
 93 21 19 361 360 181 180 364 365 772 
 75 92 94 358 359 368 369 367 366 773 
 95 91 64 375 374 353 352 372 373 774 
 63 81 96 300 301 380 381 379 378 775 
 96 84 63 385 384 317 316 378 379 776 
 76 96 97 382 383 390 391 389 388 777 
 97 96 81 391 390 381 380 386 387 778 
 98 96 76 395 394 383 382 392 393 779 
 84 96 98 384 385 394 395 397 396 780 
 64 91 102 352 353 408 409 407 406 781 
 102 99 64 411 410 399 398 406 407 782 
 103 102 101 419 418 413 412 416 417 783 
 99 102 103 410 411 418 419 421 420 784 
 76 99 103 400 401 420 421 415 414 785 
 104 81 63 425 424 301 300 422 423 786 
 63 86 104 324 325 426 427 423 422 787 
 105 80 118 431 430 295 294 738 739 788 
 105 104 77 435 434 429 428 432 433 789 
 81 104 105 424 425 434 435 437 436 790 
 77 104 106 428 429 442 443 441 440 791 
 106 104 86 443 442 427 426 438 439 792 
 107 68 23 447 446 257 256 444 445 793 
 107 105 77 451 450 433 432 448 449 794 
 80 105 107 430 431 450 451 453 452 795 
 24 80 107 296 297 452 453 455 454 796 
 107 23 24 445 444 189 188 454 455 797 
 68 107 108 446 447 458 459 457 456 798 
 108 107 77 459 458 449 448 460 461 799 
 109 18 22 465 464 185 184 462 463 800 
 70 78 110 282 283 470 471 469 468 801 
 110 85 61 475 474 321 320 472 473 802 
 61 70 110 270 271 468 469 473 472 803 
 111 79 71 479 478 291 290 476 477 804 
 61 85 111 320 321 482 483 481 480 805 
 111 71 61 477 476 277 276 480 481 806 
 111 85 73 483 482 323 322 484 485 807 
 79 111 112 478 479 488 489 487 486 808 
 112 111 73 489 488 485 484 492 493 809 
 73 87 112 328 329 494 495 493 492 810 
 112 87 72 495 494 333 332 496 497 811 
 72 82 112 304 305 490 491 497 496 812 
 28 89 113 340 341 500 501 499 498 813 
 113 31 28 503 502 203 202 498 499 814 
 101 102 114 412 413 506 507 505 504 815 
 114 102 91 507 506 409 408 508 509 816 
 114 91 74 509 508 355 354 512 513 817 
 74 90 114 346 347 510 511 513 512 818 
 21 93 115 360 361 516 517 515 514 819 
 115 22 21 519 518 183 182 514 515 820 
 91 95 116 374 375 522 523 521 520 821 
 117 99 76 527 526 401 400 528 529 822 
 76 97 117 388 389 530 531 529 528 823 
 119 83 72 537 536 309 308 534 535 824 
 84 98 119 396 397 538 539 541 540 825 
 72 84 119 318 319 540 541 535 534 826 
 120 15 9 545 544 167 166 542 543 827 
 120 100 15 547 546 403 402 544 545 828 
 121 16 14 553 552 171 170 548 549 829 
 122 78 69 559 558 287 286 554 555 830 
 122 110 78 561 560 471 470 558 559 831 
 68 108 123 456 457 564 565 563 562 832 
 60 68 123 260 261 562 563 567 566 833 
 31 113 124 502 503 570 571 569 568 834 
 124 32 31 575 574 205 204 568 569 835 
 124 65 32 577 576 241 240 574 575 836 
 124 94 65 579 578 371 370 576 577 837 
 124 116 94 573 572 525 524 578 579 838 
 125 90 66 585 584 351 350 580 581 839 
 125 114 90 587 586 511 510 584 585 840 
 125 121 101 583 582 551 550 588 589 841 
 101 114 125 504 505 586 587 589 588 842 
 126 89 74 593 592 343 342 590 591 843 
 126 113 89 595 594 501 500 592 593 844 
 91 116 126 520 521 598 599 597 596 845 
 74 91 126 354 355 596 597 591 590 846 
 75 95 127 376 377 600 601 605 604 847 
 118 109 128 466 467 610 611 613 612 848 
 97 118 128 532 533 612 613 615 614 849 
 128 117 97 609 608 531 530 614 615 850 
 129 119 98 619 618 539 538 616 617 851 
 76 103 129 414 415 620 621 623 622 852 
 129 98 76 617 616 393 392 622 623 853 
 83 119 130 536 537 626 627 625 624 854 
 119 129 130 618 619 628 629 627 626 855 
 131 122 69 637 636 555 554 634 635 856 
 60 123 131 566 567 638 639 633 632 857 
 132 108 77 643 642 461 460 640 641 858 
 122 131 132 636 637 646 647 645 644 859 
 106 122 132 556 557 644 645 649 648 860 
 77 106 132 440 441 648 649 641 640 861 
 132 123 108 651 650 565 564 642 643 862 
 132 131 123 647 646 639 638 650 651 863 
 110 122 133 560 561 654 655 653 652 864 
 133 122 106 655 654 557 556 658 659 865 
 85 110 133 474 475 652 653 661 660 866 
 73 85 133 322 323 660 661 657 656 867 
 134 115 93 665 664 517 516 662 663 868 
 134 128 115 667 666 607 606 664 665 869 
 75 127 134 604 605 668 669 671 670 870 
 101 100 135 405 404 674 675 673 672 871 
 135 130 129 679 678 629 628 676 677 872 
 135 103 101 681 680 417 416 672 673 873 
 135 129 103 677 676 621 620 680 681 874 
 120 130 135 630 631 678 679 683 682 875 
 100 120 135 546 547 682 683 675 674 876 
 69 45 59 265 264 224 225 684 685 877 
 48 47 70 217 216 268 269 686 687 878 
 70 61 62 271 270 236 237 689 688 879 
 62 48 70 231 230 687 686 688 689 880 
 67 66 90 255 254 350 351 691 690 881 
 25 68 60 258 259 261 260 693 692 882 
 60 26 25 229 228 193 192 692 693 883 
 131 69 59 635 634 685 684 695 694 884 
 59 60 131 226 227 632 633 694 695 885 
 109 118 80 467 466 294 295 697 696 886 
 80 18 109 299 298 464 465 696 697 887 
 87 86 63 331 330 325 324 699 698 888 
 63 84 87 316 317 334 335 698 699 889 
 88 30 29 337 336 199 198 700 701 890 
 92 19 20 357 356 179 178 702 703 891 
 118 97 81 533 532 387 386 705 704 892 
 14 15 100 169 168 402 403 706 707 893 
 133 106 86 659 658 439 438 709 708 894 
 86 73 133 327 326 656 657 708 709 895 
 79 112 82 486 487 491 490 711 710 896 
 82 12 79 307 306 292 293 710 711 897 
 127 95 64 601 600 373 372 712 713 898 
 121 125 66 582 583 581 580 715 714 899 
 66 16 121 245 244 552 553 714 715 900 
 117 128 134 608 609 666 667 717 716 901 
 134 127 117 669 668 603 602 716 717 902 
 115 128 109 606 607 611 610 719 718 903 
 109 22 115 463 462 518 519 718 719 904 
 83 130 120 624 625 631 630 721 720 905 
 120 9 83 543 542 312 313 720 721 906 
 65 94 92 370 371 369 368 723 722 907 
 92 20 65 703 702 238 239 722 723 908 
 67 90 88 690 691 349 348 725 724 909 
 88 29 67 701 700 252 253 724 725 910 
 89 28 30 341 340 201 200 727 726 911 
 30 88 89 336 337 344 345 726 727 912 
 93 92 75 363 362 359 358 729 728 913 
 75 134 93 670 671 663 662 728 729 914 
 100 101 121 404 405 550 551 731 730 915 
 121 14 100 549 548 707 706 730 731 916 
 94 116 95 524 525 523 522 733 732 917 
 95 75 94 377 376 366 367 732 733 918 
 99 117 127 526 527 602 603 735 734 919 
 127 64 99 713 712 398 399 734 735 920 
 113 126 116 594 595 599 598 737 736 921 
 116 124 113 572 573 571 570 736 737 922 
 118 81 105 704 705 436 437 739 738 923 
 1 11 136 156 157 924 0 0 0 0 
 136 49 1 0 0 0 0 0 0 0 
 136 6 49 0 0 0 0 0 0 0 
 136 36 6 0 0 0 0 0 0 0 
 11 10 137 158 159 925 0 0 0 0 
 36 136 137 0 0 0 0 0 0 0 
 137 35 36 0 0 0 0 0 0 0 
 138 38 37 0 0 0 0 0 0 0 
 12 13 138 162 163 926 0 0 0 0 
 9 15 139 166 167 927 0 0 0 0 
 14 16 140 170 171 928 0 0 0 0 
 140 41 39 0 0 0 0 0 0 0 
 141 27 5 0 0 0 0 0 0 0 
 141 5 42 0 0 0 0 0 0 0 
 17 2 141 174 175 929 0 0 0 0 
 141 2 27 0 0 0 0 0 0 0 
 142 138 37 0 0 0 0 0 0 0 
 12 138 142 0 0 0 0 0 0 0 
 35 137 142 0 0 0 0 0 0 0 
 142 37 35 0 0 0 0 0 0 0 
 142 137 10 0 0 0 0 0 0 0 
 10 12 142 160 161 930 0 0 0 0 
 143 138 13 0 0 0 0 0 0 0 
 38 138 143 0 0 0 0 0 0 0 
 9 139 143 0 0 0 0 0 0 0 
 13 9 143 164 165 931 0 0 0 0 
 143 34 38 0 0 0 0 0 0 0 
 143 139 34 0 0 0 0 0 0 0 
 144 140 39 0 0 0 0 0 0 0 
 14 140 144 0 0 0 0 0 0 0 
 40 139 144 0 0 0 0 0 0 0 
 144 39 40 0 0 0 0 0 0 0 
 144 139 15 0 0 0 0 0 0 0 
 15 14 144 168 169 932 0 0 0 0 
 145 140 16 0 0 0 0 0 0 0 
 41 140 145 0 0 0 0 0 0 0 
 17 141 145 0 0 0 0 0 0 0 
 16 17 145 172 173 933 0 0 0 0 
 145 42 41 0 0 0 0 0 0 0 
 145 141 42 0 0 0 0 0 0 0 
 136 11 137 0 0 0 0 0 0 0 
 40 34 139 0 0 0 0 0 0 0 
 3 20 146 176 177 934 0 0 0 0 
 146 33 3 0 0 0 0 0 0 0 
 146 7 33 0 0 0 0 0 0 0 
 146 52 7 0 0 0 0 0 0 0 
 20 19 147 178 179 935 0 0 0 0 
 52 146 147 0 0 0 0 0 0 0 
 147 51 52 0 0 0 0 0 0 0 
 148 54 53 0 0 0 0 0 0 0 
 21 22 148 182 183 936 0 0 0 0 
 18 24 149 186 187 937 0 0 0 0 
 23 25 150 190 191 938 0 0 0 0 
 150 57 55 0 0 0 0 0 0 0 
 151 43 8 0 0 0 0 0 0 0 
 151 8 58 0 0 0 0 0 0 0 
 26 4 151 194 195 939 0 0 0 0 
 151 4 43 0 0 0 0 0 0 0 
 152 148 53 0 0 0 0 0 0 0 
 21 148 152 0 0 0 0 0 0 0 
 51 147 152 0 0 0 0 0 0 0 
 152 53 51 0 0 0 0 0 0 0 
 152 147 19 0 0 0 0 0 0 0 
 19 21 152 180 181 940 0 0 0 0 
 153 148 22 0 0 0 0 0 0 0 
 54 148 153 0 0 0 0 0 0 0 
 18 149 153 0 0 0 0 0 0 0 
 22 18 153 184 185 941 0 0 0 0 
 153 50 54 0 0 0 0 0 0 0 
 153 149 50 0 0 0 0 0 0 0 
 154 150 55 0 0 0 0 0 0 0 
 23 150 154 0 0 0 0 0 0 0 
 56 149 154 0 0 0 0 0 0 0 
 154 55 56 0 0 0 0 0 0 0 
 154 149 24 0 0 0 0 0 0 0 
 24 23 154 188 189 942 0 0 0 0 
 155 150 25 0 0 0 0 0 0 0 
 57 150 155 0 0 0 0 0 0 0 
 26 151 155 0 0 0 0 0 0 0 
 25 26 155 192 193 943 0 0 0 0 
 155 58 57 0 0 0 0 0 0 0 
 155 151 58 0 0 0 0 0 0 0 
 146 20 147 0 0 0 0 0 0 0 
 56 50 149 0 0 0 0 0 0 0 
 solutionOrder 
3 3 3 3 
 3 3 3 3 
 3 3 3 3 
 3 3 3 3 
 3 3 3 3 
 3 3 3 3 
 3 3 3 3 
 3 3 3 3 
 3 3 3 3 
 3 3 3 3 
 3 3 3 3 
 3 3 3 3 
 3 3 3 3 
 3 3 3 3 
 3 3 3 3 
 3 3 3 3 
 3 3 3 3 
 3 3 3 3 
 3 3 3 3 
 3 3 3 3 
 3 3 3 3 
 3 3 3 3 
 3 3 3 3 
 3 3 3 3 
 3 3 3 3 
 3 3 3 3 
 3 3 3 3 
 3 3 3 3 
 3 3 3 3 
 3 3 3 3 
 3 3 3 3 
 3 3 3 3 
 3 3 3 3 
 3 3 3 3 
 3 3 3 3 
 3 3 3 3 
 3 3 3 3 
 3 3 3 3 
 3 3 3 3 
 3 3 3 3 
 3 3 3 3 
 3 3 3 3 
 3 3 3 3 
 3 3 3 3 
 3 3 3 3 
 3 3 3 3 
 3 3 3 3 
 3 3 3 3 
 3 3 3 3 
 3 3 3 3 
 3 3 3 3 
 3 3 3 3 
 3 3 3 3 
 3 3 3 3 
 3 3 3 3 
 3 3 3 3 
 3 3 3 3 
 3 3 3 3 
 3 3 3 3 
 3 3 3 3 
 3 3 3 3 
 3 3 3 3 
 3 3 3 3 
 3 3 3 3 
 3 3 3 3 
 3 3 3 3 
 3 3 3 3 
 3 3 3 3 
 3 3 3 3 
 3 3 3 3 
 3 3 3 3 
 3 3 3 3 
 3 3 3 3 
 3 3 3 3 
 3 3 3 3 
 3 3 3 3 
 3 3 3 3 
 3 3 3 3 
 3 3 3 3 
 3 3 3 3 
 3 3 3 3 
 3 3 3 3 
 3 3 3 3 
 3 3 3 3 
 3 3 3 3 
 3 3 3 3 
 3 3 3 3 
 3 3 3 3 
 3 3 3 3 
 3 3 3 3 
 3 3 3 3 
 3 3 3 3 
 3 3 3 3 
 3 3 3 3 
 3 3 3 3 
 3 3 3 3 
 3 3 3 3 
 3 3 3 3 
 3 3 3 3 
 3 3 3 3 
 3 3 3 3 
 3 3 3 3 
 3 3 3 3 
 3 3 3 3 
 3 3 3 3 
 3 3 3 3 
 3 3 3 3 
 3 3 3 3 
 3 3 3 3 
 3 3 3 3 
 3 3 3 3 
 3 3 3 3 
 3 3 3 3 
 3 3 3 3 
 3 3 3 3 
 3 3 3 3 
 3 3 3 3 
 3 3 3 3 
 3 3 3 3 
 3 3 3 3 
 3 3 3 3 
 3 3 3 3 
 3 3 3 3 
 3 3 3 3 
 3 3 3 3 
 3 3 3 3 
 3 3 3 3 
 3 3 3 3 
 3 3 3 3 
 3 3 3 3 
 3 3 3 3 
 3 3 3 3 
 3 3 3 3 
 3 3 3 3 
 3 3 3 3 
 3 3 3 3 
 3 3 3 3 
 3 3 3 3 
 3 3 3 3 
 3 3 3 3 
 3 3 3 3 
 3 3 3 3 
 3 3 3 3 
 3 3 3 3 
 3 3 3 3 
 3 3 3 3 
 3 3 3 3 
 3 3 3 3 
 3 3 3 3 
 3 3 3 3 
 3 3 3 3 
 3 3 3 3 
 3 3 3 3 
 3 3 3 3 
 3 3 3 3 
 3 3 3 3 
 3 3 3 3 
 3 3 3 3 
 3 3 3 3 
 3 3 3 3 
 3 3 3 3 
 3 3 3 3 
 3 3 3 3 
 3 3 3 3 
 3 3 3 3 
 3 3 3 3 
 3 3 3 3 
 3 3 3 3 
 3 3 3 3 
 3 3 3 3 
 3 3 3 3 
 3 3 3 3 
 3 3 3 3 
 3 3 3 3 
 3 3 3 3 
 3 3 3 3 
 3 3 3 3 
 3 3 3 3 
 3 3 3 3 
 3 3 3 3 
 3 3 3 3 
 3 3 3 3 
 3 3 3 3 
 3 3 3 3 
 3 1 1 3 
 1 1 1 1 
 1 1 1 1 
 1 1 1 1 
 3 1 1 3 
 1 1 1 1 
 1 1 1 1 
 1 1 1 1 
 3 1 1 3 
 3 1 1 3 
 3 1 1 3 
 1 1 1 1 
 1 1 1 1 
 1 1 1 1 
 3 1 1 3 
 1 1 1 1 
 1 1 1 1 
 1 1 1 1 
 1 1 1 1 
 1 1 1 1 
 1 1 1 1 
 3 1 1 3 
 1 1 1 1 
 1 1 1 1 
 1 1 1 1 
 3 1 1 3 
 1 1 1 1 
 1 1 1 1 
 1 1 1 1 
 1 1 1 1 
 1 1 1 1 
 1 1 1 1 
 1 1 1 1 
 3 1 1 3 
 1 1 1 1 
 1 1 1 1 
 1 1 1 1 
 3 1 1 3 
 1 1 1 1 
 1 1 1 1 
 1 1 1 1 
 1 1 1 1 
 3 1 1 3 
 1 1 1 1 
 1 1 1 1 
 1 1 1 1 
 3 1 1 3 
 1 1 1 1 
 1 1 1 1 
 1 1 1 1 
 3 1 1 3 
 3 1 1 3 
 3 1 1 3 
 1 1 1 1 
 1 1 1 1 
 1 1 1 1 
 3 1 1 3 
 1 1 1 1 
 1 1 1 1 
 1 1 1 1 
 1 1 1 1 
 1 1 1 1 
 1 1 1 1 
 3 1 1 3 
 1 1 1 1 
 1 1 1 1 
 1 1 1 1 
 3 1 1 3 
 1 1 1 1 
 1 1 1 1 
 1 1 1 1 
 1 1 1 1 
 1 1 1 1 
 1 1 1 1 
 1 1 1 1 
 3 1 1 3 
 1 1 1 1 
 1 1 1 1 
 1 1 1 1 
 3 1 1 3 
 1 1 1 1 
 1 1 1 1 
 1 1 1 1 
 1 1 1 1 
 vertexCoord 
-0.600000 -1.000000 
 -0.600000 1.000000 
 0.600000 1.000000 
 0.600000 -1.000000 
 -1.000000 1.000000 
 -1.000000 -1.000000 
 1.000000 1.000000 
 1.000000 -1.000000 
 -0.600000 0.000163 
 -0.600000 -0.599799 
 -0.600000 -0.799900 
 -0.600000 -0.399848 
 -0.600000 -0.199843 
 -0.600000 0.400201 
 -0.600000 0.200175 
 -0.600000 0.600138 
 -0.600000 0.800069 
 0.600000 0.000000 
 0.600000 0.599799 
 0.600000 0.799900 
 0.600000 0.399794 
 0.600000 0.199897 
 0.600000 -0.400164 
 0.600000 -0.200195 
 0.600000 -0.600133 
 0.600000 -0.800066 
 -0.800000 1.000000 
 -0.000110 1.000000 
 -0.400012 1.000000 
 -0.200024 1.000000 
 0.199805 1.000000 
 0.399902 1.000000 
 0.800000 1.000000 
 -1.000000 0.000000 
 -1.000000 -0.599836 
 -1.000000 -0.799805 
 -1.000000 -0.399867 
 -1.000000 -0.199934 
 -1.000000 0.400167 
 -1.000000 0.200195 
 -1.000000 0.600121 
 -1.000000 0.800061 
 0.800000 -1.000000 
 0.000000 -1.000000 
 0.400049 -1.000000 
 0.200024 -1.000000 
 -0.199805 -1.000000 
 -0.399902 -1.000000 
 -0.800000 -1.000000 
 1.000000 -0.000149 
 1.000000 0.599799 
 1.000000 0.799805 
 1.000000 0.399794 
 1.000000 0.199878 
 1.000000 -0.400201 
 1.000000 -0.200195 
 1.000000 -0.600138 
 1.000000 -0.800069 
 0.434948 -0.848704 
 0.460550 -0.695513 
 -0.275614 -0.741794 
 -0.425754 -0.866822 
 -0.018264 -0.251750 
 0.040360 0.415759 
 0.445682 0.828708 
 -0.465953 0.667584 
 -0.433432 0.835831 
 0.475516 -0.543326 
 0.247205 -0.861137 
 -0.191908 -0.887434 
 -0.445981 -0.681706 
 -0.316089 -0.251498 
 -0.178823 -0.495255 
 -0.141872 0.692074 
 0.322828 0.489176 
 -0.027694 0.094541 
 0.257357 -0.421952 
 0.047033 -0.867561 
 -0.456871 -0.498927 
 0.447910 -0.123770 
 0.138267 -0.151763 
 -0.457062 -0.312275 
 -0.449031 -0.106766 
 -0.153205 -0.177620 
 -0.181326 -0.627729 
 -0.032258 -0.418833 
 -0.169837 -0.335288 
 -0.240771 0.850908 
 -0.082252 0.851973 
 -0.293820 0.696415 
 -0.021716 0.543033 
 0.456421 0.633535 
 0.460293 0.452318 
 0.297893 0.663918 
 0.158701 0.525883 
 -0.005740 -0.087897 
 0.149974 0.029443 
 -0.134235 -0.039184 
 0.011238 0.274205 
 -0.466152 0.288163 
 -0.316414 0.371955 
 -0.109347 0.394785 
 -0.165646 0.229273 
 0.121952 -0.330195 
 0.282375 -0.229560 
 0.104233 -0.507314 
 0.448178 -0.353765 
 0.354827 -0.511646 
 0.453901 0.076462 
 -0.090197 -0.734649 
 -0.309833 -0.577030 
 -0.314753 -0.411712 
 0.088707 0.847690 
 -0.207702 0.539422 
 0.458216 0.266883 
 0.141613 0.680334 
 0.160822 0.206609 
 0.297550 -0.041594 
 -0.271086 -0.087260 
 -0.471297 0.097999 
 -0.470996 0.480813 
 0.107059 -0.700225 
 0.363756 -0.614511 
 0.262267 0.836775 
 -0.350977 0.551238 
 -0.003104 0.723021 
 0.171230 0.363077 
 0.307114 0.143501 
 -0.215215 0.066656 
 -0.348967 0.029693 
 0.301736 -0.735471 
 0.226150 -0.586599 
 -0.045219 -0.580667 
 0.313417 0.320261 
 -0.330615 0.180623 
 -0.799849 -0.882862 
 -0.799941 -0.696969 
 -0.799953 -0.299852 
 -0.799970 0.100134 
 -0.799965 0.499083 
 -0.799983 0.882288 
 -0.799982 -0.499362 
 -0.799987 -0.099888 
 -0.799989 0.299993 
 -0.799991 0.696960 
 0.800021 0.882699 
 0.800024 0.696880 
 0.800060 0.299754 
 0.800093 -0.100257 
 0.800096 -0.499904 
 0.800043 -0.882982 
 0.800014 0.499303 
 0.800026 0.099854 
 0.800032 -0.300153 
 0.800023 -0.697216 
 bc_tag 
147 
141 
78 
71 
5 
2 
16 
18 
153 
153 
153 
153 
153 
153 
153 
153 
153 
85 
85 
85 
85 
85 
85 
85 
85 
85 
23 
142 
142 
142 
142 
142 
79 
6 
6 
6 
6 
6 
6 
6 
6 
6 
24 
72 
72 
72 
72 
72 
148 
14 
14 
14 
14 
14 
14 
14 
14 
14 
156 
156 
156 
156 
156 
156 
156 
156 
156 
156 
156 
156 
156 
156 
156 
156 
156 
156 
156 
156 
156 
156 
156 
156 
156 
156 
156 
156 
156 
156 
156 
156 
156 
156 
156 
156 
156 
156 
156 
156 
156 
156 
156 
156 
156 
156 
156 
156 
156 
156 
156 
156 
156 
156 
156 
156 
156 
156 
156 
156 
156 
156 
156 
156 
156 
156 
156 
156 
156 
156 
156 
156 
156 
156 
156 
156 
156 
88 
88 
88 
88 
88 
88 
88 
88 
88 
88 
26 
26 
26 
26 
26 
26 
26 
26 
26 
26 
153 
153 
153 
153 
153 
153 
153 
153 
153 
153 
153 
153 
153 
153 
153 
153 
153 
153 
153 
153 
85 
85 
85 
85 
85 
85 
85 
85 
85 
85 
85 
85 
85 
85 
85 
85 
85 
85 
85 
85 
142 
142 
142 
142 
142 
142 
142 
142 
142 
142 
142 
142 
72 
72 
72 
72 
72 
72 
72 
72 
72 
72 
72 
72 
156 
156 
156 
156 
156 
156 
156 
156 
156 
156 
156 
156 
156 
156 
156 
156 
156 
156 
156 
156 
156 
156 
156 
156 
156 
156 
156 
156 
156 
156 
156 
156 
156 
156 
156 
156 
156 
156 
156 
156 
156 
156 
156 
156 
156 
156 
156 
156 
156 
156 
156 
156 
156 
156 
156 
156 
156 
156 
156 
156 
156 
156 
156 
156 
156 
156 
156 
156 
156 
156 
156 
156 
156 
156 
156 
156 
156 
156 
156 
156 
156 
156 
156 
156 
156 
156 
156 
156 
156 
156 
156 
156 
156 
156 
156 
156 
156 
156 
156 
156 
156 
156 
156 
156 
156 
156 
156 
156 
156 
156 
156 
156 
156 
156 
156 
156 
156 
156 
156 
156 
156 
156 
156 
156 
156 
156 
156 
156 
156 
156 
156 
156 
156 
156 
156 
156 
156 
156 
156 
156 
156 
156 
156 
156 
156 
156 
156 
156 
156 
156 
156 
156 
156 
156 
156 
156 
156 
156 
156 
156 
156 
156 
156 
156 
156 
156 
156 
156 
156 
156 
156 
156 
156 
156 
156 
156 
156 
156 
156 
156 
156 
156 
156 
156 
156 
156 
156 
156 
156 
156 
156 
156 
156 
156 
156 
156 
156 
156 
156 
156 
156 
156 
156 
156 
156 
156 
156 
156 
156 
156 
156 
156 
156 
156 
156 
156 
156 
156 
156 
156 
156 
156 
156 
156 
156 
156 
156 
156 
156 
156 
156 
156 
156 
156 
156 
156 
156 
156 
156 
156 
156 
156 
156 
156 
156 
156 
156 
156 
156 
156 
156 
156 
156 
156 
156 
156 
156 
156 
156 
156 
156 
156 
156 
156 
156 
156 
156 
156 
156 
156 
156 
156 
156 
156 
156 
156 
156 
156 
156 
156 
156 
156 
156 
156 
156 
156 
156 
156 
156 
156 
156 
156 
156 
156 
156 
156 
156 
156 
156 
156 
156 
156 
156 
156 
156 
156 
156 
156 
156 
156 
156 
156 
156 
156 
156 
156 
156 
156 
156 
156 
156 
156 
156 
156 
156 
156 
156 
156 
156 
156 
156 
156 
156 
156 
156 
156 
156 
156 
156 
156 
156 
156 
156 
156 
156 
156 
156 
156 
156 
156 
156 
156 
156 
156 
156 
156 
156 
156 
156 
156 
156 
156 
156 
156 
156 
156 
156 
156 
156 
156 
156 
156 
156 
156 
156 
156 
156 
156 
156 
156 
156 
156 
156 
156 
156 
156 
156 
156 
156 
156 
156 
156 
156 
156 
156 
156 
156 
156 
156 
156 
156 
156 
156 
156 
156 
156 
156 
156 
156 
156 
156 
156 
156 
156 
156 
156 
156 
156 
156 
156 
156 
156 
156 
156 
156 
156 
156 
156 
156 
156 
156 
156 
156 
156 
156 
156 
156 
156 
156 
156 
156 
156 
156 
156 
156 
156 
156 
156 
156 
156 
156 
156 
156 
156 
156 
156 
156 
156 
156 
156 
156 
156 
156 
156 
156 
156 
156 
156 
156 
156 
156 
156 
156 
156 
156 
156 
156 
156 
156 
156 
156 
156 
156 
156 
156 
156 
156 
156 
156 
156 
156 
156 
156 
156 
156 
156 
156 
156 
156 
156 
156 
156 
156 
156 
156 
156 
156 
156 
156 
156 
156 
156 
156 
156 
156 
156 
156 
156 
156 
156 
156 
156 
156 
156 
156 
156 
156 
156 
156 
156 
156 
156 
156 
156 
156 
156 
156 
156 
156 
156 
156 
156 
156 
156 
156 
156 
156 
156 
156 
156 
156 
156 
156 
156 
156 
156 
156 
156 
156 
156 
156 
156 
156 
156 
156 
156 
156 
156 
156 
156 
156 
156 
156 
156 
156 
156 
156 
156 
156 
156 
156 
156 
156 
156 
156 
156 
156 
156 
156 
156 
156 
156 
156 
156 
156 
156 
156 
156 
156 
156 
156 
156 
156 
156 
156 
156 
156 
156 
156 
156 
156 
156 
156 
156 
156 
156 
156 
156 
156 
156 
156 
156 
156 
156 
156 
156 
156 
156 
156 
156 
156 
156 
156 
156 
156 
156 
156 
156 
156 
156 
156 
156 
156 
156 
156 
156 
156 
156 
156 
156 
156 
156 
156 
156 
156 
156 
156 
156 
156 
156 
156 
156 
156 
156 
156 
156 
156 
156 
156 
156 
156 
156 
156 
156 
156 
156 
156 
156 
156 
156 
156 
156 
156 
156 
156 
156 
156 
156 
156 
156 
156 
156 
156 
156 
156 
156 
156 
156 
156 
156 
156 
156 
156 
156 
88 
88 
88 
88 
88 
88 
88 
88 
88 
88 
26 
26 
26 
26 
26 
26 
26 
26 
26 
26 
