Edge min = 0.103252, max=0.239766, average=0.187516;
Grid_size 268
Node_size 155
Total_DOF 447
maxDOF 6
Solution_Order 
1 2 1 
 meshIEN 
59 4 26 
 59 45 4 
 60 59 26 
 62 1 48 
 62 11 1 
 65 20 3 
 65 3 32 
 66 17 16 
 67 2 17 
 67 29 2 
 17 66 67 
 68 25 23 
 69 46 45 
 70 47 44 
 71 10 11 
 11 62 71 
 71 62 61 
 78 70 44 
 46 69 78 
 78 44 46 
 10 71 79 
 79 12 10 
 80 24 18 
 82 13 12 
 83 82 72 
 13 82 83 
 83 9 13 
 73 86 87 
 87 84 72 
 89 88 74 
 74 88 90 
 19 92 93 
 93 21 19 
 75 92 94 
 95 91 64 
 63 81 96 
 96 84 63 
 76 96 97 
 97 96 81 
 98 96 76 
 84 96 98 
 64 91 102 
 102 99 64 
 103 102 101 
 99 102 103 
 76 99 103 
 104 81 63 
 63 86 104 
 105 80 118 
 105 104 77 
 81 104 105 
 77 104 106 
 106 104 86 
 107 68 23 
 107 105 77 
 80 105 107 
 24 80 107 
 107 23 24 
 68 107 108 
 108 107 77 
 109 18 22 
 70 78 110 
 110 85 61 
 61 70 110 
 111 79 71 
 61 85 111 
 111 71 61 
 111 85 73 
 79 111 112 
 112 111 73 
 73 87 112 
 112 87 72 
 72 82 112 
 28 89 113 
 113 31 28 
 101 102 114 
 114 102 91 
 114 91 74 
 74 90 114 
 21 93 115 
 115 22 21 
 91 95 116 
 117 99 76 
 76 97 117 
 119 83 72 
 84 98 119 
 72 84 119 
 120 15 9 
 120 100 15 
 121 16 14 
 122 78 69 
 122 110 78 
 68 108 123 
 60 68 123 
 31 113 124 
 124 32 31 
 124 65 32 
 124 94 65 
 124 116 94 
 125 90 66 
 125 114 90 
 125 121 101 
 101 114 125 
 126 89 74 
 126 113 89 
 91 116 126 
 74 91 126 
 75 95 127 
 118 109 128 
 97 118 128 
 128 117 97 
 129 119 98 
 76 103 129 
 129 98 76 
 83 119 130 
 119 129 130 
 131 122 69 
 60 123 131 
 132 108 77 
 122 131 132 
 106 122 132 
 77 106 132 
 132 123 108 
 132 131 123 
 110 122 133 
 133 122 106 
 85 110 133 
 73 85 133 
 134 115 93 
 134 128 115 
 75 127 134 
 101 100 135 
 135 130 129 
 135 103 101 
 135 129 103 
 120 130 135 
 100 120 135 
 69 45 59 
 48 47 70 
 70 61 62 
 62 48 70 
 67 66 90 
 25 68 60 
 60 26 25 
 131 69 59 
 59 60 131 
 109 118 80 
 80 18 109 
 87 86 63 
 63 84 87 
 88 30 29 
 92 19 20 
 118 97 81 
 14 15 100 
 133 106 86 
 86 73 133 
 79 112 82 
 82 12 79 
 127 95 64 
 121 125 66 
 66 16 121 
 117 128 134 
 134 127 117 
 115 128 109 
 109 22 115 
 83 130 120 
 120 9 83 
 65 94 92 
 92 20 65 
 67 90 88 
 88 29 67 
 89 28 30 
 30 88 89 
 93 92 75 
 75 134 93 
 100 101 121 
 121 14 100 
 94 116 95 
 95 75 94 
 99 117 127 
 127 64 99 
 113 126 116 
 116 124 113 
 118 81 105 
 1 11 136 
 136 49 1 
 136 6 49 
 136 36 6 
 11 10 137 
 36 136 137 
 137 35 36 
 138 38 37 
 12 13 138 
 9 15 139 
 14 16 140 
 140 41 39 
 141 27 5 
 141 5 42 
 17 2 141 
 141 2 27 
 142 138 37 
 12 138 142 
 35 137 142 
 142 37 35 
 142 137 10 
 10 12 142 
 143 138 13 
 38 138 143 
 9 139 143 
 13 9 143 
 143 34 38 
 143 139 34 
 144 140 39 
 14 140 144 
 40 139 144 
 144 39 40 
 144 139 15 
 15 14 144 
 145 140 16 
 41 140 145 
 17 141 145 
 16 17 145 
 145 42 41 
 145 141 42 
 136 11 137 
 40 34 139 
 3 20 146 
 146 33 3 
 146 7 33 
 146 52 7 
 20 19 147 
 52 146 147 
 147 51 52 
 148 54 53 
 21 22 148 
 18 24 149 
 23 25 150 
 150 57 55 
 151 43 8 
 151 8 58 
 26 4 151 
 151 4 43 
 152 148 53 
 21 148 152 
 51 147 152 
 152 53 51 
 152 147 19 
 19 21 152 
 153 148 22 
 54 148 153 
 18 149 153 
 22 18 153 
 153 50 54 
 153 149 50 
 154 150 55 
 23 150 154 
 56 149 154 
 154 55 56 
 154 149 24 
 24 23 154 
 155 150 25 
 57 150 155 
 26 151 155 
 25 26 155 
 155 58 57 
 155 151 58 
 146 20 147 
 56 50 149 
 solutionIEN 
59 4 26 189 175 188 
 59 45 4 190 182 189 
 60 59 26 191 188 192 
 62 1 48 194 187 193 
 62 11 1 195 156 194 
 65 20 3 197 166 199 
 65 3 32 199 181 198 
 66 17 16 201 164 200 
 67 2 17 203 165 202 
 67 29 2 204 176 203 
 17 66 67 201 205 202 
 68 25 23 207 173 206 
 69 46 45 209 183 210 
 70 47 44 212 185 211 
 71 10 11 214 157 215 
 11 62 71 195 217 215 
 71 62 61 217 196 216 
 78 70 44 219 211 218 
 46 69 78 209 221 220 
 78 44 46 218 184 220 
 10 71 79 214 223 222 
 79 12 10 224 158 222 
 80 24 18 226 171 227 
 82 13 12 229 159 231 
 83 82 72 233 230 232 
 13 82 83 229 233 235 
 83 9 13 234 160 235 
 73 86 87 241 243 242 
 87 84 72 245 237 244 
 89 88 74 250 247 249 
 74 88 90 247 252 251 
 19 92 93 256 259 260 
 93 21 19 258 168 260 
 75 92 94 257 262 261 
 95 91 64 265 254 264 
 63 81 96 228 268 267 
 96 84 63 270 236 267 
 76 96 97 269 273 272 
 97 96 81 273 268 271 
 98 96 76 275 269 274 
 84 96 98 270 275 276 
 64 91 102 254 282 281 
 102 99 64 283 277 281 
 103 102 101 287 284 286 
 99 102 103 283 287 288 
 76 99 103 278 288 285 
 104 81 63 290 228 289 
 63 86 104 240 291 289 
 105 80 118 293 225 447 
 105 104 77 295 292 294 
 81 104 105 290 295 296 
 77 104 106 292 299 298 
 106 104 86 299 291 297 
 107 68 23 301 206 300 
 107 105 77 303 294 302 
 80 105 107 293 303 304 
 24 80 107 226 304 305 
 107 23 24 300 172 305 
 68 107 108 301 307 306 
 108 107 77 307 302 308 
 109 18 22 310 170 309 
 70 78 110 219 313 312 
 110 85 61 315 238 314 
 61 70 110 213 312 314 
 111 79 71 317 223 316 
 61 85 111 238 319 318 
 111 71 61 316 216 318 
 111 85 73 319 239 320 
 79 111 112 317 322 321 
 112 111 73 322 320 324 
 73 87 112 242 325 324 
 112 87 72 325 244 326 
 72 82 112 230 323 326 
 28 89 113 248 328 327 
 113 31 28 329 179 327 
 101 102 114 284 331 330 
 114 102 91 331 282 332 
 114 91 74 332 255 334 
 74 90 114 251 333 334 
 21 93 115 258 336 335 
 115 22 21 337 169 335 
 91 95 116 265 339 338 
 117 99 76 341 278 342 
 76 97 117 272 343 342 
 119 83 72 346 232 345 
 84 98 119 276 347 348 
 72 84 119 237 348 345 
 120 15 9 350 161 349 
 120 100 15 351 279 350 
 121 16 14 354 163 352 
 122 78 69 357 221 355 
 122 110 78 358 313 357 
 68 108 123 306 360 359 
 60 68 123 208 359 361 
 31 113 124 329 363 362 
 124 32 31 365 180 362 
 124 65 32 366 198 365 
 124 94 65 367 263 366 
 124 116 94 364 340 367 
 125 90 66 370 253 368 
 125 114 90 371 333 370 
 125 121 101 369 353 372 
 101 114 125 330 371 372 
 126 89 74 374 249 373 
 126 113 89 375 328 374 
 91 116 126 338 377 376 
 74 91 126 255 376 373 
 75 95 127 266 378 380 
 118 109 128 311 383 384 
 97 118 128 344 384 385 
 128 117 97 382 343 385 
 129 119 98 387 347 386 
 76 103 129 285 388 389 
 129 98 76 386 274 389 
 83 119 130 346 391 390 
 119 129 130 387 392 391 
 131 122 69 396 355 395 
 60 123 131 361 397 394 
 132 108 77 399 308 398 
 122 131 132 396 401 400 
 106 122 132 356 400 402 
 77 106 132 298 402 398 
 132 123 108 403 360 399 
 132 131 123 401 397 403 
 110 122 133 358 405 404 
 133 122 106 405 356 407 
 85 110 133 315 404 408 
 73 85 133 239 408 406 
 134 115 93 410 336 409 
 134 128 115 411 381 410 
 75 127 134 380 412 413 
 101 100 135 280 415 414 
 135 130 129 417 392 416 
 135 103 101 418 286 414 
 135 129 103 416 388 418 
 120 130 135 393 417 419 
 100 120 135 351 419 415 
 69 45 59 210 190 420 
 48 47 70 186 212 421 
 70 61 62 213 196 422 
 62 48 70 193 421 422 
 67 66 90 205 253 423 
 25 68 60 207 208 424 
 60 26 25 192 174 424 
 131 69 59 395 420 425 
 59 60 131 191 394 425 
 109 118 80 311 225 426 
 80 18 109 227 310 426 
 87 86 63 243 240 427 
 63 84 87 236 245 427 
 88 30 29 246 177 428 
 92 19 20 256 167 429 
 118 97 81 344 271 430 
 14 15 100 162 279 431 
 133 106 86 407 297 432 
 86 73 133 241 406 432 
 79 112 82 321 323 433 
 82 12 79 231 224 433 
 127 95 64 378 264 434 
 121 125 66 369 368 435 
 66 16 121 200 354 435 
 117 128 134 382 411 436 
 134 127 117 412 379 436 
 115 128 109 381 383 437 
 109 22 115 309 337 437 
 83 130 120 390 393 438 
 120 9 83 349 234 438 
 65 94 92 263 262 439 
 92 20 65 429 197 439 
 67 90 88 423 252 440 
 88 29 67 428 204 440 
 89 28 30 248 178 441 
 30 88 89 246 250 441 
 93 92 75 259 257 442 
 75 134 93 413 409 442 
 100 101 121 280 353 443 
 121 14 100 352 431 443 
 94 116 95 340 339 444 
 95 75 94 266 261 444 
 99 117 127 341 379 445 
 127 64 99 434 277 445 
 113 126 116 375 377 446 
 116 124 113 364 363 446 
 118 81 105 430 296 447 
 1 11 136 156 0 0 
 136 49 1 0 0 0 
 136 6 49 0 0 0 
 136 36 6 0 0 0 
 11 10 137 157 0 0 
 36 136 137 0 0 0 
 137 35 36 0 0 0 
 138 38 37 0 0 0 
 12 13 138 159 0 0 
 9 15 139 161 0 0 
 14 16 140 163 0 0 
 140 41 39 0 0 0 
 141 27 5 0 0 0 
 141 5 42 0 0 0 
 17 2 141 165 0 0 
 141 2 27 0 0 0 
 142 138 37 0 0 0 
 12 138 142 0 0 0 
 35 137 142 0 0 0 
 142 37 35 0 0 0 
 142 137 10 0 0 0 
 10 12 142 158 0 0 
 143 138 13 0 0 0 
 38 138 143 0 0 0 
 9 139 143 0 0 0 
 13 9 143 160 0 0 
 143 34 38 0 0 0 
 143 139 34 0 0 0 
 144 140 39 0 0 0 
 14 140 144 0 0 0 
 40 139 144 0 0 0 
 144 39 40 0 0 0 
 144 139 15 0 0 0 
 15 14 144 162 0 0 
 145 140 16 0 0 0 
 41 140 145 0 0 0 
 17 141 145 0 0 0 
 16 17 145 164 0 0 
 145 42 41 0 0 0 
 145 141 42 0 0 0 
 136 11 137 0 0 0 
 40 34 139 0 0 0 
 3 20 146 166 0 0 
 146 33 3 0 0 0 
 146 7 33 0 0 0 
 146 52 7 0 0 0 
 20 19 147 167 0 0 
 52 146 147 0 0 0 
 147 51 52 0 0 0 
 148 54 53 0 0 0 
 21 22 148 169 0 0 
 18 24 149 171 0 0 
 23 25 150 173 0 0 
 150 57 55 0 0 0 
 151 43 8 0 0 0 
 151 8 58 0 0 0 
 26 4 151 175 0 0 
 151 4 43 0 0 0 
 152 148 53 0 0 0 
 21 148 152 0 0 0 
 51 147 152 0 0 0 
 152 53 51 0 0 0 
 152 147 19 0 0 0 
 19 21 152 168 0 0 
 153 148 22 0 0 0 
 54 148 153 0 0 0 
 18 149 153 0 0 0 
 22 18 153 170 0 0 
 153 50 54 0 0 0 
 153 149 50 0 0 0 
 154 150 55 0 0 0 
 23 150 154 0 0 0 
 56 149 154 0 0 0 
 154 55 56 0 0 0 
 154 149 24 0 0 0 
 24 23 154 172 0 0 
 155 150 25 0 0 0 
 57 150 155 0 0 0 
 26 151 155 0 0 0 
 25 26 155 174 0 0 
 155 58 57 0 0 0 
 155 151 58 0 0 0 
 146 20 147 0 0 0 
 56 50 149 0 0 0 
 solutionOrder 
2 2 2 2 
 2 2 2 2 
 2 2 2 2 
 2 2 2 2 
 2 2 2 2 
 2 2 2 2 
 2 2 2 2 
 2 2 2 2 
 2 2 2 2 
 2 2 2 2 
 2 2 2 2 
 2 2 2 2 
 2 2 2 2 
 2 2 2 2 
 2 2 2 2 
 2 2 2 2 
 2 2 2 2 
 2 2 2 2 
 2 2 2 2 
 2 2 2 2 
 2 2 2 2 
 2 2 2 2 
 2 2 2 2 
 2 2 2 2 
 2 2 2 2 
 2 2 2 2 
 2 2 2 2 
 2 2 2 2 
 2 2 2 2 
 2 2 2 2 
 2 2 2 2 
 2 2 2 2 
 2 2 2 2 
 2 2 2 2 
 2 2 2 2 
 2 2 2 2 
 2 2 2 2 
 2 2 2 2 
 2 2 2 2 
 2 2 2 2 
 2 2 2 2 
 2 2 2 2 
 2 2 2 2 
 2 2 2 2 
 2 2 2 2 
 2 2 2 2 
 2 2 2 2 
 2 2 2 2 
 2 2 2 2 
 2 2 2 2 
 2 2 2 2 
 2 2 2 2 
 2 2 2 2 
 2 2 2 2 
 2 2 2 2 
 2 2 2 2 
 2 2 2 2 
 2 2 2 2 
 2 2 2 2 
 2 2 2 2 
 2 2 2 2 
 2 2 2 2 
 2 2 2 2 
 2 2 2 2 
 2 2 2 2 
 2 2 2 2 
 2 2 2 2 
 2 2 2 2 
 2 2 2 2 
 2 2 2 2 
 2 2 2 2 
 2 2 2 2 
 2 2 2 2 
 2 2 2 2 
 2 2 2 2 
 2 2 2 2 
 2 2 2 2 
 2 2 2 2 
 2 2 2 2 
 2 2 2 2 
 2 2 2 2 
 2 2 2 2 
 2 2 2 2 
 2 2 2 2 
 2 2 2 2 
 2 2 2 2 
 2 2 2 2 
 2 2 2 2 
 2 2 2 2 
 2 2 2 2 
 2 2 2 2 
 2 2 2 2 
 2 2 2 2 
 2 2 2 2 
 2 2 2 2 
 2 2 2 2 
 2 2 2 2 
 2 2 2 2 
 2 2 2 2 
 2 2 2 2 
 2 2 2 2 
 2 2 2 2 
 2 2 2 2 
 2 2 2 2 
 2 2 2 2 
 2 2 2 2 
 2 2 2 2 
 2 2 2 2 
 2 2 2 2 
 2 2 2 2 
 2 2 2 2 
 2 2 2 2 
 2 2 2 2 
 2 2 2 2 
 2 2 2 2 
 2 2 2 2 
 2 2 2 2 
 2 2 2 2 
 2 2 2 2 
 2 2 2 2 
 2 2 2 2 
 2 2 2 2 
 2 2 2 2 
 2 2 2 2 
 2 2 2 2 
 2 2 2 2 
 2 2 2 2 
 2 2 2 2 
 2 2 2 2 
 2 2 2 2 
 2 2 2 2 
 2 2 2 2 
 2 2 2 2 
 2 2 2 2 
 2 2 2 2 
 2 2 2 2 
 2 2 2 2 
 2 2 2 2 
 2 2 2 2 
 2 2 2 2 
 2 2 2 2 
 2 2 2 2 
 2 2 2 2 
 2 2 2 2 
 2 2 2 2 
 2 2 2 2 
 2 2 2 2 
 2 2 2 2 
 2 2 2 2 
 2 2 2 2 
 2 2 2 2 
 2 2 2 2 
 2 2 2 2 
 2 2 2 2 
 2 2 2 2 
 2 2 2 2 
 2 2 2 2 
 2 2 2 2 
 2 2 2 2 
 2 2 2 2 
 2 2 2 2 
 2 2 2 2 
 2 2 2 2 
 2 2 2 2 
 2 2 2 2 
 2 2 2 2 
 2 2 2 2 
 2 2 2 2 
 2 2 2 2 
 2 2 2 2 
 2 2 2 2 
 2 2 2 2 
 2 2 2 2 
 2 2 2 2 
 2 2 2 2 
 2 2 2 2 
 2 2 2 2 
 2 2 2 2 
 2 2 2 2 
 2 2 2 2 
 2 2 2 2 
 2 2 2 2 
 2 2 2 2 
 2 2 2 2 
 2 1 1 2 
 1 1 1 1 
 1 1 1 1 
 1 1 1 1 
 2 1 1 2 
 1 1 1 1 
 1 1 1 1 
 1 1 1 1 
 2 1 1 2 
 2 1 1 2 
 2 1 1 2 
 1 1 1 1 
 1 1 1 1 
 1 1 1 1 
 2 1 1 2 
 1 1 1 1 
 1 1 1 1 
 1 1 1 1 
 1 1 1 1 
 1 1 1 1 
 1 1 1 1 
 2 1 1 2 
 1 1 1 1 
 1 1 1 1 
 1 1 1 1 
 2 1 1 2 
 1 1 1 1 
 1 1 1 1 
 1 1 1 1 
 1 1 1 1 
 1 1 1 1 
 1 1 1 1 
 1 1 1 1 
 2 1 1 2 
 1 1 1 1 
 1 1 1 1 
 1 1 1 1 
 2 1 1 2 
 1 1 1 1 
 1 1 1 1 
 1 1 1 1 
 1 1 1 1 
 2 1 1 2 
 1 1 1 1 
 1 1 1 1 
 1 1 1 1 
 2 1 1 2 
 1 1 1 1 
 1 1 1 1 
 1 1 1 1 
 2 1 1 2 
 2 1 1 2 
 2 1 1 2 
 1 1 1 1 
 1 1 1 1 
 1 1 1 1 
 2 1 1 2 
 1 1 1 1 
 1 1 1 1 
 1 1 1 1 
 1 1 1 1 
 1 1 1 1 
 1 1 1 1 
 2 1 1 2 
 1 1 1 1 
 1 1 1 1 
 1 1 1 1 
 2 1 1 2 
 1 1 1 1 
 1 1 1 1 
 1 1 1 1 
 1 1 1 1 
 1 1 1 1 
 1 1 1 1 
 1 1 1 1 
 2 1 1 2 
 1 1 1 1 
 1 1 1 1 
 1 1 1 1 
 2 1 1 2 
 1 1 1 1 
 1 1 1 1 
 1 1 1 1 
 1 1 1 1 
 vertexCoord 
-0.600000 -1.000000 
 -0.600000 1.000000 
 0.600000 1.000000 
 0.600000 -1.000000 
 -1.000000 1.000000 
 -1.000000 -1.000000 
 1.000000 1.000000 
 1.000000 -1.000000 
 -0.600000 0.000163 
 -0.600000 -0.599799 
 -0.600000 -0.799900 
 -0.600000 -0.399848 
 -0.600000 -0.199843 
 -0.600000 0.400201 
 -0.600000 0.200175 
 -0.600000 0.600138 
 -0.600000 0.800069 
 0.600000 0.000000 
 0.600000 0.599799 
 0.600000 0.799900 
 0.600000 0.399794 
 0.600000 0.199897 
 0.600000 -0.400164 
 0.600000 -0.200195 
 0.600000 -0.600133 
 0.600000 -0.800066 
 -0.800000 1.000000 
 -0.000110 1.000000 
 -0.400012 1.000000 
 -0.200024 1.000000 
 0.199805 1.000000 
 0.399902 1.000000 
 0.800000 1.000000 
 -1.000000 0.000000 
 -1.000000 -0.599836 
 -1.000000 -0.799805 
 -1.000000 -0.399867 
 -1.000000 -0.199934 
 -1.000000 0.400167 
 -1.000000 0.200195 
 -1.000000 0.600121 
 -1.000000 0.800061 
 0.800000 -1.000000 
 0.000000 -1.000000 
 0.400049 -1.000000 
 0.200024 -1.000000 
 -0.199805 -1.000000 
 -0.399902 -1.000000 
 -0.800000 -1.000000 
 1.000000 -0.000149 
 1.000000 0.599799 
 1.000000 0.799805 
 1.000000 0.399794 
 1.000000 0.199878 
 1.000000 -0.400201 
 1.000000 -0.200195 
 1.000000 -0.600138 
 1.000000 -0.800069 
 0.434948 -0.848704 
 0.460550 -0.695513 
 -0.275614 -0.741794 
 -0.425754 -0.866822 
 -0.018264 -0.251750 
 0.040360 0.415759 
 0.445682 0.828708 
 -0.465953 0.667584 
 -0.433432 0.835831 
 0.475516 -0.543326 
 0.247205 -0.861137 
 -0.191908 -0.887434 
 -0.445981 -0.681706 
 -0.316089 -0.251498 
 -0.178823 -0.495255 
 -0.141872 0.692074 
 0.322828 0.489176 
 -0.027694 0.094541 
 0.257357 -0.421952 
 0.047033 -0.867561 
 -0.456871 -0.498927 
 0.447910 -0.123770 
 0.138267 -0.151763 
 -0.457062 -0.312275 
 -0.449031 -0.106766 
 -0.153205 -0.177620 
 -0.181326 -0.627729 
 -0.032258 -0.418833 
 -0.169837 -0.335288 
 -0.240771 0.850908 
 -0.082252 0.851973 
 -0.293820 0.696415 
 -0.021716 0.543033 
 0.456421 0.633535 
 0.460293 0.452318 
 0.297893 0.663918 
 0.158701 0.525883 
 -0.005740 -0.087897 
 0.149974 0.029443 
 -0.134235 -0.039184 
 0.011238 0.274205 
 -0.466152 0.288163 
 -0.316414 0.371955 
 -0.109347 0.394785 
 -0.165646 0.229273 
 0.121952 -0.330195 
 0.282375 -0.229560 
 0.104233 -0.507314 
 0.448178 -0.353765 
 0.354827 -0.511646 
 0.453901 0.076462 
 -0.090197 -0.734649 
 -0.309833 -0.577030 
 -0.314753 -0.411712 
 0.088707 0.847690 
 -0.207702 0.539422 
 0.458216 0.266883 
 0.141613 0.680334 
 0.160822 0.206609 
 0.297550 -0.041594 
 -0.271086 -0.087260 
 -0.471297 0.097999 
 -0.470996 0.480813 
 0.107059 -0.700225 
 0.363756 -0.614511 
 0.262267 0.836775 
 -0.350977 0.551238 
 -0.003104 0.723021 
 0.171230 0.363077 
 0.307114 0.143501 
 -0.215215 0.066656 
 -0.348967 0.029693 
 0.301736 -0.735471 
 0.226150 -0.586599 
 -0.045219 -0.580667 
 0.313417 0.320261 
 -0.330615 0.180623 
 -0.799849 -0.882862 
 -0.799941 -0.696969 
 -0.799953 -0.299852 
 -0.799970 0.100134 
 -0.799965 0.499083 
 -0.799983 0.882288 
 -0.799982 -0.499362 
 -0.799987 -0.099888 
 -0.799989 0.299993 
 -0.799991 0.696960 
 0.800021 0.882699 
 0.800024 0.696880 
 0.800060 0.299754 
 0.800093 -0.100257 
 0.800096 -0.499904 
 0.800043 -0.882982 
 0.800014 0.499303 
 0.800026 0.099854 
 0.800032 -0.300153 
 0.800023 -0.697216 
 bc_tag 
147 
141 
78 
71 
5 
2 
16 
18 
153 
153 
153 
153 
153 
153 
153 
153 
153 
85 
85 
85 
85 
85 
85 
85 
85 
85 
23 
142 
142 
142 
142 
142 
79 
6 
6 
6 
6 
6 
6 
6 
6 
6 
24 
72 
72 
72 
72 
72 
148 
14 
14 
14 
14 
14 
14 
14 
14 
14 
156 
156 
156 
156 
156 
156 
156 
156 
156 
156 
156 
156 
156 
156 
156 
156 
156 
156 
156 
156 
156 
156 
156 
156 
156 
156 
156 
156 
156 
156 
156 
156 
156 
156 
156 
156 
156 
156 
156 
156 
156 
156 
156 
156 
156 
156 
156 
156 
156 
156 
156 
156 
156 
156 
156 
156 
156 
156 
156 
156 
156 
156 
156 
156 
156 
156 
156 
156 
156 
156 
156 
156 
156 
156 
156 
156 
156 
88 
88 
88 
88 
88 
88 
88 
88 
88 
88 
26 
26 
26 
26 
26 
26 
26 
26 
26 
26 
153 
153 
153 
153 
153 
153 
153 
153 
153 
153 
85 
85 
85 
85 
85 
85 
85 
85 
85 
85 
142 
142 
142 
142 
142 
142 
72 
72 
72 
72 
72 
72 
156 
156 
156 
156 
156 
156 
156 
156 
156 
156 
156 
156 
156 
156 
156 
156 
156 
156 
156 
156 
156 
156 
156 
156 
156 
156 
156 
156 
156 
156 
156 
156 
156 
156 
156 
156 
156 
156 
156 
156 
156 
156 
156 
156 
156 
156 
156 
156 
156 
156 
156 
156 
156 
156 
156 
156 
156 
156 
156 
156 
156 
156 
156 
156 
156 
156 
156 
156 
156 
156 
156 
156 
156 
156 
156 
156 
156 
156 
156 
156 
156 
156 
156 
156 
156 
156 
156 
156 
156 
156 
156 
156 
156 
156 
156 
156 
156 
156 
156 
156 
156 
156 
156 
156 
156 
156 
156 
156 
156 
156 
156 
156 
156 
156 
156 
156 
156 
156 
156 
156 
156 
156 
156 
156 
156 
156 
156 
156 
156 
156 
156 
156 
156 
156 
156 
156 
156 
156 
156 
156 
156 
156 
156 
156 
156 
156 
156 
156 
156 
156 
156 
156 
156 
156 
156 
156 
156 
156 
156 
156 
156 
156 
156 
156 
156 
156 
156 
156 
156 
156 
156 
156 
156 
156 
156 
156 
156 
156 
156 
156 
156 
156 
156 
156 
156 
156 
156 
156 
156 
156 
156 
156 
156 
156 
156 
156 
156 
156 
156 
156 
156 
156 
156 
156 
156 
156 
156 
156 
156 
156 
156 
156 
156 
156 
156 
156 
156 
156 
156 
156 
156 
156 
156 
156 
156 
156 
156 
156 
156 
156 
156 
156 
156 
156 
156 
156 
156 
156 
156 
156 
156 
156 
156 
156 
156 
156 
156 
156 
156 
156 
156 
156 
156 
156 
156 
156 
156 
156 
156 
156 
