Edge min = 0.034701, max=0.150383, average=0.091955;
Grid_size 1114
Node_size 598
Total_DOF 598
maxDOF 3
Solution_Order 
1 1 1 
 meshIEN 
119 4 46 
 119 88 4 
 120 46 45 
 120 119 46 
 125 12 1 
 125 1 96 
 128 31 3 
 128 3 60 
 129 2 27 
 129 52 2 
 130 45 43 
 130 120 45 
 130 121 120 
 131 87 89 
 120 121 131 
 123 135 136 
 145 144 127 
 56 144 145 
 145 59 56 
 147 53 52 
 52 129 147 
 53 147 148 
 148 51 53 
 149 27 26 
 149 129 27 
 151 131 121 
 121 150 151 
 151 150 122 
 90 132 152 
 152 91 90 
 153 151 122 
 87 131 154 
 131 151 154 
 154 90 87 
 154 132 90 
 154 153 132 
 151 153 154 
 155 44 38 
 122 150 156 
 157 43 44 
 158 94 93 
 159 92 94 
 94 158 159 
 159 158 134 
 123 136 160 
 160 159 134 
 163 135 123 
 161 135 163 
 12 125 164 
 164 11 12 
 165 13 11 
 165 135 161 
 11 164 165 
 165 164 135 
 166 95 92 
 92 159 166 
 166 160 136 
 159 160 166 
 167 125 96 
 167 164 125 
 167 96 95 
 95 166 167 
 167 166 136 
 196 33 32 
 197 30 31 
 31 128 197 
 199 128 60 
 59 145 199 
 199 60 59 
 200 24 25 
 129 149 201 
 201 149 146 
 91 152 202 
 203 156 150 
 203 157 133 
 133 156 203 
 204 93 86 
 204 158 93 
 205 169 168 
 206 205 168 
 39 205 206 
 206 41 39 
 207 40 28 
 137 210 208 
 208 210 168 
 168 169 208 
 169 205 209 
 40 207 209 
 209 39 40 
 209 205 39 
 170 212 213 
 216 15 16 
 218 18 17 
 172 217 219 
 219 173 172 
 222 163 123 
 123 160 225 
 225 222 123 
 225 223 175 
 175 222 225 
 139 177 226 
 226 224 139 
 227 177 139 
 227 176 174 
 174 221 227 
 227 221 177 
 171 214 228 
 229 178 124 
 229 179 178 
 124 220 229 
 229 220 176 
 230 227 139 
 176 227 230 
 230 229 176 
 179 229 230 
 231 230 139 
 139 224 231 
 178 179 232 
 233 153 122 
 180 233 234 
 234 233 122 
 122 156 234 
 235 35 29 
 237 36 34 
 181 236 238 
 238 182 181 
 244 241 184 
 245 187 185 
 248 19 23 
 19 248 249 
 249 25 19 
 250 20 21 
 141 246 251 
 251 246 185 
 185 187 251 
 187 245 252 
 20 250 252 
 252 22 20 
 252 245 22 
 255 57 50 
 189 255 256 
 256 50 55 
 256 255 50 
 126 239 258 
 190 258 259 
 259 239 183 
 259 258 239 
 126 258 260 
 260 253 126 
 124 214 265 
 265 220 124 
 268 215 137 
 269 268 137 
 137 208 269 
 143 267 270 
 271 267 192 
 272 268 193 
 193 271 272 
 215 268 272 
 171 215 272 
 126 253 273 
 126 273 274 
 274 239 126 
 276 254 141 
 254 276 280 
 188 254 280 
 315 197 281 
 127 315 281 
 281 145 127 
 281 199 145 
 282 257 142 
 283 282 198 
 257 282 283 
 127 144 284 
 284 241 127 
 285 284 144 
 198 284 285 
 286 204 86 
 170 213 287 
 287 206 168 
 168 210 287 
 36 237 288 
 288 37 36 
 170 210 290 
 291 232 211 
 178 232 291 
 211 290 291 
 292 212 170 
 211 289 292 
 170 290 292 
 292 290 211 
 293 213 155 
 293 287 213 
 293 38 42 
 293 155 38 
 294 16 10 
 294 216 16 
 295 221 138 
 177 221 295 
 18 218 296 
 296 9 18 
 297 218 17 
 173 218 297 
 15 216 297 
 297 17 15 
 297 216 172 
 172 173 297 
 298 217 138 
 298 219 217 
 161 163 299 
 300 223 134 
 134 158 300 
 301 222 175 
 224 226 301 
 175 224 301 
 211 232 303 
 303 289 211 
 180 289 303 
 153 233 304 
 132 153 304 
 133 212 305 
 305 156 133 
 305 234 156 
 306 237 34 
 182 237 306 
 181 182 306 
 140 240 307 
 307 236 140 
 307 238 236 
 142 261 308 
 308 282 142 
 198 282 309 
 309 284 198 
 309 308 242 
 282 308 309 
 311 240 140 
 140 236 312 
 313 29 33 
 314 312 235 
 314 313 244 
 29 313 314 
 314 235 29 
 241 244 315 
 317 248 23 
 186 248 317 
 22 245 317 
 317 23 22 
 317 245 185 
 185 186 317 
 146 200 318 
 25 249 318 
 318 200 25 
 319 248 186 
 319 249 248 
 242 308 321 
 190 259 321 
 321 261 190 
 321 308 261 
 322 254 188 
 253 260 322 
 188 253 322 
 323 258 190 
 323 260 258 
 129 201 324 
 325 261 142 
 326 257 189 
 263 325 326 
 191 264 327 
 148 262 327 
 328 55 54 
 328 256 55 
 329 54 51 
 329 327 264 
 329 328 54 
 264 328 329 
 148 327 329 
 51 148 329 
 220 266 330 
 331 265 192 
 332 208 169 
 332 269 208 
 268 269 333 
 193 268 333 
 334 265 214 
 334 272 271 
 171 272 334 
 334 214 171 
 334 271 192 
 192 265 334 
 239 274 335 
 183 239 335 
 194 275 336 
 337 251 187 
 337 277 251 
 276 277 338 
 195 280 338 
 338 280 276 
 275 278 339 
 143 275 339 
 340 273 253 
 188 280 340 
 340 253 188 
 341 255 189 
 342 58 57 
 206 287 343 
 41 206 343 
 287 293 343 
 343 42 41 
 343 293 42 
 344 237 182 
 344 288 237 
 37 288 345 
 345 28 37 
 345 207 28 
 347 290 210 
 347 291 290 
 137 215 347 
 347 210 137 
 348 294 10 
 14 162 348 
 348 10 14 
 177 295 349 
 349 226 177 
 350 217 172 
 222 301 352 
 352 299 163 
 163 222 352 
 353 202 152 
 354 353 302 
 202 353 354 
 354 286 202 
 223 300 355 
 300 351 355 
 355 354 302 
 351 354 355 
 356 355 302 
 357 356 302 
 234 305 358 
 358 292 289 
 358 289 180 
 180 234 358 
 358 305 212 
 212 292 358 
 284 309 359 
 241 284 359 
 242 310 359 
 359 309 242 
 360 311 243 
 184 310 360 
 243 312 361 
 312 314 361 
 184 360 361 
 361 360 243 
 361 244 184 
 361 314 244 
 249 319 363 
 316 363 364 
 364 363 319 
 296 320 366 
 9 296 366 
 366 21 9 
 366 250 21 
 368 218 173 
 368 296 218 
 368 320 296 
 240 311 369 
 183 240 369 
 369 259 183 
 369 321 259 
 146 318 370 
 370 201 146 
 370 324 201 
 261 325 371 
 371 323 190 
 190 261 371 
 372 328 264 
 263 326 372 
 256 328 372 
 372 326 189 
 189 256 372 
 174 330 373 
 373 221 174 
 193 333 374 
 374 271 193 
 375 307 240 
 183 335 375 
 375 240 183 
 194 336 376 
 376 273 194 
 376 274 273 
 143 270 377 
 377 275 143 
 377 336 275 
 378 279 195 
 278 279 378 
 379 331 192 
 192 267 379 
 198 285 380 
 285 342 380 
 380 342 341 
 380 283 198 
 380 341 283 
 381 344 182 
 182 238 381 
 382 345 288 
 269 332 383 
 207 346 385 
 346 383 385 
 169 209 385 
 385 209 207 
 385 332 169 
 385 383 332 
 291 347 386 
 171 228 386 
 386 215 171 
 386 347 215 
 387 348 162 
 161 299 387 
 387 162 161 
 388 349 295 
 217 350 388 
 294 348 389 
 348 387 389 
 226 349 390 
 390 301 226 
 390 352 301 
 391 152 132 
 391 353 152 
 132 304 391 
 231 356 392 
 356 357 392 
 230 231 392 
 179 230 392 
 355 356 393 
 393 356 231 
 223 355 393 
 175 223 393 
 393 224 175 
 393 231 224 
 394 357 302 
 302 353 394 
 353 391 394 
 395 304 233 
 357 394 395 
 395 391 304 
 395 394 391 
 396 303 232 
 396 392 357 
 179 392 396 
 396 232 179 
 397 310 242 
 397 360 310 
 321 369 397 
 242 321 397 
 398 362 191 
 191 327 398 
 398 327 262 
 191 362 399 
 399 263 191 
 400 363 316 
 316 362 400 
 362 398 400 
 401 364 247 
 260 323 402 
 323 371 402 
 402 322 260 
 402 365 322 
 316 364 403 
 364 401 403 
 404 362 316 
 404 399 362 
 316 403 404 
 404 403 365 
 277 337 405 
 406 366 320 
 250 367 407 
 367 405 407 
 187 252 407 
 407 252 250 
 407 337 187 
 407 405 337 
 408 368 173 
 173 219 408 
 409 370 318 
 363 400 409 
 249 363 409 
 409 318 249 
 274 376 411 
 411 335 274 
 278 378 412 
 412 339 278 
 344 381 413 
 336 377 414 
 415 414 384 
 416 383 346 
 417 374 333 
 384 414 417 
 417 414 377 
 417 377 270 
 270 374 417 
 418 390 349 
 349 388 418 
 350 389 418 
 418 388 350 
 357 395 419 
 180 303 419 
 303 396 419 
 419 396 357 
 419 233 180 
 419 395 233 
 324 370 420 
 370 409 420 
 420 398 262 
 262 324 420 
 420 400 398 
 420 409 400 
 421 403 401 
 254 322 421 
 421 401 141 
 141 254 421 
 365 403 421 
 322 365 421 
 422 402 371 
 422 371 325 
 422 404 365 
 365 402 422 
 399 404 422 
 277 405 423 
 423 338 277 
 367 406 425 
 298 373 426 
 368 408 427 
 408 426 427 
 427 426 410 
 320 368 427 
 427 406 320 
 335 411 429 
 429 375 335 
 307 375 430 
 415 428 430 
 375 429 430 
 430 429 415 
 414 415 431 
 431 411 376 
 336 414 431 
 431 376 336 
 431 429 411 
 415 429 431 
 383 416 432 
 269 383 432 
 384 417 432 
 432 416 384 
 432 333 269 
 432 417 333 
 433 387 299 
 299 352 433 
 390 418 433 
 352 390 433 
 434 412 378 
 338 423 434 
 331 379 435 
 435 379 339 
 435 424 266 
 266 331 435 
 436 373 330 
 436 426 373 
 266 424 436 
 436 330 266 
 367 425 437 
 437 405 367 
 437 423 405 
 438 381 238 
 438 430 428 
 438 413 381 
 438 428 413 
 307 430 438 
 238 307 438 
 413 428 439 
 382 413 439 
 346 382 439 
 384 416 440 
 440 439 428 
 440 415 384 
 440 428 415 
 424 435 441 
 441 435 339 
 339 412 441 
 426 436 442 
 410 426 442 
 442 436 424 
 424 441 443 
 443 425 410 
 410 442 443 
 443 442 424 
 444 434 423 
 425 443 445 
 445 437 425 
 441 444 445 
 445 443 441 
 155 133 157 
 157 44 155 
 196 32 30 
 197 315 196 
 196 30 197 
 26 24 200 
 147 129 324 
 162 14 13 
 164 167 136 
 136 135 164 
 128 199 281 
 281 197 128 
 91 202 286 
 286 86 91 
 157 203 130 
 130 43 157 
 213 212 133 
 133 155 213 
 228 214 124 
 124 178 228 
 350 172 216 
 176 220 330 
 330 174 176 
 134 223 225 
 225 160 134 
 127 241 315 
 313 33 196 
 315 244 313 
 313 196 315 
 401 247 246 
 246 141 401 
 331 266 220 
 220 265 331 
 251 277 276 
 276 141 251 
 194 279 278 
 278 275 194 
 340 280 195 
 195 279 340 
 170 287 210 
 178 291 386 
 386 228 178 
 388 295 138 
 138 217 388 
 35 306 34 
 359 310 184 
 184 241 359 
 235 312 236 
 236 181 235 
 140 312 243 
 243 311 140 
 147 324 262 
 262 148 147 
 326 325 142 
 142 257 326 
 143 339 379 
 379 267 143 
 273 340 279 
 279 194 273 
 144 56 58 
 286 354 351 
 351 204 286 
 247 364 319 
 319 186 247 
 406 367 250 
 250 366 406 
 397 369 311 
 311 360 397 
 263 372 264 
 264 191 263 
 344 413 382 
 382 288 344 
 433 418 389 
 389 387 433 
 399 422 325 
 325 263 399 
 298 426 408 
 408 219 298 
 406 427 410 
 410 425 406 
 439 440 416 
 416 346 439 
 444 441 412 
 412 434 444 
 437 445 444 
 444 423 437 
 119 120 131 
 203 150 121 
 121 130 203 
 246 247 186 
 186 185 246 
 267 271 374 
 374 270 267 
 373 298 138 
 138 221 373 
 255 341 342 
 342 57 255 
 58 342 285 
 285 144 58 
 204 351 300 
 300 158 204 
 434 378 195 
 195 338 434 
 345 382 346 
 346 207 345 
 306 35 235 
 235 181 306 
 294 389 350 
 350 216 294 
 131 89 88 
 88 119 131 
 146 149 26 
 26 200 146 
 161 162 13 
 13 165 161 
 283 341 189 
 189 257 283 
 1 12 446 
 446 98 1 
 448 99 97 
 448 6 99 
 448 67 6 
 27 2 456 
 456 2 49 
 457 5 82 
 457 48 5 
 458 97 98 
 67 448 459 
 459 66 67 
 460 69 68 
 13 14 461 
 462 460 449 
 449 461 464 
 464 461 14 
 14 10 464 
 16 15 465 
 466 70 71 
 467 466 450 
 70 466 467 
 467 72 70 
 450 465 468 
 468 465 15 
 15 17 468 
 18 9 469 
 470 64 73 
 21 20 471 
 472 75 76 
 473 471 452 
 452 472 473 
 476 474 453 
 453 475 476 
 19 25 477 
 478 80 74 
 80 478 479 
 479 79 80 
 454 477 480 
 480 477 25 
 25 24 480 
 24 26 483 
 484 81 79 
 79 479 484 
 485 459 448 
 486 68 66 
 486 460 68 
 13 461 487 
 11 13 487 
 461 463 487 
 489 458 447 
 489 485 458 
 490 461 449 
 490 463 461 
 490 489 463 
 11 487 491 
 491 487 463 
 12 11 491 
 492 464 10 
 16 465 492 
 10 16 492 
 493 71 65 
 493 466 71 
 493 488 466 
 495 468 17 
 18 469 495 
 17 18 495 
 495 469 451 
 471 473 496 
 496 469 9 
 21 471 496 
 9 21 496 
 496 473 451 
 451 469 496 
 497 473 472 
 64 470 497 
 497 76 64 
 497 472 76 
 451 473 497 
 474 476 498 
 498 471 20 
 22 474 498 
 20 22 498 
 498 476 452 
 452 471 498 
 499 476 475 
 75 472 499 
 499 77 75 
 499 475 77 
 452 476 499 
 499 472 452 
 19 477 500 
 23 19 500 
 501 74 78 
 501 478 74 
 455 484 502 
 502 484 479 
 453 474 503 
 504 475 453 
 453 503 504 
 504 503 481 
 505 456 49 
 47 482 505 
 505 49 47 
 48 457 506 
 506 47 48 
 506 482 47 
 459 485 507 
 507 490 486 
 489 490 507 
 485 489 507 
 449 464 508 
 464 492 508 
 508 462 449 
 508 488 462 
 488 508 509 
 509 508 492 
 509 465 450 
 509 492 465 
 488 493 510 
 462 488 510 
 510 493 65 
 510 65 69 
 450 468 511 
 468 495 511 
 511 467 450 
 511 494 467 
 511 495 451 
 451 494 511 
 512 494 470 
 467 494 512 
 72 467 512 
 512 73 72 
 512 470 73 
 513 500 477 
 481 503 513 
 454 481 513 
 513 477 454 
 478 501 514 
 514 504 481 
 514 481 454 
 454 478 514 
 455 502 515 
 515 483 455 
 516 502 479 
 516 515 502 
 480 515 516 
 454 480 516 
 517 503 474 
 517 513 503 
 517 474 22 
 22 23 517 
 500 513 517 
 23 500 517 
 475 504 518 
 504 514 518 
 77 475 518 
 518 78 77 
 518 501 78 
 518 514 501 
 519 505 482 
 482 506 520 
 455 519 520 
 520 519 482 
 521 483 26 
 26 27 521 
 505 519 521 
 456 505 521 
 27 456 521 
 81 484 522 
 522 82 81 
 522 520 506 
 522 457 82 
 522 506 457 
 446 447 458 
 458 98 446 
 97 458 485 
 485 448 97 
 460 462 510 
 510 69 460 
 497 470 494 
 494 451 497 
 516 479 478 
 478 454 516 
 466 488 509 
 509 450 466 
 486 490 449 
 449 460 486 
 447 491 463 
 463 489 447 
 459 507 486 
 486 66 459 
 483 521 519 
 519 455 483 
 520 522 484 
 484 455 520 
 491 447 446 
 446 12 491 
 24 483 515 
 515 480 24 
 3 31 523 
 523 62 3 
 525 63 61 
 525 7 63 
 525 103 7 
 46 4 532 
 532 4 85 
 533 8 118 
 533 84 8 
 534 105 104 
 32 33 535 
 536 534 524 
 524 535 538 
 538 535 33 
 33 29 538 
 539 61 62 
 103 525 540 
 540 102 103 
 35 34 541 
 542 106 107 
 543 542 526 
 106 542 543 
 543 108 106 
 526 541 544 
 544 541 34 
 34 36 544 
 37 28 545 
 546 100 109 
 40 39 547 
 548 111 112 
 549 547 528 
 528 548 549 
 552 550 529 
 529 551 552 
 38 44 553 
 554 116 110 
 116 554 555 
 555 115 116 
 530 553 556 
 556 553 44 
 44 43 556 
 43 45 559 
 560 117 115 
 115 555 560 
 561 104 102 
 561 534 104 
 102 540 561 
 32 535 562 
 30 32 562 
 535 537 562 
 524 534 564 
 534 561 564 
 564 535 524 
 564 537 535 
 30 562 565 
 565 562 537 
 565 523 31 
 31 30 565 
 566 539 523 
 523 565 566 
 566 565 537 
 567 540 525 
 539 566 567 
 568 538 29 
 35 541 568 
 29 35 568 
 569 107 101 
 569 542 107 
 569 563 542 
 571 544 36 
 37 545 571 
 36 37 571 
 571 545 527 
 547 549 572 
 572 545 28 
 40 547 572 
 28 40 572 
 572 549 527 
 527 545 572 
 573 549 548 
 100 546 573 
 573 112 100 
 573 548 112 
 527 549 573 
 550 552 574 
 574 547 39 
 41 550 574 
 39 41 574 
 574 552 528 
 528 547 574 
 575 552 551 
 111 548 575 
 575 113 111 
 575 551 113 
 528 552 575 
 575 548 528 
 38 553 576 
 42 38 576 
 577 110 114 
 577 554 110 
 531 560 578 
 578 560 555 
 529 550 579 
 580 551 529 
 529 579 580 
 580 579 557 
 581 532 85 
 83 558 581 
 581 85 83 
 84 533 582 
 582 83 84 
 582 558 83 
 524 538 583 
 538 568 583 
 583 536 524 
 583 563 536 
 584 567 566 
 584 564 561 
 584 566 537 
 537 564 584 
 540 567 584 
 584 561 540 
 563 583 585 
 585 583 568 
 585 541 526 
 585 568 541 
 563 569 586 
 536 563 586 
 586 569 101 
 586 101 105 
 526 544 587 
 544 571 587 
 587 543 526 
 587 570 543 
 587 571 527 
 527 570 587 
 588 570 546 
 543 570 588 
 108 543 588 
 588 109 108 
 588 546 109 
 589 576 553 
 557 579 589 
 530 557 589 
 589 553 530 
 554 577 590 
 590 580 557 
 590 557 530 
 530 554 590 
 531 578 591 
 591 559 531 
 592 578 555 
 592 591 578 
 556 591 592 
 530 556 592 
 593 579 550 
 593 589 579 
 593 550 41 
 41 42 593 
 576 589 593 
 42 576 593 
 551 580 594 
 580 590 594 
 113 551 594 
 594 114 113 
 594 577 114 
 594 590 577 
 595 581 558 
 558 582 596 
 531 595 596 
 596 595 558 
 597 559 45 
 45 46 597 
 581 595 597 
 532 581 597 
 46 532 597 
 117 560 598 
 598 118 117 
 598 596 582 
 598 533 118 
 598 582 533 
 539 62 523 
 534 536 586 
 586 105 534 
 573 546 570 
 570 527 573 
 592 555 554 
 554 530 592 
 542 563 585 
 585 526 542 
 559 597 595 
 595 531 559 
 596 598 560 
 560 531 596 
 43 559 591 
 591 556 43 
 567 525 61 
 61 539 567 
 solutionIEN 
119 4 46 
 119 88 4 
 120 46 45 
 120 119 46 
 125 12 1 
 125 1 96 
 128 31 3 
 128 3 60 
 129 2 27 
 129 52 2 
 130 45 43 
 130 120 45 
 130 121 120 
 131 87 89 
 120 121 131 
 123 135 136 
 145 144 127 
 56 144 145 
 145 59 56 
 147 53 52 
 52 129 147 
 53 147 148 
 148 51 53 
 149 27 26 
 149 129 27 
 151 131 121 
 121 150 151 
 151 150 122 
 90 132 152 
 152 91 90 
 153 151 122 
 87 131 154 
 131 151 154 
 154 90 87 
 154 132 90 
 154 153 132 
 151 153 154 
 155 44 38 
 122 150 156 
 157 43 44 
 158 94 93 
 159 92 94 
 94 158 159 
 159 158 134 
 123 136 160 
 160 159 134 
 163 135 123 
 161 135 163 
 12 125 164 
 164 11 12 
 165 13 11 
 165 135 161 
 11 164 165 
 165 164 135 
 166 95 92 
 92 159 166 
 166 160 136 
 159 160 166 
 167 125 96 
 167 164 125 
 167 96 95 
 95 166 167 
 167 166 136 
 196 33 32 
 197 30 31 
 31 128 197 
 199 128 60 
 59 145 199 
 199 60 59 
 200 24 25 
 129 149 201 
 201 149 146 
 91 152 202 
 203 156 150 
 203 157 133 
 133 156 203 
 204 93 86 
 204 158 93 
 205 169 168 
 206 205 168 
 39 205 206 
 206 41 39 
 207 40 28 
 137 210 208 
 208 210 168 
 168 169 208 
 169 205 209 
 40 207 209 
 209 39 40 
 209 205 39 
 170 212 213 
 216 15 16 
 218 18 17 
 172 217 219 
 219 173 172 
 222 163 123 
 123 160 225 
 225 222 123 
 225 223 175 
 175 222 225 
 139 177 226 
 226 224 139 
 227 177 139 
 227 176 174 
 174 221 227 
 227 221 177 
 171 214 228 
 229 178 124 
 229 179 178 
 124 220 229 
 229 220 176 
 230 227 139 
 176 227 230 
 230 229 176 
 179 229 230 
 231 230 139 
 139 224 231 
 178 179 232 
 233 153 122 
 180 233 234 
 234 233 122 
 122 156 234 
 235 35 29 
 237 36 34 
 181 236 238 
 238 182 181 
 244 241 184 
 245 187 185 
 248 19 23 
 19 248 249 
 249 25 19 
 250 20 21 
 141 246 251 
 251 246 185 
 185 187 251 
 187 245 252 
 20 250 252 
 252 22 20 
 252 245 22 
 255 57 50 
 189 255 256 
 256 50 55 
 256 255 50 
 126 239 258 
 190 258 259 
 259 239 183 
 259 258 239 
 126 258 260 
 260 253 126 
 124 214 265 
 265 220 124 
 268 215 137 
 269 268 137 
 137 208 269 
 143 267 270 
 271 267 192 
 272 268 193 
 193 271 272 
 215 268 272 
 171 215 272 
 126 253 273 
 126 273 274 
 274 239 126 
 276 254 141 
 254 276 280 
 188 254 280 
 315 197 281 
 127 315 281 
 281 145 127 
 281 199 145 
 282 257 142 
 283 282 198 
 257 282 283 
 127 144 284 
 284 241 127 
 285 284 144 
 198 284 285 
 286 204 86 
 170 213 287 
 287 206 168 
 168 210 287 
 36 237 288 
 288 37 36 
 170 210 290 
 291 232 211 
 178 232 291 
 211 290 291 
 292 212 170 
 211 289 292 
 170 290 292 
 292 290 211 
 293 213 155 
 293 287 213 
 293 38 42 
 293 155 38 
 294 16 10 
 294 216 16 
 295 221 138 
 177 221 295 
 18 218 296 
 296 9 18 
 297 218 17 
 173 218 297 
 15 216 297 
 297 17 15 
 297 216 172 
 172 173 297 
 298 217 138 
 298 219 217 
 161 163 299 
 300 223 134 
 134 158 300 
 301 222 175 
 224 226 301 
 175 224 301 
 211 232 303 
 303 289 211 
 180 289 303 
 153 233 304 
 132 153 304 
 133 212 305 
 305 156 133 
 305 234 156 
 306 237 34 
 182 237 306 
 181 182 306 
 140 240 307 
 307 236 140 
 307 238 236 
 142 261 308 
 308 282 142 
 198 282 309 
 309 284 198 
 309 308 242 
 282 308 309 
 311 240 140 
 140 236 312 
 313 29 33 
 314 312 235 
 314 313 244 
 29 313 314 
 314 235 29 
 241 244 315 
 317 248 23 
 186 248 317 
 22 245 317 
 317 23 22 
 317 245 185 
 185 186 317 
 146 200 318 
 25 249 318 
 318 200 25 
 319 248 186 
 319 249 248 
 242 308 321 
 190 259 321 
 321 261 190 
 321 308 261 
 322 254 188 
 253 260 322 
 188 253 322 
 323 258 190 
 323 260 258 
 129 201 324 
 325 261 142 
 326 257 189 
 263 325 326 
 191 264 327 
 148 262 327 
 328 55 54 
 328 256 55 
 329 54 51 
 329 327 264 
 329 328 54 
 264 328 329 
 148 327 329 
 51 148 329 
 220 266 330 
 331 265 192 
 332 208 169 
 332 269 208 
 268 269 333 
 193 268 333 
 334 265 214 
 334 272 271 
 171 272 334 
 334 214 171 
 334 271 192 
 192 265 334 
 239 274 335 
 183 239 335 
 194 275 336 
 337 251 187 
 337 277 251 
 276 277 338 
 195 280 338 
 338 280 276 
 275 278 339 
 143 275 339 
 340 273 253 
 188 280 340 
 340 253 188 
 341 255 189 
 342 58 57 
 206 287 343 
 41 206 343 
 287 293 343 
 343 42 41 
 343 293 42 
 344 237 182 
 344 288 237 
 37 288 345 
 345 28 37 
 345 207 28 
 347 290 210 
 347 291 290 
 137 215 347 
 347 210 137 
 348 294 10 
 14 162 348 
 348 10 14 
 177 295 349 
 349 226 177 
 350 217 172 
 222 301 352 
 352 299 163 
 163 222 352 
 353 202 152 
 354 353 302 
 202 353 354 
 354 286 202 
 223 300 355 
 300 351 355 
 355 354 302 
 351 354 355 
 356 355 302 
 357 356 302 
 234 305 358 
 358 292 289 
 358 289 180 
 180 234 358 
 358 305 212 
 212 292 358 
 284 309 359 
 241 284 359 
 242 310 359 
 359 309 242 
 360 311 243 
 184 310 360 
 243 312 361 
 312 314 361 
 184 360 361 
 361 360 243 
 361 244 184 
 361 314 244 
 249 319 363 
 316 363 364 
 364 363 319 
 296 320 366 
 9 296 366 
 366 21 9 
 366 250 21 
 368 218 173 
 368 296 218 
 368 320 296 
 240 311 369 
 183 240 369 
 369 259 183 
 369 321 259 
 146 318 370 
 370 201 146 
 370 324 201 
 261 325 371 
 371 323 190 
 190 261 371 
 372 328 264 
 263 326 372 
 256 328 372 
 372 326 189 
 189 256 372 
 174 330 373 
 373 221 174 
 193 333 374 
 374 271 193 
 375 307 240 
 183 335 375 
 375 240 183 
 194 336 376 
 376 273 194 
 376 274 273 
 143 270 377 
 377 275 143 
 377 336 275 
 378 279 195 
 278 279 378 
 379 331 192 
 192 267 379 
 198 285 380 
 285 342 380 
 380 342 341 
 380 283 198 
 380 341 283 
 381 344 182 
 182 238 381 
 382 345 288 
 269 332 383 
 207 346 385 
 346 383 385 
 169 209 385 
 385 209 207 
 385 332 169 
 385 383 332 
 291 347 386 
 171 228 386 
 386 215 171 
 386 347 215 
 387 348 162 
 161 299 387 
 387 162 161 
 388 349 295 
 217 350 388 
 294 348 389 
 348 387 389 
 226 349 390 
 390 301 226 
 390 352 301 
 391 152 132 
 391 353 152 
 132 304 391 
 231 356 392 
 356 357 392 
 230 231 392 
 179 230 392 
 355 356 393 
 393 356 231 
 223 355 393 
 175 223 393 
 393 224 175 
 393 231 224 
 394 357 302 
 302 353 394 
 353 391 394 
 395 304 233 
 357 394 395 
 395 391 304 
 395 394 391 
 396 303 232 
 396 392 357 
 179 392 396 
 396 232 179 
 397 310 242 
 397 360 310 
 321 369 397 
 242 321 397 
 398 362 191 
 191 327 398 
 398 327 262 
 191 362 399 
 399 263 191 
 400 363 316 
 316 362 400 
 362 398 400 
 401 364 247 
 260 323 402 
 323 371 402 
 402 322 260 
 402 365 322 
 316 364 403 
 364 401 403 
 404 362 316 
 404 399 362 
 316 403 404 
 404 403 365 
 277 337 405 
 406 366 320 
 250 367 407 
 367 405 407 
 187 252 407 
 407 252 250 
 407 337 187 
 407 405 337 
 408 368 173 
 173 219 408 
 409 370 318 
 363 400 409 
 249 363 409 
 409 318 249 
 274 376 411 
 411 335 274 
 278 378 412 
 412 339 278 
 344 381 413 
 336 377 414 
 415 414 384 
 416 383 346 
 417 374 333 
 384 414 417 
 417 414 377 
 417 377 270 
 270 374 417 
 418 390 349 
 349 388 418 
 350 389 418 
 418 388 350 
 357 395 419 
 180 303 419 
 303 396 419 
 419 396 357 
 419 233 180 
 419 395 233 
 324 370 420 
 370 409 420 
 420 398 262 
 262 324 420 
 420 400 398 
 420 409 400 
 421 403 401 
 254 322 421 
 421 401 141 
 141 254 421 
 365 403 421 
 322 365 421 
 422 402 371 
 422 371 325 
 422 404 365 
 365 402 422 
 399 404 422 
 277 405 423 
 423 338 277 
 367 406 425 
 298 373 426 
 368 408 427 
 408 426 427 
 427 426 410 
 320 368 427 
 427 406 320 
 335 411 429 
 429 375 335 
 307 375 430 
 415 428 430 
 375 429 430 
 430 429 415 
 414 415 431 
 431 411 376 
 336 414 431 
 431 376 336 
 431 429 411 
 415 429 431 
 383 416 432 
 269 383 432 
 384 417 432 
 432 416 384 
 432 333 269 
 432 417 333 
 433 387 299 
 299 352 433 
 390 418 433 
 352 390 433 
 434 412 378 
 338 423 434 
 331 379 435 
 435 379 339 
 435 424 266 
 266 331 435 
 436 373 330 
 436 426 373 
 266 424 436 
 436 330 266 
 367 425 437 
 437 405 367 
 437 423 405 
 438 381 238 
 438 430 428 
 438 413 381 
 438 428 413 
 307 430 438 
 238 307 438 
 413 428 439 
 382 413 439 
 346 382 439 
 384 416 440 
 440 439 428 
 440 415 384 
 440 428 415 
 424 435 441 
 441 435 339 
 339 412 441 
 426 436 442 
 410 426 442 
 442 436 424 
 424 441 443 
 443 425 410 
 410 442 443 
 443 442 424 
 444 434 423 
 425 443 445 
 445 437 425 
 441 444 445 
 445 443 441 
 155 133 157 
 157 44 155 
 196 32 30 
 197 315 196 
 196 30 197 
 26 24 200 
 147 129 324 
 162 14 13 
 164 167 136 
 136 135 164 
 128 199 281 
 281 197 128 
 91 202 286 
 286 86 91 
 157 203 130 
 130 43 157 
 213 212 133 
 133 155 213 
 228 214 124 
 124 178 228 
 350 172 216 
 176 220 330 
 330 174 176 
 134 223 225 
 225 160 134 
 127 241 315 
 313 33 196 
 315 244 313 
 313 196 315 
 401 247 246 
 246 141 401 
 331 266 220 
 220 265 331 
 251 277 276 
 276 141 251 
 194 279 278 
 278 275 194 
 340 280 195 
 195 279 340 
 170 287 210 
 178 291 386 
 386 228 178 
 388 295 138 
 138 217 388 
 35 306 34 
 359 310 184 
 184 241 359 
 235 312 236 
 236 181 235 
 140 312 243 
 243 311 140 
 147 324 262 
 262 148 147 
 326 325 142 
 142 257 326 
 143 339 379 
 379 267 143 
 273 340 279 
 279 194 273 
 144 56 58 
 286 354 351 
 351 204 286 
 247 364 319 
 319 186 247 
 406 367 250 
 250 366 406 
 397 369 311 
 311 360 397 
 263 372 264 
 264 191 263 
 344 413 382 
 382 288 344 
 433 418 389 
 389 387 433 
 399 422 325 
 325 263 399 
 298 426 408 
 408 219 298 
 406 427 410 
 410 425 406 
 439 440 416 
 416 346 439 
 444 441 412 
 412 434 444 
 437 445 444 
 444 423 437 
 119 120 131 
 203 150 121 
 121 130 203 
 246 247 186 
 186 185 246 
 267 271 374 
 374 270 267 
 373 298 138 
 138 221 373 
 255 341 342 
 342 57 255 
 58 342 285 
 285 144 58 
 204 351 300 
 300 158 204 
 434 378 195 
 195 338 434 
 345 382 346 
 346 207 345 
 306 35 235 
 235 181 306 
 294 389 350 
 350 216 294 
 131 89 88 
 88 119 131 
 146 149 26 
 26 200 146 
 161 162 13 
 13 165 161 
 283 341 189 
 189 257 283 
 1 12 446 
 446 98 1 
 448 99 97 
 448 6 99 
 448 67 6 
 27 2 456 
 456 2 49 
 457 5 82 
 457 48 5 
 458 97 98 
 67 448 459 
 459 66 67 
 460 69 68 
 13 14 461 
 462 460 449 
 449 461 464 
 464 461 14 
 14 10 464 
 16 15 465 
 466 70 71 
 467 466 450 
 70 466 467 
 467 72 70 
 450 465 468 
 468 465 15 
 15 17 468 
 18 9 469 
 470 64 73 
 21 20 471 
 472 75 76 
 473 471 452 
 452 472 473 
 476 474 453 
 453 475 476 
 19 25 477 
 478 80 74 
 80 478 479 
 479 79 80 
 454 477 480 
 480 477 25 
 25 24 480 
 24 26 483 
 484 81 79 
 79 479 484 
 485 459 448 
 486 68 66 
 486 460 68 
 13 461 487 
 11 13 487 
 461 463 487 
 489 458 447 
 489 485 458 
 490 461 449 
 490 463 461 
 490 489 463 
 11 487 491 
 491 487 463 
 12 11 491 
 492 464 10 
 16 465 492 
 10 16 492 
 493 71 65 
 493 466 71 
 493 488 466 
 495 468 17 
 18 469 495 
 17 18 495 
 495 469 451 
 471 473 496 
 496 469 9 
 21 471 496 
 9 21 496 
 496 473 451 
 451 469 496 
 497 473 472 
 64 470 497 
 497 76 64 
 497 472 76 
 451 473 497 
 474 476 498 
 498 471 20 
 22 474 498 
 20 22 498 
 498 476 452 
 452 471 498 
 499 476 475 
 75 472 499 
 499 77 75 
 499 475 77 
 452 476 499 
 499 472 452 
 19 477 500 
 23 19 500 
 501 74 78 
 501 478 74 
 455 484 502 
 502 484 479 
 453 474 503 
 504 475 453 
 453 503 504 
 504 503 481 
 505 456 49 
 47 482 505 
 505 49 47 
 48 457 506 
 506 47 48 
 506 482 47 
 459 485 507 
 507 490 486 
 489 490 507 
 485 489 507 
 449 464 508 
 464 492 508 
 508 462 449 
 508 488 462 
 488 508 509 
 509 508 492 
 509 465 450 
 509 492 465 
 488 493 510 
 462 488 510 
 510 493 65 
 510 65 69 
 450 468 511 
 468 495 511 
 511 467 450 
 511 494 467 
 511 495 451 
 451 494 511 
 512 494 470 
 467 494 512 
 72 467 512 
 512 73 72 
 512 470 73 
 513 500 477 
 481 503 513 
 454 481 513 
 513 477 454 
 478 501 514 
 514 504 481 
 514 481 454 
 454 478 514 
 455 502 515 
 515 483 455 
 516 502 479 
 516 515 502 
 480 515 516 
 454 480 516 
 517 503 474 
 517 513 503 
 517 474 22 
 22 23 517 
 500 513 517 
 23 500 517 
 475 504 518 
 504 514 518 
 77 475 518 
 518 78 77 
 518 501 78 
 518 514 501 
 519 505 482 
 482 506 520 
 455 519 520 
 520 519 482 
 521 483 26 
 26 27 521 
 505 519 521 
 456 505 521 
 27 456 521 
 81 484 522 
 522 82 81 
 522 520 506 
 522 457 82 
 522 506 457 
 446 447 458 
 458 98 446 
 97 458 485 
 485 448 97 
 460 462 510 
 510 69 460 
 497 470 494 
 494 451 497 
 516 479 478 
 478 454 516 
 466 488 509 
 509 450 466 
 486 490 449 
 449 460 486 
 447 491 463 
 463 489 447 
 459 507 486 
 486 66 459 
 483 521 519 
 519 455 483 
 520 522 484 
 484 455 520 
 491 447 446 
 446 12 491 
 24 483 515 
 515 480 24 
 3 31 523 
 523 62 3 
 525 63 61 
 525 7 63 
 525 103 7 
 46 4 532 
 532 4 85 
 533 8 118 
 533 84 8 
 534 105 104 
 32 33 535 
 536 534 524 
 524 535 538 
 538 535 33 
 33 29 538 
 539 61 62 
 103 525 540 
 540 102 103 
 35 34 541 
 542 106 107 
 543 542 526 
 106 542 543 
 543 108 106 
 526 541 544 
 544 541 34 
 34 36 544 
 37 28 545 
 546 100 109 
 40 39 547 
 548 111 112 
 549 547 528 
 528 548 549 
 552 550 529 
 529 551 552 
 38 44 553 
 554 116 110 
 116 554 555 
 555 115 116 
 530 553 556 
 556 553 44 
 44 43 556 
 43 45 559 
 560 117 115 
 115 555 560 
 561 104 102 
 561 534 104 
 102 540 561 
 32 535 562 
 30 32 562 
 535 537 562 
 524 534 564 
 534 561 564 
 564 535 524 
 564 537 535 
 30 562 565 
 565 562 537 
 565 523 31 
 31 30 565 
 566 539 523 
 523 565 566 
 566 565 537 
 567 540 525 
 539 566 567 
 568 538 29 
 35 541 568 
 29 35 568 
 569 107 101 
 569 542 107 
 569 563 542 
 571 544 36 
 37 545 571 
 36 37 571 
 571 545 527 
 547 549 572 
 572 545 28 
 40 547 572 
 28 40 572 
 572 549 527 
 527 545 572 
 573 549 548 
 100 546 573 
 573 112 100 
 573 548 112 
 527 549 573 
 550 552 574 
 574 547 39 
 41 550 574 
 39 41 574 
 574 552 528 
 528 547 574 
 575 552 551 
 111 548 575 
 575 113 111 
 575 551 113 
 528 552 575 
 575 548 528 
 38 553 576 
 42 38 576 
 577 110 114 
 577 554 110 
 531 560 578 
 578 560 555 
 529 550 579 
 580 551 529 
 529 579 580 
 580 579 557 
 581 532 85 
 83 558 581 
 581 85 83 
 84 533 582 
 582 83 84 
 582 558 83 
 524 538 583 
 538 568 583 
 583 536 524 
 583 563 536 
 584 567 566 
 584 564 561 
 584 566 537 
 537 564 584 
 540 567 584 
 584 561 540 
 563 583 585 
 585 583 568 
 585 541 526 
 585 568 541 
 563 569 586 
 536 563 586 
 586 569 101 
 586 101 105 
 526 544 587 
 544 571 587 
 587 543 526 
 587 570 543 
 587 571 527 
 527 570 587 
 588 570 546 
 543 570 588 
 108 543 588 
 588 109 108 
 588 546 109 
 589 576 553 
 557 579 589 
 530 557 589 
 589 553 530 
 554 577 590 
 590 580 557 
 590 557 530 
 530 554 590 
 531 578 591 
 591 559 531 
 592 578 555 
 592 591 578 
 556 591 592 
 530 556 592 
 593 579 550 
 593 589 579 
 593 550 41 
 41 42 593 
 576 589 593 
 42 576 593 
 551 580 594 
 580 590 594 
 113 551 594 
 594 114 113 
 594 577 114 
 594 590 577 
 595 581 558 
 558 582 596 
 531 595 596 
 596 595 558 
 597 559 45 
 45 46 597 
 581 595 597 
 532 581 597 
 46 532 597 
 117 560 598 
 598 118 117 
 598 596 582 
 598 533 118 
 598 582 533 
 539 62 523 
 534 536 586 
 586 105 534 
 573 546 570 
 570 527 573 
 592 555 554 
 554 530 592 
 542 563 585 
 585 526 542 
 559 597 595 
 595 531 559 
 596 598 560 
 560 531 596 
 43 559 591 
 591 556 43 
 567 525 61 
 61 539 567 
 solutionOrder 
1 1 1 1 
 1 1 1 1 
 1 1 1 1 
 1 1 1 1 
 1 1 1 1 
 1 1 1 1 
 1 1 1 1 
 1 1 1 1 
 1 1 1 1 
 1 1 1 1 
 1 1 1 1 
 1 1 1 1 
 1 1 1 1 
 1 1 1 1 
 1 1 1 1 
 1 1 1 1 
 1 1 1 1 
 1 1 1 1 
 1 1 1 1 
 1 1 1 1 
 1 1 1 1 
 1 1 1 1 
 1 1 1 1 
 1 1 1 1 
 1 1 1 1 
 1 1 1 1 
 1 1 1 1 
 1 1 1 1 
 1 1 1 1 
 1 1 1 1 
 1 1 1 1 
 1 1 1 1 
 1 1 1 1 
 1 1 1 1 
 1 1 1 1 
 1 1 1 1 
 1 1 1 1 
 1 1 1 1 
 1 1 1 1 
 1 1 1 1 
 1 1 1 1 
 1 1 1 1 
 1 1 1 1 
 1 1 1 1 
 1 1 1 1 
 1 1 1 1 
 1 1 1 1 
 1 1 1 1 
 1 1 1 1 
 1 1 1 1 
 1 1 1 1 
 1 1 1 1 
 1 1 1 1 
 1 1 1 1 
 1 1 1 1 
 1 1 1 1 
 1 1 1 1 
 1 1 1 1 
 1 1 1 1 
 1 1 1 1 
 1 1 1 1 
 1 1 1 1 
 1 1 1 1 
 1 1 1 1 
 1 1 1 1 
 1 1 1 1 
 1 1 1 1 
 1 1 1 1 
 1 1 1 1 
 1 1 1 1 
 1 1 1 1 
 1 1 1 1 
 1 1 1 1 
 1 1 1 1 
 1 1 1 1 
 1 1 1 1 
 1 1 1 1 
 1 1 1 1 
 1 1 1 1 
 1 1 1 1 
 1 1 1 1 
 1 1 1 1 
 1 1 1 1 
 1 1 1 1 
 1 1 1 1 
 1 1 1 1 
 1 1 1 1 
 1 1 1 1 
 1 1 1 1 
 1 1 1 1 
 1 1 1 1 
 1 1 1 1 
 1 1 1 1 
 1 1 1 1 
 1 1 1 1 
 1 1 1 1 
 1 1 1 1 
 1 1 1 1 
 1 1 1 1 
 1 1 1 1 
 1 1 1 1 
 1 1 1 1 
 1 1 1 1 
 1 1 1 1 
 1 1 1 1 
 1 1 1 1 
 1 1 1 1 
 1 1 1 1 
 1 1 1 1 
 1 1 1 1 
 1 1 1 1 
 1 1 1 1 
 1 1 1 1 
 1 1 1 1 
 1 1 1 1 
 1 1 1 1 
 1 1 1 1 
 1 1 1 1 
 1 1 1 1 
 1 1 1 1 
 1 1 1 1 
 1 1 1 1 
 1 1 1 1 
 1 1 1 1 
 1 1 1 1 
 1 1 1 1 
 1 1 1 1 
 1 1 1 1 
 1 1 1 1 
 1 1 1 1 
 1 1 1 1 
 1 1 1 1 
 1 1 1 1 
 1 1 1 1 
 1 1 1 1 
 1 1 1 1 
 1 1 1 1 
 1 1 1 1 
 1 1 1 1 
 1 1 1 1 
 1 1 1 1 
 1 1 1 1 
 1 1 1 1 
 1 1 1 1 
 1 1 1 1 
 1 1 1 1 
 1 1 1 1 
 1 1 1 1 
 1 1 1 1 
 1 1 1 1 
 1 1 1 1 
 1 1 1 1 
 1 1 1 1 
 1 1 1 1 
 1 1 1 1 
 1 1 1 1 
 1 1 1 1 
 1 1 1 1 
 1 1 1 1 
 1 1 1 1 
 1 1 1 1 
 1 1 1 1 
 1 1 1 1 
 1 1 1 1 
 1 1 1 1 
 1 1 1 1 
 1 1 1 1 
 1 1 1 1 
 1 1 1 1 
 1 1 1 1 
 1 1 1 1 
 1 1 1 1 
 1 1 1 1 
 1 1 1 1 
 1 1 1 1 
 1 1 1 1 
 1 1 1 1 
 1 1 1 1 
 1 1 1 1 
 1 1 1 1 
 1 1 1 1 
 1 1 1 1 
 1 1 1 1 
 1 1 1 1 
 1 1 1 1 
 1 1 1 1 
 1 1 1 1 
 1 1 1 1 
 1 1 1 1 
 1 1 1 1 
 1 1 1 1 
 1 1 1 1 
 1 1 1 1 
 1 1 1 1 
 1 1 1 1 
 1 1 1 1 
 1 1 1 1 
 1 1 1 1 
 1 1 1 1 
 1 1 1 1 
 1 1 1 1 
 1 1 1 1 
 1 1 1 1 
 1 1 1 1 
 1 1 1 1 
 1 1 1 1 
 1 1 1 1 
 1 1 1 1 
 1 1 1 1 
 1 1 1 1 
 1 1 1 1 
 1 1 1 1 
 1 1 1 1 
 1 1 1 1 
 1 1 1 1 
 1 1 1 1 
 1 1 1 1 
 1 1 1 1 
 1 1 1 1 
 1 1 1 1 
 1 1 1 1 
 1 1 1 1 
 1 1 1 1 
 1 1 1 1 
 1 1 1 1 
 1 1 1 1 
 1 1 1 1 
 1 1 1 1 
 1 1 1 1 
 1 1 1 1 
 1 1 1 1 
 1 1 1 1 
 1 1 1 1 
 1 1 1 1 
 1 1 1 1 
 1 1 1 1 
 1 1 1 1 
 1 1 1 1 
 1 1 1 1 
 1 1 1 1 
 1 1 1 1 
 1 1 1 1 
 1 1 1 1 
 1 1 1 1 
 1 1 1 1 
 1 1 1 1 
 1 1 1 1 
 1 1 1 1 
 1 1 1 1 
 1 1 1 1 
 1 1 1 1 
 1 1 1 1 
 1 1 1 1 
 1 1 1 1 
 1 1 1 1 
 1 1 1 1 
 1 1 1 1 
 1 1 1 1 
 1 1 1 1 
 1 1 1 1 
 1 1 1 1 
 1 1 1 1 
 1 1 1 1 
 1 1 1 1 
 1 1 1 1 
 1 1 1 1 
 1 1 1 1 
 1 1 1 1 
 1 1 1 1 
 1 1 1 1 
 1 1 1 1 
 1 1 1 1 
 1 1 1 1 
 1 1 1 1 
 1 1 1 1 
 1 1 1 1 
 1 1 1 1 
 1 1 1 1 
 1 1 1 1 
 1 1 1 1 
 1 1 1 1 
 1 1 1 1 
 1 1 1 1 
 1 1 1 1 
 1 1 1 1 
 1 1 1 1 
 1 1 1 1 
 1 1 1 1 
 1 1 1 1 
 1 1 1 1 
 1 1 1 1 
 1 1 1 1 
 1 1 1 1 
 1 1 1 1 
 1 1 1 1 
 1 1 1 1 
 1 1 1 1 
 1 1 1 1 
 1 1 1 1 
 1 1 1 1 
 1 1 1 1 
 1 1 1 1 
 1 1 1 1 
 1 1 1 1 
 1 1 1 1 
 1 1 1 1 
 1 1 1 1 
 1 1 1 1 
 1 1 1 1 
 1 1 1 1 
 1 1 1 1 
 1 1 1 1 
 1 1 1 1 
 1 1 1 1 
 1 1 1 1 
 1 1 1 1 
 1 1 1 1 
 1 1 1 1 
 1 1 1 1 
 1 1 1 1 
 1 1 1 1 
 1 1 1 1 
 1 1 1 1 
 1 1 1 1 
 1 1 1 1 
 1 1 1 1 
 1 1 1 1 
 1 1 1 1 
 1 1 1 1 
 1 1 1 1 
 1 1 1 1 
 1 1 1 1 
 1 1 1 1 
 1 1 1 1 
 1 1 1 1 
 1 1 1 1 
 1 1 1 1 
 1 1 1 1 
 1 1 1 1 
 1 1 1 1 
 1 1 1 1 
 1 1 1 1 
 1 1 1 1 
 1 1 1 1 
 1 1 1 1 
 1 1 1 1 
 1 1 1 1 
 1 1 1 1 
 1 1 1 1 
 1 1 1 1 
 1 1 1 1 
 1 1 1 1 
 1 1 1 1 
 1 1 1 1 
 1 1 1 1 
 1 1 1 1 
 1 1 1 1 
 1 1 1 1 
 1 1 1 1 
 1 1 1 1 
 1 1 1 1 
 1 1 1 1 
 1 1 1 1 
 1 1 1 1 
 1 1 1 1 
 1 1 1 1 
 1 1 1 1 
 1 1 1 1 
 1 1 1 1 
 1 1 1 1 
 1 1 1 1 
 1 1 1 1 
 1 1 1 1 
 1 1 1 1 
 1 1 1 1 
 1 1 1 1 
 1 1 1 1 
 1 1 1 1 
 1 1 1 1 
 1 1 1 1 
 1 1 1 1 
 1 1 1 1 
 1 1 1 1 
 1 1 1 1 
 1 1 1 1 
 1 1 1 1 
 1 1 1 1 
 1 1 1 1 
 1 1 1 1 
 1 1 1 1 
 1 1 1 1 
 1 1 1 1 
 1 1 1 1 
 1 1 1 1 
 1 1 1 1 
 1 1 1 1 
 1 1 1 1 
 1 1 1 1 
 1 1 1 1 
 1 1 1 1 
 1 1 1 1 
 1 1 1 1 
 1 1 1 1 
 1 1 1 1 
 1 1 1 1 
 1 1 1 1 
 1 1 1 1 
 1 1 1 1 
 1 1 1 1 
 1 1 1 1 
 1 1 1 1 
 1 1 1 1 
 1 1 1 1 
 1 1 1 1 
 1 1 1 1 
 1 1 1 1 
 1 1 1 1 
 1 1 1 1 
 1 1 1 1 
 1 1 1 1 
 1 1 1 1 
 1 1 1 1 
 1 1 1 1 
 1 1 1 1 
 1 1 1 1 
 1 1 1 1 
 1 1 1 1 
 1 1 1 1 
 1 1 1 1 
 1 1 1 1 
 1 1 1 1 
 1 1 1 1 
 1 1 1 1 
 1 1 1 1 
 1 1 1 1 
 1 1 1 1 
 1 1 1 1 
 1 1 1 1 
 1 1 1 1 
 1 1 1 1 
 1 1 1 1 
 1 1 1 1 
 1 1 1 1 
 1 1 1 1 
 1 1 1 1 
 1 1 1 1 
 1 1 1 1 
 1 1 1 1 
 1 1 1 1 
 1 1 1 1 
 1 1 1 1 
 1 1 1 1 
 1 1 1 1 
 1 1 1 1 
 1 1 1 1 
 1 1 1 1 
 1 1 1 1 
 1 1 1 1 
 1 1 1 1 
 1 1 1 1 
 1 1 1 1 
 1 1 1 1 
 1 1 1 1 
 1 1 1 1 
 1 1 1 1 
 1 1 1 1 
 1 1 1 1 
 1 1 1 1 
 1 1 1 1 
 1 1 1 1 
 1 1 1 1 
 1 1 1 1 
 1 1 1 1 
 1 1 1 1 
 1 1 1 1 
 1 1 1 1 
 1 1 1 1 
 1 1 1 1 
 1 1 1 1 
 1 1 1 1 
 1 1 1 1 
 1 1 1 1 
 1 1 1 1 
 1 1 1 1 
 1 1 1 1 
 1 1 1 1 
 1 1 1 1 
 1 1 1 1 
 1 1 1 1 
 1 1 1 1 
 1 1 1 1 
 1 1 1 1 
 1 1 1 1 
 1 1 1 1 
 1 1 1 1 
 1 1 1 1 
 1 1 1 1 
 1 1 1 1 
 1 1 1 1 
 1 1 1 1 
 1 1 1 1 
 1 1 1 1 
 1 1 1 1 
 1 1 1 1 
 1 1 1 1 
 1 1 1 1 
 1 1 1 1 
 1 1 1 1 
 1 1 1 1 
 1 1 1 1 
 1 1 1 1 
 1 1 1 1 
 1 1 1 1 
 1 1 1 1 
 1 1 1 1 
 1 1 1 1 
 1 1 1 1 
 1 1 1 1 
 1 1 1 1 
 1 1 1 1 
 1 1 1 1 
 1 1 1 1 
 1 1 1 1 
 1 1 1 1 
 1 1 1 1 
 1 1 1 1 
 1 1 1 1 
 1 1 1 1 
 1 1 1 1 
 1 1 1 1 
 1 1 1 1 
 1 1 1 1 
 1 1 1 1 
 1 1 1 1 
 1 1 1 1 
 1 1 1 1 
 1 1 1 1 
 1 1 1 1 
 1 1 1 1 
 1 1 1 1 
 1 1 1 1 
 1 1 1 1 
 1 1 1 1 
 1 1 1 1 
 1 1 1 1 
 1 1 1 1 
 1 1 1 1 
 1 1 1 1 
 1 1 1 1 
 1 1 1 1 
 1 1 1 1 
 1 1 1 1 
 1 1 1 1 
 1 1 1 1 
 1 1 1 1 
 1 1 1 1 
 1 1 1 1 
 1 1 1 1 
 1 1 1 1 
 1 1 1 1 
 1 1 1 1 
 1 1 1 1 
 1 1 1 1 
 1 1 1 1 
 1 1 1 1 
 1 1 1 1 
 1 1 1 1 
 1 1 1 1 
 1 1 1 1 
 1 1 1 1 
 1 1 1 1 
 1 1 1 1 
 1 1 1 1 
 1 1 1 1 
 1 1 1 1 
 1 1 1 1 
 1 1 1 1 
 1 1 1 1 
 1 1 1 1 
 1 1 1 1 
 1 1 1 1 
 1 1 1 1 
 1 1 1 1 
 1 1 1 1 
 1 1 1 1 
 1 1 1 1 
 1 1 1 1 
 1 1 1 1 
 1 1 1 1 
 1 1 1 1 
 1 1 1 1 
 1 1 1 1 
 1 1 1 1 
 1 1 1 1 
 1 1 1 1 
 1 1 1 1 
 1 1 1 1 
 1 1 1 1 
 1 1 1 1 
 1 1 1 1 
 1 1 1 1 
 1 1 1 1 
 1 1 1 1 
 1 1 1 1 
 1 1 1 1 
 1 1 1 1 
 1 1 1 1 
 1 1 1 1 
 1 1 1 1 
 1 1 1 1 
 1 1 1 1 
 1 1 1 1 
 1 1 1 1 
 1 1 1 1 
 1 1 1 1 
 1 1 1 1 
 1 1 1 1 
 1 1 1 1 
 1 1 1 1 
 1 1 1 1 
 1 1 1 1 
 1 1 1 1 
 1 1 1 1 
 1 1 1 1 
 1 1 1 1 
 1 1 1 1 
 1 1 1 1 
 1 1 1 1 
 1 1 1 1 
 1 1 1 1 
 1 1 1 1 
 1 1 1 1 
 1 1 1 1 
 1 1 1 1 
 1 1 1 1 
 1 1 1 1 
 1 1 1 1 
 1 1 1 1 
 1 1 1 1 
 1 1 1 1 
 1 1 1 1 
 1 1 1 1 
 1 1 1 1 
 1 1 1 1 
 1 1 1 1 
 1 1 1 1 
 1 1 1 1 
 1 1 1 1 
 1 1 1 1 
 1 1 1 1 
 1 1 1 1 
 1 1 1 1 
 1 1 1 1 
 1 1 1 1 
 1 1 1 1 
 1 1 1 1 
 1 1 1 1 
 1 1 1 1 
 1 1 1 1 
 1 1 1 1 
 1 1 1 1 
 1 1 1 1 
 1 1 1 1 
 1 1 1 1 
 1 1 1 1 
 1 1 1 1 
 1 1 1 1 
 1 1 1 1 
 1 1 1 1 
 1 1 1 1 
 1 1 1 1 
 1 1 1 1 
 1 1 1 1 
 1 1 1 1 
 1 1 1 1 
 1 1 1 1 
 1 1 1 1 
 1 1 1 1 
 1 1 1 1 
 1 1 1 1 
 1 1 1 1 
 1 1 1 1 
 1 1 1 1 
 1 1 1 1 
 1 1 1 1 
 1 1 1 1 
 1 1 1 1 
 1 1 1 1 
 1 1 1 1 
 1 1 1 1 
 1 1 1 1 
 1 1 1 1 
 1 1 1 1 
 1 1 1 1 
 1 1 1 1 
 1 1 1 1 
 1 1 1 1 
 1 1 1 1 
 1 1 1 1 
 1 1 1 1 
 1 1 1 1 
 1 1 1 1 
 1 1 1 1 
 1 1 1 1 
 1 1 1 1 
 1 1 1 1 
 1 1 1 1 
 1 1 1 1 
 1 1 1 1 
 1 1 1 1 
 1 1 1 1 
 1 1 1 1 
 1 1 1 1 
 1 1 1 1 
 1 1 1 1 
 1 1 1 1 
 1 1 1 1 
 1 1 1 1 
 1 1 1 1 
 1 1 1 1 
 1 1 1 1 
 1 1 1 1 
 1 1 1 1 
 1 1 1 1 
 1 1 1 1 
 1 1 1 1 
 1 1 1 1 
 1 1 1 1 
 1 1 1 1 
 1 1 1 1 
 1 1 1 1 
 1 1 1 1 
 1 1 1 1 
 1 1 1 1 
 1 1 1 1 
 1 1 1 1 
 1 1 1 1 
 1 1 1 1 
 1 1 1 1 
 1 1 1 1 
 1 1 1 1 
 1 1 1 1 
 1 1 1 1 
 1 1 1 1 
 1 1 1 1 
 1 1 1 1 
 1 1 1 1 
 1 1 1 1 
 1 1 1 1 
 1 1 1 1 
 1 1 1 1 
 1 1 1 1 
 1 1 1 1 
 1 1 1 1 
 1 1 1 1 
 1 1 1 1 
 1 1 1 1 
 1 1 1 1 
 1 1 1 1 
 1 1 1 1 
 1 1 1 1 
 1 1 1 1 
 1 1 1 1 
 1 1 1 1 
 1 1 1 1 
 1 1 1 1 
 1 1 1 1 
 1 1 1 1 
 1 1 1 1 
 1 1 1 1 
 1 1 1 1 
 1 1 1 1 
 1 1 1 1 
 1 1 1 1 
 1 1 1 1 
 1 1 1 1 
 1 1 1 1 
 1 1 1 1 
 1 1 1 1 
 1 1 1 1 
 1 1 1 1 
 1 1 1 1 
 1 1 1 1 
 1 1 1 1 
 1 1 1 1 
 1 1 1 1 
 1 1 1 1 
 1 1 1 1 
 1 1 1 1 
 1 1 1 1 
 1 1 1 1 
 1 1 1 1 
 1 1 1 1 
 1 1 1 1 
 1 1 1 1 
 1 1 1 1 
 1 1 1 1 
 1 1 1 1 
 1 1 1 1 
 1 1 1 1 
 1 1 1 1 
 1 1 1 1 
 1 1 1 1 
 1 1 1 1 
 1 1 1 1 
 1 1 1 1 
 1 1 1 1 
 1 1 1 1 
 1 1 1 1 
 1 1 1 1 
 1 1 1 1 
 1 1 1 1 
 1 1 1 1 
 1 1 1 1 
 1 1 1 1 
 1 1 1 1 
 1 1 1 1 
 1 1 1 1 
 1 1 1 1 
 1 1 1 1 
 1 1 1 1 
 1 1 1 1 
 1 1 1 1 
 1 1 1 1 
 1 1 1 1 
 1 1 1 1 
 1 1 1 1 
 1 1 1 1 
 1 1 1 1 
 1 1 1 1 
 1 1 1 1 
 1 1 1 1 
 1 1 1 1 
 1 1 1 1 
 1 1 1 1 
 1 1 1 1 
 1 1 1 1 
 1 1 1 1 
 1 1 1 1 
 1 1 1 1 
 1 1 1 1 
 1 1 1 1 
 1 1 1 1 
 1 1 1 1 
 1 1 1 1 
 1 1 1 1 
 1 1 1 1 
 1 1 1 1 
 1 1 1 1 
 1 1 1 1 
 1 1 1 1 
 1 1 1 1 
 1 1 1 1 
 1 1 1 1 
 1 1 1 1 
 1 1 1 1 
 1 1 1 1 
 1 1 1 1 
 1 1 1 1 
 1 1 1 1 
 1 1 1 1 
 1 1 1 1 
 1 1 1 1 
 1 1 1 1 
 1 1 1 1 
 1 1 1 1 
 1 1 1 1 
 1 1 1 1 
 1 1 1 1 
 1 1 1 1 
 1 1 1 1 
 1 1 1 1 
 1 1 1 1 
 1 1 1 1 
 1 1 1 1 
 1 1 1 1 
 1 1 1 1 
 1 1 1 1 
 1 1 1 1 
 1 1 1 1 
 1 1 1 1 
 1 1 1 1 
 1 1 1 1 
 1 1 1 1 
 1 1 1 1 
 1 1 1 1 
 1 1 1 1 
 1 1 1 1 
 1 1 1 1 
 1 1 1 1 
 1 1 1 1 
 1 1 1 1 
 1 1 1 1 
 1 1 1 1 
 1 1 1 1 
 1 1 1 1 
 1 1 1 1 
 1 1 1 1 
 1 1 1 1 
 1 1 1 1 
 1 1 1 1 
 1 1 1 1 
 1 1 1 1 
 1 1 1 1 
 1 1 1 1 
 1 1 1 1 
 1 1 1 1 
 1 1 1 1 
 1 1 1 1 
 1 1 1 1 
 1 1 1 1 
 1 1 1 1 
 1 1 1 1 
 1 1 1 1 
 1 1 1 1 
 1 1 1 1 
 1 1 1 1 
 1 1 1 1 
 1 1 1 1 
 1 1 1 1 
 1 1 1 1 
 1 1 1 1 
 1 1 1 1 
 1 1 1 1 
 1 1 1 1 
 1 1 1 1 
 1 1 1 1 
 1 1 1 1 
 1 1 1 1 
 1 1 1 1 
 1 1 1 1 
 1 1 1 1 
 1 1 1 1 
 1 1 1 1 
 1 1 1 1 
 1 1 1 1 
 1 1 1 1 
 1 1 1 1 
 1 1 1 1 
 1 1 1 1 
 1 1 1 1 
 1 1 1 1 
 1 1 1 1 
 1 1 1 1 
 1 1 1 1 
 1 1 1 1 
 1 1 1 1 
 1 1 1 1 
 1 1 1 1 
 1 1 1 1 
 1 1 1 1 
 1 1 1 1 
 1 1 1 1 
 1 1 1 1 
 1 1 1 1 
 1 1 1 1 
 1 1 1 1 
 1 1 1 1 
 1 1 1 1 
 1 1 1 1 
 1 1 1 1 
 1 1 1 1 
 1 1 1 1 
 1 1 1 1 
 1 1 1 1 
 1 1 1 1 
 1 1 1 1 
 1 1 1 1 
 1 1 1 1 
 1 1 1 1 
 1 1 1 1 
 1 1 1 1 
 1 1 1 1 
 1 1 1 1 
 1 1 1 1 
 1 1 1 1 
 1 1 1 1 
 1 1 1 1 
 1 1 1 1 
 1 1 1 1 
 1 1 1 1 
 1 1 1 1 
 1 1 1 1 
 1 1 1 1 
 1 1 1 1 
 1 1 1 1 
 1 1 1 1 
 1 1 1 1 
 1 1 1 1 
 1 1 1 1 
 1 1 1 1 
 1 1 1 1 
 1 1 1 1 
 1 1 1 1 
 1 1 1 1 
 1 1 1 1 
 1 1 1 1 
 1 1 1 1 
 1 1 1 1 
 1 1 1 1 
 1 1 1 1 
 1 1 1 1 
 1 1 1 1 
 1 1 1 1 
 1 1 1 1 
 1 1 1 1 
 1 1 1 1 
 1 1 1 1 
 1 1 1 1 
 1 1 1 1 
 1 1 1 1 
 1 1 1 1 
 1 1 1 1 
 1 1 1 1 
 1 1 1 1 
 1 1 1 1 
 1 1 1 1 
 1 1 1 1 
 1 1 1 1 
 1 1 1 1 
 1 1 1 1 
 1 1 1 1 
 1 1 1 1 
 1 1 1 1 
 1 1 1 1 
 1 1 1 1 
 1 1 1 1 
 1 1 1 1 
 1 1 1 1 
 1 1 1 1 
 1 1 1 1 
 1 1 1 1 
 1 1 1 1 
 1 1 1 1 
 1 1 1 1 
 1 1 1 1 
 1 1 1 1 
 1 1 1 1 
 1 1 1 1 
 1 1 1 1 
 1 1 1 1 
 1 1 1 1 
 1 1 1 1 
 1 1 1 1 
 1 1 1 1 
 1 1 1 1 
 1 1 1 1 
 1 1 1 1 
 1 1 1 1 
 1 1 1 1 
 1 1 1 1 
 1 1 1 1 
 1 1 1 1 
 1 1 1 1 
 1 1 1 1 
 1 1 1 1 
 1 1 1 1 
 1 1 1 1 
 1 1 1 1 
 1 1 1 1 
 1 1 1 1 
 1 1 1 1 
 1 1 1 1 
 1 1 1 1 
 1 1 1 1 
 1 1 1 1 
 1 1 1 1 
 1 1 1 1 
 1 1 1 1 
 1 1 1 1 
 1 1 1 1 
 1 1 1 1 
 1 1 1 1 
 1 1 1 1 
 1 1 1 1 
 1 1 1 1 
 1 1 1 1 
 1 1 1 1 
 1 1 1 1 
 1 1 1 1 
 1 1 1 1 
 1 1 1 1 
 1 1 1 1 
 1 1 1 1 
 1 1 1 1 
 1 1 1 1 
 1 1 1 1 
 1 1 1 1 
 1 1 1 1 
 1 1 1 1 
 1 1 1 1 
 1 1 1 1 
 1 1 1 1 
 1 1 1 1 
 1 1 1 1 
 1 1 1 1 
 1 1 1 1 
 1 1 1 1 
 1 1 1 1 
 1 1 1 1 
 1 1 1 1 
 1 1 1 1 
 1 1 1 1 
 1 1 1 1 
 1 1 1 1 
 1 1 1 1 
 1 1 1 1 
 1 1 1 1 
 1 1 1 1 
 1 1 1 1 
 1 1 1 1 
 1 1 1 1 
 1 1 1 1 
 1 1 1 1 
 vertexCoord 
-0.600000 -1.000000 
 -0.600000 1.000000 
 0.600000 1.000000 
 0.600000 -1.000000 
 -1.000000 1.000000 
 -1.000000 -1.000000 
 1.000000 1.000000 
 1.000000 -1.000000 
 -0.600000 0.000000 
 -0.600000 -0.499925 
 -0.600000 -0.799900 
 -0.600000 -0.899950 
 -0.600000 -0.699905 
 -0.600000 -0.599911 
 -0.600000 -0.299909 
 -0.600000 -0.399922 
 -0.600000 -0.199897 
 -0.600000 -0.099948 
 -0.600000 0.500000 
 -0.600000 0.200054 
 -0.600000 0.100027 
 -0.600000 0.300053 
 -0.600000 0.400052 
 -0.600000 0.700072 
 -0.600000 0.600041 
 -0.600000 0.800103 
 -0.600000 0.900052 
 0.600000 0.000000 
 0.600000 0.499925 
 0.600000 0.799919 
 0.600000 0.899902 
 0.600000 0.699934 
 0.600000 0.599948 
 0.600000 0.299900 
 0.600000 0.399902 
 0.600000 0.199931 
 0.600000 0.099965 
 0.600000 -0.500000 
 0.600000 -0.200072 
 0.600000 -0.100036 
 0.600000 -0.300103 
 0.600000 -0.400052 
 0.600000 -0.700081 
 0.600000 -0.600098 
 0.600000 -0.800103 
 0.600000 -0.900052 
 -0.800000 1.000000 
 -0.900000 1.000000 
 -0.700000 1.000000 
 0.000000 1.000000 
 -0.300000 1.000000 
 -0.500006 1.000000 
 -0.400003 1.000000 
 -0.200006 1.000000 
 -0.100003 1.000000 
 0.300000 1.000000 
 0.099902 1.000000 
 0.199951 1.000000 
 0.399976 1.000000 
 0.499951 1.000000 
 0.800000 1.000000 
 0.700000 1.000000 
 0.900000 1.000000 
 -1.000000 0.000000 
 -1.000000 -0.499907 
 -1.000000 -0.799928 
 -1.000000 -0.899959 
 -1.000000 -0.699897 
 -1.000000 -0.599902 
 -1.000000 -0.299919 
 -1.000000 -0.399902 
 -1.000000 -0.199943 
 -1.000000 -0.099971 
 -1.000000 0.500074 
 -1.000000 0.200081 
 -1.000000 0.100098 
 -1.000000 0.300066 
 -1.000000 0.400071 
 -1.000000 0.700081 
 -1.000000 0.600078 
 -1.000000 0.800066 
 -1.000000 0.900052 
 0.800000 -1.000000 
 0.900000 -1.000000 
 0.700000 -1.000000 
 0.000000 -1.000000 
 0.300000 -1.000000 
 0.500098 -1.000000 
 0.400049 -1.000000 
 0.200098 -1.000000 
 0.100049 -1.000000 
 -0.299927 -1.000000 
 -0.099957 -1.000000 
 -0.199942 -1.000000 
 -0.399939 -1.000000 
 -0.499969 -1.000000 
 -0.800000 -1.000000 
 -0.700000 -1.000000 
 -0.900000 -1.000000 
 1.000000 0.000000 
 1.000000 0.499917 
 1.000000 0.799900 
 1.000000 0.899902 
 1.000000 0.699897 
 1.000000 0.599907 
 1.000000 0.299919 
 1.000000 0.399922 
 1.000000 0.199934 
 1.000000 0.099967 
 1.000000 -0.500000 
 1.000000 -0.200072 
 1.000000 -0.100041 
 1.000000 -0.300103 
 1.000000 -0.400052 
 1.000000 -0.700081 
 1.000000 -0.600041 
 1.000000 -0.800103 
 1.000000 -0.900052 
 0.524755 -0.938515 
 0.520573 -0.854165 
 0.453452 -0.802870 
 0.348430 -0.743538 
 -0.363799 -0.769845 
 0.038640 -0.325592 
 -0.532246 -0.934635 
 0.000635 0.352833 
 0.372240 0.804854 
 0.524841 0.917234 
 -0.510330 0.890101 
 0.531278 -0.751424 
 0.406985 -0.921797 
 0.215537 -0.879003 
 0.480065 -0.583390 
 -0.228868 -0.854399 
 -0.451996 -0.763442 
 -0.409809 -0.847030 
 0.288779 -0.239820 
 -0.299425 -0.330571 
 -0.165503 -0.514736 
 0.328387 0.420620 
 -0.289821 0.339017 
 0.017564 0.692428 
 0.033715 -0.005577 
 0.290744 0.894123 
 0.377916 0.912412 
 -0.522690 0.747346 
 -0.420003 0.905104 
 -0.327617 0.913241 
 -0.543221 0.826300 
 0.412376 -0.752241 
 0.368114 -0.824730 
 0.134327 -0.911127 
 0.288782 -0.817121 
 0.296586 -0.907108 
 0.535103 -0.535328 
 0.414738 -0.682134 
 0.539445 -0.645865 
 -0.175988 -0.935124 
 -0.267428 -0.927516 
 -0.320677 -0.850285 
 -0.492902 -0.670997 
 -0.541020 -0.615644 
 -0.403031 -0.690638 
 -0.512192 -0.843117 
 -0.531418 -0.755472 
 -0.358288 -0.924955 
 -0.451949 -0.924899 
 0.446499 -0.245013 
 0.447398 -0.154364 
 0.383976 -0.424050 
 0.136773 -0.273115 
 -0.455862 -0.292755 
 -0.461552 -0.211333 
 -0.167053 -0.335602 
 -0.232723 -0.692916 
 -0.096393 -0.364404 
 -0.225402 -0.442269 
 0.091158 -0.429024 
 0.040295 -0.503838 
 0.258807 -0.625545 
 0.458565 0.342535 
 0.470963 0.279235 
 0.160265 0.389031 
 0.339112 0.607695 
 -0.440684 0.315762 
 -0.448428 0.392969 
 -0.438084 0.238368 
 -0.138506 0.318457 
 -0.002222 0.845385 
 0.031342 0.516629 
 -0.219750 0.745134 
 0.034926 -0.148720 
 0.169432 -0.136556 
 0.009233 0.163020 
 -0.141365 0.192992 
 0.553907 0.701835 
 0.532230 0.812745 
 0.177804 0.791208 
 0.452132 0.934913 
 -0.565301 0.700444 
 -0.483086 0.793897 
 0.062645 -0.908945 
 0.474198 -0.705461 
 -0.089216 -0.936378 
 0.507675 -0.199110 
 0.525988 -0.270975 
 0.517173 -0.035568 
 0.367993 -0.206858 
 0.518493 -0.125117 
 0.360425 -0.315403 
 0.231872 -0.494417 
 0.395452 -0.524556 
 0.464192 -0.460903 
 0.076914 -0.275188 
 0.210299 -0.263712 
 -0.525638 -0.344958 
 -0.378267 -0.314273 
 -0.530093 -0.159617 
 -0.403621 -0.250693 
 -0.046783 -0.276866 
 -0.225442 -0.362728 
 -0.319883 -0.692746 
 -0.187226 -0.778155 
 -0.194204 -0.607753 
 -0.278291 -0.772272 
 -0.249107 -0.528084 
 -0.158408 -0.418163 
 0.106276 -0.330717 
 -0.007290 -0.398161 
 -0.070528 -0.487056 
 -0.099140 -0.604996 
 0.142370 -0.502780 
 0.265649 -0.719792 
 0.335144 -0.659021 
 0.494628 0.417171 
 0.401519 0.378608 
 0.533842 0.244212 
 0.403928 0.304309 
 0.078621 0.374149 
 0.245882 0.401625 
 0.365414 0.691417 
 0.183855 0.626586 
 0.338285 0.484403 
 0.428298 0.607874 
 -0.503223 0.284438 
 -0.373661 0.356388 
 -0.383000 0.424643 
 -0.515272 0.446234 
 -0.492642 0.552908 
 -0.497272 0.107055 
 -0.354248 0.271576 
 -0.511858 0.214583 
 -0.071297 0.340958 
 -0.205965 0.331006 
 0.040937 0.944162 
 -0.050662 0.925060 
 0.026574 0.768256 
 0.018326 0.436487 
 0.098733 0.455459 
 -0.057540 0.422832 
 0.025710 0.606072 
 -0.353993 0.819620 
 -0.131313 0.750502 
 -0.184730 0.835740 
 0.019424 -0.233256 
 -0.109721 -0.186131 
 0.066543 -0.076345 
 0.223993 -0.177680 
 0.298999 -0.131145 
 0.105659 -0.020512 
 0.108827 -0.141247 
 0.155717 -0.200455 
 -0.014317 0.259189 
 0.056349 0.296988 
 0.017597 0.076314 
 -0.257936 0.264778 
 -0.304114 0.196061 
 -0.053149 0.107794 
 -0.065061 0.187506 
 -0.176966 0.259921 
 0.452406 0.840583 
 0.100560 0.737827 
 0.091050 0.812555 
 0.283481 0.777816 
 0.209841 0.873111 
 0.003805 -0.930601 
 0.458601 -0.339914 
 0.532866 0.152900 
 0.266637 -0.553596 
 0.303120 -0.407313 
 0.203896 -0.420371 
 0.321244 -0.495881 
 0.526915 -0.421715 
 -0.527703 -0.440886 
 -0.280711 -0.397442 
 -0.529721 -0.072420 
 -0.528365 -0.248614 
 -0.331320 -0.249727 
 -0.427700 -0.622176 
 -0.143598 -0.863041 
 -0.281551 -0.613390 
 0.014269 -0.778860 
 0.193401 -0.572626 
 0.217362 -0.798284 
 0.391051 -0.605387 
 0.526892 0.331307 
 0.314269 0.332175 
 0.105783 0.654641 
 0.187639 0.709738 
 0.264871 0.598656 
 0.267562 0.475918 
 0.411612 0.453355 
 0.529148 0.582325 
 0.485604 0.514687 
 0.462223 0.716996 
 -0.302118 0.566620 
 -0.517934 0.356585 
 -0.505914 0.657925 
 -0.430166 0.475165 
 -0.465674 -0.061054 
 0.120220 0.553976 
 -0.142623 0.401662 
 -0.031040 0.485032 
 -0.431369 0.807744 
 -0.069361 0.657688 
 -0.042489 0.759161 
 -0.270294 0.830278 
 -0.145115 0.919896 
 -0.239112 0.917871 
 -0.125279 -0.263319 
 -0.044782 -0.163510 
 0.379648 -0.121930 
 0.218175 -0.090636 
 0.088763 -0.211997 
 0.139522 0.313873 
 0.085577 0.130661 
 -0.376166 0.198719 
 -0.220832 0.193656 
 -0.061688 0.008775 
 -0.099473 0.259843 
 0.085728 0.876202 
 0.141411 0.922907 
 0.542301 -0.346552 
 0.472329 0.202005 
 0.522999 0.058515 
 0.430115 0.017482 
 0.266958 -0.338025 
 -0.534879 -0.528600 
 -0.306250 -0.460971 
 -0.439916 -0.392008 
 -0.073182 -0.877590 
 -0.361344 -0.619703 
 0.075940 -0.846261 
 -0.000152 -0.856134 
 -0.081343 -0.791995 
 -0.040876 -0.695502 
 0.069903 -0.694831 
 0.328056 -0.577331 
 0.270729 0.668651 
 0.306395 0.542410 
 0.384884 0.535070 
 -0.258374 0.653818 
 -0.386247 0.558956 
 -0.347263 0.487688 
 -0.182392 0.489239 
 -0.520675 0.012226 
 -0.388783 0.075645 
 -0.462777 -0.132047 
 0.183938 0.470089 
 -0.444360 0.713091 
 -0.046177 0.555338 
 -0.092755 0.839291 
 -0.233723 -0.269683 
 0.141039 -0.074103 
 0.222219 0.322367 
 0.069395 0.213175 
 0.100944 0.047070 
 -0.112267 0.133816 
 -0.013093 -0.078897 
 0.141167 0.855197 
 0.421307 0.244948 
 0.457841 0.116308 
 0.346181 -0.050925 
 0.243055 0.069824 
 0.437669 -0.066357 
 0.187897 -0.350668 
 -0.477558 -0.579739 
 -0.347925 -0.394209 
 -0.461926 -0.490524 
 -0.332044 -0.539138 
 0.150537 -0.826469 
 -0.000583 -0.596669 
 -0.139252 -0.695220 
 0.094543 -0.779461 
 0.165512 -0.744678 
 0.101544 -0.589395 
 0.221140 0.544606 
 -0.302269 0.735361 
 -0.171986 0.659214 
 -0.334757 0.638662 
 -0.315429 0.412030 
 -0.100307 0.492039 
 -0.266433 0.489005 
 -0.219118 0.572077 
 -0.351813 0.130057 
 -0.417379 -0.007377 
 -0.427329 0.160738 
 -0.392862 -0.186771 
 -0.410489 0.633719 
 -0.327290 -0.080659 
 0.120321 0.252067 
 -0.132897 0.069920 
 0.402393 0.182121 
 0.167371 0.099849 
 0.237727 0.162423 
 0.328165 0.036843 
 0.186055 0.006394 
 -0.382497 -0.471224 
 0.175803 -0.657811 
 -0.376444 0.724651 
 -0.231687 0.404879 
 -0.133408 0.574566 
 -0.263186 0.128603 
 -0.181759 -0.109684 
 -0.326779 0.000716 
 -0.304094 -0.172341 
 -0.395013 -0.106708 
 0.328184 0.175995 
 0.198320 0.247589 
 0.275053 0.249906 
 0.146452 0.184294 
 0.267782 -0.029593 
 -0.407178 -0.553751 
 -0.181715 0.130013 
 -0.107271 -0.088007 
 -0.201042 -0.187155 
 -0.301270 0.067902 
 0.357522 0.248242 
 0.375134 0.106317 
 0.302453 0.110280 
 -0.172160 -0.016745 
 -0.253461 -0.120617 
 -0.253120 -0.053246 
 -0.218091 0.065166 
 -0.254284 0.012759 
 -0.673433 -0.921027 
 -0.718489 -0.862272 
 -0.908187 -0.935747 
 -0.808864 -0.639265 
 -0.786904 -0.307693 
 -0.769323 -0.072354 
 -0.797239 0.155154 
 -0.797004 0.311932 
 -0.787687 0.528444 
 -0.799829 0.778999 
 -0.660618 0.937987 
 -0.938485 0.934937 
 -0.752568 -0.920083 
 -0.921267 -0.848747 
 -0.916795 -0.631698 
 -0.704690 -0.672154 
 -0.854987 -0.564290 
 -0.727151 -0.775874 
 -0.697134 -0.571607 
 -0.691126 -0.358564 
 -0.889291 -0.367273 
 -0.894207 -0.235754 
 -0.690299 -0.257065 
 -0.672560 -0.071082 
 -0.939387 -0.076516 
 -0.697076 0.120479 
 -0.896995 0.116761 
 -0.790395 0.055299 
 -0.718250 0.290699 
 -0.876962 0.291936 
 -0.797556 0.239442 
 -0.678635 0.526567 
 -0.902691 0.543951 
 -0.908692 0.656059 
 -0.700013 0.627091 
 -0.795136 0.430841 
 -0.797763 0.906735 
 -0.694601 0.782515 
 -0.902121 0.763404 
 -0.836453 -0.892855 
 -0.912355 -0.742599 
 -0.660032 -0.753061 
 -0.851856 -0.474056 
 -0.783873 -0.837270 
 -0.798293 -0.747074 
 -0.661613 -0.836420 
 -0.690351 -0.464543 
 -0.932908 -0.456278 
 -0.868693 -0.123362 
 -0.687668 -0.161953 
 -0.688437 0.017332 
 -0.893300 -0.005579 
 -0.701687 0.217647 
 -0.894792 0.217240 
 -0.656352 0.449064 
 -0.937380 0.455580 
 -0.834525 0.702454 
 -0.757604 0.368216 
 -0.835153 0.372788 
 -0.731013 0.926414 
 -0.867496 0.924768 
 -0.852823 -0.815284 
 -0.774027 -0.536200 
 -0.779818 -0.421040 
 -0.923392 -0.540233 
 -0.779619 -0.198418 
 -0.940457 -0.147109 
 -0.725155 0.446172 
 -0.864802 0.454987 
 -0.740297 0.702919 
 -0.812817 0.626383 
 -0.676227 0.375709 
 -0.919050 0.379238 
 -0.756336 0.850843 
 -0.841630 0.847549 
 -0.673761 0.866319 
 -0.924955 0.861796 
 0.682314 0.918279 
 0.801471 0.624733 
 0.910627 0.929289 
 0.791302 0.302909 
 0.771285 0.064021 
 0.802881 -0.161296 
 0.804384 -0.310555 
 0.791429 -0.535464 
 0.808669 -0.780617 
 0.661579 -0.935729 
 0.940049 -0.937466 
 0.909415 0.640032 
 0.704503 0.671906 
 0.855052 0.557787 
 0.744833 0.765237 
 0.696481 0.562085 
 0.756741 0.932029 
 0.919471 0.842990 
 0.693519 0.354563 
 0.895022 0.368908 
 0.895801 0.234590 
 0.693359 0.249542 
 0.671355 0.057024 
 0.939303 0.075472 
 0.699790 -0.124959 
 0.902295 -0.118134 
 0.794918 -0.060954 
 0.722291 -0.294325 
 0.891520 -0.286939 
 0.803737 -0.242370 
 0.682108 -0.527313 
 0.904808 -0.547851 
 0.914306 -0.656922 
 0.705663 -0.615604 
 0.799946 -0.435653 
 0.803370 -0.909029 
 0.698275 -0.783083 
 0.905791 -0.764490 
 0.914111 0.747579 
 0.665320 0.752892 
 0.857371 0.470043 
 0.818271 0.707955 
 0.675261 0.831295 
 0.756123 0.855901 
 0.842295 0.890321 
 0.692540 0.457859 
 0.935733 0.455205 
 0.871399 0.119342 
 0.689500 0.147368 
 0.695989 -0.026232 
 0.897271 0.000880 
 0.704783 -0.220521 
 0.911091 -0.209572 
 0.661789 -0.458111 
 0.941127 -0.456508 
 0.837980 -0.706045 
 0.764278 -0.373027 
 0.842513 -0.373845 
 0.733571 -0.926871 
 0.870305 -0.925806 
 0.780733 0.516890 
 0.832517 0.801664 
 0.785081 0.411862 
 0.926269 0.537235 
 0.785441 0.186295 
 0.941301 0.145861 
 0.733764 -0.454600 
 0.867435 -0.454527 
 0.744503 -0.701231 
 0.816631 -0.626966 
 0.679387 -0.378661 
 0.923766 -0.378662 
 0.761341 -0.851906 
 0.846533 -0.848931 
 0.675794 -0.866290 
 0.927113 -0.862808 
 bc_tag 
147 
141 
78 
71 
5 
2 
16 
18 
153 
153 
153 
153 
153 
153 
153 
153 
153 
153 
153 
153 
153 
153 
153 
153 
153 
153 
153 
85 
85 
85 
85 
85 
85 
85 
85 
85 
85 
85 
85 
85 
85 
85 
85 
85 
85 
85 
23 
23 
23 
142 
142 
142 
142 
142 
142 
142 
142 
142 
142 
142 
79 
79 
79 
6 
6 
6 
6 
6 
6 
6 
6 
6 
6 
6 
6 
6 
6 
6 
6 
6 
6 
6 
24 
24 
24 
72 
72 
72 
72 
72 
72 
72 
72 
72 
72 
72 
148 
148 
148 
14 
14 
14 
14 
14 
14 
14 
14 
14 
14 
14 
14 
14 
14 
14 
14 
14 
14 
14 
156 
156 
156 
156 
156 
156 
156 
156 
156 
156 
156 
156 
156 
156 
156 
156 
156 
156 
156 
156 
156 
156 
156 
156 
156 
156 
156 
156 
156 
156 
156 
156 
156 
156 
156 
156 
156 
156 
156 
156 
156 
156 
156 
156 
156 
156 
156 
156 
156 
156 
156 
156 
156 
156 
156 
156 
156 
156 
156 
156 
156 
156 
156 
156 
156 
156 
156 
156 
156 
156 
156 
156 
156 
156 
156 
156 
156 
156 
156 
156 
156 
156 
156 
156 
156 
156 
156 
156 
156 
156 
156 
156 
156 
156 
156 
156 
156 
156 
156 
156 
156 
156 
156 
156 
156 
156 
156 
156 
156 
156 
156 
156 
156 
156 
156 
156 
156 
156 
156 
156 
156 
156 
156 
156 
156 
156 
156 
156 
156 
156 
156 
156 
156 
156 
156 
156 
156 
156 
156 
156 
156 
156 
156 
156 
156 
156 
156 
156 
156 
156 
156 
156 
156 
156 
156 
156 
156 
156 
156 
156 
156 
156 
156 
156 
156 
156 
156 
156 
156 
156 
156 
156 
156 
156 
156 
156 
156 
156 
156 
156 
156 
156 
156 
156 
156 
156 
156 
156 
156 
156 
156 
156 
156 
156 
156 
156 
156 
156 
156 
156 
156 
156 
156 
156 
156 
156 
156 
156 
156 
156 
156 
156 
156 
156 
156 
156 
156 
156 
156 
156 
156 
156 
156 
156 
156 
156 
156 
156 
156 
156 
156 
156 
156 
156 
156 
156 
156 
156 
156 
156 
156 
156 
156 
156 
156 
156 
156 
156 
156 
156 
156 
156 
156 
156 
156 
156 
156 
156 
156 
156 
156 
156 
156 
156 
156 
156 
156 
156 
156 
156 
156 
156 
156 
156 
156 
156 
156 
156 
156 
156 
156 
156 
156 
156 
156 
156 
156 
156 
156 
156 
156 
156 
156 
156 
156 
156 
156 
156 
156 
156 
156 
156 
156 
156 
156 
156 
156 
156 
156 
156 
156 
156 
156 
156 
156 
156 
156 
156 
156 
156 
156 
156 
156 
156 
156 
156 
156 
88 
88 
88 
88 
88 
88 
88 
88 
88 
88 
88 
88 
88 
88 
88 
88 
88 
88 
88 
88 
88 
88 
88 
88 
88 
88 
88 
88 
88 
88 
88 
88 
88 
88 
88 
88 
88 
88 
88 
88 
88 
88 
88 
88 
88 
88 
88 
88 
88 
88 
88 
88 
88 
88 
88 
88 
88 
88 
88 
88 
88 
88 
88 
88 
88 
88 
88 
88 
88 
88 
88 
88 
88 
88 
88 
88 
88 
26 
26 
26 
26 
26 
26 
26 
26 
26 
26 
26 
26 
26 
26 
26 
26 
26 
26 
26 
26 
26 
26 
26 
26 
26 
26 
26 
26 
26 
26 
26 
26 
26 
26 
26 
26 
26 
26 
26 
26 
26 
26 
26 
26 
26 
26 
26 
26 
26 
26 
26 
26 
26 
26 
26 
26 
26 
26 
26 
26 
26 
26 
26 
26 
26 
26 
26 
26 
26 
26 
26 
26 
26 
26 
26 
26 
