Edge min = 0.029269, max=0.057971, average=0.052712;
Grid_size 168
Node_size 109
Total_DOF 829
edge_Size 276
maxDOF 10
Solution_Order
3 
 meshIEN 
59 49 60 
 8 3 59 
 60 7 8 
 60 8 59 
 61 49 62 
 12 10 61 
 62 6 12 
 62 12 61 
 63 51 64 
 9 7 63 
 64 1 9 
 64 9 63 
 64 51 65 
 14 1 64 
 65 13 14 
 65 14 64 
 63 7 60 
 66 51 63 
 60 49 66 
 60 66 63 
 67 50 68 
 29 20 67 
 68 22 29 
 68 29 67 
 65 51 69 
 15 13 65 
 69 2 15 
 69 15 65 
 69 51 70 
 11 2 69 
 70 10 11 
 70 11 69 
 70 51 66 
 61 10 70 
 66 49 61 
 66 61 70 
 71 52 72 
 28 21 71 
 72 20 28 
 72 28 71 
 72 52 73 
 67 20 72 
 73 50 67 
 73 67 72 
 74 35 75 
 73 52 74 
 75 50 73 
 75 73 74 
 74 52 76 
 43 35 74 
 76 37 43 
 76 43 74 
 77 37 76 
 78 53 77 
 76 52 78 
 76 78 77 
 77 53 79 
 44 37 77 
 79 34 44 
 79 44 77 
 80 53 81 
 27 16 80 
 81 21 27 
 81 27 80 
 81 53 78 
 71 21 81 
 78 52 71 
 78 71 81 
 82 54 83 
 26 19 82 
 83 16 26 
 83 26 82 
 83 54 84 
 80 16 83 
 84 53 80 
 84 80 83 
 85 34 79 
 84 54 85 
 79 53 84 
 79 84 85 
 85 54 86 
 45 34 85 
 86 39 45 
 86 45 85 
 87 39 86 
 88 55 87 
 86 54 88 
 86 88 87 
 87 55 89 
 46 39 87 
 89 38 46 
 89 46 87 
 90 55 91 
 25 17 90 
 91 19 25 
 91 25 90 
 91 55 88 
 82 19 91 
 88 54 82 
 88 82 91 
 92 56 93 
 33 31 92 
 93 4 33 
 93 33 92 
 93 56 94 
 23 4 93 
 94 18 23 
 94 23 93 
 95 56 96 
 48 40 95 
 96 5 48 
 96 48 95 
 96 56 92 
 32 5 96 
 92 31 32 
 92 32 96 
 97 6 62 
 98 57 97 
 62 49 98 
 62 98 97 
 99 57 98 
 59 3 99 
 98 49 59 
 98 59 99 
 97 57 100 
 41 6 97 
 100 36 41 
 100 41 97 
 100 57 102 
 101 36 100 
 102 50 101 
 102 101 100 
 103 22 68 
 102 57 103 
 68 50 102 
 68 102 103 
 103 57 99 
 30 22 103 
 99 3 30 
 99 30 103 
 104 18 94 
 105 58 104 
 94 56 105 
 94 105 104 
 104 58 106 
 24 18 104 
 106 17 24 
 106 24 104 
 106 58 107 
 90 17 106 
 107 55 90 
 107 90 106 
 108 58 105 
 95 40 108 
 105 56 95 
 105 95 108 
 75 35 42 
 101 50 75 
 42 36 101 
 42 101 75 
 109 38 89 
 107 58 109 
 89 55 107 
 89 107 109 
 109 58 108 
 47 38 109 
 108 40 47 
 108 47 109 
 solutionIEN 
59 49 60 208 209 213 212 218 219 662 
 8 3 59 111 110 206 207 214 215 663 
 60 7 8 211 210 113 112 216 217 664 
 60 8 59 217 216 215 214 219 218 665 
 61 49 62 222 223 227 226 232 233 666 
 12 10 61 123 122 220 221 228 229 667 
 62 6 12 225 224 125 124 230 231 668 
 62 12 61 231 230 229 228 233 232 669 
 63 51 64 236 237 241 240 246 247 670 
 9 7 63 115 114 234 235 242 243 671 
 64 1 9 239 238 117 116 244 245 672 
 64 9 63 245 244 243 242 247 246 673 
 64 51 65 240 241 251 250 256 257 674 
 14 1 64 127 126 238 239 252 253 675 
 65 13 14 249 248 129 128 254 255 676 
 65 14 64 255 254 253 252 257 256 677 
 63 7 60 235 234 210 211 266 267 678 
 66 51 63 260 261 237 236 262 263 679 
 60 49 66 212 213 258 259 264 265 680 
 60 66 63 265 264 263 262 267 266 681 
 67 50 68 270 271 275 274 280 281 682 
 29 20 67 159 158 268 269 276 277 683 
 68 22 29 273 272 161 160 278 279 684 
 68 29 67 279 278 277 276 281 280 685 
 65 51 69 250 251 285 284 290 291 686 
 15 13 65 131 130 248 249 286 287 687 
 69 2 15 283 282 133 132 288 289 688 
 69 15 65 289 288 287 286 291 290 689 
 69 51 70 284 285 295 294 300 301 690 
 11 2 69 119 118 282 283 296 297 691 
 70 10 11 293 292 121 120 298 299 692 
 70 11 69 299 298 297 296 301 300 693 
 70 51 66 294 295 261 260 306 307 694 
 61 10 70 221 220 292 293 302 303 695 
 66 49 61 259 258 223 222 304 305 696 
 66 61 70 305 304 303 302 307 306 697 
 71 52 72 310 311 315 314 320 321 698 
 28 21 71 155 154 308 309 316 317 699 
 72 20 28 313 312 157 156 318 319 700 
 72 28 71 319 318 317 316 321 320 701 
 72 52 73 314 315 325 324 330 331 702 
 67 20 72 269 268 312 313 326 327 703 
 73 50 67 323 322 271 270 328 329 704 
 73 67 72 329 328 327 326 331 330 705 
 74 35 75 333 332 336 337 344 345 706 
 73 52 74 324 325 335 334 340 341 707 
 75 50 73 338 339 322 323 342 343 708 
 75 73 74 343 342 341 340 345 344 709 
 74 52 76 334 335 349 348 354 355 710 
 43 35 74 183 182 332 333 350 351 711 
 76 37 43 347 346 185 184 352 353 712 
 76 43 74 353 352 351 350 355 354 713 
 77 37 76 357 356 346 347 368 369 714 
 78 53 77 362 363 359 358 364 365 715 
 76 52 78 348 349 360 361 366 367 716 
 76 78 77 367 366 365 364 369 368 717 
 77 53 79 358 359 373 372 378 379 718 
 44 37 77 187 186 356 357 374 375 719 
 79 34 44 371 370 189 188 376 377 720 
 79 44 77 377 376 375 374 379 378 721 
 80 53 81 382 383 387 386 392 393 722 
 27 16 80 151 150 380 381 388 389 723 
 81 21 27 385 384 153 152 390 391 724 
 81 27 80 391 390 389 388 393 392 725 
 81 53 78 386 387 363 362 398 399 726 
 71 21 81 309 308 384 385 394 395 727 
 78 52 71 361 360 311 310 396 397 728 
 78 71 81 397 396 395 394 399 398 729 
 82 54 83 402 403 407 406 412 413 730 
 26 19 82 147 146 400 401 408 409 731 
 83 16 26 405 404 149 148 410 411 732 
 83 26 82 411 410 409 408 413 412 733 
 83 54 84 406 407 417 416 422 423 734 
 80 16 83 381 380 404 405 418 419 735 
 84 53 80 415 414 383 382 420 421 736 
 84 80 83 421 420 419 418 423 422 737 
 85 34 79 425 424 370 371 432 433 738 
 84 54 85 416 417 427 426 428 429 739 
 79 53 84 372 373 414 415 430 431 740 
 79 84 85 431 430 429 428 433 432 741 
 85 54 86 426 427 437 436 442 443 742 
 45 34 85 191 190 424 425 438 439 743 
 86 39 45 435 434 193 192 440 441 744 
 86 45 85 441 440 439 438 443 442 745 
 87 39 86 445 444 434 435 456 457 746 
 88 55 87 450 451 447 446 452 453 747 
 86 54 88 436 437 448 449 454 455 748 
 86 88 87 455 454 453 452 457 456 749 
 87 55 89 446 447 461 460 466 467 750 
 46 39 87 195 194 444 445 462 463 751 
 89 38 46 459 458 197 196 464 465 752 
 89 46 87 465 464 463 462 467 466 753 
 90 55 91 470 471 475 474 480 481 754 
 25 17 90 143 142 468 469 476 477 755 
 91 19 25 473 472 145 144 478 479 756 
 91 25 90 479 478 477 476 481 480 757 
 91 55 88 474 475 451 450 486 487 758 
 82 19 91 401 400 472 473 482 483 759 
 88 54 82 449 448 403 402 484 485 760 
 88 82 91 485 484 483 482 487 486 761 
 92 56 93 490 491 495 494 500 501 762 
 33 31 92 171 170 488 489 496 497 763 
 93 4 33 493 492 173 172 498 499 764 
 93 33 92 499 498 497 496 501 500 765 
 93 56 94 494 495 505 504 510 511 766 
 23 4 93 135 134 492 493 506 507 767 
 94 18 23 503 502 137 136 508 509 768 
 94 23 93 509 508 507 506 511 510 769 
 95 56 96 514 515 519 518 524 525 770 
 48 40 95 203 202 512 513 520 521 771 
 96 5 48 517 516 205 204 522 523 772 
 96 48 95 523 522 521 520 525 524 773 
 96 56 92 518 519 491 490 530 531 774 
 32 5 96 167 166 516 517 526 527 775 
 92 31 32 489 488 169 168 528 529 776 
 92 32 96 529 528 527 526 531 530 777 
 97 6 62 533 532 224 225 544 545 778 
 98 57 97 538 539 535 534 540 541 779 
 62 49 98 226 227 536 537 542 543 780 
 62 98 97 543 542 541 540 545 544 781 
 99 57 98 548 549 539 538 554 555 782 
 59 3 99 207 206 546 547 550 551 783 
 98 49 59 537 536 209 208 552 553 784 
 98 59 99 553 552 551 550 555 554 785 
 97 57 100 534 535 559 558 564 565 786 
 41 6 97 175 174 532 533 560 561 787 
 100 36 41 557 556 177 176 562 563 788 
 100 41 97 563 562 561 560 565 564 789 
 100 57 102 558 559 573 572 578 579 790 
 101 36 100 567 566 556 557 574 575 791 
 102 50 101 571 570 569 568 576 577 792 
 102 101 100 577 576 575 574 579 578 793 
 103 22 68 581 580 272 273 588 589 794 
 102 57 103 572 573 583 582 584 585 795 
 68 50 102 274 275 570 571 586 587 796 
 68 102 103 587 586 585 584 589 588 797 
 103 57 99 582 583 549 548 594 595 798 
 30 22 103 163 162 580 581 590 591 799 
 99 3 30 547 546 165 164 592 593 800 
 99 30 103 593 592 591 590 595 594 801 
 104 18 94 597 596 502 503 608 609 802 
 105 58 104 602 603 599 598 604 605 803 
 94 56 105 504 505 600 601 606 607 804 
 94 105 104 607 606 605 604 609 608 805 
 104 58 106 598 599 613 612 618 619 806 
 24 18 104 139 138 596 597 614 615 807 
 106 17 24 611 610 141 140 616 617 808 
 106 24 104 617 616 615 614 619 618 809 
 106 58 107 612 613 623 622 628 629 810 
 90 17 106 469 468 610 611 624 625 811 
 107 55 90 621 620 471 470 626 627 812 
 107 90 106 627 626 625 624 629 628 813 
 108 58 105 632 633 603 602 638 639 814 
 95 40 108 513 512 630 631 634 635 815 
 105 56 95 601 600 515 514 636 637 816 
 105 95 108 637 636 635 634 639 638 817 
 75 35 42 337 336 181 180 644 645 818 
 101 50 75 568 569 339 338 640 641 819 
 42 36 101 179 178 566 567 642 643 820 
 42 101 75 643 642 641 640 645 644 821 
 109 38 89 647 646 458 459 654 655 822 
 107 58 109 622 623 649 648 650 651 823 
 89 55 107 460 461 620 621 652 653 824 
 89 107 109 653 652 651 650 655 654 825 
 109 58 108 648 649 633 632 660 661 826 
 47 38 109 199 198 646 647 656 657 827 
 108 40 47 631 630 201 200 658 659 828 
 108 47 109 659 658 657 656 661 660 829 
 solutionOrder
3 3 3 3 
 3 3 3 3 
 3 3 3 3 
 3 3 3 3 
 3 3 3 3 
 3 3 3 3 
 3 3 3 3 
 3 3 3 3 
 3 3 3 3 
 3 3 3 3 
 3 3 3 3 
 3 3 3 3 
 3 3 3 3 
 3 3 3 3 
 3 3 3 3 
 3 3 3 3 
 3 3 3 3 
 3 3 3 3 
 3 3 3 3 
 3 3 3 3 
 3 3 3 3 
 3 3 3 3 
 3 3 3 3 
 3 3 3 3 
 3 3 3 3 
 3 3 3 3 
 3 3 3 3 
 3 3 3 3 
 3 3 3 3 
 3 3 3 3 
 3 3 3 3 
 3 3 3 3 
 3 3 3 3 
 3 3 3 3 
 3 3 3 3 
 3 3 3 3 
 3 3 3 3 
 3 3 3 3 
 3 3 3 3 
 3 3 3 3 
 3 3 3 3 
 3 3 3 3 
 3 3 3 3 
 3 3 3 3 
 3 3 3 3 
 3 3 3 3 
 3 3 3 3 
 3 3 3 3 
 3 3 3 3 
 3 3 3 3 
 3 3 3 3 
 3 3 3 3 
 3 3 3 3 
 3 3 3 3 
 3 3 3 3 
 3 3 3 3 
 3 3 3 3 
 3 3 3 3 
 3 3 3 3 
 3 3 3 3 
 3 3 3 3 
 3 3 3 3 
 3 3 3 3 
 3 3 3 3 
 3 3 3 3 
 3 3 3 3 
 3 3 3 3 
 3 3 3 3 
 3 3 3 3 
 3 3 3 3 
 3 3 3 3 
 3 3 3 3 
 3 3 3 3 
 3 3 3 3 
 3 3 3 3 
 3 3 3 3 
 3 3 3 3 
 3 3 3 3 
 3 3 3 3 
 3 3 3 3 
 3 3 3 3 
 3 3 3 3 
 3 3 3 3 
 3 3 3 3 
 3 3 3 3 
 3 3 3 3 
 3 3 3 3 
 3 3 3 3 
 3 3 3 3 
 3 3 3 3 
 3 3 3 3 
 3 3 3 3 
 3 3 3 3 
 3 3 3 3 
 3 3 3 3 
 3 3 3 3 
 3 3 3 3 
 3 3 3 3 
 3 3 3 3 
 3 3 3 3 
 3 3 3 3 
 3 3 3 3 
 3 3 3 3 
 3 3 3 3 
 3 3 3 3 
 3 3 3 3 
 3 3 3 3 
 3 3 3 3 
 3 3 3 3 
 3 3 3 3 
 3 3 3 3 
 3 3 3 3 
 3 3 3 3 
 3 3 3 3 
 3 3 3 3 
 3 3 3 3 
 3 3 3 3 
 3 3 3 3 
 3 3 3 3 
 3 3 3 3 
 3 3 3 3 
 3 3 3 3 
 3 3 3 3 
 3 3 3 3 
 3 3 3 3 
 3 3 3 3 
 3 3 3 3 
 3 3 3 3 
 3 3 3 3 
 3 3 3 3 
 3 3 3 3 
 3 3 3 3 
 3 3 3 3 
 3 3 3 3 
 3 3 3 3 
 3 3 3 3 
 3 3 3 3 
 3 3 3 3 
 3 3 3 3 
 3 3 3 3 
 3 3 3 3 
 3 3 3 3 
 3 3 3 3 
 3 3 3 3 
 3 3 3 3 
 3 3 3 3 
 3 3 3 3 
 3 3 3 3 
 3 3 3 3 
 3 3 3 3 
 3 3 3 3 
 3 3 3 3 
 3 3 3 3 
 3 3 3 3 
 3 3 3 3 
 3 3 3 3 
 3 3 3 3 
 3 3 3 3 
 3 3 3 3 
 3 3 3 3 
 3 3 3 3 
 3 3 3 3 
 3 3 3 3 
 3 3 3 3 
 3 3 3 3 
 3 3 3 3 
 3 3 3 3 
 3 3 3 3 
 vertexCoord 
0.000000 0.000000 
 -0.000000 0.200000 
 0.200000 0.000000 
 1.000000 0.000000 
 1.000000 0.200000 
 0.200000 0.200000 
 0.100000 0.000000 
 0.150000 0.000000 
 0.050000 0.000000 
 0.100000 0.200000 
 0.050000 0.200000 
 0.150000 0.200000 
 -0.000000 0.100000 
 0.000000 0.050000 
 -0.000000 0.150000 
 0.600000 0.000000 
 0.800000 0.000000 
 0.900000 0.000000 
 0.700000 0.000000 
 0.400000 0.000000 
 0.500000 0.000000 
 0.300000 0.000000 
 0.950000 0.000000 
 0.850000 0.000000 
 0.750000 0.000000 
 0.650000 0.000000 
 0.550000 0.000000 
 0.450000 0.000000 
 0.350000 0.000000 
 0.250000 0.000000 
 1.000000 0.100000 
 1.000000 0.150000 
 1.000000 0.050000 
 0.600000 0.200000 
 0.400000 0.200000 
 0.300000 0.200000 
 0.500000 0.200000 
 0.800000 0.200000 
 0.700000 0.200000 
 0.900000 0.200000 
 0.250000 0.200000 
 0.350000 0.200000 
 0.450000 0.200000 
 0.550000 0.200000 
 0.650000 0.200000 
 0.750000 0.200000 
 0.850000 0.200000 
 0.950000 0.200000 
 0.151536 0.100293 
 0.350187 0.100115 
 0.058589 0.100049 
 0.450322 0.100000 
 0.550102 0.099995 
 0.650017 0.099988 
 0.750000 0.099936 
 0.941461 0.099976 
 0.250287 0.100068 
 0.848577 0.099985 
 0.175768 0.050146 
 0.125768 0.050146 
 0.125768 0.150146 
 0.175768 0.150146 
 0.079295 0.050024 
 0.029295 0.050024 
 0.029295 0.100024 
 0.105063 0.100171 
 0.375093 0.050058 
 0.325093 0.050058 
 0.029295 0.150024 
 0.079295 0.150024 
 0.475161 0.050000 
 0.425161 0.050000 
 0.400254 0.100058 
 0.425161 0.150000 
 0.375093 0.150058 
 0.475161 0.150000 
 0.525051 0.149998 
 0.500212 0.099998 
 0.575051 0.149998 
 0.575051 0.049998 
 0.525051 0.049998 
 0.675009 0.049994 
 0.625009 0.049994 
 0.600060 0.099992 
 0.625009 0.149994 
 0.675009 0.149994 
 0.725000 0.149968 
 0.700009 0.099962 
 0.775000 0.149968 
 0.775000 0.049968 
 0.725000 0.049968 
 0.970731 0.099988 
 0.970731 0.049988 
 0.920731 0.049988 
 0.920731 0.149988 
 0.970731 0.149988 
 0.225144 0.150034 
 0.200912 0.100180 
 0.225144 0.050034 
 0.275144 0.150034 
 0.325093 0.150058 
 0.300237 0.100092 
 0.275144 0.050034 
 0.874288 0.049993 
 0.895019 0.099981 
 0.824288 0.049993 
 0.799289 0.099960 
 0.874288 0.149993 
 0.824288 0.149993 
 bc_tag 
184 
 110 
 15 
 10 
 5 
 2 
 190 
 190 
 190 
 117 
 117 
 117 
 185 
 185 
 185 
 16 
 16 
 16 
 16 
 16 
 16 
 16 
 16 
 16 
 16 
 16 
 16 
 16 
 16 
 16 
 11 
 11 
 11 
 6 
 6 
 6 
 6 
 6 
 6 
 6 
 6 
 6 
 6 
 6 
 6 
 6 
 6 
 6 
 120 
 120 
 120 
 120 
 120 
 120 
 120 
 120 
 120 
 120 
 120 
 120 
 120 
 120 
 120 
 120 
 120 
 120 
 120 
 120 
 120 
 120 
 120 
 120 
 120 
 120 
 120 
 120 
 120 
 120 
 120 
 120 
 120 
 120 
 120 
 120 
 120 
 120 
 120 
 120 
 120 
 120 
 120 
 120 
 120 
 120 
 120 
 120 
 120 
 120 
 120 
 120 
 120 
 120 
 120 
 120 
 120 
 120 
 120 
 120 
 120 
 190 
 190 
 190 
 190 
 190 
 190 
 190 
 190 
 117 
 117 
 117 
 117 
 117 
 117 
 117 
 117 
 185 
 185 
 185 
 185 
 185 
 185 
 185 
 185 
 16 
 16 
 16 
 16 
 16 
 16 
 16 
 16 
 16 
 16 
 16 
 16 
 16 
 16 
 16 
 16 
 16 
 16 
 16 
 16 
 16 
 16 
 16 
 16 
 16 
 16 
 16 
 16 
 16 
 16 
 16 
 16 
 11 
 11 
 11 
 11 
 11 
 11 
 11 
 11 
 6 
 6 
 6 
 6 
 6 
 6 
 6 
 6 
 6 
 6 
 6 
 6 
 6 
 6 
 6 
 6 
 6 
 6 
 6 
 6 
 6 
 6 
 6 
 6 
 6 
 6 
 6 
 6 
 6 
 6 
 6 
 6 
 120 
 120 
 120 
 120 
 120 
 120 
 120 
 120 
 120 
 120 
 120 
 120 
 120 
 120 
 120 
 120 
 120 
 120 
 120 
 120 
 120 
 120 
 120 
 120 
 120 
 120 
 120 
 120 
 120 
 120 
 120 
 120 
 120 
 120 
 120 
 120 
 120 
 120 
 120 
 120 
 120 
 120 
 120 
 120 
 120 
 120 
 120 
 120 
 120 
 120 
 120 
 120 
 120 
 120 
 120 
 120 
 120 
 120 
 120 
 120 
 120 
 120 
 120 
 120 
 120 
 120 
 120 
 120 
 120 
 120 
 120 
 120 
 120 
 120 
 120 
 120 
 120 
 120 
 120 
 120 
 120 
 120 
 120 
 120 
 120 
 120 
 120 
 120 
 120 
 120 
 120 
 120 
 120 
 120 
 120 
 120 
 120 
 120 
 120 
 120 
 120 
 120 
 120 
 120 
 120 
 120 
 120 
 120 
 120 
 120 
 120 
 120 
 120 
 120 
 120 
 120 
 120 
 120 
 120 
 120 
 120 
 120 
 120 
 120 
 120 
 120 
 120 
 120 
 120 
 120 
 120 
 120 
 120 
 120 
 120 
 120 
 120 
 120 
 120 
 120 
 120 
 120 
 120 
 120 
 120 
 120 
 120 
 120 
 120 
 120 
 120 
 120 
 120 
 120 
 120 
 120 
 120 
 120 
 120 
 120 
 120 
 120 
 120 
 120 
 120 
 120 
 120 
 120 
 120 
 120 
 120 
 120 
 120 
 120 
 120 
 120 
 120 
 120 
 120 
 120 
 120 
 120 
 120 
 120 
 120 
 120 
 120 
 120 
 120 
 120 
 120 
 120 
 120 
 120 
 120 
 120 
 120 
 120 
 120 
 120 
 120 
 120 
 120 
 120 
 120 
 120 
 120 
 120 
 120 
 120 
 120 
 120 
 120 
 120 
 120 
 120 
 120 
 120 
 120 
 120 
 120 
 120 
 120 
 120 
 120 
 120 
 120 
 120 
 120 
 120 
 120 
 120 
 120 
 120 
 120 
 120 
 120 
 120 
 120 
 120 
 120 
 120 
 120 
 120 
 120 
 120 
 120 
 120 
 120 
 120 
 120 
 120 
 120 
 120 
 120 
 120 
 120 
 120 
 120 
 120 
 120 
 120 
 120 
 120 
 120 
 120 
 120 
 120 
 120 
 120 
 120 
 120 
 120 
 120 
 120 
 120 
 120 
 120 
 120 
 120 
 120 
 120 
 120 
 120 
 120 
 120 
 120 
 120 
 120 
 120 
 120 
 120 
 120 
 120 
 120 
 120 
 120 
 120 
 120 
 120 
 120 
 120 
 120 
 120 
 120 
 120 
 120 
 120 
 120 
 120 
 120 
 120 
 120 
 120 
 120 
 120 
 120 
 120 
 120 
 120 
 120 
 120 
 120 
 120 
 120 
 120 
 120 
 120 
 120 
 120 
 120 
 120 
 120 
 120 
 120 
 120 
 120 
 120 
 120 
 120 
 120 
 120 
 120 
 120 
 120 
 120 
 120 
 120 
 120 
 120 
 120 
 120 
 120 
 120 
 120 
 120 
 120 
 120 
 120 
 120 
 120 
 120 
 120 
 120 
 120 
 120 
 120 
 120 
 120 
 120 
 120 
 120 
 120 
 120 
 120 
 120 
 120 
 120 
 120 
 120 
 120 
 120 
 120 
 120 
 120 
 120 
 120 
 120 
 120 
 120 
 120 
 120 
 120 
 120 
 120 
 120 
 120 
 120 
 120 
 120 
 120 
 120 
 120 
 120 
 120 
 120 
 120 
 120 
 120 
 120 
 120 
 120 
 120 
 120 
 120 
 120 
 120 
 120 
 120 
 120 
 120 
 120 
 120 
 120 
 120 
 120 
 120 
 120 
 120 
 120 
 120 
 120 
 120 
 120 
 120 
 120 
 120 
 120 
 120 
 120 
 120 
 120 
 120 
 120 
 120 
 120 
 120 
 120 
 120 
 120 
 120 
 120 
 120 
 120 
 120 
 120 
 120 
 120 
 120 
 120 
 120 
 120 
 120 
 120 
 120 
 120 
 120 
 120 
 120 
 120 
 120 
 120 
 120 
 120 
 120 
 120 
 120 
 120 
 120 
 120 
 120 
 120 
 120 
 120 
 120 
 120 
 120 
 120 
 120 
 120 
 120 
 120 
 120 
 120 
 120 
 120 
 120 
 120 
 120 
 120 
 120 
 120 
 120 
 120 
 120 
 120 
 120 
 120 
 120 
 120 
 120 
 120 
 120 
 120 
 120 
 120 
 120 
 120 
 120 
 120 
 120 
 120 
 120 
 120 
 120 
 120 
 120 
 120 
 120 
 120 
 120 
 120 
 120 
 120 
 120 
 120 
 120 
 120 
 120 
 120 
 120 
 120 
 120 
 120 
 120 
 120 
 120 
 120 
 120 
 120 
 120 
 120 
 120 
 120 
 120 
 120 
 120 
 120 
 120 
 120 
 120 
 120 
 120 
 120 
 120 
 120 
 120 
 120 
 120 
 120 
 120 
 120 
 120 
 120 
 120 
 120 
 120 
 120 
 120 
 120 
 120 
 120 
 120 
 120 
 120 
 120 
 120 
 120 
 120 
 120 
 120 
 120 
 120 
 120 
 120 
 120 
 120 
 120 
 120 
 120 
 120 
 120 
 120 
 120 
 120 
 120 
 120 
 120 
 120 
 120 
 120 
 120 
 120 
 120 
 120 
 120 
 120 
 120 
 120 
 120 
 120 
 120 
 120 
 120 
 edgeUsage
0 1 0 
 1 0 0 
 1 1 0 
 1 1 1 
 0 1 0 
 1 0 0 
 1 1 0 
 1 1 1 
 0 1 0 
 1 0 0 
 1 1 0 
 1 1 1 
 0 1 0 
 1 0 0 
 1 1 0 
 1 1 1 
 1 0 0 
 0 1 0 
 0 0 0 
 1 1 1 
 0 1 0 
 1 0 0 
 1 1 0 
 1 1 1 
 0 1 0 
 1 0 0 
 1 1 0 
 1 1 1 
 0 1 0 
 1 0 0 
 1 1 0 
 1 1 1 
 0 1 0 
 1 0 0 
 1 1 0 
 1 1 1 
 0 1 0 
 1 0 0 
 1 1 0 
 1 1 1 
 0 1 0 
 1 0 0 
 1 1 0 
 1 1 1 
 1 0 0 
 0 1 0 
 0 0 0 
 1 1 1 
 0 1 0 
 1 0 0 
 1 1 0 
 1 1 1 
 1 0 0 
 0 1 0 
 0 0 0 
 1 1 1 
 0 1 0 
 1 0 0 
 1 1 0 
 1 1 1 
 0 1 0 
 1 0 0 
 1 1 0 
 1 1 1 
 0 1 0 
 1 0 0 
 1 1 0 
 1 1 1 
 0 1 0 
 1 0 0 
 1 1 0 
 1 1 1 
 0 1 0 
 1 0 0 
 1 1 0 
 1 1 1 
 1 0 0 
 0 1 0 
 0 0 0 
 1 1 1 
 0 1 0 
 1 0 0 
 1 1 0 
 1 1 1 
 1 0 0 
 0 1 0 
 0 0 0 
 1 1 1 
 0 1 0 
 1 0 0 
 1 1 0 
 1 1 1 
 0 1 0 
 1 0 0 
 1 1 0 
 1 1 1 
 0 1 0 
 1 0 0 
 1 1 0 
 1 1 1 
 0 1 0 
 1 0 0 
 1 1 0 
 1 1 1 
 0 1 0 
 1 0 0 
 1 1 0 
 1 1 1 
 0 1 0 
 1 0 0 
 1 1 0 
 1 1 1 
 0 1 0 
 1 0 0 
 1 1 0 
 1 1 1 
 1 0 0 
 0 1 0 
 0 0 0 
 1 1 1 
 0 1 0 
 1 0 0 
 1 1 0 
 1 1 1 
 0 1 0 
 1 0 0 
 1 1 0 
 1 1 1 
 0 1 0 
 1 0 0 
 1 1 0 
 1 1 1 
 1 0 0 
 0 1 0 
 0 0 0 
 1 1 1 
 0 1 0 
 1 0 0 
 1 1 0 
 1 1 1 
 1 0 0 
 0 1 0 
 0 0 0 
 1 1 1 
 0 1 0 
 1 0 0 
 1 1 0 
 1 1 1 
 0 1 0 
 1 0 0 
 1 1 0 
 1 1 1 
 0 1 0 
 1 0 0 
 1 1 0 
 1 1 1 
 1 1 0 
 0 1 0 
 1 0 0 
 1 1 1 
 1 0 0 
 0 1 0 
 0 0 0 
 1 1 1 
 0 1 0 
 1 0 0 
 1 1 0 
 1 1 1 
 EdgeNode 
3 8 110 111 
 8 7 112 113 
 7 9 114 115 
 9 1 116 117 
 2 11 118 119 
 11 10 120 121 
 10 12 122 123 
 12 6 124 125 
 1 14 126 127 
 14 13 128 129 
 13 15 130 131 
 15 2 132 133 
 4 23 134 135 
 23 18 136 137 
 18 24 138 139 
 24 17 140 141 
 17 25 142 143 
 25 19 144 145 
 19 26 146 147 
 26 16 148 149 
 16 27 150 151 
 27 21 152 153 
 21 28 154 155 
 28 20 156 157 
 20 29 158 159 
 29 22 160 161 
 22 30 162 163 
 30 3 164 165 
 5 32 166 167 
 32 31 168 169 
 31 33 170 171 
 33 4 172 173 
 6 41 174 175 
 41 36 176 177 
 36 42 178 179 
 42 35 180 181 
 35 43 182 183 
 43 37 184 185 
 37 44 186 187 
 44 34 188 189 
 34 45 190 191 
 45 39 192 193 
 39 46 194 195 
 46 38 196 197 
 38 47 198 199 
 47 40 200 201 
 40 48 202 203 
 48 5 204 205 
 3 59 206 207 
 59 49 208 209 
 7 60 210 211 
 60 49 212 213 
 59 8 214 215 
 8 60 216 217 
 60 59 218 219 
 10 61 220 221 
 61 49 222 223 
 6 62 224 225 
 62 49 226 227 
 61 12 228 229 
 12 62 230 231 
 62 61 232 233 
 7 63 234 235 
 63 51 236 237 
 1 64 238 239 
 64 51 240 241 
 63 9 242 243 
 9 64 244 245 
 64 63 246 247 
 13 65 248 249 
 65 51 250 251 
 64 14 252 253 
 14 65 254 255 
 65 64 256 257 
 49 66 258 259 
 66 51 260 261 
 63 66 262 263 
 66 60 264 265 
 60 63 266 267 
 20 67 268 269 
 67 50 270 271 
 22 68 272 273 
 68 50 274 275 
 67 29 276 277 
 29 68 278 279 
 68 67 280 281 
 2 69 282 283 
 69 51 284 285 
 65 15 286 287 
 15 69 288 289 
 69 65 290 291 
 10 70 292 293 
 70 51 294 295 
 69 11 296 297 
 11 70 298 299 
 70 69 300 301 
 70 61 302 303 
 61 66 304 305 
 66 70 306 307 
 21 71 308 309 
 71 52 310 311 
 20 72 312 313 
 72 52 314 315 
 71 28 316 317 
 28 72 318 319 
 72 71 320 321 
 50 73 322 323 
 73 52 324 325 
 72 67 326 327 
 67 73 328 329 
 73 72 330 331 
 35 74 332 333 
 74 52 334 335 
 35 75 336 337 
 75 50 338 339 
 74 73 340 341 
 73 75 342 343 
 75 74 344 345 
 37 76 346 347 
 76 52 348 349 
 74 43 350 351 
 43 76 352 353 
 76 74 354 355 
 37 77 356 357 
 77 53 358 359 
 52 78 360 361 
 78 53 362 363 
 77 78 364 365 
 78 76 366 367 
 76 77 368 369 
 34 79 370 371 
 79 53 372 373 
 77 44 374 375 
 44 79 376 377 
 79 77 378 379 
 16 80 380 381 
 80 53 382 383 
 21 81 384 385 
 81 53 386 387 
 80 27 388 389 
 27 81 390 391 
 81 80 392 393 
 81 71 394 395 
 71 78 396 397 
 78 81 398 399 
 19 82 400 401 
 82 54 402 403 
 16 83 404 405 
 83 54 406 407 
 82 26 408 409 
 26 83 410 411 
 83 82 412 413 
 53 84 414 415 
 84 54 416 417 
 83 80 418 419 
 80 84 420 421 
 84 83 422 423 
 34 85 424 425 
 85 54 426 427 
 85 84 428 429 
 84 79 430 431 
 79 85 432 433 
 39 86 434 435 
 86 54 436 437 
 85 45 438 439 
 45 86 440 441 
 86 85 442 443 
 39 87 444 445 
 87 55 446 447 
 54 88 448 449 
 88 55 450 451 
 87 88 452 453 
 88 86 454 455 
 86 87 456 457 
 38 89 458 459 
 89 55 460 461 
 87 46 462 463 
 46 89 464 465 
 89 87 466 467 
 17 90 468 469 
 90 55 470 471 
 19 91 472 473 
 91 55 474 475 
 90 25 476 477 
 25 91 478 479 
 91 90 480 481 
 91 82 482 483 
 82 88 484 485 
 88 91 486 487 
 31 92 488 489 
 92 56 490 491 
 4 93 492 493 
 93 56 494 495 
 92 33 496 497 
 33 93 498 499 
 93 92 500 501 
 18 94 502 503 
 94 56 504 505 
 93 23 506 507 
 23 94 508 509 
 94 93 510 511 
 40 95 512 513 
 95 56 514 515 
 5 96 516 517 
 96 56 518 519 
 95 48 520 521 
 48 96 522 523 
 96 95 524 525 
 96 32 526 527 
 32 92 528 529 
 92 96 530 531 
 6 97 532 533 
 97 57 534 535 
 49 98 536 537 
 98 57 538 539 
 97 98 540 541 
 98 62 542 543 
 62 97 544 545 
 3 99 546 547 
 99 57 548 549 
 99 59 550 551 
 59 98 552 553 
 98 99 554 555 
 36 100 556 557 
 100 57 558 559 
 97 41 560 561 
 41 100 562 563 
 100 97 564 565 
 36 101 566 567 
 101 50 568 569 
 50 102 570 571 
 102 57 572 573 
 100 101 574 575 
 101 102 576 577 
 102 100 578 579 
 22 103 580 581 
 103 57 582 583 
 103 102 584 585 
 102 68 586 587 
 68 103 588 589 
 103 30 590 591 
 30 99 592 593 
 99 103 594 595 
 18 104 596 597 
 104 58 598 599 
 56 105 600 601 
 105 58 602 603 
 104 105 604 605 
 105 94 606 607 
 94 104 608 609 
 17 106 610 611 
 106 58 612 613 
 104 24 614 615 
 24 106 616 617 
 106 104 618 619 
 55 107 620 621 
 107 58 622 623 
 106 90 624 625 
 90 107 626 627 
 107 106 628 629 
 40 108 630 631 
 108 58 632 633 
 108 95 634 635 
 95 105 636 637 
 105 108 638 639 
 75 101 640 641 
 101 42 642 643 
 42 75 644 645 
 38 109 646 647 
 109 58 648 649 
 109 107 650 651 
 107 89 652 653 
 89 109 654 655 
 109 47 656 657 
 47 108 658 659 
 108 109 660 661 
 bcElement 48
2 190 3 
3 190 1 
10 190 3 
11 190 1 
14 185 3 
15 185 1 
26 185 3 
27 185 1 
30 117 3 
31 117 1 
6 117 3 
7 117 1 
126 6 3 
127 6 1 
159 6 3 
157 6 1 
50 6 3 
51 6 1 
58 6 3 
59 6 1 
82 6 3 
83 6 1 
90 6 3 
91 6 1 
166 6 3 
167 6 1 
110 6 3 
111 6 1 
114 11 3 
115 11 1 
102 11 3 
103 11 1 
106 16 3 
107 16 1 
146 16 3 
147 16 1 
94 16 3 
95 16 1 
70 16 3 
71 16 1 
62 16 3 
63 16 1 
38 16 3 
39 16 1 
22 16 3 
23 16 1 
138 16 3 
139 16 1 
