Edge min = 0.029269, max=0.057971, average=0.052712;
Grid_size 168
Node_size 109
Total_DOF 2221
edge_Size 276
maxDOF 21
Solution_Order
5 
 meshIEN 
59 49 60 
 8 3 59 
 60 7 8 
 60 8 59 
 61 49 62 
 12 10 61 
 62 6 12 
 62 12 61 
 63 51 64 
 9 7 63 
 64 1 9 
 64 9 63 
 64 51 65 
 14 1 64 
 65 13 14 
 65 14 64 
 63 7 60 
 66 51 63 
 60 49 66 
 60 66 63 
 67 50 68 
 29 20 67 
 68 22 29 
 68 29 67 
 65 51 69 
 15 13 65 
 69 2 15 
 69 15 65 
 69 51 70 
 11 2 69 
 70 10 11 
 70 11 69 
 70 51 66 
 61 10 70 
 66 49 61 
 66 61 70 
 71 52 72 
 28 21 71 
 72 20 28 
 72 28 71 
 72 52 73 
 67 20 72 
 73 50 67 
 73 67 72 
 74 35 75 
 73 52 74 
 75 50 73 
 75 73 74 
 74 52 76 
 43 35 74 
 76 37 43 
 76 43 74 
 77 37 76 
 78 53 77 
 76 52 78 
 76 78 77 
 77 53 79 
 44 37 77 
 79 34 44 
 79 44 77 
 80 53 81 
 27 16 80 
 81 21 27 
 81 27 80 
 81 53 78 
 71 21 81 
 78 52 71 
 78 71 81 
 82 54 83 
 26 19 82 
 83 16 26 
 83 26 82 
 83 54 84 
 80 16 83 
 84 53 80 
 84 80 83 
 85 34 79 
 84 54 85 
 79 53 84 
 79 84 85 
 85 54 86 
 45 34 85 
 86 39 45 
 86 45 85 
 87 39 86 
 88 55 87 
 86 54 88 
 86 88 87 
 87 55 89 
 46 39 87 
 89 38 46 
 89 46 87 
 90 55 91 
 25 17 90 
 91 19 25 
 91 25 90 
 91 55 88 
 82 19 91 
 88 54 82 
 88 82 91 
 92 56 93 
 33 31 92 
 93 4 33 
 93 33 92 
 93 56 94 
 23 4 93 
 94 18 23 
 94 23 93 
 95 56 96 
 48 40 95 
 96 5 48 
 96 48 95 
 96 56 92 
 32 5 96 
 92 31 32 
 92 32 96 
 97 6 62 
 98 57 97 
 62 49 98 
 62 98 97 
 99 57 98 
 59 3 99 
 98 49 59 
 98 59 99 
 97 57 100 
 41 6 97 
 100 36 41 
 100 41 97 
 100 57 102 
 101 36 100 
 102 50 101 
 102 101 100 
 103 22 68 
 102 57 103 
 68 50 102 
 68 102 103 
 103 57 99 
 30 22 103 
 99 3 30 
 99 30 103 
 104 18 94 
 105 58 104 
 94 56 105 
 94 105 104 
 104 58 106 
 24 18 104 
 106 17 24 
 106 24 104 
 106 58 107 
 90 17 106 
 107 55 90 
 107 90 106 
 108 58 105 
 95 40 108 
 105 56 95 
 105 95 108 
 75 35 42 
 101 50 75 
 42 36 101 
 42 101 75 
 109 38 89 
 107 58 109 
 89 55 107 
 89 107 109 
 109 58 108 
 47 38 109 
 108 40 47 
 108 47 109 
 solutionIEN 
59 49 60 306 307 308 309 317 316 315 314 326 327 328 329 1214 1215 1216 1217 1218 1219 
 8 3 59 113 112 111 110 302 303 304 305 318 319 320 321 1220 1221 1222 1223 1224 1225 
 60 7 8 313 312 311 310 117 116 115 114 322 323 324 325 1226 1227 1228 1229 1230 1231 
 60 8 59 325 324 323 322 321 320 319 318 329 328 327 326 1232 1233 1234 1235 1236 1237 
 61 49 62 334 335 336 337 345 344 343 342 354 355 356 357 1238 1239 1240 1241 1242 1243 
 12 10 61 137 136 135 134 330 331 332 333 346 347 348 349 1244 1245 1246 1247 1248 1249 
 62 6 12 341 340 339 338 141 140 139 138 350 351 352 353 1250 1251 1252 1253 1254 1255 
 62 12 61 353 352 351 350 349 348 347 346 357 356 355 354 1256 1257 1258 1259 1260 1261 
 63 51 64 362 363 364 365 373 372 371 370 382 383 384 385 1262 1263 1264 1265 1266 1267 
 9 7 63 121 120 119 118 358 359 360 361 374 375 376 377 1268 1269 1270 1271 1272 1273 
 64 1 9 369 368 367 366 125 124 123 122 378 379 380 381 1274 1275 1276 1277 1278 1279 
 64 9 63 381 380 379 378 377 376 375 374 385 384 383 382 1280 1281 1282 1283 1284 1285 
 64 51 65 370 371 372 373 393 392 391 390 402 403 404 405 1286 1287 1288 1289 1290 1291 
 14 1 64 145 144 143 142 366 367 368 369 394 395 396 397 1292 1293 1294 1295 1296 1297 
 65 13 14 389 388 387 386 149 148 147 146 398 399 400 401 1298 1299 1300 1301 1302 1303 
 65 14 64 401 400 399 398 397 396 395 394 405 404 403 402 1304 1305 1306 1307 1308 1309 
 63 7 60 361 360 359 358 310 311 312 313 422 423 424 425 1310 1311 1312 1313 1314 1315 
 66 51 63 410 411 412 413 365 364 363 362 414 415 416 417 1316 1317 1318 1319 1320 1321 
 60 49 66 314 315 316 317 406 407 408 409 418 419 420 421 1322 1323 1324 1325 1326 1327 
 60 66 63 421 420 419 418 417 416 415 414 425 424 423 422 1328 1329 1330 1331 1332 1333 
 67 50 68 430 431 432 433 441 440 439 438 450 451 452 453 1334 1335 1336 1337 1338 1339 
 29 20 67 209 208 207 206 426 427 428 429 442 443 444 445 1340 1341 1342 1343 1344 1345 
 68 22 29 437 436 435 434 213 212 211 210 446 447 448 449 1346 1347 1348 1349 1350 1351 
 68 29 67 449 448 447 446 445 444 443 442 453 452 451 450 1352 1353 1354 1355 1356 1357 
 65 51 69 390 391 392 393 461 460 459 458 470 471 472 473 1358 1359 1360 1361 1362 1363 
 15 13 65 153 152 151 150 386 387 388 389 462 463 464 465 1364 1365 1366 1367 1368 1369 
 69 2 15 457 456 455 454 157 156 155 154 466 467 468 469 1370 1371 1372 1373 1374 1375 
 69 15 65 469 468 467 466 465 464 463 462 473 472 471 470 1376 1377 1378 1379 1380 1381 
 69 51 70 458 459 460 461 481 480 479 478 490 491 492 493 1382 1383 1384 1385 1386 1387 
 11 2 69 129 128 127 126 454 455 456 457 482 483 484 485 1388 1389 1390 1391 1392 1393 
 70 10 11 477 476 475 474 133 132 131 130 486 487 488 489 1394 1395 1396 1397 1398 1399 
 70 11 69 489 488 487 486 485 484 483 482 493 492 491 490 1400 1401 1402 1403 1404 1405 
 70 51 66 478 479 480 481 413 412 411 410 502 503 504 505 1406 1407 1408 1409 1410 1411 
 61 10 70 333 332 331 330 474 475 476 477 494 495 496 497 1412 1413 1414 1415 1416 1417 
 66 49 61 409 408 407 406 337 336 335 334 498 499 500 501 1418 1419 1420 1421 1422 1423 
 66 61 70 501 500 499 498 497 496 495 494 505 504 503 502 1424 1425 1426 1427 1428 1429 
 71 52 72 510 511 512 513 521 520 519 518 530 531 532 533 1430 1431 1432 1433 1434 1435 
 28 21 71 201 200 199 198 506 507 508 509 522 523 524 525 1436 1437 1438 1439 1440 1441 
 72 20 28 517 516 515 514 205 204 203 202 526 527 528 529 1442 1443 1444 1445 1446 1447 
 72 28 71 529 528 527 526 525 524 523 522 533 532 531 530 1448 1449 1450 1451 1452 1453 
 72 52 73 518 519 520 521 541 540 539 538 550 551 552 553 1454 1455 1456 1457 1458 1459 
 67 20 72 429 428 427 426 514 515 516 517 542 543 544 545 1460 1461 1462 1463 1464 1465 
 73 50 67 537 536 535 534 433 432 431 430 546 547 548 549 1466 1467 1468 1469 1470 1471 
 73 67 72 549 548 547 546 545 544 543 542 553 552 551 550 1472 1473 1474 1475 1476 1477 
 74 35 75 557 556 555 554 562 563 564 565 578 579 580 581 1478 1479 1480 1481 1482 1483 
 73 52 74 538 539 540 541 561 560 559 558 570 571 572 573 1484 1485 1486 1487 1488 1489 
 75 50 73 566 567 568 569 534 535 536 537 574 575 576 577 1490 1491 1492 1493 1494 1495 
 75 73 74 577 576 575 574 573 572 571 570 581 580 579 578 1496 1497 1498 1499 1500 1501 
 74 52 76 558 559 560 561 589 588 587 586 598 599 600 601 1502 1503 1504 1505 1506 1507 
 43 35 74 257 256 255 254 554 555 556 557 590 591 592 593 1508 1509 1510 1511 1512 1513 
 76 37 43 585 584 583 582 261 260 259 258 594 595 596 597 1514 1515 1516 1517 1518 1519 
 76 43 74 597 596 595 594 593 592 591 590 601 600 599 598 1520 1521 1522 1523 1524 1525 
 77 37 76 605 604 603 602 582 583 584 585 626 627 628 629 1526 1527 1528 1529 1530 1531 
 78 53 77 614 615 616 617 609 608 607 606 618 619 620 621 1532 1533 1534 1535 1536 1537 
 76 52 78 586 587 588 589 610 611 612 613 622 623 624 625 1538 1539 1540 1541 1542 1543 
 76 78 77 625 624 623 622 621 620 619 618 629 628 627 626 1544 1545 1546 1547 1548 1549 
 77 53 79 606 607 608 609 637 636 635 634 646 647 648 649 1550 1551 1552 1553 1554 1555 
 44 37 77 265 264 263 262 602 603 604 605 638 639 640 641 1556 1557 1558 1559 1560 1561 
 79 34 44 633 632 631 630 269 268 267 266 642 643 644 645 1562 1563 1564 1565 1566 1567 
 79 44 77 645 644 643 642 641 640 639 638 649 648 647 646 1568 1569 1570 1571 1572 1573 
 80 53 81 654 655 656 657 665 664 663 662 674 675 676 677 1574 1575 1576 1577 1578 1579 
 27 16 80 193 192 191 190 650 651 652 653 666 667 668 669 1580 1581 1582 1583 1584 1585 
 81 21 27 661 660 659 658 197 196 195 194 670 671 672 673 1586 1587 1588 1589 1590 1591 
 81 27 80 673 672 671 670 669 668 667 666 677 676 675 674 1592 1593 1594 1595 1596 1597 
 81 53 78 662 663 664 665 617 616 615 614 686 687 688 689 1598 1599 1600 1601 1602 1603 
 71 21 81 509 508 507 506 658 659 660 661 678 679 680 681 1604 1605 1606 1607 1608 1609 
 78 52 71 613 612 611 610 513 512 511 510 682 683 684 685 1610 1611 1612 1613 1614 1615 
 78 71 81 685 684 683 682 681 680 679 678 689 688 687 686 1616 1617 1618 1619 1620 1621 
 82 54 83 694 695 696 697 705 704 703 702 714 715 716 717 1622 1623 1624 1625 1626 1627 
 26 19 82 185 184 183 182 690 691 692 693 706 707 708 709 1628 1629 1630 1631 1632 1633 
 83 16 26 701 700 699 698 189 188 187 186 710 711 712 713 1634 1635 1636 1637 1638 1639 
 83 26 82 713 712 711 710 709 708 707 706 717 716 715 714 1640 1641 1642 1643 1644 1645 
 83 54 84 702 703 704 705 725 724 723 722 734 735 736 737 1646 1647 1648 1649 1650 1651 
 80 16 83 653 652 651 650 698 699 700 701 726 727 728 729 1652 1653 1654 1655 1656 1657 
 84 53 80 721 720 719 718 657 656 655 654 730 731 732 733 1658 1659 1660 1661 1662 1663 
 84 80 83 733 732 731 730 729 728 727 726 737 736 735 734 1664 1665 1666 1667 1668 1669 
 85 34 79 741 740 739 738 630 631 632 633 754 755 756 757 1670 1671 1672 1673 1674 1675 
 84 54 85 722 723 724 725 745 744 743 742 746 747 748 749 1676 1677 1678 1679 1680 1681 
 79 53 84 634 635 636 637 718 719 720 721 750 751 752 753 1682 1683 1684 1685 1686 1687 
 79 84 85 753 752 751 750 749 748 747 746 757 756 755 754 1688 1689 1690 1691 1692 1693 
 85 54 86 742 743 744 745 765 764 763 762 774 775 776 777 1694 1695 1696 1697 1698 1699 
 45 34 85 273 272 271 270 738 739 740 741 766 767 768 769 1700 1701 1702 1703 1704 1705 
 86 39 45 761 760 759 758 277 276 275 274 770 771 772 773 1706 1707 1708 1709 1710 1711 
 86 45 85 773 772 771 770 769 768 767 766 777 776 775 774 1712 1713 1714 1715 1716 1717 
 87 39 86 781 780 779 778 758 759 760 761 802 803 804 805 1718 1719 1720 1721 1722 1723 
 88 55 87 790 791 792 793 785 784 783 782 794 795 796 797 1724 1725 1726 1727 1728 1729 
 86 54 88 762 763 764 765 786 787 788 789 798 799 800 801 1730 1731 1732 1733 1734 1735 
 86 88 87 801 800 799 798 797 796 795 794 805 804 803 802 1736 1737 1738 1739 1740 1741 
 87 55 89 782 783 784 785 813 812 811 810 822 823 824 825 1742 1743 1744 1745 1746 1747 
 46 39 87 281 280 279 278 778 779 780 781 814 815 816 817 1748 1749 1750 1751 1752 1753 
 89 38 46 809 808 807 806 285 284 283 282 818 819 820 821 1754 1755 1756 1757 1758 1759 
 89 46 87 821 820 819 818 817 816 815 814 825 824 823 822 1760 1761 1762 1763 1764 1765 
 90 55 91 830 831 832 833 841 840 839 838 850 851 852 853 1766 1767 1768 1769 1770 1771 
 25 17 90 177 176 175 174 826 827 828 829 842 843 844 845 1772 1773 1774 1775 1776 1777 
 91 19 25 837 836 835 834 181 180 179 178 846 847 848 849 1778 1779 1780 1781 1782 1783 
 91 25 90 849 848 847 846 845 844 843 842 853 852 851 850 1784 1785 1786 1787 1788 1789 
 91 55 88 838 839 840 841 793 792 791 790 862 863 864 865 1790 1791 1792 1793 1794 1795 
 82 19 91 693 692 691 690 834 835 836 837 854 855 856 857 1796 1797 1798 1799 1800 1801 
 88 54 82 789 788 787 786 697 696 695 694 858 859 860 861 1802 1803 1804 1805 1806 1807 
 88 82 91 861 860 859 858 857 856 855 854 865 864 863 862 1808 1809 1810 1811 1812 1813 
 92 56 93 870 871 872 873 881 880 879 878 890 891 892 893 1814 1815 1816 1817 1818 1819 
 33 31 92 233 232 231 230 866 867 868 869 882 883 884 885 1820 1821 1822 1823 1824 1825 
 93 4 33 877 876 875 874 237 236 235 234 886 887 888 889 1826 1827 1828 1829 1830 1831 
 93 33 92 889 888 887 886 885 884 883 882 893 892 891 890 1832 1833 1834 1835 1836 1837 
 93 56 94 878 879 880 881 901 900 899 898 910 911 912 913 1838 1839 1840 1841 1842 1843 
 23 4 93 161 160 159 158 874 875 876 877 902 903 904 905 1844 1845 1846 1847 1848 1849 
 94 18 23 897 896 895 894 165 164 163 162 906 907 908 909 1850 1851 1852 1853 1854 1855 
 94 23 93 909 908 907 906 905 904 903 902 913 912 911 910 1856 1857 1858 1859 1860 1861 
 95 56 96 918 919 920 921 929 928 927 926 938 939 940 941 1862 1863 1864 1865 1866 1867 
 48 40 95 297 296 295 294 914 915 916 917 930 931 932 933 1868 1869 1870 1871 1872 1873 
 96 5 48 925 924 923 922 301 300 299 298 934 935 936 937 1874 1875 1876 1877 1878 1879 
 96 48 95 937 936 935 934 933 932 931 930 941 940 939 938 1880 1881 1882 1883 1884 1885 
 96 56 92 926 927 928 929 873 872 871 870 950 951 952 953 1886 1887 1888 1889 1890 1891 
 32 5 96 225 224 223 222 922 923 924 925 942 943 944 945 1892 1893 1894 1895 1896 1897 
 92 31 32 869 868 867 866 229 228 227 226 946 947 948 949 1898 1899 1900 1901 1902 1903 
 92 32 96 949 948 947 946 945 944 943 942 953 952 951 950 1904 1905 1906 1907 1908 1909 
 97 6 62 957 956 955 954 338 339 340 341 978 979 980 981 1910 1911 1912 1913 1914 1915 
 98 57 97 966 967 968 969 961 960 959 958 970 971 972 973 1916 1917 1918 1919 1920 1921 
 62 49 98 342 343 344 345 962 963 964 965 974 975 976 977 1922 1923 1924 1925 1926 1927 
 62 98 97 977 976 975 974 973 972 971 970 981 980 979 978 1928 1929 1930 1931 1932 1933 
 99 57 98 986 987 988 989 969 968 967 966 998 999 1000 1001 1934 1935 1936 1937 1938 1939 
 59 3 99 305 304 303 302 982 983 984 985 990 991 992 993 1940 1941 1942 1943 1944 1945 
 98 49 59 965 964 963 962 309 308 307 306 994 995 996 997 1946 1947 1948 1949 1950 1951 
 98 59 99 997 996 995 994 993 992 991 990 1001 1000 999 998 1952 1953 1954 1955 1956 1957 
 97 57 100 958 959 960 961 1009 1008 1007 1006 1018 1019 1020 1021 1958 1959 1960 1961 1962 1963 
 41 6 97 241 240 239 238 954 955 956 957 1010 1011 1012 1013 1964 1965 1966 1967 1968 1969 
 100 36 41 1005 1004 1003 1002 245 244 243 242 1014 1015 1016 1017 1970 1971 1972 1973 1974 1975 
 100 41 97 1017 1016 1015 1014 1013 1012 1011 1010 1021 1020 1019 1018 1976 1977 1978 1979 1980 1981 
 100 57 102 1006 1007 1008 1009 1037 1036 1035 1034 1046 1047 1048 1049 1982 1983 1984 1985 1986 1987 
 101 36 100 1025 1024 1023 1022 1002 1003 1004 1005 1038 1039 1040 1041 1988 1989 1990 1991 1992 1993 
 102 50 101 1033 1032 1031 1030 1029 1028 1027 1026 1042 1043 1044 1045 1994 1995 1996 1997 1998 1999 
 102 101 100 1045 1044 1043 1042 1041 1040 1039 1038 1049 1048 1047 1046 2000 2001 2002 2003 2004 2005 
 103 22 68 1053 1052 1051 1050 434 435 436 437 1066 1067 1068 1069 2006 2007 2008 2009 2010 2011 
 102 57 103 1034 1035 1036 1037 1057 1056 1055 1054 1058 1059 1060 1061 2012 2013 2014 2015 2016 2017 
 68 50 102 438 439 440 441 1030 1031 1032 1033 1062 1063 1064 1065 2018 2019 2020 2021 2022 2023 
 68 102 103 1065 1064 1063 1062 1061 1060 1059 1058 1069 1068 1067 1066 2024 2025 2026 2027 2028 2029 
 103 57 99 1054 1055 1056 1057 989 988 987 986 1078 1079 1080 1081 2030 2031 2032 2033 2034 2035 
 30 22 103 217 216 215 214 1050 1051 1052 1053 1070 1071 1072 1073 2036 2037 2038 2039 2040 2041 
 99 3 30 985 984 983 982 221 220 219 218 1074 1075 1076 1077 2042 2043 2044 2045 2046 2047 
 99 30 103 1077 1076 1075 1074 1073 1072 1071 1070 1081 1080 1079 1078 2048 2049 2050 2051 2052 2053 
 104 18 94 1085 1084 1083 1082 894 895 896 897 1106 1107 1108 1109 2054 2055 2056 2057 2058 2059 
 105 58 104 1094 1095 1096 1097 1089 1088 1087 1086 1098 1099 1100 1101 2060 2061 2062 2063 2064 2065 
 94 56 105 898 899 900 901 1090 1091 1092 1093 1102 1103 1104 1105 2066 2067 2068 2069 2070 2071 
 94 105 104 1105 1104 1103 1102 1101 1100 1099 1098 1109 1108 1107 1106 2072 2073 2074 2075 2076 2077 
 104 58 106 1086 1087 1088 1089 1117 1116 1115 1114 1126 1127 1128 1129 2078 2079 2080 2081 2082 2083 
 24 18 104 169 168 167 166 1082 1083 1084 1085 1118 1119 1120 1121 2084 2085 2086 2087 2088 2089 
 106 17 24 1113 1112 1111 1110 173 172 171 170 1122 1123 1124 1125 2090 2091 2092 2093 2094 2095 
 106 24 104 1125 1124 1123 1122 1121 1120 1119 1118 1129 1128 1127 1126 2096 2097 2098 2099 2100 2101 
 106 58 107 1114 1115 1116 1117 1137 1136 1135 1134 1146 1147 1148 1149 2102 2103 2104 2105 2106 2107 
 90 17 106 829 828 827 826 1110 1111 1112 1113 1138 1139 1140 1141 2108 2109 2110 2111 2112 2113 
 107 55 90 1133 1132 1131 1130 833 832 831 830 1142 1143 1144 1145 2114 2115 2116 2117 2118 2119 
 107 90 106 1145 1144 1143 1142 1141 1140 1139 1138 1149 1148 1147 1146 2120 2121 2122 2123 2124 2125 
 108 58 105 1154 1155 1156 1157 1097 1096 1095 1094 1166 1167 1168 1169 2126 2127 2128 2129 2130 2131 
 95 40 108 917 916 915 914 1150 1151 1152 1153 1158 1159 1160 1161 2132 2133 2134 2135 2136 2137 
 105 56 95 1093 1092 1091 1090 921 920 919 918 1162 1163 1164 1165 2138 2139 2140 2141 2142 2143 
 105 95 108 1165 1164 1163 1162 1161 1160 1159 1158 1169 1168 1167 1166 2144 2145 2146 2147 2148 2149 
 75 35 42 565 564 563 562 253 252 251 250 1178 1179 1180 1181 2150 2151 2152 2153 2154 2155 
 101 50 75 1026 1027 1028 1029 569 568 567 566 1170 1171 1172 1173 2156 2157 2158 2159 2160 2161 
 42 36 101 249 248 247 246 1022 1023 1024 1025 1174 1175 1176 1177 2162 2163 2164 2165 2166 2167 
 42 101 75 1177 1176 1175 1174 1173 1172 1171 1170 1181 1180 1179 1178 2168 2169 2170 2171 2172 2173 
 109 38 89 1185 1184 1183 1182 806 807 808 809 1198 1199 1200 1201 2174 2175 2176 2177 2178 2179 
 107 58 109 1134 1135 1136 1137 1189 1188 1187 1186 1190 1191 1192 1193 2180 2181 2182 2183 2184 2185 
 89 55 107 810 811 812 813 1130 1131 1132 1133 1194 1195 1196 1197 2186 2187 2188 2189 2190 2191 
 89 107 109 1197 1196 1195 1194 1193 1192 1191 1190 1201 1200 1199 1198 2192 2193 2194 2195 2196 2197 
 109 58 108 1186 1187 1188 1189 1157 1156 1155 1154 1210 1211 1212 1213 2198 2199 2200 2201 2202 2203 
 47 38 109 289 288 287 286 1182 1183 1184 1185 1202 1203 1204 1205 2204 2205 2206 2207 2208 2209 
 108 40 47 1153 1152 1151 1150 293 292 291 290 1206 1207 1208 1209 2210 2211 2212 2213 2214 2215 
 108 47 109 1209 1208 1207 1206 1205 1204 1203 1202 1213 1212 1211 1210 2216 2217 2218 2219 2220 2221 
 solutionOrder
5 5 5 5 
 5 5 5 5 
 5 5 5 5 
 5 5 5 5 
 5 5 5 5 
 5 5 5 5 
 5 5 5 5 
 5 5 5 5 
 5 5 5 5 
 5 5 5 5 
 5 5 5 5 
 5 5 5 5 
 5 5 5 5 
 5 5 5 5 
 5 5 5 5 
 5 5 5 5 
 5 5 5 5 
 5 5 5 5 
 5 5 5 5 
 5 5 5 5 
 5 5 5 5 
 5 5 5 5 
 5 5 5 5 
 5 5 5 5 
 5 5 5 5 
 5 5 5 5 
 5 5 5 5 
 5 5 5 5 
 5 5 5 5 
 5 5 5 5 
 5 5 5 5 
 5 5 5 5 
 5 5 5 5 
 5 5 5 5 
 5 5 5 5 
 5 5 5 5 
 5 5 5 5 
 5 5 5 5 
 5 5 5 5 
 5 5 5 5 
 5 5 5 5 
 5 5 5 5 
 5 5 5 5 
 5 5 5 5 
 5 5 5 5 
 5 5 5 5 
 5 5 5 5 
 5 5 5 5 
 5 5 5 5 
 5 5 5 5 
 5 5 5 5 
 5 5 5 5 
 5 5 5 5 
 5 5 5 5 
 5 5 5 5 
 5 5 5 5 
 5 5 5 5 
 5 5 5 5 
 5 5 5 5 
 5 5 5 5 
 5 5 5 5 
 5 5 5 5 
 5 5 5 5 
 5 5 5 5 
 5 5 5 5 
 5 5 5 5 
 5 5 5 5 
 5 5 5 5 
 5 5 5 5 
 5 5 5 5 
 5 5 5 5 
 5 5 5 5 
 5 5 5 5 
 5 5 5 5 
 5 5 5 5 
 5 5 5 5 
 5 5 5 5 
 5 5 5 5 
 5 5 5 5 
 5 5 5 5 
 5 5 5 5 
 5 5 5 5 
 5 5 5 5 
 5 5 5 5 
 5 5 5 5 
 5 5 5 5 
 5 5 5 5 
 5 5 5 5 
 5 5 5 5 
 5 5 5 5 
 5 5 5 5 
 5 5 5 5 
 5 5 5 5 
 5 5 5 5 
 5 5 5 5 
 5 5 5 5 
 5 5 5 5 
 5 5 5 5 
 5 5 5 5 
 5 5 5 5 
 5 5 5 5 
 5 5 5 5 
 5 5 5 5 
 5 5 5 5 
 5 5 5 5 
 5 5 5 5 
 5 5 5 5 
 5 5 5 5 
 5 5 5 5 
 5 5 5 5 
 5 5 5 5 
 5 5 5 5 
 5 5 5 5 
 5 5 5 5 
 5 5 5 5 
 5 5 5 5 
 5 5 5 5 
 5 5 5 5 
 5 5 5 5 
 5 5 5 5 
 5 5 5 5 
 5 5 5 5 
 5 5 5 5 
 5 5 5 5 
 5 5 5 5 
 5 5 5 5 
 5 5 5 5 
 5 5 5 5 
 5 5 5 5 
 5 5 5 5 
 5 5 5 5 
 5 5 5 5 
 5 5 5 5 
 5 5 5 5 
 5 5 5 5 
 5 5 5 5 
 5 5 5 5 
 5 5 5 5 
 5 5 5 5 
 5 5 5 5 
 5 5 5 5 
 5 5 5 5 
 5 5 5 5 
 5 5 5 5 
 5 5 5 5 
 5 5 5 5 
 5 5 5 5 
 5 5 5 5 
 5 5 5 5 
 5 5 5 5 
 5 5 5 5 
 5 5 5 5 
 5 5 5 5 
 5 5 5 5 
 5 5 5 5 
 5 5 5 5 
 5 5 5 5 
 5 5 5 5 
 5 5 5 5 
 5 5 5 5 
 5 5 5 5 
 5 5 5 5 
 5 5 5 5 
 5 5 5 5 
 5 5 5 5 
 5 5 5 5 
 5 5 5 5 
 5 5 5 5 
 vertexCoord 
0.000000 0.000000 
 -0.000000 0.200000 
 0.200000 0.000000 
 1.000000 0.000000 
 1.000000 0.200000 
 0.200000 0.200000 
 0.100000 0.000000 
 0.150000 0.000000 
 0.050000 0.000000 
 0.100000 0.200000 
 0.050000 0.200000 
 0.150000 0.200000 
 -0.000000 0.100000 
 0.000000 0.050000 
 -0.000000 0.150000 
 0.600000 0.000000 
 0.800000 0.000000 
 0.900000 0.000000 
 0.700000 0.000000 
 0.400000 0.000000 
 0.500000 0.000000 
 0.300000 0.000000 
 0.950000 0.000000 
 0.850000 0.000000 
 0.750000 0.000000 
 0.650000 0.000000 
 0.550000 0.000000 
 0.450000 0.000000 
 0.350000 0.000000 
 0.250000 0.000000 
 1.000000 0.100000 
 1.000000 0.150000 
 1.000000 0.050000 
 0.600000 0.200000 
 0.400000 0.200000 
 0.300000 0.200000 
 0.500000 0.200000 
 0.800000 0.200000 
 0.700000 0.200000 
 0.900000 0.200000 
 0.250000 0.200000 
 0.350000 0.200000 
 0.450000 0.200000 
 0.550000 0.200000 
 0.650000 0.200000 
 0.750000 0.200000 
 0.850000 0.200000 
 0.950000 0.200000 
 0.151536 0.100293 
 0.350187 0.100115 
 0.058589 0.100049 
 0.450322 0.100000 
 0.550102 0.099995 
 0.650017 0.099988 
 0.750000 0.099936 
 0.941461 0.099976 
 0.250287 0.100068 
 0.848577 0.099985 
 0.175768 0.050146 
 0.125768 0.050146 
 0.125768 0.150146 
 0.175768 0.150146 
 0.079295 0.050024 
 0.029295 0.050024 
 0.029295 0.100024 
 0.105063 0.100171 
 0.375093 0.050058 
 0.325093 0.050058 
 0.029295 0.150024 
 0.079295 0.150024 
 0.475161 0.050000 
 0.425161 0.050000 
 0.400254 0.100058 
 0.425161 0.150000 
 0.375093 0.150058 
 0.475161 0.150000 
 0.525051 0.149998 
 0.500212 0.099998 
 0.575051 0.149998 
 0.575051 0.049998 
 0.525051 0.049998 
 0.675009 0.049994 
 0.625009 0.049994 
 0.600060 0.099992 
 0.625009 0.149994 
 0.675009 0.149994 
 0.725000 0.149968 
 0.700009 0.099962 
 0.775000 0.149968 
 0.775000 0.049968 
 0.725000 0.049968 
 0.970731 0.099988 
 0.970731 0.049988 
 0.920731 0.049988 
 0.920731 0.149988 
 0.970731 0.149988 
 0.225144 0.150034 
 0.200912 0.100180 
 0.225144 0.050034 
 0.275144 0.150034 
 0.325093 0.150058 
 0.300237 0.100092 
 0.275144 0.050034 
 0.874288 0.049993 
 0.895019 0.099981 
 0.824288 0.049993 
 0.799289 0.099960 
 0.874288 0.149993 
 0.824288 0.149993 
 bc_tag 
184 
 110 
 15 
 10 
 5 
 2 
 190 
 190 
 190 
 117 
 117 
 117 
 185 
 185 
 185 
 16 
 16 
 16 
 16 
 16 
 16 
 16 
 16 
 16 
 16 
 16 
 16 
 16 
 16 
 16 
 11 
 11 
 11 
 6 
 6 
 6 
 6 
 6 
 6 
 6 
 6 
 6 
 6 
 6 
 6 
 6 
 6 
 6 
 120 
 120 
 120 
 120 
 120 
 120 
 120 
 120 
 120 
 120 
 120 
 120 
 120 
 120 
 120 
 120 
 120 
 120 
 120 
 120 
 120 
 120 
 120 
 120 
 120 
 120 
 120 
 120 
 120 
 120 
 120 
 120 
 120 
 120 
 120 
 120 
 120 
 120 
 120 
 120 
 120 
 120 
 120 
 120 
 120 
 120 
 120 
 120 
 120 
 120 
 120 
 120 
 120 
 120 
 120 
 120 
 120 
 120 
 120 
 120 
 120 
 190 
 190 
 190 
 190 
 190 
 190 
 190 
 190 
 190 
 190 
 190 
 190 
 190 
 190 
 190 
 190 
 117 
 117 
 117 
 117 
 117 
 117 
 117 
 117 
 117 
 117 
 117 
 117 
 117 
 117 
 117 
 117 
 185 
 185 
 185 
 185 
 185 
 185 
 185 
 185 
 185 
 185 
 185 
 185 
 185 
 185 
 185 
 185 
 16 
 16 
 16 
 16 
 16 
 16 
 16 
 16 
 16 
 16 
 16 
 16 
 16 
 16 
 16 
 16 
 16 
 16 
 16 
 16 
 16 
 16 
 16 
 16 
 16 
 16 
 16 
 16 
 16 
 16 
 16 
 16 
 16 
 16 
 16 
 16 
 16 
 16 
 16 
 16 
 16 
 16 
 16 
 16 
 16 
 16 
 16 
 16 
 16 
 16 
 16 
 16 
 16 
 16 
 16 
 16 
 16 
 16 
 16 
 16 
 16 
 16 
 16 
 16 
 11 
 11 
 11 
 11 
 11 
 11 
 11 
 11 
 11 
 11 
 11 
 11 
 11 
 11 
 11 
 11 
 6 
 6 
 6 
 6 
 6 
 6 
 6 
 6 
 6 
 6 
 6 
 6 
 6 
 6 
 6 
 6 
 6 
 6 
 6 
 6 
 6 
 6 
 6 
 6 
 6 
 6 
 6 
 6 
 6 
 6 
 6 
 6 
 6 
 6 
 6 
 6 
 6 
 6 
 6 
 6 
 6 
 6 
 6 
 6 
 6 
 6 
 6 
 6 
 6 
 6 
 6 
 6 
 6 
 6 
 6 
 6 
 6 
 6 
 6 
 6 
 6 
 6 
 6 
 6 
 120 
 120 
 120 
 120 
 120 
 120 
 120 
 120 
 120 
 120 
 120 
 120 
 120 
 120 
 120 
 120 
 120 
 120 
 120 
 120 
 120 
 120 
 120 
 120 
 120 
 120 
 120 
 120 
 120 
 120 
 120 
 120 
 120 
 120 
 120 
 120 
 120 
 120 
 120 
 120 
 120 
 120 
 120 
 120 
 120 
 120 
 120 
 120 
 120 
 120 
 120 
 120 
 120 
 120 
 120 
 120 
 120 
 120 
 120 
 120 
 120 
 120 
 120 
 120 
 120 
 120 
 120 
 120 
 120 
 120 
 120 
 120 
 120 
 120 
 120 
 120 
 120 
 120 
 120 
 120 
 120 
 120 
 120 
 120 
 120 
 120 
 120 
 120 
 120 
 120 
 120 
 120 
 120 
 120 
 120 
 120 
 120 
 120 
 120 
 120 
 120 
 120 
 120 
 120 
 120 
 120 
 120 
 120 
 120 
 120 
 120 
 120 
 120 
 120 
 120 
 120 
 120 
 120 
 120 
 120 
 120 
 120 
 120 
 120 
 120 
 120 
 120 
 120 
 120 
 120 
 120 
 120 
 120 
 120 
 120 
 120 
 120 
 120 
 120 
 120 
 120 
 120 
 120 
 120 
 120 
 120 
 120 
 120 
 120 
 120 
 120 
 120 
 120 
 120 
 120 
 120 
 120 
 120 
 120 
 120 
 120 
 120 
 120 
 120 
 120 
 120 
 120 
 120 
 120 
 120 
 120 
 120 
 120 
 120 
 120 
 120 
 120 
 120 
 120 
 120 
 120 
 120 
 120 
 120 
 120 
 120 
 120 
 120 
 120 
 120 
 120 
 120 
 120 
 120 
 120 
 120 
 120 
 120 
 120 
 120 
 120 
 120 
 120 
 120 
 120 
 120 
 120 
 120 
 120 
 120 
 120 
 120 
 120 
 120 
 120 
 120 
 120 
 120 
 120 
 120 
 120 
 120 
 120 
 120 
 120 
 120 
 120 
 120 
 120 
 120 
 120 
 120 
 120 
 120 
 120 
 120 
 120 
 120 
 120 
 120 
 120 
 120 
 120 
 120 
 120 
 120 
 120 
 120 
 120 
 120 
 120 
 120 
 120 
 120 
 120 
 120 
 120 
 120 
 120 
 120 
 120 
 120 
 120 
 120 
 120 
 120 
 120 
 120 
 120 
 120 
 120 
 120 
 120 
 120 
 120 
 120 
 120 
 120 
 120 
 120 
 120 
 120 
 120 
 120 
 120 
 120 
 120 
 120 
 120 
 120 
 120 
 120 
 120 
 120 
 120 
 120 
 120 
 120 
 120 
 120 
 120 
 120 
 120 
 120 
 120 
 120 
 120 
 120 
 120 
 120 
 120 
 120 
 120 
 120 
 120 
 120 
 120 
 120 
 120 
 120 
 120 
 120 
 120 
 120 
 120 
 120 
 120 
 120 
 120 
 120 
 120 
 120 
 120 
 120 
 120 
 120 
 120 
 120 
 120 
 120 
 120 
 120 
 120 
 120 
 120 
 120 
 120 
 120 
 120 
 120 
 120 
 120 
 120 
 120 
 120 
 120 
 120 
 120 
 120 
 120 
 120 
 120 
 120 
 120 
 120 
 120 
 120 
 120 
 120 
 120 
 120 
 120 
 120 
 120 
 120 
 120 
 120 
 120 
 120 
 120 
 120 
 120 
 120 
 120 
 120 
 120 
 120 
 120 
 120 
 120 
 120 
 120 
 120 
 120 
 120 
 120 
 120 
 120 
 120 
 120 
 120 
 120 
 120 
 120 
 120 
 120 
 120 
 120 
 120 
 120 
 120 
 120 
 120 
 120 
 120 
 120 
 120 
 120 
 120 
 120 
 120 
 120 
 120 
 120 
 120 
 120 
 120 
 120 
 120 
 120 
 120 
 120 
 120 
 120 
 120 
 120 
 120 
 120 
 120 
 120 
 120 
 120 
 120 
 120 
 120 
 120 
 120 
 120 
 120 
 120 
 120 
 120 
 120 
 120 
 120 
 120 
 120 
 120 
 120 
 120 
 120 
 120 
 120 
 120 
 120 
 120 
 120 
 120 
 120 
 120 
 120 
 120 
 120 
 120 
 120 
 120 
 120 
 120 
 120 
 120 
 120 
 120 
 120 
 120 
 120 
 120 
 120 
 120 
 120 
 120 
 120 
 120 
 120 
 120 
 120 
 120 
 120 
 120 
 120 
 120 
 120 
 120 
 120 
 120 
 120 
 120 
 120 
 120 
 120 
 120 
 120 
 120 
 120 
 120 
 120 
 120 
 120 
 120 
 120 
 120 
 120 
 120 
 120 
 120 
 120 
 120 
 120 
 120 
 120 
 120 
 120 
 120 
 120 
 120 
 120 
 120 
 120 
 120 
 120 
 120 
 120 
 120 
 120 
 120 
 120 
 120 
 120 
 120 
 120 
 120 
 120 
 120 
 120 
 120 
 120 
 120 
 120 
 120 
 120 
 120 
 120 
 120 
 120 
 120 
 120 
 120 
 120 
 120 
 120 
 120 
 120 
 120 
 120 
 120 
 120 
 120 
 120 
 120 
 120 
 120 
 120 
 120 
 120 
 120 
 120 
 120 
 120 
 120 
 120 
 120 
 120 
 120 
 120 
 120 
 120 
 120 
 120 
 120 
 120 
 120 
 120 
 120 
 120 
 120 
 120 
 120 
 120 
 120 
 120 
 120 
 120 
 120 
 120 
 120 
 120 
 120 
 120 
 120 
 120 
 120 
 120 
 120 
 120 
 120 
 120 
 120 
 120 
 120 
 120 
 120 
 120 
 120 
 120 
 120 
 120 
 120 
 120 
 120 
 120 
 120 
 120 
 120 
 120 
 120 
 120 
 120 
 120 
 120 
 120 
 120 
 120 
 120 
 120 
 120 
 120 
 120 
 120 
 120 
 120 
 120 
 120 
 120 
 120 
 120 
 120 
 120 
 120 
 120 
 120 
 120 
 120 
 120 
 120 
 120 
 120 
 120 
 120 
 120 
 120 
 120 
 120 
 120 
 120 
 120 
 120 
 120 
 120 
 120 
 120 
 120 
 120 
 120 
 120 
 120 
 120 
 120 
 120 
 120 
 120 
 120 
 120 
 120 
 120 
 120 
 120 
 120 
 120 
 120 
 120 
 120 
 120 
 120 
 120 
 120 
 120 
 120 
 120 
 120 
 120 
 120 
 120 
 120 
 120 
 120 
 120 
 120 
 120 
 120 
 120 
 120 
 120 
 120 
 120 
 120 
 120 
 120 
 120 
 120 
 120 
 120 
 120 
 120 
 120 
 120 
 120 
 120 
 120 
 120 
 120 
 120 
 120 
 120 
 120 
 120 
 120 
 120 
 120 
 120 
 120 
 120 
 120 
 120 
 120 
 120 
 120 
 120 
 120 
 120 
 120 
 120 
 120 
 120 
 120 
 120 
 120 
 120 
 120 
 120 
 120 
 120 
 120 
 120 
 120 
 120 
 120 
 120 
 120 
 120 
 120 
 120 
 120 
 120 
 120 
 120 
 120 
 120 
 120 
 120 
 120 
 120 
 120 
 120 
 120 
 120 
 120 
 120 
 120 
 120 
 120 
 120 
 120 
 120 
 120 
 120 
 120 
 120 
 120 
 120 
 120 
 120 
 120 
 120 
 120 
 120 
 120 
 120 
 120 
 120 
 120 
 120 
 120 
 120 
 120 
 120 
 120 
 120 
 120 
 120 
 120 
 120 
 120 
 120 
 120 
 120 
 120 
 120 
 120 
 120 
 120 
 120 
 120 
 120 
 120 
 120 
 120 
 120 
 120 
 120 
 120 
 120 
 120 
 120 
 120 
 120 
 120 
 120 
 120 
 120 
 120 
 120 
 120 
 120 
 120 
 120 
 120 
 120 
 120 
 120 
 120 
 120 
 120 
 120 
 120 
 120 
 120 
 120 
 120 
 120 
 120 
 120 
 120 
 120 
 120 
 120 
 120 
 120 
 120 
 120 
 120 
 120 
 120 
 120 
 120 
 120 
 120 
 120 
 120 
 120 
 120 
 120 
 120 
 120 
 120 
 120 
 120 
 120 
 120 
 120 
 120 
 120 
 120 
 120 
 120 
 120 
 120 
 120 
 120 
 120 
 120 
 120 
 120 
 120 
 120 
 120 
 120 
 120 
 120 
 120 
 120 
 120 
 120 
 120 
 120 
 120 
 120 
 120 
 120 
 120 
 120 
 120 
 120 
 120 
 120 
 120 
 120 
 120 
 120 
 120 
 120 
 120 
 120 
 120 
 120 
 120 
 120 
 120 
 120 
 120 
 120 
 120 
 120 
 120 
 120 
 120 
 120 
 120 
 120 
 120 
 120 
 120 
 120 
 120 
 120 
 120 
 120 
 120 
 120 
 120 
 120 
 120 
 120 
 120 
 120 
 120 
 120 
 120 
 120 
 120 
 120 
 120 
 120 
 120 
 120 
 120 
 120 
 120 
 120 
 120 
 120 
 120 
 120 
 120 
 120 
 120 
 120 
 120 
 120 
 120 
 120 
 120 
 120 
 120 
 120 
 120 
 120 
 120 
 120 
 120 
 120 
 120 
 120 
 120 
 120 
 120 
 120 
 120 
 120 
 120 
 120 
 120 
 120 
 120 
 120 
 120 
 120 
 120 
 120 
 120 
 120 
 120 
 120 
 120 
 120 
 120 
 120 
 120 
 120 
 120 
 120 
 120 
 120 
 120 
 120 
 120 
 120 
 120 
 120 
 120 
 120 
 120 
 120 
 120 
 120 
 120 
 120 
 120 
 120 
 120 
 120 
 120 
 120 
 120 
 120 
 120 
 120 
 120 
 120 
 120 
 120 
 120 
 120 
 120 
 120 
 120 
 120 
 120 
 120 
 120 
 120 
 120 
 120 
 120 
 120 
 120 
 120 
 120 
 120 
 120 
 120 
 120 
 120 
 120 
 120 
 120 
 120 
 120 
 120 
 120 
 120 
 120 
 120 
 120 
 120 
 120 
 120 
 120 
 120 
 120 
 120 
 120 
 120 
 120 
 120 
 120 
 120 
 120 
 120 
 120 
 120 
 120 
 120 
 120 
 120 
 120 
 120 
 120 
 120 
 120 
 120 
 120 
 120 
 120 
 120 
 120 
 120 
 120 
 120 
 120 
 120 
 120 
 120 
 120 
 120 
 120 
 120 
 120 
 120 
 120 
 120 
 120 
 120 
 120 
 120 
 120 
 120 
 120 
 120 
 120 
 120 
 120 
 120 
 120 
 120 
 120 
 120 
 120 
 120 
 120 
 120 
 120 
 120 
 120 
 120 
 120 
 120 
 120 
 120 
 120 
 120 
 120 
 120 
 120 
 120 
 120 
 120 
 120 
 120 
 120 
 120 
 120 
 120 
 120 
 120 
 120 
 120 
 120 
 120 
 120 
 120 
 120 
 120 
 120 
 120 
 120 
 120 
 120 
 120 
 120 
 120 
 120 
 120 
 120 
 120 
 120 
 120 
 120 
 120 
 120 
 120 
 120 
 120 
 120 
 120 
 120 
 120 
 120 
 120 
 120 
 120 
 120 
 120 
 120 
 120 
 120 
 120 
 120 
 120 
 120 
 120 
 120 
 120 
 120 
 120 
 120 
 120 
 120 
 120 
 120 
 120 
 120 
 120 
 120 
 120 
 120 
 120 
 120 
 120 
 120 
 120 
 120 
 120 
 120 
 120 
 120 
 120 
 120 
 120 
 120 
 120 
 120 
 120 
 120 
 120 
 120 
 120 
 120 
 120 
 120 
 120 
 120 
 120 
 120 
 120 
 120 
 120 
 120 
 120 
 120 
 120 
 120 
 120 
 120 
 120 
 120 
 120 
 120 
 120 
 120 
 120 
 120 
 120 
 120 
 120 
 120 
 120 
 120 
 120 
 120 
 120 
 120 
 120 
 120 
 120 
 120 
 120 
 120 
 120 
 120 
 120 
 120 
 120 
 120 
 120 
 120 
 120 
 120 
 120 
 120 
 120 
 120 
 120 
 120 
 120 
 120 
 120 
 120 
 120 
 120 
 120 
 120 
 120 
 120 
 120 
 120 
 120 
 120 
 120 
 120 
 120 
 120 
 120 
 120 
 120 
 120 
 120 
 120 
 120 
 120 
 120 
 120 
 120 
 120 
 120 
 120 
 120 
 120 
 120 
 120 
 120 
 120 
 120 
 120 
 120 
 120 
 120 
 120 
 120 
 120 
 120 
 120 
 120 
 120 
 120 
 120 
 120 
 120 
 120 
 120 
 120 
 120 
 120 
 120 
 120 
 120 
 120 
 120 
 120 
 120 
 120 
 120 
 120 
 120 
 120 
 120 
 120 
 120 
 120 
 120 
 120 
 120 
 120 
 120 
 120 
 120 
 120 
 120 
 120 
 120 
 120 
 120 
 120 
 120 
 120 
 120 
 120 
 120 
 120 
 120 
 120 
 120 
 120 
 120 
 120 
 120 
 120 
 120 
 120 
 120 
 120 
 120 
 120 
 120 
 120 
 120 
 120 
 120 
 120 
 120 
 120 
 120 
 120 
 120 
 120 
 120 
 120 
 120 
 120 
 120 
 120 
 120 
 120 
 120 
 120 
 120 
 120 
 120 
 120 
 120 
 120 
 120 
 120 
 120 
 120 
 120 
 120 
 120 
 120 
 120 
 120 
 120 
 120 
 120 
 120 
 120 
 120 
 120 
 120 
 120 
 120 
 120 
 120 
 120 
 120 
 120 
 120 
 120 
 120 
 120 
 120 
 120 
 120 
 120 
 120 
 120 
 120 
 120 
 120 
 120 
 120 
 120 
 120 
 120 
 120 
 120 
 120 
 120 
 120 
 120 
 120 
 120 
 120 
 120 
 120 
 120 
 120 
 120 
 120 
 120 
 120 
 120 
 120 
 120 
 120 
 120 
 120 
 120 
 120 
 120 
 120 
 120 
 120 
 120 
 120 
 120 
 120 
 120 
 120 
 120 
 120 
 120 
 120 
 120 
 120 
 120 
 120 
 120 
 120 
 120 
 120 
 120 
 120 
 120 
 120 
 120 
 120 
 120 
 120 
 120 
 120 
 120 
 120 
 120 
 120 
 120 
 120 
 120 
 120 
 120 
 120 
 120 
 120 
 120 
 120 
 120 
 120 
 120 
 120 
 120 
 120 
 120 
 120 
 120 
 120 
 120 
 120 
 120 
 120 
 120 
 120 
 120 
 120 
 120 
 120 
 120 
 120 
 120 
 120 
 120 
 120 
 120 
 120 
 120 
 120 
 120 
 120 
 120 
 120 
 120 
 120 
 120 
 120 
 120 
 120 
 120 
 120 
 120 
 120 
 120 
 120 
 120 
 120 
 120 
 120 
 120 
 120 
 120 
 120 
 120 
 120 
 120 
 120 
 120 
 120 
 120 
 120 
 120 
 120 
 120 
 120 
 120 
 120 
 120 
 120 
 120 
 120 
 120 
 120 
 120 
 120 
 120 
 120 
 120 
 120 
 120 
 120 
 120 
 120 
 120 
 120 
 120 
 120 
 120 
 120 
 120 
 120 
 120 
 120 
 120 
 120 
 120 
 120 
 120 
 120 
 120 
 120 
 120 
 120 
 120 
 120 
 120 
 120 
 120 
 120 
 120 
 120 
 120 
 120 
 120 
 120 
 120 
 120 
 120 
 120 
 120 
 120 
 120 
 120 
 120 
 120 
 120 
 120 
 120 
 120 
 120 
 120 
 120 
 120 
 120 
 120 
 120 
 120 
 120 
 120 
 120 
 120 
 120 
 120 
 120 
 120 
 120 
 120 
 120 
 120 
 120 
 120 
 120 
 120 
 120 
 120 
 120 
 120 
 120 
 120 
 120 
 120 
 120 
 120 
 120 
 120 
 120 
 120 
 120 
 120 
 120 
 120 
 120 
 120 
 120 
 120 
 120 
 120 
 120 
 120 
 120 
 120 
 120 
 120 
 120 
 120 
 120 
 120 
 120 
 120 
 120 
 120 
 120 
 120 
 120 
 120 
 120 
 120 
 120 
 120 
 120 
 120 
 120 
 120 
 120 
 120 
 120 
 120 
 120 
 120 
 120 
 120 
 120 
 120 
 120 
 120 
 120 
 120 
 120 
 120 
 120 
 120 
 120 
 120 
 120 
 120 
 120 
 120 
 120 
 120 
 120 
 120 
 120 
 120 
 120 
 120 
 120 
 120 
 120 
 120 
 120 
 120 
 120 
 120 
 120 
 120 
 120 
 120 
 120 
 120 
 120 
 120 
 120 
 120 
 120 
 120 
 120 
 120 
 120 
 120 
 120 
 120 
 120 
 120 
 120 
 120 
 120 
 120 
 120 
 120 
 120 
 120 
 120 
 120 
 120 
 120 
 120 
 120 
 120 
 120 
 120 
 120 
 120 
 120 
 120 
 120 
 120 
 120 
 120 
 120 
 120 
 120 
 120 
 120 
 120 
 120 
 120 
 120 
 120 
 120 
 120 
 120 
 120 
 120 
 120 
 120 
 120 
 120 
 120 
 120 
 120 
 120 
 120 
 120 
 120 
 120 
 120 
 edgeUsage
0 1 0 
 1 0 0 
 1 1 0 
 1 1 1 
 0 1 0 
 1 0 0 
 1 1 0 
 1 1 1 
 0 1 0 
 1 0 0 
 1 1 0 
 1 1 1 
 0 1 0 
 1 0 0 
 1 1 0 
 1 1 1 
 1 0 0 
 0 1 0 
 0 0 0 
 1 1 1 
 0 1 0 
 1 0 0 
 1 1 0 
 1 1 1 
 0 1 0 
 1 0 0 
 1 1 0 
 1 1 1 
 0 1 0 
 1 0 0 
 1 1 0 
 1 1 1 
 0 1 0 
 1 0 0 
 1 1 0 
 1 1 1 
 0 1 0 
 1 0 0 
 1 1 0 
 1 1 1 
 0 1 0 
 1 0 0 
 1 1 0 
 1 1 1 
 1 0 0 
 0 1 0 
 0 0 0 
 1 1 1 
 0 1 0 
 1 0 0 
 1 1 0 
 1 1 1 
 1 0 0 
 0 1 0 
 0 0 0 
 1 1 1 
 0 1 0 
 1 0 0 
 1 1 0 
 1 1 1 
 0 1 0 
 1 0 0 
 1 1 0 
 1 1 1 
 0 1 0 
 1 0 0 
 1 1 0 
 1 1 1 
 0 1 0 
 1 0 0 
 1 1 0 
 1 1 1 
 0 1 0 
 1 0 0 
 1 1 0 
 1 1 1 
 1 0 0 
 0 1 0 
 0 0 0 
 1 1 1 
 0 1 0 
 1 0 0 
 1 1 0 
 1 1 1 
 1 0 0 
 0 1 0 
 0 0 0 
 1 1 1 
 0 1 0 
 1 0 0 
 1 1 0 
 1 1 1 
 0 1 0 
 1 0 0 
 1 1 0 
 1 1 1 
 0 1 0 
 1 0 0 
 1 1 0 
 1 1 1 
 0 1 0 
 1 0 0 
 1 1 0 
 1 1 1 
 0 1 0 
 1 0 0 
 1 1 0 
 1 1 1 
 0 1 0 
 1 0 0 
 1 1 0 
 1 1 1 
 0 1 0 
 1 0 0 
 1 1 0 
 1 1 1 
 1 0 0 
 0 1 0 
 0 0 0 
 1 1 1 
 0 1 0 
 1 0 0 
 1 1 0 
 1 1 1 
 0 1 0 
 1 0 0 
 1 1 0 
 1 1 1 
 0 1 0 
 1 0 0 
 1 1 0 
 1 1 1 
 1 0 0 
 0 1 0 
 0 0 0 
 1 1 1 
 0 1 0 
 1 0 0 
 1 1 0 
 1 1 1 
 1 0 0 
 0 1 0 
 0 0 0 
 1 1 1 
 0 1 0 
 1 0 0 
 1 1 0 
 1 1 1 
 0 1 0 
 1 0 0 
 1 1 0 
 1 1 1 
 0 1 0 
 1 0 0 
 1 1 0 
 1 1 1 
 1 1 0 
 0 1 0 
 1 0 0 
 1 1 1 
 1 0 0 
 0 1 0 
 0 0 0 
 1 1 1 
 0 1 0 
 1 0 0 
 1 1 0 
 1 1 1 
 EdgeNode 
3 8 110 111 112 113 
 8 7 114 115 116 117 
 7 9 118 119 120 121 
 9 1 122 123 124 125 
 2 11 126 127 128 129 
 11 10 130 131 132 133 
 10 12 134 135 136 137 
 12 6 138 139 140 141 
 1 14 142 143 144 145 
 14 13 146 147 148 149 
 13 15 150 151 152 153 
 15 2 154 155 156 157 
 4 23 158 159 160 161 
 23 18 162 163 164 165 
 18 24 166 167 168 169 
 24 17 170 171 172 173 
 17 25 174 175 176 177 
 25 19 178 179 180 181 
 19 26 182 183 184 185 
 26 16 186 187 188 189 
 16 27 190 191 192 193 
 27 21 194 195 196 197 
 21 28 198 199 200 201 
 28 20 202 203 204 205 
 20 29 206 207 208 209 
 29 22 210 211 212 213 
 22 30 214 215 216 217 
 30 3 218 219 220 221 
 5 32 222 223 224 225 
 32 31 226 227 228 229 
 31 33 230 231 232 233 
 33 4 234 235 236 237 
 6 41 238 239 240 241 
 41 36 242 243 244 245 
 36 42 246 247 248 249 
 42 35 250 251 252 253 
 35 43 254 255 256 257 
 43 37 258 259 260 261 
 37 44 262 263 264 265 
 44 34 266 267 268 269 
 34 45 270 271 272 273 
 45 39 274 275 276 277 
 39 46 278 279 280 281 
 46 38 282 283 284 285 
 38 47 286 287 288 289 
 47 40 290 291 292 293 
 40 48 294 295 296 297 
 48 5 298 299 300 301 
 3 59 302 303 304 305 
 59 49 306 307 308 309 
 7 60 310 311 312 313 
 60 49 314 315 316 317 
 59 8 318 319 320 321 
 8 60 322 323 324 325 
 60 59 326 327 328 329 
 10 61 330 331 332 333 
 61 49 334 335 336 337 
 6 62 338 339 340 341 
 62 49 342 343 344 345 
 61 12 346 347 348 349 
 12 62 350 351 352 353 
 62 61 354 355 356 357 
 7 63 358 359 360 361 
 63 51 362 363 364 365 
 1 64 366 367 368 369 
 64 51 370 371 372 373 
 63 9 374 375 376 377 
 9 64 378 379 380 381 
 64 63 382 383 384 385 
 13 65 386 387 388 389 
 65 51 390 391 392 393 
 64 14 394 395 396 397 
 14 65 398 399 400 401 
 65 64 402 403 404 405 
 49 66 406 407 408 409 
 66 51 410 411 412 413 
 63 66 414 415 416 417 
 66 60 418 419 420 421 
 60 63 422 423 424 425 
 20 67 426 427 428 429 
 67 50 430 431 432 433 
 22 68 434 435 436 437 
 68 50 438 439 440 441 
 67 29 442 443 444 445 
 29 68 446 447 448 449 
 68 67 450 451 452 453 
 2 69 454 455 456 457 
 69 51 458 459 460 461 
 65 15 462 463 464 465 
 15 69 466 467 468 469 
 69 65 470 471 472 473 
 10 70 474 475 476 477 
 70 51 478 479 480 481 
 69 11 482 483 484 485 
 11 70 486 487 488 489 
 70 69 490 491 492 493 
 70 61 494 495 496 497 
 61 66 498 499 500 501 
 66 70 502 503 504 505 
 21 71 506 507 508 509 
 71 52 510 511 512 513 
 20 72 514 515 516 517 
 72 52 518 519 520 521 
 71 28 522 523 524 525 
 28 72 526 527 528 529 
 72 71 530 531 532 533 
 50 73 534 535 536 537 
 73 52 538 539 540 541 
 72 67 542 543 544 545 
 67 73 546 547 548 549 
 73 72 550 551 552 553 
 35 74 554 555 556 557 
 74 52 558 559 560 561 
 35 75 562 563 564 565 
 75 50 566 567 568 569 
 74 73 570 571 572 573 
 73 75 574 575 576 577 
 75 74 578 579 580 581 
 37 76 582 583 584 585 
 76 52 586 587 588 589 
 74 43 590 591 592 593 
 43 76 594 595 596 597 
 76 74 598 599 600 601 
 37 77 602 603 604 605 
 77 53 606 607 608 609 
 52 78 610 611 612 613 
 78 53 614 615 616 617 
 77 78 618 619 620 621 
 78 76 622 623 624 625 
 76 77 626 627 628 629 
 34 79 630 631 632 633 
 79 53 634 635 636 637 
 77 44 638 639 640 641 
 44 79 642 643 644 645 
 79 77 646 647 648 649 
 16 80 650 651 652 653 
 80 53 654 655 656 657 
 21 81 658 659 660 661 
 81 53 662 663 664 665 
 80 27 666 667 668 669 
 27 81 670 671 672 673 
 81 80 674 675 676 677 
 81 71 678 679 680 681 
 71 78 682 683 684 685 
 78 81 686 687 688 689 
 19 82 690 691 692 693 
 82 54 694 695 696 697 
 16 83 698 699 700 701 
 83 54 702 703 704 705 
 82 26 706 707 708 709 
 26 83 710 711 712 713 
 83 82 714 715 716 717 
 53 84 718 719 720 721 
 84 54 722 723 724 725 
 83 80 726 727 728 729 
 80 84 730 731 732 733 
 84 83 734 735 736 737 
 34 85 738 739 740 741 
 85 54 742 743 744 745 
 85 84 746 747 748 749 
 84 79 750 751 752 753 
 79 85 754 755 756 757 
 39 86 758 759 760 761 
 86 54 762 763 764 765 
 85 45 766 767 768 769 
 45 86 770 771 772 773 
 86 85 774 775 776 777 
 39 87 778 779 780 781 
 87 55 782 783 784 785 
 54 88 786 787 788 789 
 88 55 790 791 792 793 
 87 88 794 795 796 797 
 88 86 798 799 800 801 
 86 87 802 803 804 805 
 38 89 806 807 808 809 
 89 55 810 811 812 813 
 87 46 814 815 816 817 
 46 89 818 819 820 821 
 89 87 822 823 824 825 
 17 90 826 827 828 829 
 90 55 830 831 832 833 
 19 91 834 835 836 837 
 91 55 838 839 840 841 
 90 25 842 843 844 845 
 25 91 846 847 848 849 
 91 90 850 851 852 853 
 91 82 854 855 856 857 
 82 88 858 859 860 861 
 88 91 862 863 864 865 
 31 92 866 867 868 869 
 92 56 870 871 872 873 
 4 93 874 875 876 877 
 93 56 878 879 880 881 
 92 33 882 883 884 885 
 33 93 886 887 888 889 
 93 92 890 891 892 893 
 18 94 894 895 896 897 
 94 56 898 899 900 901 
 93 23 902 903 904 905 
 23 94 906 907 908 909 
 94 93 910 911 912 913 
 40 95 914 915 916 917 
 95 56 918 919 920 921 
 5 96 922 923 924 925 
 96 56 926 927 928 929 
 95 48 930 931 932 933 
 48 96 934 935 936 937 
 96 95 938 939 940 941 
 96 32 942 943 944 945 
 32 92 946 947 948 949 
 92 96 950 951 952 953 
 6 97 954 955 956 957 
 97 57 958 959 960 961 
 49 98 962 963 964 965 
 98 57 966 967 968 969 
 97 98 970 971 972 973 
 98 62 974 975 976 977 
 62 97 978 979 980 981 
 3 99 982 983 984 985 
 99 57 986 987 988 989 
 99 59 990 991 992 993 
 59 98 994 995 996 997 
 98 99 998 999 1000 1001 
 36 100 1002 1003 1004 1005 
 100 57 1006 1007 1008 1009 
 97 41 1010 1011 1012 1013 
 41 100 1014 1015 1016 1017 
 100 97 1018 1019 1020 1021 
 36 101 1022 1023 1024 1025 
 101 50 1026 1027 1028 1029 
 50 102 1030 1031 1032 1033 
 102 57 1034 1035 1036 1037 
 100 101 1038 1039 1040 1041 
 101 102 1042 1043 1044 1045 
 102 100 1046 1047 1048 1049 
 22 103 1050 1051 1052 1053 
 103 57 1054 1055 1056 1057 
 103 102 1058 1059 1060 1061 
 102 68 1062 1063 1064 1065 
 68 103 1066 1067 1068 1069 
 103 30 1070 1071 1072 1073 
 30 99 1074 1075 1076 1077 
 99 103 1078 1079 1080 1081 
 18 104 1082 1083 1084 1085 
 104 58 1086 1087 1088 1089 
 56 105 1090 1091 1092 1093 
 105 58 1094 1095 1096 1097 
 104 105 1098 1099 1100 1101 
 105 94 1102 1103 1104 1105 
 94 104 1106 1107 1108 1109 
 17 106 1110 1111 1112 1113 
 106 58 1114 1115 1116 1117 
 104 24 1118 1119 1120 1121 
 24 106 1122 1123 1124 1125 
 106 104 1126 1127 1128 1129 
 55 107 1130 1131 1132 1133 
 107 58 1134 1135 1136 1137 
 106 90 1138 1139 1140 1141 
 90 107 1142 1143 1144 1145 
 107 106 1146 1147 1148 1149 
 40 108 1150 1151 1152 1153 
 108 58 1154 1155 1156 1157 
 108 95 1158 1159 1160 1161 
 95 105 1162 1163 1164 1165 
 105 108 1166 1167 1168 1169 
 75 101 1170 1171 1172 1173 
 101 42 1174 1175 1176 1177 
 42 75 1178 1179 1180 1181 
 38 109 1182 1183 1184 1185 
 109 58 1186 1187 1188 1189 
 109 107 1190 1191 1192 1193 
 107 89 1194 1195 1196 1197 
 89 109 1198 1199 1200 1201 
 109 47 1202 1203 1204 1205 
 47 108 1206 1207 1208 1209 
 108 109 1210 1211 1212 1213 
 bcElement 48
2 190 3 
3 190 1 
10 190 3 
11 190 1 
14 185 3 
15 185 1 
26 185 3 
27 185 1 
30 117 3 
31 117 1 
6 117 3 
7 117 1 
126 6 3 
127 6 1 
159 6 3 
157 6 1 
50 6 3 
51 6 1 
58 6 3 
59 6 1 
82 6 3 
83 6 1 
90 6 3 
91 6 1 
166 6 3 
167 6 1 
110 6 3 
111 6 1 
114 11 3 
115 11 1 
102 11 3 
103 11 1 
106 16 3 
107 16 1 
146 16 3 
147 16 1 
94 16 3 
95 16 1 
70 16 3 
71 16 1 
62 16 3 
63 16 1 
38 16 3 
39 16 1 
22 16 3 
23 16 1 
138 16 3 
139 16 1 
