Edge min = 0.014635, max=0.028985, average=0.026418;
Grid_size 672
Node_size 385
Total_DOF 1441
maxDOF 6
Solution_Order
2 
 meshIEN 
158 107 160 
 159 108 158 
 160 97 159 
 160 159 158 
 161 8 10 
 162 107 161 
 10 3 162 
 10 162 161 
 163 108 164 
 11 8 163 
 164 7 11 
 164 11 163 
 158 108 163 
 161 107 158 
 163 8 161 
 163 161 158 
 165 109 167 
 166 110 165 
 167 97 166 
 167 166 165 
 168 16 19 
 169 109 168 
 19 14 169 
 19 169 168 
 170 110 171 
 20 16 170 
 171 6 20 
 171 20 170 
 165 110 170 
 168 109 165 
 170 16 168 
 170 168 165 
 172 111 174 
 173 112 172 
 174 99 173 
 174 173 172 
 175 9 12 
 176 111 175 
 12 7 176 
 12 176 175 
 177 112 178 
 13 9 177 
 178 1 13 
 178 13 177 
 172 112 177 
 175 111 172 
 177 9 175 
 177 175 172 
 179 112 173 
 180 113 179 
 173 99 180 
 173 180 179 
 181 22 24 
 178 112 181 
 24 1 178 
 24 178 181 
 182 113 183 
 25 22 182 
 183 21 25 
 183 25 182 
 179 113 182 
 181 112 179 
 182 22 181 
 182 181 179 
 184 111 176 
 164 108 184 
 176 7 164 
 176 164 184 
 185 114 186 
 174 111 185 
 186 99 174 
 186 174 185 
 187 108 159 
 188 114 187 
 159 97 188 
 159 188 187 
 184 108 187 
 185 111 184 
 187 114 185 
 187 185 184 
 189 115 191 
 190 116 189 
 191 98 190 
 191 190 189 
 192 41 55 
 193 115 192 
 55 32 193 
 55 193 192 
 194 116 195 
 56 41 194 
 195 34 56 
 195 56 194 
 189 116 194 
 192 115 189 
 194 41 192 
 194 192 189 
 196 113 180 
 197 117 196 
 180 99 197 
 180 197 196 
 198 23 26 
 183 113 198 
 26 21 183 
 26 183 198 
 199 117 200 
 27 23 199 
 200 2 27 
 200 27 199 
 196 117 199 
 198 113 196 
 199 23 198 
 199 198 196 
 201 117 197 
 202 118 201 
 197 99 202 
 197 202 201 
 203 15 17 
 200 117 203 
 17 2 200 
 17 200 203 
 204 118 205 
 18 15 204 
 205 14 18 
 205 18 204 
 201 118 204 
 203 117 201 
 204 15 203 
 204 203 201 
 206 118 202 
 186 114 206 
 202 99 186 
 202 186 206 
 207 109 169 
 205 118 207 
 169 14 205 
 169 205 207 
 208 114 188 
 167 109 208 
 188 97 167 
 188 167 208 
 206 114 208 
 207 118 206 
 208 109 207 
 208 207 206 
 209 119 211 
 210 120 209 
 211 100 210 
 211 210 209 
 212 40 53 
 213 119 212 
 53 33 213 
 53 213 212 
 214 120 215 
 54 40 214 
 215 32 54 
 215 54 214 
 209 120 214 
 212 119 209 
 214 40 212 
 214 212 209 
 216 120 210 
 217 121 216 
 210 100 217 
 210 217 216 
 218 115 193 
 215 120 218 
 193 32 215 
 193 215 218 
 219 121 220 
 191 115 219 
 220 98 191 
 220 191 219 
 216 121 219 
 218 120 216 
 219 115 218 
 219 218 216 
 221 122 223 
 222 123 221 
 223 67 222 
 223 222 221 
 224 121 217 
 225 122 224 
 217 100 225 
 217 225 224 
 226 123 227 
 220 121 226 
 227 98 220 
 227 220 226 
 221 123 226 
 224 122 221 
 226 121 224 
 226 224 221 
 228 122 225 
 229 124 228 
 225 100 229 
 225 229 228 
 230 75 85 
 223 122 230 
 85 67 223 
 85 223 230 
 231 124 232 
 86 75 231 
 232 69 86 
 232 86 231 
 228 124 231 
 230 122 228 
 231 75 230 
 231 230 228 
 233 125 234 
 232 124 233 
 234 69 232 
 234 232 233 
 235 126 237 
 236 125 235 
 237 101 236 
 237 236 235 
 238 124 229 
 239 126 238 
 229 100 239 
 229 239 238 
 233 124 238 
 235 125 233 
 238 126 235 
 238 235 233 
 240 125 236 
 241 127 240 
 236 101 241 
 236 241 240 
 242 76 87 
 234 125 242 
 87 69 234 
 87 234 242 
 243 127 244 
 88 76 243 
 244 66 88 
 244 88 243 
 240 127 243 
 242 125 240 
 243 76 242 
 243 242 240 
 245 128 247 
 246 129 245 
 247 101 246 
 247 246 245 
 248 39 51 
 249 128 248 
 51 28 249 
 51 249 248 
 250 129 251 
 52 39 250 
 251 33 52 
 251 52 250 
 245 129 250 
 248 128 245 
 250 39 248 
 250 248 245 
 252 129 246 
 237 126 252 
 246 101 237 
 246 237 252 
 253 119 213 
 251 129 253 
 213 33 251 
 213 251 253 
 254 126 239 
 211 119 254 
 239 100 211 
 239 211 254 
 252 126 254 
 253 129 252 
 254 119 253 
 254 253 252 
 255 130 257 
 256 131 255 
 257 102 256 
 257 256 255 
 258 38 49 
 259 130 258 
 49 31 259 
 49 259 258 
 260 131 261 
 50 38 260 
 261 28 50 
 261 50 260 
 255 131 260 
 258 130 255 
 260 38 258 
 260 258 255 
 262 131 256 
 263 132 262 
 256 102 263 
 256 263 262 
 264 128 249 
 261 131 264 
 249 28 261 
 249 261 264 
 265 132 266 
 247 128 265 
 266 101 247 
 266 247 265 
 262 132 265 
 264 131 262 
 265 128 264 
 265 264 262 
 267 133 268 
 244 127 267 
 268 66 244 
 268 244 267 
 269 132 263 
 270 133 269 
 263 102 270 
 263 270 269 
 271 127 241 
 266 132 271 
 241 101 266 
 241 266 271 
 267 127 271 
 269 133 267 
 271 132 269 
 271 269 267 
 272 133 270 
 273 134 272 
 270 102 273 
 270 273 272 
 274 77 89 
 268 133 274 
 89 66 268 
 89 268 274 
 275 134 276 
 90 77 275 
 276 71 90 
 276 90 275 
 272 134 275 
 274 133 272 
 275 77 274 
 275 274 272 
 277 135 278 
 276 134 277 
 278 71 276 
 278 276 277 
 279 136 281 
 280 135 279 
 281 103 280 
 281 280 279 
 282 134 273 
 283 136 282 
 273 102 283 
 273 283 282 
 277 134 282 
 279 135 277 
 282 136 279 
 282 279 277 
 284 135 280 
 285 137 284 
 280 103 285 
 280 285 284 
 286 78 91 
 278 135 286 
 91 71 278 
 91 278 286 
 287 137 288 
 92 78 287 
 288 70 92 
 288 92 287 
 284 137 287 
 286 135 284 
 287 78 286 
 287 286 284 
 289 138 291 
 290 139 289 
 291 103 290 
 291 290 289 
 292 37 47 
 293 138 292 
 47 29 293 
 47 293 292 
 294 139 295 
 48 37 294 
 295 31 48 
 295 48 294 
 289 139 294 
 292 138 289 
 294 37 292 
 294 292 289 
 296 139 290 
 281 136 296 
 290 103 281 
 290 281 296 
 297 130 259 
 295 139 297 
 259 31 295 
 259 295 297 
 298 136 283 
 257 130 298 
 283 102 257 
 283 257 298 
 296 136 298 
 297 139 296 
 298 130 297 
 298 297 296 
 299 140 301 
 300 141 299 
 301 104 300 
 301 300 299 
 302 61 64 
 303 140 302 
 64 59 303 
 64 303 302 
 304 141 305 
 65 61 304 
 305 4 65 
 305 65 304 
 299 141 304 
 302 140 299 
 304 61 302 
 304 302 299 
 306 141 300 
 307 142 306 
 300 104 307 
 300 307 306 
 308 35 43 
 305 141 308 
 43 4 305 
 43 305 308 
 309 142 310 
 44 35 309 
 310 30 44 
 310 44 309 
 306 142 309 
 308 141 306 
 309 35 308 
 309 308 306 
 311 143 313 
 312 144 311 
 313 104 312 
 313 312 311 
 314 80 95 
 315 143 314 
 95 72 315 
 95 315 314 
 316 144 317 
 96 80 316 
 317 5 96 
 317 96 316 
 311 144 316 
 314 143 311 
 316 80 314 
 316 314 311 
 318 144 312 
 301 140 318 
 312 104 301 
 312 301 318 
 319 60 62 
 317 144 319 
 62 5 317 
 62 317 319 
 320 140 303 
 63 60 320 
 303 59 63 
 303 63 320 
 318 140 320 
 319 144 318 
 320 60 319 
 320 319 318 
 321 145 322 
 171 110 321 
 322 6 171 
 322 171 321 
 323 146 325 
 324 145 323 
 325 105 324 
 325 324 323 
 326 110 166 
 327 146 326 
 166 97 327 
 166 327 326 
 321 110 326 
 323 145 321 
 326 146 323 
 326 323 321 
 328 147 329 
 325 146 328 
 329 105 325 
 329 325 328 
 330 107 162 
 331 147 330 
 162 3 331 
 162 331 330 
 332 146 327 
 160 107 332 
 327 97 160 
 327 160 332 
 328 146 332 
 330 147 328 
 332 107 330 
 332 330 328 
 333 145 324 
 334 148 333 
 324 105 334 
 324 334 333 
 335 73 81 
 322 145 335 
 81 6 322 
 81 322 335 
 336 148 337 
 82 73 336 
 337 68 82 
 337 82 336 
 333 148 336 
 335 145 333 
 336 73 335 
 336 335 333 
 338 148 334 
 339 150 338 
 334 105 339 
 334 339 338 
 340 149 341 
 337 148 340 
 341 68 337 
 341 337 340 
 342 150 344 
 343 149 342 
 344 98 343 
 344 343 342 
 338 150 342 
 340 148 338 
 342 149 340 
 342 340 338 
 345 151 346 
 195 116 345 
 346 34 195 
 346 195 345 
 347 150 339 
 348 151 347 
 339 105 348 
 339 348 347 
 349 116 190 
 344 150 349 
 190 98 344 
 190 344 349 
 345 116 349 
 347 151 345 
 349 150 347 
 349 347 345 
 350 151 348 
 329 147 350 
 348 105 329 
 348 329 350 
 351 42 57 
 346 151 351 
 57 34 346 
 57 346 351 
 352 147 331 
 58 42 352 
 331 3 58 
 331 58 352 
 350 147 352 
 351 151 350 
 352 42 351 
 352 351 350 
 353 152 354 
 310 142 353 
 354 30 310 
 354 310 353 
 355 153 357 
 356 152 355 
 357 106 356 
 357 356 355 
 358 142 307 
 359 153 358 
 307 104 359 
 307 359 358 
 353 142 358 
 355 152 353 
 358 153 355 
 358 355 353 
 360 152 356 
 361 154 360 
 356 106 361 
 356 361 360 
 362 36 45 
 354 152 362 
 45 30 354 
 45 354 362 
 363 154 364 
 46 36 363 
 364 29 46 
 364 46 363 
 360 154 363 
 362 152 360 
 363 36 362 
 363 362 360 
 365 154 361 
 366 155 365 
 361 106 366 
 361 366 365 
 367 138 293 
 364 154 367 
 293 29 364 
 293 364 367 
 368 155 369 
 291 138 368 
 369 103 291 
 369 291 368 
 365 155 368 
 367 154 365 
 368 138 367 
 368 367 365 
 370 156 371 
 357 153 370 
 371 106 357 
 371 357 370 
 372 143 315 
 373 156 372 
 315 72 373 
 315 373 372 
 374 153 359 
 313 143 374 
 359 104 313 
 359 313 374 
 370 153 374 
 372 156 370 
 374 143 372 
 374 372 370 
 375 123 222 
 84 74 375 
 222 67 84 
 222 84 375 
 376 149 343 
 227 123 376 
 343 98 227 
 343 227 376 
 377 74 83 
 341 149 377 
 83 68 341 
 83 341 377 
 375 74 377 
 376 123 375 
 377 149 376 
 377 376 375 
 378 157 379 
 288 137 378 
 379 70 288 
 379 288 378 
 380 155 366 
 381 157 380 
 366 106 381 
 366 381 380 
 382 137 285 
 369 155 382 
 285 103 369 
 285 369 382 
 378 137 382 
 380 157 378 
 382 155 380 
 382 380 378 
 383 157 381 
 371 156 383 
 381 106 371 
 381 371 383 
 384 79 93 
 379 157 384 
 93 70 379 
 93 379 384 
 385 156 373 
 94 79 385 
 373 72 94 
 373 94 385 
 383 156 385 
 384 157 383 
 385 79 384 
 385 384 383 
 solutionIEN 
158 107 160 483 486 490 
 159 108 158 484 482 488 
 160 97 159 487 485 489 
 160 159 158 489 488 490 
 161 8 10 492 387 497 
 162 107 161 494 491 495 
 10 3 162 386 493 496 
 10 162 161 496 495 497 
 163 108 164 499 501 504 
 11 8 163 388 498 502 
 164 7 11 500 389 503 
 164 11 163 503 502 504 
 158 108 163 482 499 507 
 161 107 158 491 483 505 
 163 8 161 498 492 506 
 163 161 158 506 505 507 
 165 109 167 509 512 516 
 166 110 165 510 508 514 
 167 97 166 513 511 515 
 167 166 165 515 514 516 
 168 16 19 518 399 523 
 169 109 168 520 517 521 
 19 14 169 398 519 522 
 19 169 168 522 521 523 
 170 110 171 525 527 530 
 20 16 170 400 524 528 
 171 6 20 526 401 529 
 171 20 170 529 528 530 
 165 110 170 508 525 533 
 168 109 165 517 509 531 
 170 16 168 524 518 532 
 170 168 165 532 531 533 
 172 111 174 535 538 542 
 173 112 172 536 534 540 
 174 99 173 539 537 541 
 174 173 172 541 540 542 
 175 9 12 544 391 549 
 176 111 175 546 543 547 
 12 7 176 390 545 548 
 12 176 175 548 547 549 
 177 112 178 551 553 556 
 13 9 177 392 550 554 
 178 1 13 552 393 555 
 178 13 177 555 554 556 
 172 112 177 534 551 559 
 175 111 172 543 535 557 
 177 9 175 550 544 558 
 177 175 172 558 557 559 
 179 112 173 561 536 566 
 180 113 179 562 560 564 
 173 99 180 537 563 565 
 173 180 179 565 564 566 
 181 22 24 568 403 571 
 178 112 181 553 567 569 
 24 1 178 402 552 570 
 24 178 181 570 569 571 
 182 113 183 573 575 578 
 25 22 182 404 572 576 
 183 21 25 574 405 577 
 183 25 182 577 576 578 
 179 113 182 560 573 581 
 181 112 179 567 561 579 
 182 22 181 572 568 580 
 182 181 179 580 579 581 
 184 111 176 583 546 586 
 164 108 184 501 582 584 
 176 7 164 545 500 585 
 176 164 184 585 584 586 
 185 114 186 588 589 593 
 174 111 185 538 587 591 
 186 99 174 590 539 592 
 186 174 185 592 591 593 
 187 108 159 595 484 600 
 188 114 187 597 594 598 
 159 97 188 485 596 599 
 159 188 187 599 598 600 
 184 108 187 582 595 603 
 185 111 184 587 583 601 
 187 114 185 594 588 602 
 187 185 184 602 601 603 
 189 115 191 605 608 612 
 190 116 189 606 604 610 
 191 98 190 609 607 611 
 191 190 189 611 610 612 
 192 41 55 614 435 619 
 193 115 192 616 613 617 
 55 32 193 434 615 618 
 55 193 192 618 617 619 
 194 116 195 621 623 626 
 56 41 194 436 620 624 
 195 34 56 622 437 625 
 195 56 194 625 624 626 
 189 116 194 604 621 629 
 192 115 189 613 605 627 
 194 41 192 620 614 628 
 194 192 189 628 627 629 
 196 113 180 631 562 636 
 197 117 196 632 630 634 
 180 99 197 563 633 635 
 180 197 196 635 634 636 
 198 23 26 638 407 641 
 183 113 198 575 637 639 
 26 21 183 406 574 640 
 26 183 198 640 639 641 
 199 117 200 643 645 648 
 27 23 199 408 642 646 
 200 2 27 644 409 647 
 200 27 199 647 646 648 
 196 117 199 630 643 651 
 198 113 196 637 631 649 
 199 23 198 642 638 650 
 199 198 196 650 649 651 
 201 117 197 653 632 658 
 202 118 201 654 652 656 
 197 99 202 633 655 657 
 197 202 201 657 656 658 
 203 15 17 660 395 663 
 200 117 203 645 659 661 
 17 2 200 394 644 662 
 17 200 203 662 661 663 
 204 118 205 665 667 670 
 18 15 204 396 664 668 
 205 14 18 666 397 669 
 205 18 204 669 668 670 
 201 118 204 652 665 673 
 203 117 201 659 653 671 
 204 15 203 664 660 672 
 204 203 201 672 671 673 
 206 118 202 675 654 678 
 186 114 206 589 674 676 
 202 99 186 655 590 677 
 202 186 206 677 676 678 
 207 109 169 680 520 683 
 205 118 207 667 679 681 
 169 14 205 519 666 682 
 169 205 207 682 681 683 
 208 114 188 685 597 688 
 167 109 208 512 684 686 
 188 97 167 596 513 687 
 188 167 208 687 686 688 
 206 114 208 674 685 691 
 207 118 206 679 675 689 
 208 109 207 684 680 690 
 208 207 206 690 689 691 
 209 119 211 693 696 700 
 210 120 209 694 692 698 
 211 100 210 697 695 699 
 211 210 209 699 698 700 
 212 40 53 702 431 707 
 213 119 212 704 701 705 
 53 33 213 430 703 706 
 53 213 212 706 705 707 
 214 120 215 709 711 714 
 54 40 214 432 708 712 
 215 32 54 710 433 713 
 215 54 214 713 712 714 
 209 120 214 692 709 717 
 212 119 209 701 693 715 
 214 40 212 708 702 716 
 214 212 209 716 715 717 
 216 120 210 719 694 724 
 217 121 216 720 718 722 
 210 100 217 695 721 723 
 210 217 216 723 722 724 
 218 115 193 726 616 729 
 215 120 218 711 725 727 
 193 32 215 615 710 728 
 193 215 218 728 727 729 
 219 121 220 731 733 736 
 191 115 219 608 730 734 
 220 98 191 732 609 735 
 220 191 219 735 734 736 
 216 121 219 718 731 739 
 218 120 216 725 719 737 
 219 115 218 730 726 738 
 219 218 216 738 737 739 
 221 122 223 741 745 748 
 222 123 221 743 740 746 
 223 67 222 744 742 747 
 223 222 221 747 746 748 
 224 121 217 750 720 755 
 225 122 224 751 749 753 
 217 100 225 721 752 754 
 217 225 224 754 753 755 
 226 123 227 757 758 762 
 220 121 226 733 756 760 
 227 98 220 759 732 761 
 227 220 226 761 760 762 
 221 123 226 740 757 765 
 224 122 221 749 741 763 
 226 121 224 756 750 764 
 226 224 221 764 763 765 
 228 122 225 767 751 772 
 229 124 228 768 766 770 
 225 100 229 752 769 771 
 225 229 228 771 770 772 
 230 75 85 774 459 777 
 223 122 230 745 773 775 
 85 67 223 458 744 776 
 85 223 230 776 775 777 
 231 124 232 779 781 784 
 86 75 231 460 778 782 
 232 69 86 780 461 783 
 232 86 231 783 782 784 
 228 124 231 766 779 787 
 230 122 228 773 767 785 
 231 75 230 778 774 786 
 231 230 228 786 785 787 
 233 125 234 789 791 794 
 232 124 233 781 788 792 
 234 69 232 790 780 793 
 234 232 233 793 792 794 
 235 126 237 796 799 803 
 236 125 235 797 795 801 
 237 101 236 800 798 802 
 237 236 235 802 801 803 
 238 124 229 805 768 810 
 239 126 238 807 804 808 
 229 100 239 769 806 809 
 229 239 238 809 808 810 
 233 124 238 788 805 813 
 235 125 233 795 789 811 
 238 126 235 804 796 812 
 238 235 233 812 811 813 
 240 125 236 815 797 820 
 241 127 240 816 814 818 
 236 101 241 798 817 819 
 236 241 240 819 818 820 
 242 76 87 822 463 825 
 234 125 242 791 821 823 
 87 69 234 462 790 824 
 87 234 242 824 823 825 
 243 127 244 827 829 832 
 88 76 243 464 826 830 
 244 66 88 828 465 831 
 244 88 243 831 830 832 
 240 127 243 814 827 835 
 242 125 240 821 815 833 
 243 76 242 826 822 834 
 243 242 240 834 833 835 
 245 128 247 837 840 844 
 246 129 245 838 836 842 
 247 101 246 841 839 843 
 247 246 245 843 842 844 
 248 39 51 846 427 851 
 249 128 248 848 845 849 
 51 28 249 426 847 850 
 51 249 248 850 849 851 
 250 129 251 853 855 858 
 52 39 250 428 852 856 
 251 33 52 854 429 857 
 251 52 250 857 856 858 
 245 129 250 836 853 861 
 248 128 245 845 837 859 
 250 39 248 852 846 860 
 250 248 245 860 859 861 
 252 129 246 863 838 866 
 237 126 252 799 862 864 
 246 101 237 839 800 865 
 246 237 252 865 864 866 
 253 119 213 868 704 871 
 251 129 253 855 867 869 
 213 33 251 703 854 870 
 213 251 253 870 869 871 
 254 126 239 873 807 876 
 211 119 254 696 872 874 
 239 100 211 806 697 875 
 239 211 254 875 874 876 
 252 126 254 862 873 879 
 253 129 252 867 863 877 
 254 119 253 872 868 878 
 254 253 252 878 877 879 
 255 130 257 881 884 888 
 256 131 255 882 880 886 
 257 102 256 885 883 887 
 257 256 255 887 886 888 
 258 38 49 890 423 895 
 259 130 258 892 889 893 
 49 31 259 422 891 894 
 49 259 258 894 893 895 
 260 131 261 897 899 902 
 50 38 260 424 896 900 
 261 28 50 898 425 901 
 261 50 260 901 900 902 
 255 131 260 880 897 905 
 258 130 255 889 881 903 
 260 38 258 896 890 904 
 260 258 255 904 903 905 
 262 131 256 907 882 912 
 263 132 262 908 906 910 
 256 102 263 883 909 911 
 256 263 262 911 910 912 
 264 128 249 914 848 917 
 261 131 264 899 913 915 
 249 28 261 847 898 916 
 249 261 264 916 915 917 
 265 132 266 919 921 924 
 247 128 265 840 918 922 
 266 101 247 920 841 923 
 266 247 265 923 922 924 
 262 132 265 906 919 927 
 264 131 262 913 907 925 
 265 128 264 918 914 926 
 265 264 262 926 925 927 
 267 133 268 929 931 934 
 244 127 267 829 928 932 
 268 66 244 930 828 933 
 268 244 267 933 932 934 
 269 132 263 936 908 941 
 270 133 269 937 935 939 
 263 102 270 909 938 940 
 263 270 269 940 939 941 
 271 127 241 943 816 946 
 266 132 271 921 942 944 
 241 101 266 817 920 945 
 241 266 271 945 944 946 
 267 127 271 928 943 949 
 269 133 267 935 929 947 
 271 132 269 942 936 948 
 271 269 267 948 947 949 
 272 133 270 951 937 956 
 273 134 272 952 950 954 
 270 102 273 938 953 955 
 270 273 272 955 954 956 
 274 77 89 958 467 961 
 268 133 274 931 957 959 
 89 66 268 466 930 960 
 89 268 274 960 959 961 
 275 134 276 963 965 968 
 90 77 275 468 962 966 
 276 71 90 964 469 967 
 276 90 275 967 966 968 
 272 134 275 950 963 971 
 274 133 272 957 951 969 
 275 77 274 962 958 970 
 275 274 272 970 969 971 
 277 135 278 973 975 978 
 276 134 277 965 972 976 
 278 71 276 974 964 977 
 278 276 277 977 976 978 
 279 136 281 980 983 987 
 280 135 279 981 979 985 
 281 103 280 984 982 986 
 281 280 279 986 985 987 
 282 134 273 989 952 994 
 283 136 282 991 988 992 
 273 102 283 953 990 993 
 273 283 282 993 992 994 
 277 134 282 972 989 997 
 279 135 277 979 973 995 
 282 136 279 988 980 996 
 282 279 277 996 995 997 
 284 135 280 999 981 1004 
 285 137 284 1000 998 1002 
 280 103 285 982 1001 1003 
 280 285 284 1003 1002 1004 
 286 78 91 1006 471 1009 
 278 135 286 975 1005 1007 
 91 71 278 470 974 1008 
 91 278 286 1008 1007 1009 
 287 137 288 1011 1013 1016 
 92 78 287 472 1010 1014 
 288 70 92 1012 473 1015 
 288 92 287 1015 1014 1016 
 284 137 287 998 1011 1019 
 286 135 284 1005 999 1017 
 287 78 286 1010 1006 1018 
 287 286 284 1018 1017 1019 
 289 138 291 1021 1024 1028 
 290 139 289 1022 1020 1026 
 291 103 290 1025 1023 1027 
 291 290 289 1027 1026 1028 
 292 37 47 1030 419 1035 
 293 138 292 1032 1029 1033 
 47 29 293 418 1031 1034 
 47 293 292 1034 1033 1035 
 294 139 295 1037 1039 1042 
 48 37 294 420 1036 1040 
 295 31 48 1038 421 1041 
 295 48 294 1041 1040 1042 
 289 139 294 1020 1037 1045 
 292 138 289 1029 1021 1043 
 294 37 292 1036 1030 1044 
 294 292 289 1044 1043 1045 
 296 139 290 1047 1022 1050 
 281 136 296 983 1046 1048 
 290 103 281 1023 984 1049 
 290 281 296 1049 1048 1050 
 297 130 259 1052 892 1055 
 295 139 297 1039 1051 1053 
 259 31 295 891 1038 1054 
 259 295 297 1054 1053 1055 
 298 136 283 1057 991 1060 
 257 130 298 884 1056 1058 
 283 102 257 990 885 1059 
 283 257 298 1059 1058 1060 
 296 136 298 1046 1057 1063 
 297 139 296 1051 1047 1061 
 298 130 297 1056 1052 1062 
 298 297 296 1062 1061 1063 
 299 140 301 1065 1068 1072 
 300 141 299 1066 1064 1070 
 301 104 300 1069 1067 1071 
 301 300 299 1071 1070 1072 
 302 61 64 1074 447 1079 
 303 140 302 1076 1073 1077 
 64 59 303 446 1075 1078 
 64 303 302 1078 1077 1079 
 304 141 305 1081 1083 1086 
 65 61 304 448 1080 1084 
 305 4 65 1082 449 1085 
 305 65 304 1085 1084 1086 
 299 141 304 1064 1081 1089 
 302 140 299 1073 1065 1087 
 304 61 302 1080 1074 1088 
 304 302 299 1088 1087 1089 
 306 141 300 1091 1066 1096 
 307 142 306 1092 1090 1094 
 300 104 307 1067 1093 1095 
 300 307 306 1095 1094 1096 
 308 35 43 1098 411 1101 
 305 141 308 1083 1097 1099 
 43 4 305 410 1082 1100 
 43 305 308 1100 1099 1101 
 309 142 310 1103 1105 1108 
 44 35 309 412 1102 1106 
 310 30 44 1104 413 1107 
 310 44 309 1107 1106 1108 
 306 142 309 1090 1103 1111 
 308 141 306 1097 1091 1109 
 309 35 308 1102 1098 1110 
 309 308 306 1110 1109 1111 
 311 143 313 1113 1116 1120 
 312 144 311 1114 1112 1118 
 313 104 312 1117 1115 1119 
 313 312 311 1119 1118 1120 
 314 80 95 1122 479 1127 
 315 143 314 1124 1121 1125 
 95 72 315 478 1123 1126 
 95 315 314 1126 1125 1127 
 316 144 317 1129 1131 1134 
 96 80 316 480 1128 1132 
 317 5 96 1130 481 1133 
 317 96 316 1133 1132 1134 
 311 144 316 1112 1129 1137 
 314 143 311 1121 1113 1135 
 316 80 314 1128 1122 1136 
 316 314 311 1136 1135 1137 
 318 144 312 1139 1114 1142 
 301 140 318 1068 1138 1140 
 312 104 301 1115 1069 1141 
 312 301 318 1141 1140 1142 
 319 60 62 1144 443 1147 
 317 144 319 1131 1143 1145 
 62 5 317 442 1130 1146 
 62 317 319 1146 1145 1147 
 320 140 303 1149 1076 1152 
 63 60 320 444 1148 1150 
 303 59 63 1075 445 1151 
 303 63 320 1151 1150 1152 
 318 140 320 1138 1149 1155 
 319 144 318 1143 1139 1153 
 320 60 319 1148 1144 1154 
 320 319 318 1154 1153 1155 
 321 145 322 1157 1159 1162 
 171 110 321 527 1156 1160 
 322 6 171 1158 526 1161 
 322 171 321 1161 1160 1162 
 323 146 325 1164 1167 1171 
 324 145 323 1165 1163 1169 
 325 105 324 1168 1166 1170 
 325 324 323 1170 1169 1171 
 326 110 166 1173 510 1178 
 327 146 326 1175 1172 1176 
 166 97 327 511 1174 1177 
 166 327 326 1177 1176 1178 
 321 110 326 1156 1173 1181 
 323 145 321 1163 1157 1179 
 326 146 323 1172 1164 1180 
 326 323 321 1180 1179 1181 
 328 147 329 1183 1184 1188 
 325 146 328 1167 1182 1186 
 329 105 325 1185 1168 1187 
 329 325 328 1187 1186 1188 
 330 107 162 1190 494 1195 
 331 147 330 1192 1189 1193 
 162 3 331 493 1191 1194 
 162 331 330 1194 1193 1195 
 332 146 327 1197 1175 1200 
 160 107 332 486 1196 1198 
 327 97 160 1174 487 1199 
 327 160 332 1199 1198 1200 
 328 146 332 1182 1197 1203 
 330 147 328 1189 1183 1201 
 332 107 330 1196 1190 1202 
 332 330 328 1202 1201 1203 
 333 145 324 1205 1165 1210 
 334 148 333 1206 1204 1208 
 324 105 334 1166 1207 1209 
 324 334 333 1209 1208 1210 
 335 73 81 1212 451 1215 
 322 145 335 1159 1211 1213 
 81 6 322 450 1158 1214 
 81 322 335 1214 1213 1215 
 336 148 337 1217 1219 1222 
 82 73 336 452 1216 1220 
 337 68 82 1218 453 1221 
 337 82 336 1221 1220 1222 
 333 148 336 1204 1217 1225 
 335 145 333 1211 1205 1223 
 336 73 335 1216 1212 1224 
 336 335 333 1224 1223 1225 
 338 148 334 1227 1206 1232 
 339 150 338 1228 1226 1230 
 334 105 339 1207 1229 1231 
 334 339 338 1231 1230 1232 
 340 149 341 1234 1236 1239 
 337 148 340 1219 1233 1237 
 341 68 337 1235 1218 1238 
 341 337 340 1238 1237 1239 
 342 150 344 1241 1245 1248 
 343 149 342 1242 1240 1246 
 344 98 343 1244 1243 1247 
 344 343 342 1247 1246 1248 
 338 150 342 1226 1241 1251 
 340 148 338 1233 1227 1249 
 342 149 340 1240 1234 1250 
 342 340 338 1250 1249 1251 
 345 151 346 1253 1255 1258 
 195 116 345 623 1252 1256 
 346 34 195 1254 622 1257 
 346 195 345 1257 1256 1258 
 347 150 339 1260 1228 1265 
 348 151 347 1261 1259 1263 
 339 105 348 1229 1262 1264 
 339 348 347 1264 1263 1265 
 349 116 190 1267 606 1270 
 344 150 349 1245 1266 1268 
 190 98 344 607 1244 1269 
 190 344 349 1269 1268 1270 
 345 116 349 1252 1267 1273 
 347 151 345 1259 1253 1271 
 349 150 347 1266 1260 1272 
 349 347 345 1272 1271 1273 
 350 151 348 1275 1261 1278 
 329 147 350 1184 1274 1276 
 348 105 329 1262 1185 1277 
 348 329 350 1277 1276 1278 
 351 42 57 1280 439 1283 
 346 151 351 1255 1279 1281 
 57 34 346 438 1254 1282 
 57 346 351 1282 1281 1283 
 352 147 331 1285 1192 1288 
 58 42 352 440 1284 1286 
 331 3 58 1191 441 1287 
 331 58 352 1287 1286 1288 
 350 147 352 1274 1285 1291 
 351 151 350 1279 1275 1289 
 352 42 351 1284 1280 1290 
 352 351 350 1290 1289 1291 
 353 152 354 1293 1295 1298 
 310 142 353 1105 1292 1296 
 354 30 310 1294 1104 1297 
 354 310 353 1297 1296 1298 
 355 153 357 1300 1303 1307 
 356 152 355 1301 1299 1305 
 357 106 356 1304 1302 1306 
 357 356 355 1306 1305 1307 
 358 142 307 1309 1092 1314 
 359 153 358 1311 1308 1312 
 307 104 359 1093 1310 1313 
 307 359 358 1313 1312 1314 
 353 142 358 1292 1309 1317 
 355 152 353 1299 1293 1315 
 358 153 355 1308 1300 1316 
 358 355 353 1316 1315 1317 
 360 152 356 1319 1301 1324 
 361 154 360 1320 1318 1322 
 356 106 361 1302 1321 1323 
 356 361 360 1323 1322 1324 
 362 36 45 1326 415 1329 
 354 152 362 1295 1325 1327 
 45 30 354 414 1294 1328 
 45 354 362 1328 1327 1329 
 363 154 364 1331 1333 1336 
 46 36 363 416 1330 1334 
 364 29 46 1332 417 1335 
 364 46 363 1335 1334 1336 
 360 154 363 1318 1331 1339 
 362 152 360 1325 1319 1337 
 363 36 362 1330 1326 1338 
 363 362 360 1338 1337 1339 
 365 154 361 1341 1320 1346 
 366 155 365 1342 1340 1344 
 361 106 366 1321 1343 1345 
 361 366 365 1345 1344 1346 
 367 138 293 1348 1032 1351 
 364 154 367 1333 1347 1349 
 293 29 364 1031 1332 1350 
 293 364 367 1350 1349 1351 
 368 155 369 1353 1355 1358 
 291 138 368 1024 1352 1356 
 369 103 291 1354 1025 1357 
 369 291 368 1357 1356 1358 
 365 155 368 1340 1353 1361 
 367 154 365 1347 1341 1359 
 368 138 367 1352 1348 1360 
 368 367 365 1360 1359 1361 
 370 156 371 1363 1364 1368 
 357 153 370 1303 1362 1366 
 371 106 357 1365 1304 1367 
 371 357 370 1367 1366 1368 
 372 143 315 1370 1124 1375 
 373 156 372 1372 1369 1373 
 315 72 373 1123 1371 1374 
 315 373 372 1374 1373 1375 
 374 153 359 1377 1311 1380 
 313 143 374 1116 1376 1378 
 359 104 313 1310 1117 1379 
 359 313 374 1379 1378 1380 
 370 153 374 1362 1377 1383 
 372 156 370 1369 1363 1381 
 374 143 372 1376 1370 1382 
 374 372 370 1382 1381 1383 
 375 123 222 1385 743 1388 
 84 74 375 456 1384 1386 
 222 67 84 742 457 1387 
 222 84 375 1387 1386 1388 
 376 149 343 1390 1242 1393 
 227 123 376 758 1389 1391 
 343 98 227 1243 759 1392 
 343 227 376 1392 1391 1393 
 377 74 83 1395 455 1398 
 341 149 377 1236 1394 1396 
 83 68 341 454 1235 1397 
 83 341 377 1397 1396 1398 
 375 74 377 1384 1395 1401 
 376 123 375 1389 1385 1399 
 377 149 376 1394 1390 1400 
 377 376 375 1400 1399 1401 
 378 157 379 1403 1405 1408 
 288 137 378 1013 1402 1406 
 379 70 288 1404 1012 1407 
 379 288 378 1407 1406 1408 
 380 155 366 1410 1342 1415 
 381 157 380 1411 1409 1413 
 366 106 381 1343 1412 1414 
 366 381 380 1414 1413 1415 
 382 137 285 1417 1000 1420 
 369 155 382 1355 1416 1418 
 285 103 369 1001 1354 1419 
 285 369 382 1419 1418 1420 
 378 137 382 1402 1417 1423 
 380 157 378 1409 1403 1421 
 382 155 380 1416 1410 1422 
 382 380 378 1422 1421 1423 
 383 157 381 1425 1411 1428 
 371 156 383 1364 1424 1426 
 381 106 371 1412 1365 1427 
 381 371 383 1427 1426 1428 
 384 79 93 1430 475 1433 
 379 157 384 1405 1429 1431 
 93 70 379 474 1404 1432 
 93 379 384 1432 1431 1433 
 385 156 373 1435 1372 1438 
 94 79 385 476 1434 1436 
 373 72 94 1371 477 1437 
 373 94 385 1437 1436 1438 
 383 156 385 1424 1435 1441 
 384 157 383 1429 1425 1439 
 385 79 384 1434 1430 1440 
 385 384 383 1440 1439 1441 
 solutionOrder
2 2 2 2 
 2 2 2 2 
 2 2 2 2 
 2 2 2 2 
 2 2 2 2 
 2 2 2 2 
 2 2 2 2 
 2 2 2 2 
 2 2 2 2 
 2 2 2 2 
 2 2 2 2 
 2 2 2 2 
 2 2 2 2 
 2 2 2 2 
 2 2 2 2 
 2 2 2 2 
 2 2 2 2 
 2 2 2 2 
 2 2 2 2 
 2 2 2 2 
 2 2 2 2 
 2 2 2 2 
 2 2 2 2 
 2 2 2 2 
 2 2 2 2 
 2 2 2 2 
 2 2 2 2 
 2 2 2 2 
 2 2 2 2 
 2 2 2 2 
 2 2 2 2 
 2 2 2 2 
 2 2 2 2 
 2 2 2 2 
 2 2 2 2 
 2 2 2 2 
 2 2 2 2 
 2 2 2 2 
 2 2 2 2 
 2 2 2 2 
 2 2 2 2 
 2 2 2 2 
 2 2 2 2 
 2 2 2 2 
 2 2 2 2 
 2 2 2 2 
 2 2 2 2 
 2 2 2 2 
 2 2 2 2 
 2 2 2 2 
 2 2 2 2 
 2 2 2 2 
 2 2 2 2 
 2 2 2 2 
 2 2 2 2 
 2 2 2 2 
 2 2 2 2 
 2 2 2 2 
 2 2 2 2 
 2 2 2 2 
 2 2 2 2 
 2 2 2 2 
 2 2 2 2 
 2 2 2 2 
 2 2 2 2 
 2 2 2 2 
 2 2 2 2 
 2 2 2 2 
 2 2 2 2 
 2 2 2 2 
 2 2 2 2 
 2 2 2 2 
 2 2 2 2 
 2 2 2 2 
 2 2 2 2 
 2 2 2 2 
 2 2 2 2 
 2 2 2 2 
 2 2 2 2 
 2 2 2 2 
 2 2 2 2 
 2 2 2 2 
 2 2 2 2 
 2 2 2 2 
 2 2 2 2 
 2 2 2 2 
 2 2 2 2 
 2 2 2 2 
 2 2 2 2 
 2 2 2 2 
 2 2 2 2 
 2 2 2 2 
 2 2 2 2 
 2 2 2 2 
 2 2 2 2 
 2 2 2 2 
 2 2 2 2 
 2 2 2 2 
 2 2 2 2 
 2 2 2 2 
 2 2 2 2 
 2 2 2 2 
 2 2 2 2 
 2 2 2 2 
 2 2 2 2 
 2 2 2 2 
 2 2 2 2 
 2 2 2 2 
 2 2 2 2 
 2 2 2 2 
 2 2 2 2 
 2 2 2 2 
 2 2 2 2 
 2 2 2 2 
 2 2 2 2 
 2 2 2 2 
 2 2 2 2 
 2 2 2 2 
 2 2 2 2 
 2 2 2 2 
 2 2 2 2 
 2 2 2 2 
 2 2 2 2 
 2 2 2 2 
 2 2 2 2 
 2 2 2 2 
 2 2 2 2 
 2 2 2 2 
 2 2 2 2 
 2 2 2 2 
 2 2 2 2 
 2 2 2 2 
 2 2 2 2 
 2 2 2 2 
 2 2 2 2 
 2 2 2 2 
 2 2 2 2 
 2 2 2 2 
 2 2 2 2 
 2 2 2 2 
 2 2 2 2 
 2 2 2 2 
 2 2 2 2 
 2 2 2 2 
 2 2 2 2 
 2 2 2 2 
 2 2 2 2 
 2 2 2 2 
 2 2 2 2 
 2 2 2 2 
 2 2 2 2 
 2 2 2 2 
 2 2 2 2 
 2 2 2 2 
 2 2 2 2 
 2 2 2 2 
 2 2 2 2 
 2 2 2 2 
 2 2 2 2 
 2 2 2 2 
 2 2 2 2 
 2 2 2 2 
 2 2 2 2 
 2 2 2 2 
 2 2 2 2 
 2 2 2 2 
 2 2 2 2 
 2 2 2 2 
 2 2 2 2 
 2 2 2 2 
 2 2 2 2 
 2 2 2 2 
 2 2 2 2 
 2 2 2 2 
 2 2 2 2 
 2 2 2 2 
 2 2 2 2 
 2 2 2 2 
 2 2 2 2 
 2 2 2 2 
 2 2 2 2 
 2 2 2 2 
 2 2 2 2 
 2 2 2 2 
 2 2 2 2 
 2 2 2 2 
 2 2 2 2 
 2 2 2 2 
 2 2 2 2 
 2 2 2 2 
 2 2 2 2 
 2 2 2 2 
 2 2 2 2 
 2 2 2 2 
 2 2 2 2 
 2 2 2 2 
 2 2 2 2 
 2 2 2 2 
 2 2 2 2 
 2 2 2 2 
 2 2 2 2 
 2 2 2 2 
 2 2 2 2 
 2 2 2 2 
 2 2 2 2 
 2 2 2 2 
 2 2 2 2 
 2 2 2 2 
 2 2 2 2 
 2 2 2 2 
 2 2 2 2 
 2 2 2 2 
 2 2 2 2 
 2 2 2 2 
 2 2 2 2 
 2 2 2 2 
 2 2 2 2 
 2 2 2 2 
 2 2 2 2 
 2 2 2 2 
 2 2 2 2 
 2 2 2 2 
 2 2 2 2 
 2 2 2 2 
 2 2 2 2 
 2 2 2 2 
 2 2 2 2 
 2 2 2 2 
 2 2 2 2 
 2 2 2 2 
 2 2 2 2 
 2 2 2 2 
 2 2 2 2 
 2 2 2 2 
 2 2 2 2 
 2 2 2 2 
 2 2 2 2 
 2 2 2 2 
 2 2 2 2 
 2 2 2 2 
 2 2 2 2 
 2 2 2 2 
 2 2 2 2 
 2 2 2 2 
 2 2 2 2 
 2 2 2 2 
 2 2 2 2 
 2 2 2 2 
 2 2 2 2 
 2 2 2 2 
 2 2 2 2 
 2 2 2 2 
 2 2 2 2 
 2 2 2 2 
 2 2 2 2 
 2 2 2 2 
 2 2 2 2 
 2 2 2 2 
 2 2 2 2 
 2 2 2 2 
 2 2 2 2 
 2 2 2 2 
 2 2 2 2 
 2 2 2 2 
 2 2 2 2 
 2 2 2 2 
 2 2 2 2 
 2 2 2 2 
 2 2 2 2 
 2 2 2 2 
 2 2 2 2 
 2 2 2 2 
 2 2 2 2 
 2 2 2 2 
 2 2 2 2 
 2 2 2 2 
 2 2 2 2 
 2 2 2 2 
 2 2 2 2 
 2 2 2 2 
 2 2 2 2 
 2 2 2 2 
 2 2 2 2 
 2 2 2 2 
 2 2 2 2 
 2 2 2 2 
 2 2 2 2 
 2 2 2 2 
 2 2 2 2 
 2 2 2 2 
 2 2 2 2 
 2 2 2 2 
 2 2 2 2 
 2 2 2 2 
 2 2 2 2 
 2 2 2 2 
 2 2 2 2 
 2 2 2 2 
 2 2 2 2 
 2 2 2 2 
 2 2 2 2 
 2 2 2 2 
 2 2 2 2 
 2 2 2 2 
 2 2 2 2 
 2 2 2 2 
 2 2 2 2 
 2 2 2 2 
 2 2 2 2 
 2 2 2 2 
 2 2 2 2 
 2 2 2 2 
 2 2 2 2 
 2 2 2 2 
 2 2 2 2 
 2 2 2 2 
 2 2 2 2 
 2 2 2 2 
 2 2 2 2 
 2 2 2 2 
 2 2 2 2 
 2 2 2 2 
 2 2 2 2 
 2 2 2 2 
 2 2 2 2 
 2 2 2 2 
 2 2 2 2 
 2 2 2 2 
 2 2 2 2 
 2 2 2 2 
 2 2 2 2 
 2 2 2 2 
 2 2 2 2 
 2 2 2 2 
 2 2 2 2 
 2 2 2 2 
 2 2 2 2 
 2 2 2 2 
 2 2 2 2 
 2 2 2 2 
 2 2 2 2 
 2 2 2 2 
 2 2 2 2 
 2 2 2 2 
 2 2 2 2 
 2 2 2 2 
 2 2 2 2 
 2 2 2 2 
 2 2 2 2 
 2 2 2 2 
 2 2 2 2 
 2 2 2 2 
 2 2 2 2 
 2 2 2 2 
 2 2 2 2 
 2 2 2 2 
 2 2 2 2 
 2 2 2 2 
 2 2 2 2 
 2 2 2 2 
 2 2 2 2 
 2 2 2 2 
 2 2 2 2 
 2 2 2 2 
 2 2 2 2 
 2 2 2 2 
 2 2 2 2 
 2 2 2 2 
 2 2 2 2 
 2 2 2 2 
 2 2 2 2 
 2 2 2 2 
 2 2 2 2 
 2 2 2 2 
 2 2 2 2 
 2 2 2 2 
 2 2 2 2 
 2 2 2 2 
 2 2 2 2 
 2 2 2 2 
 2 2 2 2 
 2 2 2 2 
 2 2 2 2 
 2 2 2 2 
 2 2 2 2 
 2 2 2 2 
 2 2 2 2 
 2 2 2 2 
 2 2 2 2 
 2 2 2 2 
 2 2 2 2 
 2 2 2 2 
 2 2 2 2 
 2 2 2 2 
 2 2 2 2 
 2 2 2 2 
 2 2 2 2 
 2 2 2 2 
 2 2 2 2 
 2 2 2 2 
 2 2 2 2 
 2 2 2 2 
 2 2 2 2 
 2 2 2 2 
 2 2 2 2 
 2 2 2 2 
 2 2 2 2 
 2 2 2 2 
 2 2 2 2 
 2 2 2 2 
 2 2 2 2 
 2 2 2 2 
 2 2 2 2 
 2 2 2 2 
 2 2 2 2 
 2 2 2 2 
 2 2 2 2 
 2 2 2 2 
 2 2 2 2 
 2 2 2 2 
 2 2 2 2 
 2 2 2 2 
 2 2 2 2 
 2 2 2 2 
 2 2 2 2 
 2 2 2 2 
 2 2 2 2 
 2 2 2 2 
 2 2 2 2 
 2 2 2 2 
 2 2 2 2 
 2 2 2 2 
 2 2 2 2 
 2 2 2 2 
 2 2 2 2 
 2 2 2 2 
 2 2 2 2 
 2 2 2 2 
 2 2 2 2 
 2 2 2 2 
 2 2 2 2 
 2 2 2 2 
 2 2 2 2 
 2 2 2 2 
 2 2 2 2 
 2 2 2 2 
 2 2 2 2 
 2 2 2 2 
 2 2 2 2 
 2 2 2 2 
 2 2 2 2 
 2 2 2 2 
 2 2 2 2 
 2 2 2 2 
 2 2 2 2 
 2 2 2 2 
 2 2 2 2 
 2 2 2 2 
 2 2 2 2 
 2 2 2 2 
 2 2 2 2 
 2 2 2 2 
 2 2 2 2 
 2 2 2 2 
 2 2 2 2 
 2 2 2 2 
 2 2 2 2 
 2 2 2 2 
 2 2 2 2 
 2 2 2 2 
 2 2 2 2 
 2 2 2 2 
 2 2 2 2 
 2 2 2 2 
 2 2 2 2 
 2 2 2 2 
 2 2 2 2 
 2 2 2 2 
 2 2 2 2 
 2 2 2 2 
 2 2 2 2 
 2 2 2 2 
 2 2 2 2 
 2 2 2 2 
 2 2 2 2 
 2 2 2 2 
 2 2 2 2 
 2 2 2 2 
 2 2 2 2 
 2 2 2 2 
 2 2 2 2 
 2 2 2 2 
 2 2 2 2 
 2 2 2 2 
 2 2 2 2 
 2 2 2 2 
 2 2 2 2 
 2 2 2 2 
 2 2 2 2 
 2 2 2 2 
 2 2 2 2 
 2 2 2 2 
 2 2 2 2 
 2 2 2 2 
 2 2 2 2 
 2 2 2 2 
 2 2 2 2 
 2 2 2 2 
 2 2 2 2 
 2 2 2 2 
 2 2 2 2 
 2 2 2 2 
 2 2 2 2 
 2 2 2 2 
 2 2 2 2 
 2 2 2 2 
 2 2 2 2 
 2 2 2 2 
 2 2 2 2 
 2 2 2 2 
 2 2 2 2 
 2 2 2 2 
 2 2 2 2 
 2 2 2 2 
 2 2 2 2 
 2 2 2 2 
 2 2 2 2 
 2 2 2 2 
 2 2 2 2 
 2 2 2 2 
 2 2 2 2 
 2 2 2 2 
 2 2 2 2 
 2 2 2 2 
 2 2 2 2 
 2 2 2 2 
 2 2 2 2 
 2 2 2 2 
 2 2 2 2 
 2 2 2 2 
 2 2 2 2 
 2 2 2 2 
 2 2 2 2 
 2 2 2 2 
 2 2 2 2 
 2 2 2 2 
 2 2 2 2 
 2 2 2 2 
 2 2 2 2 
 2 2 2 2 
 2 2 2 2 
 2 2 2 2 
 2 2 2 2 
 2 2 2 2 
 2 2 2 2 
 2 2 2 2 
 2 2 2 2 
 2 2 2 2 
 2 2 2 2 
 2 2 2 2 
 2 2 2 2 
 2 2 2 2 
 2 2 2 2 
 2 2 2 2 
 2 2 2 2 
 2 2 2 2 
 2 2 2 2 
 2 2 2 2 
 2 2 2 2 
 2 2 2 2 
 2 2 2 2 
 2 2 2 2 
 2 2 2 2 
 2 2 2 2 
 2 2 2 2 
 2 2 2 2 
 2 2 2 2 
 2 2 2 2 
 2 2 2 2 
 2 2 2 2 
 2 2 2 2 
 2 2 2 2 
 2 2 2 2 
 2 2 2 2 
 2 2 2 2 
 2 2 2 2 
 2 2 2 2 
 2 2 2 2 
 2 2 2 2 
 2 2 2 2 
 2 2 2 2 
 2 2 2 2 
 2 2 2 2 
 2 2 2 2 
 2 2 2 2 
 2 2 2 2 
 2 2 2 2 
 2 2 2 2 
 2 2 2 2 
 2 2 2 2 
 2 2 2 2 
 2 2 2 2 
 2 2 2 2 
 2 2 2 2 
 2 2 2 2 
 2 2 2 2 
 2 2 2 2 
 2 2 2 2 
 2 2 2 2 
 2 2 2 2 
 2 2 2 2 
 2 2 2 2 
 2 2 2 2 
 2 2 2 2 
 2 2 2 2 
 2 2 2 2 
 2 2 2 2 
 2 2 2 2 
 2 2 2 2 
 2 2 2 2 
 2 2 2 2 
 2 2 2 2 
 2 2 2 2 
 2 2 2 2 
 2 2 2 2 
 2 2 2 2 
 2 2 2 2 
 2 2 2 2 
 2 2 2 2 
 2 2 2 2 
 2 2 2 2 
 2 2 2 2 
 2 2 2 2 
 2 2 2 2 
 2 2 2 2 
 2 2 2 2 
 2 2 2 2 
 2 2 2 2 
 2 2 2 2 
 2 2 2 2 
 2 2 2 2 
 2 2 2 2 
 2 2 2 2 
 2 2 2 2 
 2 2 2 2 
 2 2 2 2 
 2 2 2 2 
 2 2 2 2 
 2 2 2 2 
 2 2 2 2 
 2 2 2 2 
 2 2 2 2 
 2 2 2 2 
 2 2 2 2 
 2 2 2 2 
 2 2 2 2 
 2 2 2 2 
 2 2 2 2 
 2 2 2 2 
 2 2 2 2 
 2 2 2 2 
 2 2 2 2 
 2 2 2 2 
 2 2 2 2 
 2 2 2 2 
 2 2 2 2 
 2 2 2 2 
 2 2 2 2 
 2 2 2 2 
 2 2 2 2 
 2 2 2 2 
 2 2 2 2 
 vertexCoord 
0.000000 0.000000 
 -0.000000 0.200000 
 0.200000 0.000000 
 1.000000 0.000000 
 1.000000 0.200000 
 0.200000 0.200000 
 0.100000 0.000000 
 0.150000 0.000000 
 0.050000 0.000000 
 0.175000 0.000000 
 0.125000 0.000000 
 0.075000 0.000000 
 0.025000 0.000000 
 0.100000 0.200000 
 0.050000 0.200000 
 0.150000 0.200000 
 0.025000 0.200000 
 0.075000 0.200000 
 0.125000 0.200000 
 0.175000 0.200000 
 -0.000000 0.100000 
 0.000000 0.050000 
 -0.000000 0.150000 
 0.000000 0.025000 
 -0.000000 0.075000 
 -0.000000 0.125000 
 -0.000000 0.175000 
 0.600000 0.000000 
 0.800000 0.000000 
 0.900000 0.000000 
 0.700000 0.000000 
 0.400000 0.000000 
 0.500000 0.000000 
 0.300000 0.000000 
 0.950000 0.000000 
 0.850000 0.000000 
 0.750000 0.000000 
 0.650000 0.000000 
 0.550000 0.000000 
 0.450000 0.000000 
 0.350000 0.000000 
 0.250000 0.000000 
 0.975000 0.000000 
 0.925000 0.000000 
 0.875000 0.000000 
 0.825000 0.000000 
 0.775000 0.000000 
 0.725000 0.000000 
 0.675000 0.000000 
 0.625000 0.000000 
 0.575000 0.000000 
 0.525000 0.000000 
 0.475000 0.000000 
 0.425000 0.000000 
 0.375000 0.000000 
 0.325000 0.000000 
 0.275000 0.000000 
 0.225000 0.000000 
 1.000000 0.100000 
 1.000000 0.150000 
 1.000000 0.050000 
 1.000000 0.175000 
 1.000000 0.125000 
 1.000000 0.075000 
 1.000000 0.025000 
 0.600000 0.200000 
 0.400000 0.200000 
 0.300000 0.200000 
 0.500000 0.200000 
 0.800000 0.200000 
 0.700000 0.200000 
 0.900000 0.200000 
 0.250000 0.200000 
 0.350000 0.200000 
 0.450000 0.200000 
 0.550000 0.200000 
 0.650000 0.200000 
 0.750000 0.200000 
 0.850000 0.200000 
 0.950000 0.200000 
 0.225000 0.200000 
 0.275000 0.200000 
 0.325000 0.200000 
 0.375000 0.200000 
 0.425000 0.200000 
 0.475000 0.200000 
 0.525000 0.200000 
 0.575000 0.200000 
 0.625000 0.200000 
 0.675000 0.200000 
 0.725000 0.200000 
 0.775000 0.200000 
 0.825000 0.200000 
 0.875000 0.200000 
 0.925000 0.200000 
 0.975000 0.200000 
 0.151536 0.100293 
 0.350187 0.100115 
 0.058589 0.100049 
 0.450322 0.100000 
 0.550102 0.099995 
 0.650017 0.099988 
 0.750000 0.099936 
 0.941461 0.099976 
 0.250287 0.100068 
 0.848577 0.099985 
 0.175768 0.050146 
 0.125768 0.050146 
 0.125768 0.150146 
 0.175768 0.150146 
 0.079295 0.050024 
 0.029295 0.050024 
 0.029295 0.100024 
 0.105063 0.100171 
 0.375093 0.050058 
 0.325093 0.050058 
 0.029295 0.150024 
 0.079295 0.150024 
 0.475161 0.050000 
 0.425161 0.050000 
 0.400254 0.100058 
 0.425161 0.150000 
 0.375093 0.150058 
 0.475161 0.150000 
 0.525051 0.149998 
 0.500212 0.099998 
 0.575051 0.149998 
 0.575051 0.049998 
 0.525051 0.049998 
 0.675009 0.049994 
 0.625009 0.049994 
 0.600060 0.099992 
 0.625009 0.149994 
 0.675009 0.149994 
 0.725000 0.149968 
 0.700009 0.099962 
 0.775000 0.149968 
 0.775000 0.049968 
 0.725000 0.049968 
 0.970731 0.099988 
 0.970731 0.049988 
 0.920731 0.049988 
 0.920731 0.149988 
 0.970731 0.149988 
 0.225144 0.150034 
 0.200912 0.100180 
 0.225144 0.050034 
 0.275144 0.150034 
 0.325093 0.150058 
 0.300237 0.100092 
 0.275144 0.050034 
 0.874288 0.049993 
 0.895019 0.099981 
 0.824288 0.049993 
 0.799289 0.099960 
 0.874288 0.149993 
 0.824288 0.149993 
 0.150768 0.050146 
 0.138652 0.075219 
 0.163652 0.075219 
 0.162884 0.025073 
 0.187884 0.025073 
 0.137884 0.025073 
 0.112884 0.025073 
 0.150768 0.150146 
 0.163652 0.125219 
 0.138652 0.125219 
 0.137884 0.175073 
 0.112884 0.175073 
 0.162884 0.175073 
 0.187884 0.175073 
 0.054295 0.050024 
 0.043942 0.075037 
 0.068942 0.075037 
 0.064647 0.025012 
 0.089647 0.025012 
 0.039647 0.025012 
 0.014647 0.025012 
 0.029295 0.075024 
 0.043942 0.100037 
 0.014647 0.050012 
 0.014647 0.075012 
 0.014647 0.100012 
 0.102531 0.050085 
 0.092179 0.075098 
 0.081826 0.100110 
 0.115415 0.075158 
 0.128299 0.100232 
 0.350093 0.050058 
 0.337640 0.075086 
 0.362640 0.075086 
 0.362547 0.025029 
 0.387547 0.025029 
 0.337547 0.025029 
 0.312547 0.025029 
 0.029295 0.125024 
 0.043942 0.125037 
 0.014647 0.125012 
 0.014647 0.150012 
 0.014647 0.175012 
 0.054295 0.150024 
 0.068942 0.125037 
 0.039647 0.175012 
 0.064647 0.175012 
 0.089647 0.175012 
 0.092179 0.125098 
 0.102531 0.150085 
 0.115415 0.125158 
 0.450161 0.050000 
 0.437741 0.075000 
 0.462741 0.075000 
 0.462580 0.025000 
 0.487580 0.025000 
 0.437580 0.025000 
 0.412580 0.025000 
 0.412708 0.075029 
 0.425288 0.100029 
 0.400127 0.050029 
 0.387674 0.075058 
 0.375221 0.100086 
 0.400127 0.150029 
 0.387547 0.175029 
 0.412580 0.175000 
 0.412708 0.125029 
 0.437741 0.125000 
 0.387674 0.125058 
 0.362640 0.125086 
 0.450161 0.150000 
 0.462741 0.125000 
 0.437580 0.175000 
 0.462580 0.175000 
 0.487580 0.175000 
 0.500106 0.149999 
 0.512526 0.174999 
 0.512632 0.124998 
 0.537577 0.124996 
 0.525157 0.099996 
 0.487687 0.124999 
 0.475267 0.099999 
 0.550051 0.149998 
 0.562577 0.124996 
 0.537526 0.174999 
 0.562526 0.174999 
 0.587526 0.174999 
 0.550051 0.049998 
 0.537577 0.074996 
 0.562577 0.074996 
 0.562526 0.024999 
 0.587526 0.024999 
 0.537526 0.024999 
 0.512526 0.024999 
 0.512632 0.074998 
 0.500106 0.049999 
 0.487687 0.074999 
 0.650009 0.049994 
 0.637513 0.074991 
 0.662513 0.074991 
 0.662504 0.024997 
 0.687504 0.024997 
 0.637504 0.024997 
 0.612504 0.024997 
 0.612534 0.074993 
 0.625038 0.099990 
 0.600030 0.049996 
 0.587555 0.074995 
 0.575081 0.099993 
 0.600030 0.149996 
 0.612504 0.174997 
 0.612534 0.124993 
 0.637513 0.124991 
 0.587555 0.124995 
 0.650009 0.149994 
 0.662513 0.124991 
 0.637504 0.174997 
 0.662504 0.174997 
 0.687504 0.174997 
 0.700004 0.149981 
 0.712500 0.174984 
 0.712504 0.124965 
 0.737500 0.124952 
 0.725004 0.099949 
 0.687509 0.124978 
 0.675013 0.099975 
 0.750000 0.149968 
 0.762500 0.124952 
 0.737500 0.174984 
 0.762500 0.174984 
 0.787500 0.174984 
 0.750000 0.049968 
 0.737500 0.074952 
 0.762500 0.074952 
 0.762500 0.024984 
 0.787500 0.024984 
 0.737500 0.024984 
 0.712500 0.024984 
 0.712504 0.074965 
 0.700004 0.049981 
 0.687509 0.074978 
 0.970731 0.074988 
 0.956096 0.074982 
 0.956096 0.099982 
 0.985365 0.074994 
 0.985365 0.099994 
 0.985365 0.049994 
 0.985365 0.024994 
 0.945731 0.049988 
 0.931096 0.074982 
 0.960365 0.024994 
 0.935365 0.024994 
 0.910365 0.024994 
 0.945731 0.149988 
 0.956096 0.124982 
 0.931096 0.124982 
 0.935365 0.174994 
 0.910365 0.174994 
 0.960365 0.174994 
 0.985365 0.174994 
 0.970731 0.124988 
 0.985365 0.149994 
 0.985365 0.124994 
 0.200456 0.150090 
 0.212572 0.175017 
 0.213028 0.125107 
 0.237715 0.125051 
 0.225599 0.100124 
 0.188340 0.125163 
 0.176224 0.100236 
 0.213028 0.075107 
 0.237715 0.075051 
 0.200456 0.050090 
 0.212572 0.025017 
 0.188340 0.075163 
 0.250144 0.150034 
 0.262715 0.125051 
 0.237572 0.175017 
 0.262572 0.175017 
 0.287572 0.175017 
 0.287690 0.125063 
 0.275262 0.100080 
 0.300119 0.150046 
 0.312547 0.175029 
 0.312665 0.125075 
 0.337640 0.125086 
 0.325212 0.100103 
 0.300119 0.050046 
 0.287572 0.025017 
 0.287690 0.075063 
 0.262715 0.075051 
 0.312665 0.075075 
 0.250144 0.050034 
 0.262572 0.025017 
 0.237572 0.025017 
 0.897509 0.049990 
 0.887144 0.024996 
 0.884654 0.074987 
 0.861433 0.074989 
 0.871798 0.099983 
 0.907875 0.074984 
 0.918240 0.099979 
 0.849288 0.049993 
 0.836433 0.074989 
 0.862144 0.024996 
 0.837144 0.024996 
 0.812144 0.024996 
 0.811788 0.074977 
 0.823933 0.099973 
 0.799644 0.049980 
 0.787144 0.074964 
 0.774644 0.099948 
 0.884654 0.124987 
 0.861433 0.124989 
 0.897509 0.149990 
 0.887144 0.174996 
 0.907875 0.124984 
 0.362547 0.175029 
 0.350093 0.150058 
 0.337547 0.175029 
 0.799644 0.149980 
 0.812144 0.174996 
 0.811788 0.124977 
 0.836433 0.124989 
 0.787144 0.124964 
 0.849288 0.149993 
 0.837144 0.174996 
 0.862144 0.174996 
 bc_tag 
184 
 110 
 15 
 10 
 5 
 2 
 190 
 190 
 190 
 190 
 190 
 190 
 190 
 117 
 117 
 117 
 117 
 117 
 117 
 117 
 185 
 185 
 185 
 185 
 185 
 185 
 185 
 16 
 16 
 16 
 16 
 16 
 16 
 16 
 16 
 16 
 16 
 16 
 16 
 16 
 16 
 16 
 16 
 16 
 16 
 16 
 16 
 16 
 16 
 16 
 16 
 16 
 16 
 16 
 16 
 16 
 16 
 16 
 11 
 11 
 11 
 11 
 11 
 11 
 11 
 6 
 6 
 6 
 6 
 6 
 6 
 6 
 6 
 6 
 6 
 6 
 6 
 6 
 6 
 6 
 6 
 6 
 6 
 6 
 6 
 6 
 6 
 6 
 6 
 6 
 6 
 6 
 6 
 6 
 6 
 6 
 120 
 120 
 120 
 120 
 120 
 120 
 120 
 120 
 120 
 120 
 120 
 120 
 120 
 120 
 120 
 120 
 120 
 120 
 120 
 120 
 120 
 120 
 120 
 120 
 120 
 120 
 120 
 120 
 120 
 120 
 120 
 120 
 120 
 120 
 120 
 120 
 120 
 120 
 120 
 120 
 120 
 120 
 120 
 120 
 120 
 120 
 120 
 120 
 120 
 120 
 120 
 120 
 120 
 120 
 120 
 120 
 120 
 120 
 120 
 120 
 120 
 120 
 120 
 120 
 120 
 120 
 120 
 120 
 120 
 120 
 120 
 120 
 120 
 120 
 120 
 120 
 120 
 120 
 120 
 120 
 120 
 120 
 120 
 120 
 120 
 120 
 120 
 120 
 120 
 120 
 120 
 120 
 120 
 120 
 120 
 120 
 120 
 120 
 120 
 120 
 120 
 120 
 120 
 120 
 120 
 120 
 120 
 120 
 120 
 120 
 120 
 120 
 120 
 120 
 120 
 120 
 120 
 120 
 120 
 120 
 120 
 120 
 120 
 120 
 120 
 120 
 120 
 120 
 120 
 120 
 120 
 120 
 120 
 120 
 120 
 120 
 120 
 120 
 120 
 120 
 120 
 120 
 120 
 120 
 120 
 120 
 120 
 120 
 120 
 120 
 120 
 120 
 120 
 120 
 120 
 120 
 120 
 120 
 120 
 120 
 120 
 120 
 120 
 120 
 120 
 120 
 120 
 120 
 120 
 120 
 120 
 120 
 120 
 120 
 120 
 120 
 120 
 120 
 120 
 120 
 120 
 120 
 120 
 120 
 120 
 120 
 120 
 120 
 120 
 120 
 120 
 120 
 120 
 120 
 120 
 120 
 120 
 120 
 120 
 120 
 120 
 120 
 120 
 120 
 120 
 120 
 120 
 120 
 120 
 120 
 120 
 120 
 120 
 120 
 120 
 120 
 120 
 120 
 120 
 120 
 120 
 120 
 120 
 120 
 120 
 120 
 120 
 120 
 120 
 120 
 120 
 120 
 120 
 120 
 120 
 120 
 120 
 120 
 120 
 120 
 120 
 120 
 120 
 120 
 120 
 120 
 120 
 120 
 120 
 120 
 120 
 120 
 120 
 120 
 120 
 120 
 120 
 120 
 120 
 120 
 120 
 120 
 120 
 120 
 120 
 120 
 120 
 120 
 120 
 120 
 120 
 120 
 120 
 120 
 120 
 120 
 120 
 120 
 120 
 120 
 120 
 120 
 120 
 120 
 120 
 120 
 120 
 120 
 120 
 190 
 190 
 190 
 190 
 190 
 190 
 190 
 190 
 117 
 117 
 117 
 117 
 117 
 117 
 117 
 117 
 185 
 185 
 185 
 185 
 185 
 185 
 185 
 185 
 16 
 16 
 16 
 16 
 16 
 16 
 16 
 16 
 16 
 16 
 16 
 16 
 16 
 16 
 16 
 16 
 16 
 16 
 16 
 16 
 16 
 16 
 16 
 16 
 16 
 16 
 16 
 16 
 16 
 16 
 16 
 16 
 11 
 11 
 11 
 11 
 11 
 11 
 11 
 11 
 6 
 6 
 6 
 6 
 6 
 6 
 6 
 6 
 6 
 6 
 6 
 6 
 6 
 6 
 6 
 6 
 6 
 6 
 6 
 6 
 6 
 6 
 6 
 6 
 6 
 6 
 6 
 6 
 6 
 6 
 6 
 6 
 120 
 120 
 120 
 120 
 120 
 120 
 120 
 120 
 120 
 120 
 120 
 120 
 120 
 120 
 120 
 120 
 120 
 120 
 120 
 120 
 120 
 120 
 120 
 120 
 120 
 120 
 120 
 120 
 120 
 120 
 120 
 120 
 120 
 120 
 120 
 120 
 120 
 120 
 120 
 120 
 120 
 120 
 120 
 120 
 120 
 120 
 120 
 120 
 120 
 120 
 120 
 120 
 120 
 120 
 120 
 120 
 120 
 120 
 120 
 120 
 120 
 120 
 120 
 120 
 120 
 120 
 120 
 120 
 120 
 120 
 120 
 120 
 120 
 120 
 120 
 120 
 120 
 120 
 120 
 120 
 120 
 120 
 120 
 120 
 120 
 120 
 120 
 120 
 120 
 120 
 120 
 120 
 120 
 120 
 120 
 120 
 120 
 120 
 120 
 120 
 120 
 120 
 120 
 120 
 120 
 120 
 120 
 120 
 120 
 120 
 120 
 120 
 120 
 120 
 120 
 120 
 120 
 120 
 120 
 120 
 120 
 120 
 120 
 120 
 120 
 120 
 120 
 120 
 120 
 120 
 120 
 120 
 120 
 120 
 120 
 120 
 120 
 120 
 120 
 120 
 120 
 120 
 120 
 120 
 120 
 120 
 120 
 120 
 120 
 120 
 120 
 120 
 120 
 120 
 120 
 120 
 120 
 120 
 120 
 120 
 120 
 120 
 120 
 120 
 120 
 120 
 120 
 120 
 120 
 120 
 120 
 120 
 120 
 120 
 120 
 120 
 120 
 120 
 120 
 120 
 120 
 120 
 120 
 120 
 120 
 120 
 120 
 120 
 120 
 120 
 120 
 120 
 120 
 120 
 120 
 120 
 120 
 120 
 120 
 120 
 120 
 120 
 120 
 120 
 120 
 120 
 120 
 120 
 120 
 120 
 120 
 120 
 120 
 120 
 120 
 120 
 120 
 120 
 120 
 120 
 120 
 120 
 120 
 120 
 120 
 120 
 120 
 120 
 120 
 120 
 120 
 120 
 120 
 120 
 120 
 120 
 120 
 120 
 120 
 120 
 120 
 120 
 120 
 120 
 120 
 120 
 120 
 120 
 120 
 120 
 120 
 120 
 120 
 120 
 120 
 120 
 120 
 120 
 120 
 120 
 120 
 120 
 120 
 120 
 120 
 120 
 120 
 120 
 120 
 120 
 120 
 120 
 120 
 120 
 120 
 120 
 120 
 120 
 120 
 120 
 120 
 120 
 120 
 120 
 120 
 120 
 120 
 120 
 120 
 120 
 120 
 120 
 120 
 120 
 120 
 120 
 120 
 120 
 120 
 120 
 120 
 120 
 120 
 120 
 120 
 120 
 120 
 120 
 120 
 120 
 120 
 120 
 120 
 120 
 120 
 120 
 120 
 120 
 120 
 120 
 120 
 120 
 120 
 120 
 120 
 120 
 120 
 120 
 120 
 120 
 120 
 120 
 120 
 120 
 120 
 120 
 120 
 120 
 120 
 120 
 120 
 120 
 120 
 120 
 120 
 120 
 120 
 120 
 120 
 120 
 120 
 120 
 120 
 120 
 120 
 120 
 120 
 120 
 120 
 120 
 120 
 120 
 120 
 120 
 120 
 120 
 120 
 120 
 120 
 120 
 120 
 120 
 120 
 120 
 120 
 120 
 120 
 120 
 120 
 120 
 120 
 120 
 120 
 120 
 120 
 120 
 120 
 120 
 120 
 120 
 120 
 120 
 120 
 120 
 120 
 120 
 120 
 120 
 120 
 120 
 120 
 120 
 120 
 120 
 120 
 120 
 120 
 120 
 120 
 120 
 120 
 120 
 120 
 120 
 120 
 120 
 120 
 120 
 120 
 120 
 120 
 120 
 120 
 120 
 120 
 120 
 120 
 120 
 120 
 120 
 120 
 120 
 120 
 120 
 120 
 120 
 120 
 120 
 120 
 120 
 120 
 120 
 120 
 120 
 120 
 120 
 120 
 120 
 120 
 120 
 120 
 120 
 120 
 120 
 120 
 120 
 120 
 120 
 120 
 120 
 120 
 120 
 120 
 120 
 120 
 120 
 120 
 120 
 120 
 120 
 120 
 120 
 120 
 120 
 120 
 120 
 120 
 120 
 120 
 120 
 120 
 120 
 120 
 120 
 120 
 120 
 120 
 120 
 120 
 120 
 120 
 120 
 120 
 120 
 120 
 120 
 120 
 120 
 120 
 120 
 120 
 120 
 120 
 120 
 120 
 120 
 120 
 120 
 120 
 120 
 120 
 120 
 120 
 120 
 120 
 120 
 120 
 120 
 120 
 120 
 120 
 120 
 120 
 120 
 120 
 120 
 120 
 120 
 120 
 120 
 120 
 120 
 120 
 120 
 120 
 120 
 120 
 120 
 120 
 120 
 120 
 120 
 120 
 120 
 120 
 120 
 120 
 120 
 120 
 120 
 120 
 120 
 120 
 120 
 120 
 120 
 120 
 120 
 120 
 120 
 120 
 120 
 120 
 120 
 120 
 120 
 120 
 120 
 120 
 120 
 120 
 120 
 120 
 120 
 120 
 120 
 120 
 120 
 120 
 120 
 120 
 120 
 120 
 120 
 120 
 120 
 120 
 120 
 120 
 120 
 120 
 120 
 120 
 120 
 120 
 120 
 120 
 120 
 120 
 120 
 120 
 120 
 120 
 120 
 120 
 120 
 120 
 120 
 120 
 120 
 120 
 120 
 120 
 120 
 120 
 120 
 120 
 120 
 120 
 120 
 120 
 120 
 120 
 120 
 120 
 120 
 120 
 120 
 120 
 120 
 120 
 120 
 120 
 120 
 120 
 120 
 120 
 120 
 120 
 120 
 120 
 120 
 120 
 120 
 120 
 120 
 120 
 120 
 120 
 120 
 120 
 120 
 120 
 120 
 120 
 120 
 120 
 120 
 120 
 120 
 120 
 120 
 120 
 120 
 120 
 120 
 120 
 120 
 120 
 120 
 120 
 120 
 120 
 120 
 120 
 120 
 120 
 120 
 120 
 120 
 120 
 120 
 120 
 120 
 120 
 120 
 120 
 120 
 120 
 120 
 120 
 120 
 120 
 120 
 120 
 120 
 120 
 120 
 120 
 120 
 120 
 120 
 120 
 120 
 120 
 120 
 120 
 120 
 120 
 120 
 120 
 120 
 120 
 120 
 120 
 120 
 120 
 120 
 120 
 120 
 120 
 120 
 120 
 120 
 120 
 120 
 120 
 120 
 120 
 120 
 120 
 120 
 120 
 120 
 120 
 120 
 120 
 120 
 120 
 120 
 120 
 120 
 120 
 120 
 120 
 120 
 120 
 120 
 120 
 120 
 120 
 120 
 120 
 120 
 120 
 120 
 120 
 120 
 120 
 120 
 120 
 120 
 120 
 120 
 120 
 120 
 120 
 120 
 120 
 120 
 120 
 120 
 120 
 120 
 120 
 120 
 120 
 120 
 120 
 120 
 120 
 120 
 120 
 120 
 120 
 120 
 120 
 120 
 120 
 120 
 120 
 120 
 120 
 120 
 120 
 120 
 120 
 120 
 120 
 120 
 120 
 120 
 120 
 120 
 120 
 120 
 120 
 120 
 120 
 120 
 120 
 120 
 120 
 120 
 120 
 120 
 120 
 120 
 120 
 120 
 120 
 120 
 120 
 120 
 120 
 120 
 120 
 120 
 120 
 120 
 120 
 120 
 120 
 120 
 120 
 120 
 120 
 120 
 120 
 120 
 120 
 120 
 120 
 120 
 120 
 120 
 120 
 120 
 120 
 120 
 120 
 120 
 120 
 120 
 120 
 120 
 120 
 120 
 120 
 120 
 120 
 120 
 120 
 120 
 120 
 120 
 120 
 120 
 120 
 120 
 120 
 120 
 120 
 120 
 120 
 120 
 120 
 120 
 120 
 120 
 120 
 120 
 120 
 120 
 120 
 120 
 120 
 120 
 120 
 120 
 120 
 120 
 120 
 120 
 120 
 120 
 120 
 120 
 120 
 120 
 120 
 120 
 120 
 120 
 120 
 120 
 120 
 120 
 120 
 120 
 120 
 120 
 120 
 120 
 120 
 120 
 120 
 120 
 120 
 120 
 120 
 120 
 120 
 120 
 120 
 120 
 120 
 120 
 120 
 120 
 120 
 120 
 120 
 120 
 120 
 120 
 120 
 120 
 120 
 120 
 120 
 120 
 120 
 120 
 120 
 120 
 120 
 120 
 120 
 120 
 120 
 120 
 120 
 120 
 120 
 120 
 120 
 120 
 120 
 120 
 edgeUsage
0 0 0 
 1 0 0 
 0 1 0 
 1 1 1 
 0 1 0 
 0 0 0 
 1 0 0 
 1 1 1 
 0 1 0 
 1 0 0 
 1 1 0 
 1 1 1 
 1 1 0 
 1 1 0 
 1 1 0 
 1 1 1 
 0 0 0 
 1 0 0 
 0 1 0 
 1 1 1 
 0 1 0 
 0 0 0 
 1 0 0 
 1 1 1 
 0 1 0 
 1 0 0 
 1 1 0 
 1 1 1 
 1 1 0 
 1 1 0 
 1 1 0 
 1 1 1 
 0 0 0 
 1 0 0 
 0 1 0 
 1 1 1 
 0 1 0 
 0 0 0 
 1 0 0 
 1 1 1 
 0 1 0 
 1 0 0 
 1 1 0 
 1 1 1 
 1 1 0 
 1 1 0 
 1 1 0 
 1 1 1 
 0 0 0 
 1 0 0 
 0 1 0 
 1 1 1 
 0 1 0 
 0 0 0 
 1 0 0 
 1 1 1 
 0 1 0 
 1 0 0 
 1 1 0 
 1 1 1 
 1 1 0 
 1 1 0 
 1 1 0 
 1 1 1 
 0 1 0 
 0 0 0 
 1 0 0 
 1 1 1 
 0 0 0 
 1 0 0 
 0 1 0 
 1 1 1 
 0 0 0 
 0 0 0 
 0 0 0 
 1 1 1 
 1 1 0 
 1 1 0 
 1 1 0 
 1 1 1 
 0 0 0 
 1 0 0 
 0 1 0 
 1 1 1 
 0 1 0 
 0 0 0 
 1 0 0 
 1 1 1 
 0 1 0 
 1 0 0 
 1 1 0 
 1 1 1 
 1 1 0 
 1 1 0 
 1 1 0 
 1 1 1 
 0 0 0 
 1 0 0 
 0 1 0 
 1 1 1 
 0 1 0 
 0 0 0 
 1 0 0 
 1 1 1 
 0 1 0 
 1 0 0 
 1 1 0 
 1 1 1 
 1 1 0 
 1 1 0 
 1 1 0 
 1 1 1 
 0 0 0 
 1 0 0 
 0 1 0 
 1 1 1 
 0 1 0 
 0 0 0 
 1 0 0 
 1 1 1 
 0 1 0 
 1 0 0 
 1 1 0 
 1 1 1 
 1 1 0 
 1 1 0 
 1 1 0 
 1 1 1 
 0 0 0 
 1 0 0 
 0 1 0 
 1 1 1 
 0 1 0 
 0 0 0 
 1 0 0 
 1 1 1 
 0 1 0 
 1 0 0 
 1 1 0 
 1 1 1 
 1 1 0 
 1 1 0 
 1 1 0 
 1 1 1 
 0 0 0 
 1 0 0 
 0 1 0 
 1 1 1 
 0 1 0 
 0 0 0 
 1 0 0 
 1 1 1 
 0 1 0 
 1 0 0 
 1 1 0 
 1 1 1 
 1 1 0 
 1 1 0 
 1 1 0 
 1 1 1 
 0 0 0 
 1 0 0 
 0 1 0 
 1 1 1 
 0 1 0 
 0 0 0 
 1 0 0 
 1 1 1 
 0 1 0 
 1 0 0 
 1 1 0 
 1 1 1 
 1 1 0 
 1 1 0 
 1 1 0 
 1 1 1 
 0 1 0 
 0 0 0 
 1 0 0 
 1 1 1 
 0 0 0 
 1 0 0 
 0 1 0 
 1 1 1 
 0 0 0 
 0 0 0 
 0 0 0 
 1 1 1 
 1 1 0 
 1 1 0 
 1 1 0 
 1 1 1 
 0 0 0 
 1 0 0 
 0 1 0 
 1 1 1 
 0 1 0 
 0 0 0 
 1 0 0 
 1 1 1 
 0 1 0 
 1 0 0 
 1 1 0 
 1 1 1 
 1 1 0 
 1 1 0 
 1 1 0 
 1 1 1 
 0 1 0 
 0 0 0 
 1 0 0 
 1 1 1 
 0 0 0 
 1 0 0 
 0 1 0 
 1 1 1 
 0 0 0 
 0 0 0 
 0 0 0 
 1 1 1 
 1 1 0 
 1 1 0 
 1 1 0 
 1 1 1 
 0 0 0 
 1 0 0 
 0 1 0 
 1 1 1 
 0 1 0 
 0 0 0 
 1 0 0 
 1 1 1 
 0 1 0 
 1 0 0 
 1 1 0 
 1 1 1 
 1 1 0 
 1 1 0 
 1 1 0 
 1 1 1 
 0 0 0 
 1 0 0 
 0 1 0 
 1 1 1 
 0 1 0 
 0 0 0 
 1 0 0 
 1 1 1 
 0 1 0 
 1 0 0 
 1 1 0 
 1 1 1 
 1 1 0 
 1 1 0 
 1 1 0 
 1 1 1 
 0 0 0 
 1 0 0 
 0 1 0 
 1 1 1 
 0 1 0 
 0 0 0 
 1 0 0 
 1 1 1 
 0 1 0 
 1 0 0 
 1 1 0 
 1 1 1 
 1 1 0 
 1 1 0 
 1 1 0 
 1 1 1 
 0 0 0 
 1 0 0 
 0 1 0 
 1 1 1 
 0 1 0 
 0 0 0 
 1 0 0 
 1 1 1 
 0 1 0 
 1 0 0 
 1 1 0 
 1 1 1 
 1 1 0 
 1 1 0 
 1 1 0 
 1 1 1 
 0 0 0 
 1 0 0 
 0 1 0 
 1 1 1 
 0 1 0 
 0 0 0 
 1 0 0 
 1 1 1 
 0 1 0 
 1 0 0 
 1 1 0 
 1 1 1 
 1 1 0 
 1 1 0 
 1 1 0 
 1 1 1 
 0 1 0 
 0 0 0 
 1 0 0 
 1 1 1 
 0 0 0 
 1 0 0 
 0 1 0 
 1 1 1 
 0 0 0 
 0 0 0 
 0 0 0 
 1 1 1 
 1 1 0 
 1 1 0 
 1 1 0 
 1 1 1 
 0 0 0 
 1 0 0 
 0 1 0 
 1 1 1 
 0 1 0 
 0 0 0 
 1 0 0 
 1 1 1 
 0 1 0 
 1 0 0 
 1 1 0 
 1 1 1 
 1 1 0 
 1 1 0 
 1 1 0 
 1 1 1 
 0 1 0 
 0 0 0 
 1 0 0 
 1 1 1 
 0 0 0 
 1 0 0 
 0 1 0 
 1 1 1 
 0 0 0 
 0 0 0 
 0 0 0 
 1 1 1 
 1 1 0 
 1 1 0 
 1 1 0 
 1 1 1 
 0 0 0 
 1 0 0 
 0 1 0 
 1 1 1 
 0 1 0 
 0 0 0 
 1 0 0 
 1 1 1 
 0 1 0 
 1 0 0 
 1 1 0 
 1 1 1 
 1 1 0 
 1 1 0 
 1 1 0 
 1 1 1 
 0 0 0 
 1 0 0 
 0 1 0 
 1 1 1 
 0 1 0 
 0 0 0 
 1 0 0 
 1 1 1 
 0 1 0 
 1 0 0 
 1 1 0 
 1 1 1 
 1 1 0 
 1 1 0 
 1 1 0 
 1 1 1 
 0 0 0 
 1 0 0 
 0 1 0 
 1 1 1 
 0 1 0 
 0 0 0 
 1 0 0 
 1 1 1 
 0 1 0 
 1 0 0 
 1 1 0 
 1 1 1 
 1 1 0 
 1 1 0 
 1 1 0 
 1 1 1 
 0 0 0 
 1 0 0 
 0 1 0 
 1 1 1 
 0 1 0 
 0 0 0 
 1 0 0 
 1 1 1 
 0 1 0 
 1 0 0 
 1 1 0 
 1 1 1 
 1 1 0 
 1 1 0 
 1 1 0 
 1 1 1 
 0 0 0 
 1 0 0 
 0 1 0 
 1 1 1 
 0 1 0 
 0 0 0 
 1 0 0 
 1 1 1 
 0 1 0 
 1 0 0 
 1 1 0 
 1 1 1 
 1 1 0 
 1 1 0 
 1 1 0 
 1 1 1 
 0 0 0 
 1 0 0 
 0 1 0 
 1 1 1 
 0 1 0 
 0 0 0 
 1 0 0 
 1 1 1 
 0 1 0 
 1 0 0 
 1 1 0 
 1 1 1 
 1 1 0 
 1 1 0 
 1 1 0 
 1 1 1 
 0 0 0 
 1 0 0 
 0 1 0 
 1 1 1 
 0 1 0 
 0 0 0 
 1 0 0 
 1 1 1 
 0 1 0 
 1 0 0 
 1 1 0 
 1 1 1 
 1 1 0 
 1 1 0 
 1 1 0 
 1 1 1 
 0 1 0 
 0 0 0 
 1 0 0 
 1 1 1 
 0 0 0 
 1 0 0 
 0 1 0 
 1 1 1 
 0 0 0 
 0 0 0 
 0 0 0 
 1 1 1 
 1 1 0 
 1 1 0 
 1 1 0 
 1 1 1 
 0 0 0 
 1 0 0 
 0 1 0 
 1 1 1 
 0 1 0 
 0 0 0 
 1 0 0 
 1 1 1 
 0 1 0 
 1 0 0 
 1 1 0 
 1 1 1 
 1 1 0 
 1 1 0 
 1 1 0 
 1 1 1 
 0 0 0 
 1 0 0 
 0 1 0 
 1 1 1 
 0 1 0 
 0 0 0 
 1 0 0 
 1 1 1 
 0 1 0 
 1 0 0 
 1 1 0 
 1 1 1 
 1 1 0 
 1 1 0 
 1 1 0 
 1 1 1 
 0 0 0 
 1 0 0 
 0 1 0 
 1 1 1 
 0 1 0 
 0 0 0 
 1 0 0 
 1 1 1 
 0 1 0 
 1 0 0 
 1 1 0 
 1 1 1 
 1 1 0 
 1 1 0 
 1 1 0 
 1 1 1 
 0 1 0 
 0 0 0 
 1 0 0 
 1 1 1 
 0 0 0 
 1 0 0 
 0 1 0 
 1 1 1 
 0 0 0 
 0 0 0 
 0 0 0 
 1 1 1 
 1 1 0 
 1 1 0 
 1 1 0 
 1 1 1 
 0 0 0 
 1 0 0 
 0 1 0 
 1 1 1 
 0 1 0 
 0 0 0 
 1 0 0 
 1 1 1 
 0 1 0 
 1 0 0 
 1 1 0 
 1 1 1 
 1 1 0 
 1 1 0 
 1 1 0 
 1 1 1 
 0 1 0 
 0 0 0 
 1 0 0 
 1 1 1 
 0 0 0 
 1 0 0 
 0 1 0 
 1 1 1 
 0 0 0 
 0 0 0 
 0 0 0 
 1 1 1 
 1 1 0 
 1 1 0 
 1 1 0 
 1 1 1 
 0 0 0 
 1 0 0 
 0 1 0 
 1 1 1 
 0 1 0 
 0 0 0 
 1 0 0 
 1 1 1 
 0 1 0 
 1 0 0 
 1 1 0 
 1 1 1 
 1 1 0 
 1 1 0 
 1 1 0 
 1 1 1 
 0 0 0 
 1 0 0 
 0 1 0 
 1 1 1 
 0 1 0 
 0 0 0 
 1 0 0 
 1 1 1 
 0 1 0 
 1 0 0 
 1 1 0 
 1 1 1 
 1 1 0 
 1 1 0 
 1 1 0 
 1 1 1 
 0 0 0 
 1 0 0 
 0 1 0 
 1 1 1 
 0 1 0 
 0 0 0 
 1 0 0 
 1 1 1 
 0 1 0 
 1 0 0 
 1 1 0 
 1 1 1 
 1 1 0 
 1 1 0 
 1 1 0 
 1 1 1 
 0 1 0 
 1 0 0 
 1 1 0 
 1 1 1 
 0 0 0 
 1 0 0 
 0 1 0 
 1 1 1 
 0 1 0 
 0 0 0 
 1 0 0 
 1 1 1 
 1 1 0 
 1 1 0 
 1 1 0 
 1 1 1 
 0 1 0 
 0 0 0 
 1 0 0 
 1 1 1 
 0 0 0 
 1 0 0 
 0 1 0 
 1 1 1 
 0 0 0 
 0 0 0 
 0 0 0 
 1 1 1 
 1 1 0 
 1 1 0 
 1 1 0 
 1 1 1 
 0 0 0 
 1 0 0 
 0 1 0 
 1 1 1 
 0 1 0 
 0 0 0 
 1 0 0 
 1 1 1 
 0 1 0 
 1 0 0 
 1 1 0 
 1 1 1 
 1 1 0 
 1 1 0 
 1 1 0 
 1 1 1 
 bcElement 96
7 190 3 
5 190 1 
10 190 3 
11 190 1 
39 190 3 
37 190 1 
42 190 3 
43 190 1 
55 185 3 
53 185 1 
58 185 3 
59 185 1 
103 185 3 
101 185 1 
106 185 3 
107 185 1 
119 117 3 
117 117 1 
122 117 3 
123 117 1 
23 117 3 
21 117 1 
26 117 3 
27 117 1 
503 6 3 
501 6 1 
506 6 3 
507 6 1 
635 6 3 
633 6 1 
626 6 3 
627 6 1 
199 6 3 
197 6 1 
202 6 3 
203 6 1 
231 6 3 
229 6 1 
234 6 3 
235 6 1 
327 6 3 
325 6 1 
330 6 3 
331 6 1 
359 6 3 
357 6 1 
362 6 3 
363 6 1 
663 6 3 
661 6 1 
666 6 3 
667 6 1 
439 6 3 
437 6 1 
442 6 3 
443 6 1 
455 11 3 
453 11 1 
458 11 3 
459 11 1 
407 11 3 
405 11 1 
410 11 3 
411 11 1 
423 16 3 
421 16 1 
426 16 3 
427 16 1 
583 16 3 
581 16 1 
586 16 3 
587 16 1 
375 16 3 
373 16 1 
378 16 3 
379 16 1 
279 16 3 
277 16 1 
282 16 3 
283 16 1 
247 16 3 
245 16 1 
250 16 3 
251 16 1 
151 16 3 
149 16 1 
154 16 3 
155 16 1 
87 16 3 
85 16 1 
90 16 3 
91 16 1 
551 16 3 
549 16 1 
554 16 3 
555 16 1 
