Edge min = 0.029269, max=0.057971, average=0.052712;
Grid_size 168
Node_size 109
Total_DOF 1441
maxDOF 15
Solution_Order
4 
 meshIEN 
59 49 60 
 8 3 59 
 60 7 8 
 60 8 59 
 61 49 62 
 12 10 61 
 62 6 12 
 62 12 61 
 63 51 64 
 9 7 63 
 64 1 9 
 64 9 63 
 64 51 65 
 14 1 64 
 65 13 14 
 65 14 64 
 63 7 60 
 66 51 63 
 60 49 66 
 60 66 63 
 67 50 68 
 29 20 67 
 68 22 29 
 68 29 67 
 65 51 69 
 15 13 65 
 69 2 15 
 69 15 65 
 69 51 70 
 11 2 69 
 70 10 11 
 70 11 69 
 70 51 66 
 61 10 70 
 66 49 61 
 66 61 70 
 71 52 72 
 28 21 71 
 72 20 28 
 72 28 71 
 72 52 73 
 67 20 72 
 73 50 67 
 73 67 72 
 74 35 75 
 73 52 74 
 75 50 73 
 75 73 74 
 74 52 76 
 43 35 74 
 76 37 43 
 76 43 74 
 77 37 76 
 78 53 77 
 76 52 78 
 76 78 77 
 77 53 79 
 44 37 77 
 79 34 44 
 79 44 77 
 80 53 81 
 27 16 80 
 81 21 27 
 81 27 80 
 81 53 78 
 71 21 81 
 78 52 71 
 78 71 81 
 82 54 83 
 26 19 82 
 83 16 26 
 83 26 82 
 83 54 84 
 80 16 83 
 84 53 80 
 84 80 83 
 85 34 79 
 84 54 85 
 79 53 84 
 79 84 85 
 85 54 86 
 45 34 85 
 86 39 45 
 86 45 85 
 87 39 86 
 88 55 87 
 86 54 88 
 86 88 87 
 87 55 89 
 46 39 87 
 89 38 46 
 89 46 87 
 90 55 91 
 25 17 90 
 91 19 25 
 91 25 90 
 91 55 88 
 82 19 91 
 88 54 82 
 88 82 91 
 92 56 93 
 33 31 92 
 93 4 33 
 93 33 92 
 93 56 94 
 23 4 93 
 94 18 23 
 94 23 93 
 95 56 96 
 48 40 95 
 96 5 48 
 96 48 95 
 96 56 92 
 32 5 96 
 92 31 32 
 92 32 96 
 97 6 62 
 98 57 97 
 62 49 98 
 62 98 97 
 99 57 98 
 59 3 99 
 98 49 59 
 98 59 99 
 97 57 100 
 41 6 97 
 100 36 41 
 100 41 97 
 100 57 102 
 101 36 100 
 102 50 101 
 102 101 100 
 103 22 68 
 102 57 103 
 68 50 102 
 68 102 103 
 103 57 99 
 30 22 103 
 99 3 30 
 99 30 103 
 104 18 94 
 105 58 104 
 94 56 105 
 94 105 104 
 104 58 106 
 24 18 104 
 106 17 24 
 106 24 104 
 106 58 107 
 90 17 106 
 107 55 90 
 107 90 106 
 108 58 105 
 95 40 108 
 105 56 95 
 105 95 108 
 75 35 42 
 101 50 75 
 42 36 101 
 42 101 75 
 109 38 89 
 107 58 109 
 89 55 107 
 89 107 109 
 109 58 108 
 47 38 109 
 108 40 47 
 108 47 109 
 solutionIEN 
59 49 60 257 258 259 265 264 263 272 273 274 938 939 940 
 8 3 59 112 111 110 254 255 256 266 267 268 941 942 943 
 60 7 8 262 261 260 115 114 113 269 270 271 944 945 946 
 60 8 59 271 270 269 268 267 266 274 273 272 947 948 949 
 61 49 62 278 279 280 286 285 284 293 294 295 950 951 952 
 12 10 61 130 129 128 275 276 277 287 288 289 953 954 955 
 62 6 12 283 282 281 133 132 131 290 291 292 956 957 958 
 62 12 61 292 291 290 289 288 287 295 294 293 959 960 961 
 63 51 64 299 300 301 307 306 305 314 315 316 962 963 964 
 9 7 63 118 117 116 296 297 298 308 309 310 965 966 967 
 64 1 9 304 303 302 121 120 119 311 312 313 968 969 970 
 64 9 63 313 312 311 310 309 308 316 315 314 971 972 973 
 64 51 65 305 306 307 322 321 320 329 330 331 974 975 976 
 14 1 64 136 135 134 302 303 304 323 324 325 977 978 979 
 65 13 14 319 318 317 139 138 137 326 327 328 980 981 982 
 65 14 64 328 327 326 325 324 323 331 330 329 983 984 985 
 63 7 60 298 297 296 260 261 262 344 345 346 986 987 988 
 66 51 63 335 336 337 301 300 299 338 339 340 989 990 991 
 60 49 66 263 264 265 332 333 334 341 342 343 992 993 994 
 60 66 63 343 342 341 340 339 338 346 345 344 995 996 997 
 67 50 68 350 351 352 358 357 356 365 366 367 998 999 1000 
 29 20 67 184 183 182 347 348 349 359 360 361 1001 1002 1003 
 68 22 29 355 354 353 187 186 185 362 363 364 1004 1005 1006 
 68 29 67 364 363 362 361 360 359 367 366 365 1007 1008 1009 
 65 51 69 320 321 322 373 372 371 380 381 382 1010 1011 1012 
 15 13 65 142 141 140 317 318 319 374 375 376 1013 1014 1015 
 69 2 15 370 369 368 145 144 143 377 378 379 1016 1017 1018 
 69 15 65 379 378 377 376 375 374 382 381 380 1019 1020 1021 
 69 51 70 371 372 373 388 387 386 395 396 397 1022 1023 1024 
 11 2 69 124 123 122 368 369 370 389 390 391 1025 1026 1027 
 70 10 11 385 384 383 127 126 125 392 393 394 1028 1029 1030 
 70 11 69 394 393 392 391 390 389 397 396 395 1031 1032 1033 
 70 51 66 386 387 388 337 336 335 404 405 406 1034 1035 1036 
 61 10 70 277 276 275 383 384 385 398 399 400 1037 1038 1039 
 66 49 61 334 333 332 280 279 278 401 402 403 1040 1041 1042 
 66 61 70 403 402 401 400 399 398 406 405 404 1043 1044 1045 
 71 52 72 410 411 412 418 417 416 425 426 427 1046 1047 1048 
 28 21 71 178 177 176 407 408 409 419 420 421 1049 1050 1051 
 72 20 28 415 414 413 181 180 179 422 423 424 1052 1053 1054 
 72 28 71 424 423 422 421 420 419 427 426 425 1055 1056 1057 
 72 52 73 416 417 418 433 432 431 440 441 442 1058 1059 1060 
 67 20 72 349 348 347 413 414 415 434 435 436 1061 1062 1063 
 73 50 67 430 429 428 352 351 350 437 438 439 1064 1065 1066 
 73 67 72 439 438 437 436 435 434 442 441 440 1067 1068 1069 
 74 35 75 445 444 443 449 450 451 461 462 463 1070 1071 1072 
 73 52 74 431 432 433 448 447 446 455 456 457 1073 1074 1075 
 75 50 73 452 453 454 428 429 430 458 459 460 1076 1077 1078 
 75 73 74 460 459 458 457 456 455 463 462 461 1079 1080 1081 
 74 52 76 446 447 448 469 468 467 476 477 478 1082 1083 1084 
 43 35 74 220 219 218 443 444 445 470 471 472 1085 1086 1087 
 76 37 43 466 465 464 223 222 221 473 474 475 1088 1089 1090 
 76 43 74 475 474 473 472 471 470 478 477 476 1091 1092 1093 
 77 37 76 481 480 479 464 465 466 497 498 499 1094 1095 1096 
 78 53 77 488 489 490 484 483 482 491 492 493 1097 1098 1099 
 76 52 78 467 468 469 485 486 487 494 495 496 1100 1101 1102 
 76 78 77 496 495 494 493 492 491 499 498 497 1103 1104 1105 
 77 53 79 482 483 484 505 504 503 512 513 514 1106 1107 1108 
 44 37 77 226 225 224 479 480 481 506 507 508 1109 1110 1111 
 79 34 44 502 501 500 229 228 227 509 510 511 1112 1113 1114 
 79 44 77 511 510 509 508 507 506 514 513 512 1115 1116 1117 
 80 53 81 518 519 520 526 525 524 533 534 535 1118 1119 1120 
 27 16 80 172 171 170 515 516 517 527 528 529 1121 1122 1123 
 81 21 27 523 522 521 175 174 173 530 531 532 1124 1125 1126 
 81 27 80 532 531 530 529 528 527 535 534 533 1127 1128 1129 
 81 53 78 524 525 526 490 489 488 542 543 544 1130 1131 1132 
 71 21 81 409 408 407 521 522 523 536 537 538 1133 1134 1135 
 78 52 71 487 486 485 412 411 410 539 540 541 1136 1137 1138 
 78 71 81 541 540 539 538 537 536 544 543 542 1139 1140 1141 
 82 54 83 548 549 550 556 555 554 563 564 565 1142 1143 1144 
 26 19 82 166 165 164 545 546 547 557 558 559 1145 1146 1147 
 83 16 26 553 552 551 169 168 167 560 561 562 1148 1149 1150 
 83 26 82 562 561 560 559 558 557 565 564 563 1151 1152 1153 
 83 54 84 554 555 556 571 570 569 578 579 580 1154 1155 1156 
 80 16 83 517 516 515 551 552 553 572 573 574 1157 1158 1159 
 84 53 80 568 567 566 520 519 518 575 576 577 1160 1161 1162 
 84 80 83 577 576 575 574 573 572 580 579 578 1163 1164 1165 
 85 34 79 583 582 581 500 501 502 593 594 595 1166 1167 1168 
 84 54 85 569 570 571 586 585 584 587 588 589 1169 1170 1171 
 79 53 84 503 504 505 566 567 568 590 591 592 1172 1173 1174 
 79 84 85 592 591 590 589 588 587 595 594 593 1175 1176 1177 
 85 54 86 584 585 586 601 600 599 608 609 610 1178 1179 1180 
 45 34 85 232 231 230 581 582 583 602 603 604 1181 1182 1183 
 86 39 45 598 597 596 235 234 233 605 606 607 1184 1185 1186 
 86 45 85 607 606 605 604 603 602 610 609 608 1187 1188 1189 
 87 39 86 613 612 611 596 597 598 629 630 631 1190 1191 1192 
 88 55 87 620 621 622 616 615 614 623 624 625 1193 1194 1195 
 86 54 88 599 600 601 617 618 619 626 627 628 1196 1197 1198 
 86 88 87 628 627 626 625 624 623 631 630 629 1199 1200 1201 
 87 55 89 614 615 616 637 636 635 644 645 646 1202 1203 1204 
 46 39 87 238 237 236 611 612 613 638 639 640 1205 1206 1207 
 89 38 46 634 633 632 241 240 239 641 642 643 1208 1209 1210 
 89 46 87 643 642 641 640 639 638 646 645 644 1211 1212 1213 
 90 55 91 650 651 652 658 657 656 665 666 667 1214 1215 1216 
 25 17 90 160 159 158 647 648 649 659 660 661 1217 1218 1219 
 91 19 25 655 654 653 163 162 161 662 663 664 1220 1221 1222 
 91 25 90 664 663 662 661 660 659 667 666 665 1223 1224 1225 
 91 55 88 656 657 658 622 621 620 674 675 676 1226 1227 1228 
 82 19 91 547 546 545 653 654 655 668 669 670 1229 1230 1231 
 88 54 82 619 618 617 550 549 548 671 672 673 1232 1233 1234 
 88 82 91 673 672 671 670 669 668 676 675 674 1235 1236 1237 
 92 56 93 680 681 682 688 687 686 695 696 697 1238 1239 1240 
 33 31 92 202 201 200 677 678 679 689 690 691 1241 1242 1243 
 93 4 33 685 684 683 205 204 203 692 693 694 1244 1245 1246 
 93 33 92 694 693 692 691 690 689 697 696 695 1247 1248 1249 
 93 56 94 686 687 688 703 702 701 710 711 712 1250 1251 1252 
 23 4 93 148 147 146 683 684 685 704 705 706 1253 1254 1255 
 94 18 23 700 699 698 151 150 149 707 708 709 1256 1257 1258 
 94 23 93 709 708 707 706 705 704 712 711 710 1259 1260 1261 
 95 56 96 716 717 718 724 723 722 731 732 733 1262 1263 1264 
 48 40 95 250 249 248 713 714 715 725 726 727 1265 1266 1267 
 96 5 48 721 720 719 253 252 251 728 729 730 1268 1269 1270 
 96 48 95 730 729 728 727 726 725 733 732 731 1271 1272 1273 
 96 56 92 722 723 724 682 681 680 740 741 742 1274 1275 1276 
 32 5 96 196 195 194 719 720 721 734 735 736 1277 1278 1279 
 92 31 32 679 678 677 199 198 197 737 738 739 1280 1281 1282 
 92 32 96 739 738 737 736 735 734 742 741 740 1283 1284 1285 
 97 6 62 745 744 743 281 282 283 761 762 763 1286 1287 1288 
 98 57 97 752 753 754 748 747 746 755 756 757 1289 1290 1291 
 62 49 98 284 285 286 749 750 751 758 759 760 1292 1293 1294 
 62 98 97 760 759 758 757 756 755 763 762 761 1295 1296 1297 
 99 57 98 767 768 769 754 753 752 776 777 778 1298 1299 1300 
 59 3 99 256 255 254 764 765 766 770 771 772 1301 1302 1303 
 98 49 59 751 750 749 259 258 257 773 774 775 1304 1305 1306 
 98 59 99 775 774 773 772 771 770 778 777 776 1307 1308 1309 
 97 57 100 746 747 748 784 783 782 791 792 793 1310 1311 1312 
 41 6 97 208 207 206 743 744 745 785 786 787 1313 1314 1315 
 100 36 41 781 780 779 211 210 209 788 789 790 1316 1317 1318 
 100 41 97 790 789 788 787 786 785 793 792 791 1319 1320 1321 
 100 57 102 782 783 784 805 804 803 812 813 814 1322 1323 1324 
 101 36 100 796 795 794 779 780 781 806 807 808 1325 1326 1327 
 102 50 101 802 801 800 799 798 797 809 810 811 1328 1329 1330 
 102 101 100 811 810 809 808 807 806 814 813 812 1331 1332 1333 
 103 22 68 817 816 815 353 354 355 827 828 829 1334 1335 1336 
 102 57 103 803 804 805 820 819 818 821 822 823 1337 1338 1339 
 68 50 102 356 357 358 800 801 802 824 825 826 1340 1341 1342 
 68 102 103 826 825 824 823 822 821 829 828 827 1343 1344 1345 
 103 57 99 818 819 820 769 768 767 836 837 838 1346 1347 1348 
 30 22 103 190 189 188 815 816 817 830 831 832 1349 1350 1351 
 99 3 30 766 765 764 193 192 191 833 834 835 1352 1353 1354 
 99 30 103 835 834 833 832 831 830 838 837 836 1355 1356 1357 
 104 18 94 841 840 839 698 699 700 857 858 859 1358 1359 1360 
 105 58 104 848 849 850 844 843 842 851 852 853 1361 1362 1363 
 94 56 105 701 702 703 845 846 847 854 855 856 1364 1365 1366 
 94 105 104 856 855 854 853 852 851 859 858 857 1367 1368 1369 
 104 58 106 842 843 844 865 864 863 872 873 874 1370 1371 1372 
 24 18 104 154 153 152 839 840 841 866 867 868 1373 1374 1375 
 106 17 24 862 861 860 157 156 155 869 870 871 1376 1377 1378 
 106 24 104 871 870 869 868 867 866 874 873 872 1379 1380 1381 
 106 58 107 863 864 865 880 879 878 887 888 889 1382 1383 1384 
 90 17 106 649 648 647 860 861 862 881 882 883 1385 1386 1387 
 107 55 90 877 876 875 652 651 650 884 885 886 1388 1389 1390 
 107 90 106 886 885 884 883 882 881 889 888 887 1391 1392 1393 
 108 58 105 893 894 895 850 849 848 902 903 904 1394 1395 1396 
 95 40 108 715 714 713 890 891 892 896 897 898 1397 1398 1399 
 105 56 95 847 846 845 718 717 716 899 900 901 1400 1401 1402 
 105 95 108 901 900 899 898 897 896 904 903 902 1403 1404 1405 
 75 35 42 451 450 449 217 216 215 911 912 913 1406 1407 1408 
 101 50 75 797 798 799 454 453 452 905 906 907 1409 1410 1411 
 42 36 101 214 213 212 794 795 796 908 909 910 1412 1413 1414 
 42 101 75 910 909 908 907 906 905 913 912 911 1415 1416 1417 
 109 38 89 916 915 914 632 633 634 926 927 928 1418 1419 1420 
 107 58 109 878 879 880 919 918 917 920 921 922 1421 1422 1423 
 89 55 107 635 636 637 875 876 877 923 924 925 1424 1425 1426 
 89 107 109 925 924 923 922 921 920 928 927 926 1427 1428 1429 
 109 58 108 917 918 919 895 894 893 935 936 937 1430 1431 1432 
 47 38 109 244 243 242 914 915 916 929 930 931 1433 1434 1435 
 108 40 47 892 891 890 247 246 245 932 933 934 1436 1437 1438 
 108 47 109 934 933 932 931 930 929 937 936 935 1439 1440 1441 
 solutionOrder
4 4 4 4 
 4 4 4 4 
 4 4 4 4 
 4 4 4 4 
 4 4 4 4 
 4 4 4 4 
 4 4 4 4 
 4 4 4 4 
 4 4 4 4 
 4 4 4 4 
 4 4 4 4 
 4 4 4 4 
 4 4 4 4 
 4 4 4 4 
 4 4 4 4 
 4 4 4 4 
 4 4 4 4 
 4 4 4 4 
 4 4 4 4 
 4 4 4 4 
 4 4 4 4 
 4 4 4 4 
 4 4 4 4 
 4 4 4 4 
 4 4 4 4 
 4 4 4 4 
 4 4 4 4 
 4 4 4 4 
 4 4 4 4 
 4 4 4 4 
 4 4 4 4 
 4 4 4 4 
 4 4 4 4 
 4 4 4 4 
 4 4 4 4 
 4 4 4 4 
 4 4 4 4 
 4 4 4 4 
 4 4 4 4 
 4 4 4 4 
 4 4 4 4 
 4 4 4 4 
 4 4 4 4 
 4 4 4 4 
 4 4 4 4 
 4 4 4 4 
 4 4 4 4 
 4 4 4 4 
 4 4 4 4 
 4 4 4 4 
 4 4 4 4 
 4 4 4 4 
 4 4 4 4 
 4 4 4 4 
 4 4 4 4 
 4 4 4 4 
 4 4 4 4 
 4 4 4 4 
 4 4 4 4 
 4 4 4 4 
 4 4 4 4 
 4 4 4 4 
 4 4 4 4 
 4 4 4 4 
 4 4 4 4 
 4 4 4 4 
 4 4 4 4 
 4 4 4 4 
 4 4 4 4 
 4 4 4 4 
 4 4 4 4 
 4 4 4 4 
 4 4 4 4 
 4 4 4 4 
 4 4 4 4 
 4 4 4 4 
 4 4 4 4 
 4 4 4 4 
 4 4 4 4 
 4 4 4 4 
 4 4 4 4 
 4 4 4 4 
 4 4 4 4 
 4 4 4 4 
 4 4 4 4 
 4 4 4 4 
 4 4 4 4 
 4 4 4 4 
 4 4 4 4 
 4 4 4 4 
 4 4 4 4 
 4 4 4 4 
 4 4 4 4 
 4 4 4 4 
 4 4 4 4 
 4 4 4 4 
 4 4 4 4 
 4 4 4 4 
 4 4 4 4 
 4 4 4 4 
 4 4 4 4 
 4 4 4 4 
 4 4 4 4 
 4 4 4 4 
 4 4 4 4 
 4 4 4 4 
 4 4 4 4 
 4 4 4 4 
 4 4 4 4 
 4 4 4 4 
 4 4 4 4 
 4 4 4 4 
 4 4 4 4 
 4 4 4 4 
 4 4 4 4 
 4 4 4 4 
 4 4 4 4 
 4 4 4 4 
 4 4 4 4 
 4 4 4 4 
 4 4 4 4 
 4 4 4 4 
 4 4 4 4 
 4 4 4 4 
 4 4 4 4 
 4 4 4 4 
 4 4 4 4 
 4 4 4 4 
 4 4 4 4 
 4 4 4 4 
 4 4 4 4 
 4 4 4 4 
 4 4 4 4 
 4 4 4 4 
 4 4 4 4 
 4 4 4 4 
 4 4 4 4 
 4 4 4 4 
 4 4 4 4 
 4 4 4 4 
 4 4 4 4 
 4 4 4 4 
 4 4 4 4 
 4 4 4 4 
 4 4 4 4 
 4 4 4 4 
 4 4 4 4 
 4 4 4 4 
 4 4 4 4 
 4 4 4 4 
 4 4 4 4 
 4 4 4 4 
 4 4 4 4 
 4 4 4 4 
 4 4 4 4 
 4 4 4 4 
 4 4 4 4 
 4 4 4 4 
 4 4 4 4 
 4 4 4 4 
 4 4 4 4 
 4 4 4 4 
 4 4 4 4 
 4 4 4 4 
 4 4 4 4 
 4 4 4 4 
 4 4 4 4 
 4 4 4 4 
 vertexCoord 
0.000000 0.000000 
 -0.000000 0.200000 
 0.200000 0.000000 
 1.000000 0.000000 
 1.000000 0.200000 
 0.200000 0.200000 
 0.100000 0.000000 
 0.150000 0.000000 
 0.050000 0.000000 
 0.100000 0.200000 
 0.050000 0.200000 
 0.150000 0.200000 
 -0.000000 0.100000 
 0.000000 0.050000 
 -0.000000 0.150000 
 0.600000 0.000000 
 0.800000 0.000000 
 0.900000 0.000000 
 0.700000 0.000000 
 0.400000 0.000000 
 0.500000 0.000000 
 0.300000 0.000000 
 0.950000 0.000000 
 0.850000 0.000000 
 0.750000 0.000000 
 0.650000 0.000000 
 0.550000 0.000000 
 0.450000 0.000000 
 0.350000 0.000000 
 0.250000 0.000000 
 1.000000 0.100000 
 1.000000 0.150000 
 1.000000 0.050000 
 0.600000 0.200000 
 0.400000 0.200000 
 0.300000 0.200000 
 0.500000 0.200000 
 0.800000 0.200000 
 0.700000 0.200000 
 0.900000 0.200000 
 0.250000 0.200000 
 0.350000 0.200000 
 0.450000 0.200000 
 0.550000 0.200000 
 0.650000 0.200000 
 0.750000 0.200000 
 0.850000 0.200000 
 0.950000 0.200000 
 0.151536 0.100293 
 0.350187 0.100115 
 0.058589 0.100049 
 0.450322 0.100000 
 0.550102 0.099995 
 0.650017 0.099988 
 0.750000 0.099936 
 0.941461 0.099976 
 0.250287 0.100068 
 0.848577 0.099985 
 0.175768 0.050146 
 0.125768 0.050146 
 0.125768 0.150146 
 0.175768 0.150146 
 0.079295 0.050024 
 0.029295 0.050024 
 0.029295 0.100024 
 0.105063 0.100171 
 0.375093 0.050058 
 0.325093 0.050058 
 0.029295 0.150024 
 0.079295 0.150024 
 0.475161 0.050000 
 0.425161 0.050000 
 0.400254 0.100058 
 0.425161 0.150000 
 0.375093 0.150058 
 0.475161 0.150000 
 0.525051 0.149998 
 0.500212 0.099998 
 0.575051 0.149998 
 0.575051 0.049998 
 0.525051 0.049998 
 0.675009 0.049994 
 0.625009 0.049994 
 0.600060 0.099992 
 0.625009 0.149994 
 0.675009 0.149994 
 0.725000 0.149968 
 0.700009 0.099962 
 0.775000 0.149968 
 0.775000 0.049968 
 0.725000 0.049968 
 0.970731 0.099988 
 0.970731 0.049988 
 0.920731 0.049988 
 0.920731 0.149988 
 0.970731 0.149988 
 0.225144 0.150034 
 0.200912 0.100180 
 0.225144 0.050034 
 0.275144 0.150034 
 0.325093 0.150058 
 0.300237 0.100092 
 0.275144 0.050034 
 0.874288 0.049993 
 0.895019 0.099981 
 0.824288 0.049993 
 0.799289 0.099960 
 0.874288 0.149993 
 0.824288 0.149993 
 bc_tag 
184 
 110 
 15 
 10 
 5 
 2 
 190 
 190 
 190 
 117 
 117 
 117 
 185 
 185 
 185 
 16 
 16 
 16 
 16 
 16 
 16 
 16 
 16 
 16 
 16 
 16 
 16 
 16 
 16 
 16 
 11 
 11 
 11 
 6 
 6 
 6 
 6 
 6 
 6 
 6 
 6 
 6 
 6 
 6 
 6 
 6 
 6 
 6 
 120 
 120 
 120 
 120 
 120 
 120 
 120 
 120 
 120 
 120 
 120 
 120 
 120 
 120 
 120 
 120 
 120 
 120 
 120 
 120 
 120 
 120 
 120 
 120 
 120 
 120 
 120 
 120 
 120 
 120 
 120 
 120 
 120 
 120 
 120 
 120 
 120 
 120 
 120 
 120 
 120 
 120 
 120 
 120 
 120 
 120 
 120 
 120 
 120 
 120 
 120 
 120 
 120 
 120 
 120 
 120 
 120 
 120 
 120 
 120 
 120 
 190 
 190 
 190 
 190 
 190 
 190 
 190 
 190 
 190 
 190 
 190 
 190 
 117 
 117 
 117 
 117 
 117 
 117 
 117 
 117 
 117 
 117 
 117 
 117 
 185 
 185 
 185 
 185 
 185 
 185 
 185 
 185 
 185 
 185 
 185 
 185 
 16 
 16 
 16 
 16 
 16 
 16 
 16 
 16 
 16 
 16 
 16 
 16 
 16 
 16 
 16 
 16 
 16 
 16 
 16 
 16 
 16 
 16 
 16 
 16 
 16 
 16 
 16 
 16 
 16 
 16 
 16 
 16 
 16 
 16 
 16 
 16 
 16 
 16 
 16 
 16 
 16 
 16 
 16 
 16 
 16 
 16 
 16 
 16 
 11 
 11 
 11 
 11 
 11 
 11 
 11 
 11 
 11 
 11 
 11 
 11 
 6 
 6 
 6 
 6 
 6 
 6 
 6 
 6 
 6 
 6 
 6 
 6 
 6 
 6 
 6 
 6 
 6 
 6 
 6 
 6 
 6 
 6 
 6 
 6 
 6 
 6 
 6 
 6 
 6 
 6 
 6 
 6 
 6 
 6 
 6 
 6 
 6 
 6 
 6 
 6 
 6 
 6 
 6 
 6 
 6 
 6 
 6 
 6 
 120 
 120 
 120 
 120 
 120 
 120 
 120 
 120 
 120 
 120 
 120 
 120 
 120 
 120 
 120 
 120 
 120 
 120 
 120 
 120 
 120 
 120 
 120 
 120 
 120 
 120 
 120 
 120 
 120 
 120 
 120 
 120 
 120 
 120 
 120 
 120 
 120 
 120 
 120 
 120 
 120 
 120 
 120 
 120 
 120 
 120 
 120 
 120 
 120 
 120 
 120 
 120 
 120 
 120 
 120 
 120 
 120 
 120 
 120 
 120 
 120 
 120 
 120 
 120 
 120 
 120 
 120 
 120 
 120 
 120 
 120 
 120 
 120 
 120 
 120 
 120 
 120 
 120 
 120 
 120 
 120 
 120 
 120 
 120 
 120 
 120 
 120 
 120 
 120 
 120 
 120 
 120 
 120 
 120 
 120 
 120 
 120 
 120 
 120 
 120 
 120 
 120 
 120 
 120 
 120 
 120 
 120 
 120 
 120 
 120 
 120 
 120 
 120 
 120 
 120 
 120 
 120 
 120 
 120 
 120 
 120 
 120 
 120 
 120 
 120 
 120 
 120 
 120 
 120 
 120 
 120 
 120 
 120 
 120 
 120 
 120 
 120 
 120 
 120 
 120 
 120 
 120 
 120 
 120 
 120 
 120 
 120 
 120 
 120 
 120 
 120 
 120 
 120 
 120 
 120 
 120 
 120 
 120 
 120 
 120 
 120 
 120 
 120 
 120 
 120 
 120 
 120 
 120 
 120 
 120 
 120 
 120 
 120 
 120 
 120 
 120 
 120 
 120 
 120 
 120 
 120 
 120 
 120 
 120 
 120 
 120 
 120 
 120 
 120 
 120 
 120 
 120 
 120 
 120 
 120 
 120 
 120 
 120 
 120 
 120 
 120 
 120 
 120 
 120 
 120 
 120 
 120 
 120 
 120 
 120 
 120 
 120 
 120 
 120 
 120 
 120 
 120 
 120 
 120 
 120 
 120 
 120 
 120 
 120 
 120 
 120 
 120 
 120 
 120 
 120 
 120 
 120 
 120 
 120 
 120 
 120 
 120 
 120 
 120 
 120 
 120 
 120 
 120 
 120 
 120 
 120 
 120 
 120 
 120 
 120 
 120 
 120 
 120 
 120 
 120 
 120 
 120 
 120 
 120 
 120 
 120 
 120 
 120 
 120 
 120 
 120 
 120 
 120 
 120 
 120 
 120 
 120 
 120 
 120 
 120 
 120 
 120 
 120 
 120 
 120 
 120 
 120 
 120 
 120 
 120 
 120 
 120 
 120 
 120 
 120 
 120 
 120 
 120 
 120 
 120 
 120 
 120 
 120 
 120 
 120 
 120 
 120 
 120 
 120 
 120 
 120 
 120 
 120 
 120 
 120 
 120 
 120 
 120 
 120 
 120 
 120 
 120 
 120 
 120 
 120 
 120 
 120 
 120 
 120 
 120 
 120 
 120 
 120 
 120 
 120 
 120 
 120 
 120 
 120 
 120 
 120 
 120 
 120 
 120 
 120 
 120 
 120 
 120 
 120 
 120 
 120 
 120 
 120 
 120 
 120 
 120 
 120 
 120 
 120 
 120 
 120 
 120 
 120 
 120 
 120 
 120 
 120 
 120 
 120 
 120 
 120 
 120 
 120 
 120 
 120 
 120 
 120 
 120 
 120 
 120 
 120 
 120 
 120 
 120 
 120 
 120 
 120 
 120 
 120 
 120 
 120 
 120 
 120 
 120 
 120 
 120 
 120 
 120 
 120 
 120 
 120 
 120 
 120 
 120 
 120 
 120 
 120 
 120 
 120 
 120 
 120 
 120 
 120 
 120 
 120 
 120 
 120 
 120 
 120 
 120 
 120 
 120 
 120 
 120 
 120 
 120 
 120 
 120 
 120 
 120 
 120 
 120 
 120 
 120 
 120 
 120 
 120 
 120 
 120 
 120 
 120 
 120 
 120 
 120 
 120 
 120 
 120 
 120 
 120 
 120 
 120 
 120 
 120 
 120 
 120 
 120 
 120 
 120 
 120 
 120 
 120 
 120 
 120 
 120 
 120 
 120 
 120 
 120 
 120 
 120 
 120 
 120 
 120 
 120 
 120 
 120 
 120 
 120 
 120 
 120 
 120 
 120 
 120 
 120 
 120 
 120 
 120 
 120 
 120 
 120 
 120 
 120 
 120 
 120 
 120 
 120 
 120 
 120 
 120 
 120 
 120 
 120 
 120 
 120 
 120 
 120 
 120 
 120 
 120 
 120 
 120 
 120 
 120 
 120 
 120 
 120 
 120 
 120 
 120 
 120 
 120 
 120 
 120 
 120 
 120 
 120 
 120 
 120 
 120 
 120 
 120 
 120 
 120 
 120 
 120 
 120 
 120 
 120 
 120 
 120 
 120 
 120 
 120 
 120 
 120 
 120 
 120 
 120 
 120 
 120 
 120 
 120 
 120 
 120 
 120 
 120 
 120 
 120 
 120 
 120 
 120 
 120 
 120 
 120 
 120 
 120 
 120 
 120 
 120 
 120 
 120 
 120 
 120 
 120 
 120 
 120 
 120 
 120 
 120 
 120 
 120 
 120 
 120 
 120 
 120 
 120 
 120 
 120 
 120 
 120 
 120 
 120 
 120 
 120 
 120 
 120 
 120 
 120 
 120 
 120 
 120 
 120 
 120 
 120 
 120 
 120 
 120 
 120 
 120 
 120 
 120 
 120 
 120 
 120 
 120 
 120 
 120 
 120 
 120 
 120 
 120 
 120 
 120 
 120 
 120 
 120 
 120 
 120 
 120 
 120 
 120 
 120 
 120 
 120 
 120 
 120 
 120 
 120 
 120 
 120 
 120 
 120 
 120 
 120 
 120 
 120 
 120 
 120 
 120 
 120 
 120 
 120 
 120 
 120 
 120 
 120 
 120 
 120 
 120 
 120 
 120 
 120 
 120 
 120 
 120 
 120 
 120 
 120 
 120 
 120 
 120 
 120 
 120 
 120 
 120 
 120 
 120 
 120 
 120 
 120 
 120 
 120 
 120 
 120 
 120 
 120 
 120 
 120 
 120 
 120 
 120 
 120 
 120 
 120 
 120 
 120 
 120 
 120 
 120 
 120 
 120 
 120 
 120 
 120 
 120 
 120 
 120 
 120 
 120 
 120 
 120 
 120 
 120 
 120 
 120 
 120 
 120 
 120 
 120 
 120 
 120 
 120 
 120 
 120 
 120 
 120 
 120 
 120 
 120 
 120 
 120 
 120 
 120 
 120 
 120 
 120 
 120 
 120 
 120 
 120 
 120 
 120 
 120 
 120 
 120 
 120 
 120 
 120 
 120 
 120 
 120 
 120 
 120 
 120 
 120 
 120 
 120 
 120 
 120 
 120 
 120 
 120 
 120 
 120 
 120 
 120 
 120 
 120 
 120 
 120 
 120 
 120 
 120 
 120 
 120 
 120 
 120 
 120 
 120 
 120 
 120 
 120 
 120 
 120 
 120 
 120 
 120 
 120 
 120 
 120 
 120 
 120 
 120 
 120 
 120 
 120 
 120 
 120 
 120 
 120 
 120 
 120 
 120 
 120 
 120 
 120 
 120 
 120 
 120 
 120 
 120 
 120 
 120 
 120 
 120 
 120 
 120 
 120 
 120 
 120 
 120 
 120 
 120 
 120 
 120 
 120 
 120 
 120 
 120 
 120 
 120 
 120 
 120 
 120 
 120 
 120 
 120 
 120 
 120 
 120 
 120 
 120 
 120 
 120 
 120 
 120 
 120 
 120 
 120 
 120 
 120 
 120 
 120 
 120 
 120 
 120 
 120 
 120 
 120 
 120 
 120 
 120 
 120 
 120 
 120 
 120 
 120 
 120 
 120 
 120 
 120 
 120 
 120 
 120 
 120 
 120 
 120 
 120 
 120 
 120 
 120 
 120 
 120 
 120 
 120 
 120 
 120 
 120 
 120 
 120 
 120 
 120 
 120 
 120 
 120 
 120 
 120 
 120 
 120 
 120 
 120 
 120 
 120 
 120 
 120 
 120 
 120 
 120 
 120 
 120 
 120 
 120 
 120 
 120 
 120 
 120 
 120 
 120 
 120 
 120 
 120 
 120 
 120 
 120 
 120 
 120 
 120 
 120 
 120 
 120 
 120 
 120 
 120 
 120 
 120 
 120 
 120 
 120 
 120 
 120 
 120 
 120 
 120 
 120 
 120 
 120 
 120 
 120 
 120 
 120 
 120 
 120 
 120 
 120 
 120 
 120 
 120 
 120 
 120 
 120 
 120 
 120 
 120 
 120 
 120 
 120 
 120 
 120 
 120 
 120 
 120 
 120 
 120 
 120 
 120 
 120 
 120 
 120 
 120 
 120 
 120 
 120 
 120 
 120 
 120 
 120 
 120 
 120 
 120 
 120 
 120 
 120 
 120 
 120 
 120 
 120 
 120 
 120 
 120 
 120 
 120 
 120 
 120 
 120 
 120 
 120 
 120 
 120 
 120 
 120 
 120 
 120 
 120 
 120 
 120 
 120 
 120 
 120 
 120 
 120 
 120 
 120 
 120 
 120 
 120 
 120 
 120 
 120 
 120 
 120 
 120 
 120 
 120 
 120 
 120 
 120 
 120 
 120 
 120 
 120 
 120 
 120 
 120 
 120 
 120 
 120 
 120 
 120 
 120 
 120 
 120 
 120 
 120 
 120 
 120 
 120 
 120 
 120 
 120 
 120 
 120 
 120 
 120 
 120 
 120 
 120 
 120 
 120 
 120 
 120 
 120 
 120 
 120 
 120 
 120 
 120 
 120 
 120 
 120 
 120 
 120 
 120 
 120 
 120 
 120 
 120 
 120 
 120 
 120 
 120 
 120 
 120 
 120 
 120 
 120 
 120 
 120 
 120 
 120 
 120 
 120 
 120 
 120 
 120 
 120 
 120 
 120 
 120 
 120 
 120 
 120 
 120 
 120 
 120 
 120 
 120 
 120 
 120 
 120 
 120 
 120 
 120 
 120 
 120 
 120 
 120 
 120 
 120 
 120 
 120 
 120 
 120 
 120 
 120 
 120 
 120 
 120 
 120 
 120 
 120 
 120 
 120 
 120 
 120 
 120 
 120 
 120 
 120 
 120 
 120 
 120 
 120 
 120 
 120 
 120 
 120 
 120 
 120 
 120 
 120 
 120 
 120 
 120 
 120 
 120 
 120 
 120 
 120 
 120 
 120 
 120 
 120 
 120 
 120 
 120 
 120 
 120 
 120 
 120 
 120 
 120 
 120 
 120 
 120 
 120 
 120 
 120 
 120 
 120 
 120 
 120 
 120 
 120 
 edgeUsage
0 1 0 
 1 0 0 
 1 1 0 
 1 1 1 
 0 1 0 
 1 0 0 
 1 1 0 
 1 1 1 
 0 1 0 
 1 0 0 
 1 1 0 
 1 1 1 
 0 1 0 
 1 0 0 
 1 1 0 
 1 1 1 
 1 0 0 
 0 1 0 
 0 0 0 
 1 1 1 
 0 1 0 
 1 0 0 
 1 1 0 
 1 1 1 
 0 1 0 
 1 0 0 
 1 1 0 
 1 1 1 
 0 1 0 
 1 0 0 
 1 1 0 
 1 1 1 
 0 1 0 
 1 0 0 
 1 1 0 
 1 1 1 
 0 1 0 
 1 0 0 
 1 1 0 
 1 1 1 
 0 1 0 
 1 0 0 
 1 1 0 
 1 1 1 
 1 0 0 
 0 1 0 
 0 0 0 
 1 1 1 
 0 1 0 
 1 0 0 
 1 1 0 
 1 1 1 
 1 0 0 
 0 1 0 
 0 0 0 
 1 1 1 
 0 1 0 
 1 0 0 
 1 1 0 
 1 1 1 
 0 1 0 
 1 0 0 
 1 1 0 
 1 1 1 
 0 1 0 
 1 0 0 
 1 1 0 
 1 1 1 
 0 1 0 
 1 0 0 
 1 1 0 
 1 1 1 
 0 1 0 
 1 0 0 
 1 1 0 
 1 1 1 
 1 0 0 
 0 1 0 
 0 0 0 
 1 1 1 
 0 1 0 
 1 0 0 
 1 1 0 
 1 1 1 
 1 0 0 
 0 1 0 
 0 0 0 
 1 1 1 
 0 1 0 
 1 0 0 
 1 1 0 
 1 1 1 
 0 1 0 
 1 0 0 
 1 1 0 
 1 1 1 
 0 1 0 
 1 0 0 
 1 1 0 
 1 1 1 
 0 1 0 
 1 0 0 
 1 1 0 
 1 1 1 
 0 1 0 
 1 0 0 
 1 1 0 
 1 1 1 
 0 1 0 
 1 0 0 
 1 1 0 
 1 1 1 
 0 1 0 
 1 0 0 
 1 1 0 
 1 1 1 
 1 0 0 
 0 1 0 
 0 0 0 
 1 1 1 
 0 1 0 
 1 0 0 
 1 1 0 
 1 1 1 
 0 1 0 
 1 0 0 
 1 1 0 
 1 1 1 
 0 1 0 
 1 0 0 
 1 1 0 
 1 1 1 
 1 0 0 
 0 1 0 
 0 0 0 
 1 1 1 
 0 1 0 
 1 0 0 
 1 1 0 
 1 1 1 
 1 0 0 
 0 1 0 
 0 0 0 
 1 1 1 
 0 1 0 
 1 0 0 
 1 1 0 
 1 1 1 
 0 1 0 
 1 0 0 
 1 1 0 
 1 1 1 
 0 1 0 
 1 0 0 
 1 1 0 
 1 1 1 
 1 1 0 
 0 1 0 
 1 0 0 
 1 1 1 
 1 0 0 
 0 1 0 
 0 0 0 
 1 1 1 
 0 1 0 
 1 0 0 
 1 1 0 
 1 1 1 
 bcElement 48
2 190 3 
3 190 1 
10 190 3 
11 190 1 
14 185 3 
15 185 1 
26 185 3 
27 185 1 
30 117 3 
31 117 1 
6 117 3 
7 117 1 
126 6 3 
127 6 1 
159 6 3 
157 6 1 
50 6 3 
51 6 1 
58 6 3 
59 6 1 
82 6 3 
83 6 1 
90 6 3 
91 6 1 
166 6 3 
167 6 1 
110 6 3 
111 6 1 
114 11 3 
115 11 1 
102 11 3 
103 11 1 
106 16 3 
107 16 1 
146 16 3 
147 16 1 
94 16 3 
95 16 1 
70 16 3 
71 16 1 
62 16 3 
63 16 1 
38 16 3 
39 16 1 
22 16 3 
23 16 1 
138 16 3 
139 16 1 
