Edge min = 0.049974, max=0.070745, average=0.056681;
Grid_size 800
Node_size 441
Total_DOF 441
maxDOF 3
Solution_Order 
1 
 meshIEN 
99 2 46 
 2 99 42 
 118 42 99 
 42 118 41 
 137 41 118 
 41 137 40 
 156 40 137 
 40 156 39 
 175 39 156 
 39 175 38 
 194 38 175 
 38 194 37 
 213 37 194 
 37 213 36 
 232 36 213 
 36 232 35 
 251 35 232 
 35 251 34 
 270 34 251 
 34 270 33 
 289 33 270 
 33 289 32 
 308 32 289 
 32 308 31 
 327 31 308 
 31 327 30 
 346 30 327 
 30 346 29 
 365 29 346 
 29 365 28 
 384 28 365 
 28 384 27 
 403 27 384 
 27 403 26 
 422 26 403 
 26 422 25 
 441 25 422 
 25 441 24 
 23 24 441 
 24 23 1 
 45 99 46 
 99 45 98 
 98 118 99 
 118 98 117 
 117 137 118 
 137 117 136 
 136 156 137 
 156 136 155 
 155 175 156 
 175 155 174 
 174 194 175 
 194 174 193 
 193 213 194 
 213 193 212 
 212 232 213 
 232 212 231 
 231 251 232 
 251 231 250 
 250 270 251 
 270 250 269 
 269 289 270 
 289 269 288 
 288 308 289 
 308 288 307 
 307 327 308 
 327 307 326 
 326 346 327 
 346 326 345 
 345 365 346 
 365 345 364 
 364 384 365 
 384 364 383 
 383 403 384 
 403 383 402 
 402 422 403 
 422 402 421 
 421 441 422 
 441 421 440 
 440 23 441 
 23 440 22 
 97 45 47 
 45 97 98 
 97 117 98 
 117 97 116 
 116 136 117 
 136 116 135 
 135 155 136 
 155 135 154 
 154 174 155 
 174 154 173 
 173 193 174 
 193 173 192 
 192 212 193 
 212 192 211 
 211 231 212 
 231 211 230 
 230 250 231 
 250 230 249 
 249 269 250 
 269 249 268 
 268 288 269 
 288 268 287 
 287 307 288 
 307 287 306 
 306 326 307 
 326 306 325 
 325 345 326 
 345 325 344 
 344 364 345 
 364 344 363 
 363 383 364 
 383 363 382 
 382 402 383 
 402 382 401 
 401 421 402 
 421 401 420 
 420 440 421 
 440 420 439 
 439 22 440 
 22 439 21 
 96 47 48 
 47 96 97 
 96 116 97 
 116 96 115 
 115 135 116 
 135 115 134 
 134 154 135 
 154 134 153 
 153 173 154 
 173 153 172 
 172 192 173 
 192 172 191 
 191 211 192 
 211 191 210 
 210 230 211 
 230 210 229 
 229 249 230 
 249 229 248 
 248 268 249 
 268 248 267 
 267 287 268 
 287 267 286 
 286 306 287 
 306 286 305 
 305 325 306 
 325 305 324 
 324 344 325 
 344 324 343 
 343 363 344 
 363 343 362 
 362 382 363 
 382 362 381 
 381 401 382 
 401 381 400 
 400 420 401 
 420 400 419 
 419 439 420 
 439 419 438 
 438 21 439 
 21 438 20 
 44 96 48 
 96 44 95 
 95 115 96 
 115 95 114 
 114 134 115 
 134 114 133 
 133 153 134 
 153 133 152 
 152 172 153 
 172 152 171 
 171 191 172 
 191 171 190 
 190 210 191 
 210 190 209 
 209 229 210 
 229 209 228 
 228 248 229 
 248 228 247 
 247 267 248 
 267 247 266 
 266 286 267 
 286 266 285 
 285 305 286 
 305 285 304 
 304 324 305 
 324 304 323 
 323 343 324 
 343 323 342 
 342 362 343 
 362 342 361 
 361 381 362 
 381 361 380 
 380 400 381 
 400 380 399 
 399 419 400 
 419 399 418 
 418 438 419 
 438 418 437 
 437 20 438 
 20 437 19 
 94 44 50 
 44 94 95 
 94 114 95 
 114 94 113 
 113 133 114 
 133 113 132 
 132 152 133 
 152 132 151 
 151 171 152 
 171 151 170 
 170 190 171 
 190 170 189 
 189 209 190 
 209 189 208 
 208 228 209 
 228 208 227 
 227 247 228 
 247 227 246 
 246 266 247 
 266 246 265 
 265 285 266 
 285 265 284 
 284 304 285 
 304 284 303 
 303 323 304 
 323 303 322 
 322 342 323 
 342 322 341 
 341 361 342 
 361 341 360 
 360 380 361 
 380 360 379 
 379 399 380 
 399 379 398 
 398 418 399 
 418 398 417 
 417 437 418 
 437 417 436 
 436 19 437 
 19 436 18 
 49 94 50 
 94 49 93 
 93 113 94 
 113 93 112 
 112 132 113 
 132 112 131 
 131 151 132 
 151 131 150 
 150 170 151 
 170 150 169 
 169 189 170 
 189 169 188 
 188 208 189 
 208 188 207 
 207 227 208 
 227 207 226 
 226 246 227 
 246 226 245 
 245 265 246 
 265 245 264 
 264 284 265 
 284 264 283 
 283 303 284 
 303 283 302 
 302 322 303 
 322 302 321 
 321 341 322 
 341 321 340 
 340 360 341 
 360 340 359 
 359 379 360 
 379 359 378 
 378 398 379 
 398 378 397 
 397 417 398 
 417 397 416 
 416 436 417 
 436 416 435 
 435 18 436 
 18 435 17 
 92 49 51 
 49 92 93 
 92 112 93 
 112 92 111 
 111 131 112 
 131 111 130 
 130 150 131 
 150 130 149 
 149 169 150 
 169 149 168 
 168 188 169 
 188 168 187 
 187 207 188 
 207 187 206 
 206 226 207 
 226 206 225 
 225 245 226 
 245 225 244 
 244 264 245 
 264 244 263 
 263 283 264 
 283 263 282 
 282 302 283 
 302 282 301 
 301 321 302 
 321 301 320 
 320 340 321 
 340 320 339 
 339 359 340 
 359 339 358 
 358 378 359 
 378 358 377 
 377 397 378 
 397 377 396 
 396 416 397 
 416 396 415 
 415 435 416 
 435 415 434 
 434 17 435 
 17 434 16 
 91 51 52 
 51 91 92 
 91 111 92 
 111 91 110 
 110 130 111 
 130 110 129 
 129 149 130 
 149 129 148 
 148 168 149 
 168 148 167 
 167 187 168 
 187 167 186 
 186 206 187 
 206 186 205 
 205 225 206 
 225 205 224 
 224 244 225 
 244 224 243 
 243 263 244 
 263 243 262 
 262 282 263 
 282 262 281 
 281 301 282 
 301 281 300 
 300 320 301 
 320 300 319 
 319 339 320 
 339 319 338 
 338 358 339 
 358 338 357 
 357 377 358 
 377 357 376 
 376 396 377 
 396 376 395 
 395 415 396 
 415 395 414 
 414 434 415 
 434 414 433 
 433 16 434 
 16 433 15 
 43 91 52 
 91 43 90 
 90 110 91 
 110 90 109 
 109 129 110 
 129 109 128 
 128 148 129 
 148 128 147 
 147 167 148 
 167 147 166 
 166 186 167 
 186 166 185 
 185 205 186 
 205 185 204 
 204 224 205 
 224 204 223 
 223 243 224 
 243 223 242 
 242 262 243 
 262 242 261 
 261 281 262 
 281 261 280 
 280 300 281 
 300 280 299 
 299 319 300 
 319 299 318 
 318 338 319 
 338 318 337 
 337 357 338 
 357 337 356 
 356 376 357 
 376 356 375 
 375 395 376 
 395 375 394 
 394 414 395 
 414 394 413 
 413 433 414 
 433 413 432 
 432 15 433 
 15 432 14 
 89 43 55 
 43 89 90 
 89 109 90 
 109 89 108 
 108 128 109 
 128 108 127 
 127 147 128 
 147 127 146 
 146 166 147 
 166 146 165 
 165 185 166 
 185 165 184 
 184 204 185 
 204 184 203 
 203 223 204 
 223 203 222 
 222 242 223 
 242 222 241 
 241 261 242 
 261 241 260 
 260 280 261 
 280 260 279 
 279 299 280 
 299 279 298 
 298 318 299 
 318 298 317 
 317 337 318 
 337 317 336 
 336 356 337 
 356 336 355 
 355 375 356 
 375 355 374 
 374 394 375 
 394 374 393 
 393 413 394 
 413 393 412 
 412 432 413 
 432 412 431 
 431 14 432 
 14 431 13 
 54 89 55 
 89 54 88 
 88 108 89 
 108 88 107 
 107 127 108 
 127 107 126 
 126 146 127 
 146 126 145 
 145 165 146 
 165 145 164 
 164 184 165 
 184 164 183 
 183 203 184 
 203 183 202 
 202 222 203 
 222 202 221 
 221 241 222 
 241 221 240 
 240 260 241 
 260 240 259 
 259 279 260 
 279 259 278 
 278 298 279 
 298 278 297 
 297 317 298 
 317 297 316 
 316 336 317 
 336 316 335 
 335 355 336 
 355 335 354 
 354 374 355 
 374 354 373 
 373 393 374 
 393 373 392 
 392 412 393 
 412 392 411 
 411 431 412 
 431 411 430 
 430 13 431 
 13 430 12 
 87 54 56 
 54 87 88 
 87 107 88 
 107 87 106 
 106 126 107 
 126 106 125 
 125 145 126 
 145 125 144 
 144 164 145 
 164 144 163 
 163 183 164 
 183 163 182 
 182 202 183 
 202 182 201 
 201 221 202 
 221 201 220 
 220 240 221 
 240 220 239 
 239 259 240 
 259 239 258 
 258 278 259 
 278 258 277 
 277 297 278 
 297 277 296 
 296 316 297 
 316 296 315 
 315 335 316 
 335 315 334 
 334 354 335 
 354 334 353 
 353 373 354 
 373 353 372 
 372 392 373 
 392 372 391 
 391 411 392 
 411 391 410 
 410 430 411 
 430 410 429 
 429 12 430 
 12 429 11 
 86 56 57 
 56 86 87 
 86 106 87 
 106 86 105 
 105 125 106 
 125 105 124 
 124 144 125 
 144 124 143 
 143 163 144 
 163 143 162 
 162 182 163 
 182 162 181 
 181 201 182 
 201 181 200 
 200 220 201 
 220 200 219 
 219 239 220 
 239 219 238 
 238 258 239 
 258 238 257 
 257 277 258 
 277 257 276 
 276 296 277 
 296 276 295 
 295 315 296 
 315 295 314 
 314 334 315 
 334 314 333 
 333 353 334 
 353 333 352 
 352 372 353 
 372 352 371 
 371 391 372 
 391 371 390 
 390 410 391 
 410 390 409 
 409 429 410 
 429 409 428 
 428 11 429 
 11 428 10 
 53 86 57 
 86 53 85 
 85 105 86 
 105 85 104 
 104 124 105 
 124 104 123 
 123 143 124 
 143 123 142 
 142 162 143 
 162 142 161 
 161 181 162 
 181 161 180 
 180 200 181 
 200 180 199 
 199 219 200 
 219 199 218 
 218 238 219 
 238 218 237 
 237 257 238 
 257 237 256 
 256 276 257 
 276 256 275 
 275 295 276 
 295 275 294 
 294 314 295 
 314 294 313 
 313 333 314 
 333 313 332 
 332 352 333 
 352 332 351 
 351 371 352 
 371 351 370 
 370 390 371 
 390 370 389 
 389 409 390 
 409 389 408 
 408 428 409 
 428 408 427 
 427 10 428 
 10 427 9 
 84 53 59 
 53 84 85 
 84 104 85 
 104 84 103 
 103 123 104 
 123 103 122 
 122 142 123 
 142 122 141 
 141 161 142 
 161 141 160 
 160 180 161 
 180 160 179 
 179 199 180 
 199 179 198 
 198 218 199 
 218 198 217 
 217 237 218 
 237 217 236 
 236 256 237 
 256 236 255 
 255 275 256 
 275 255 274 
 274 294 275 
 294 274 293 
 293 313 294 
 313 293 312 
 312 332 313 
 332 312 331 
 331 351 332 
 351 331 350 
 350 370 351 
 370 350 369 
 369 389 370 
 389 369 388 
 388 408 389 
 408 388 407 
 407 427 408 
 427 407 426 
 426 9 427 
 9 426 8 
 58 84 59 
 84 58 83 
 83 103 84 
 103 83 102 
 102 122 103 
 122 102 121 
 121 141 122 
 141 121 140 
 140 160 141 
 160 140 159 
 159 179 160 
 179 159 178 
 178 198 179 
 198 178 197 
 197 217 198 
 217 197 216 
 216 236 217 
 236 216 235 
 235 255 236 
 255 235 254 
 254 274 255 
 274 254 273 
 273 293 274 
 293 273 292 
 292 312 293 
 312 292 311 
 311 331 312 
 331 311 330 
 330 350 331 
 350 330 349 
 349 369 350 
 369 349 368 
 368 388 369 
 388 368 387 
 387 407 388 
 407 387 406 
 406 426 407 
 426 406 425 
 425 8 426 
 8 425 7 
 82 58 60 
 58 82 83 
 82 102 83 
 102 82 101 
 101 121 102 
 121 101 120 
 120 140 121 
 140 120 139 
 139 159 140 
 159 139 158 
 158 178 159 
 178 158 177 
 177 197 178 
 197 177 196 
 196 216 197 
 216 196 215 
 215 235 216 
 235 215 234 
 234 254 235 
 254 234 253 
 253 273 254 
 273 253 272 
 272 292 273 
 292 272 291 
 291 311 292 
 311 291 310 
 310 330 311 
 330 310 329 
 329 349 330 
 349 329 348 
 348 368 349 
 368 348 367 
 367 387 368 
 387 367 386 
 386 406 387 
 406 386 405 
 405 425 406 
 425 405 424 
 424 7 425 
 7 424 6 
 81 60 61 
 60 81 82 
 81 101 82 
 101 81 100 
 100 120 101 
 120 100 119 
 119 139 120 
 139 119 138 
 138 158 139 
 158 138 157 
 157 177 158 
 177 157 176 
 176 196 177 
 196 176 195 
 195 215 196 
 215 195 214 
 214 234 215 
 234 214 233 
 233 253 234 
 253 233 252 
 252 272 253 
 272 252 271 
 271 291 272 
 291 271 290 
 290 310 291 
 310 290 309 
 309 329 310 
 329 309 328 
 328 348 329 
 348 328 347 
 347 367 348 
 367 347 366 
 366 386 367 
 386 366 385 
 385 405 386 
 405 385 404 
 404 424 405 
 424 404 423 
 423 6 424 
 6 423 5 
 4 81 61 
 81 4 62 
 62 100 81 
 100 62 63 
 63 119 100 
 119 63 64 
 64 138 119 
 138 64 65 
 65 157 138 
 157 65 66 
 66 176 157 
 176 66 67 
 67 195 176 
 195 67 68 
 68 214 195 
 214 68 69 
 69 233 214 
 233 69 70 
 70 252 233 
 252 70 71 
 71 271 252 
 271 71 72 
 72 290 271 
 290 72 73 
 73 309 290 
 309 73 74 
 74 328 309 
 328 74 75 
 75 347 328 
 347 75 76 
 76 366 347 
 366 76 77 
 77 385 366 
 385 77 78 
 78 404 385 
 404 78 79 
 79 423 404 
 423 79 80 
 80 5 423 
 5 80 3 
 solutionIEN 
99 2 46 
 2 99 42 
 118 42 99 
 42 118 41 
 137 41 118 
 41 137 40 
 156 40 137 
 40 156 39 
 175 39 156 
 39 175 38 
 194 38 175 
 38 194 37 
 213 37 194 
 37 213 36 
 232 36 213 
 36 232 35 
 251 35 232 
 35 251 34 
 270 34 251 
 34 270 33 
 289 33 270 
 33 289 32 
 308 32 289 
 32 308 31 
 327 31 308 
 31 327 30 
 346 30 327 
 30 346 29 
 365 29 346 
 29 365 28 
 384 28 365 
 28 384 27 
 403 27 384 
 27 403 26 
 422 26 403 
 26 422 25 
 441 25 422 
 25 441 24 
 23 24 441 
 24 23 1 
 45 99 46 
 99 45 98 
 98 118 99 
 118 98 117 
 117 137 118 
 137 117 136 
 136 156 137 
 156 136 155 
 155 175 156 
 175 155 174 
 174 194 175 
 194 174 193 
 193 213 194 
 213 193 212 
 212 232 213 
 232 212 231 
 231 251 232 
 251 231 250 
 250 270 251 
 270 250 269 
 269 289 270 
 289 269 288 
 288 308 289 
 308 288 307 
 307 327 308 
 327 307 326 
 326 346 327 
 346 326 345 
 345 365 346 
 365 345 364 
 364 384 365 
 384 364 383 
 383 403 384 
 403 383 402 
 402 422 403 
 422 402 421 
 421 441 422 
 441 421 440 
 440 23 441 
 23 440 22 
 97 45 47 
 45 97 98 
 97 117 98 
 117 97 116 
 116 136 117 
 136 116 135 
 135 155 136 
 155 135 154 
 154 174 155 
 174 154 173 
 173 193 174 
 193 173 192 
 192 212 193 
 212 192 211 
 211 231 212 
 231 211 230 
 230 250 231 
 250 230 249 
 249 269 250 
 269 249 268 
 268 288 269 
 288 268 287 
 287 307 288 
 307 287 306 
 306 326 307 
 326 306 325 
 325 345 326 
 345 325 344 
 344 364 345 
 364 344 363 
 363 383 364 
 383 363 382 
 382 402 383 
 402 382 401 
 401 421 402 
 421 401 420 
 420 440 421 
 440 420 439 
 439 22 440 
 22 439 21 
 96 47 48 
 47 96 97 
 96 116 97 
 116 96 115 
 115 135 116 
 135 115 134 
 134 154 135 
 154 134 153 
 153 173 154 
 173 153 172 
 172 192 173 
 192 172 191 
 191 211 192 
 211 191 210 
 210 230 211 
 230 210 229 
 229 249 230 
 249 229 248 
 248 268 249 
 268 248 267 
 267 287 268 
 287 267 286 
 286 306 287 
 306 286 305 
 305 325 306 
 325 305 324 
 324 344 325 
 344 324 343 
 343 363 344 
 363 343 362 
 362 382 363 
 382 362 381 
 381 401 382 
 401 381 400 
 400 420 401 
 420 400 419 
 419 439 420 
 439 419 438 
 438 21 439 
 21 438 20 
 44 96 48 
 96 44 95 
 95 115 96 
 115 95 114 
 114 134 115 
 134 114 133 
 133 153 134 
 153 133 152 
 152 172 153 
 172 152 171 
 171 191 172 
 191 171 190 
 190 210 191 
 210 190 209 
 209 229 210 
 229 209 228 
 228 248 229 
 248 228 247 
 247 267 248 
 267 247 266 
 266 286 267 
 286 266 285 
 285 305 286 
 305 285 304 
 304 324 305 
 324 304 323 
 323 343 324 
 343 323 342 
 342 362 343 
 362 342 361 
 361 381 362 
 381 361 380 
 380 400 381 
 400 380 399 
 399 419 400 
 419 399 418 
 418 438 419 
 438 418 437 
 437 20 438 
 20 437 19 
 94 44 50 
 44 94 95 
 94 114 95 
 114 94 113 
 113 133 114 
 133 113 132 
 132 152 133 
 152 132 151 
 151 171 152 
 171 151 170 
 170 190 171 
 190 170 189 
 189 209 190 
 209 189 208 
 208 228 209 
 228 208 227 
 227 247 228 
 247 227 246 
 246 266 247 
 266 246 265 
 265 285 266 
 285 265 284 
 284 304 285 
 304 284 303 
 303 323 304 
 323 303 322 
 322 342 323 
 342 322 341 
 341 361 342 
 361 341 360 
 360 380 361 
 380 360 379 
 379 399 380 
 399 379 398 
 398 418 399 
 418 398 417 
 417 437 418 
 437 417 436 
 436 19 437 
 19 436 18 
 49 94 50 
 94 49 93 
 93 113 94 
 113 93 112 
 112 132 113 
 132 112 131 
 131 151 132 
 151 131 150 
 150 170 151 
 170 150 169 
 169 189 170 
 189 169 188 
 188 208 189 
 208 188 207 
 207 227 208 
 227 207 226 
 226 246 227 
 246 226 245 
 245 265 246 
 265 245 264 
 264 284 265 
 284 264 283 
 283 303 284 
 303 283 302 
 302 322 303 
 322 302 321 
 321 341 322 
 341 321 340 
 340 360 341 
 360 340 359 
 359 379 360 
 379 359 378 
 378 398 379 
 398 378 397 
 397 417 398 
 417 397 416 
 416 436 417 
 436 416 435 
 435 18 436 
 18 435 17 
 92 49 51 
 49 92 93 
 92 112 93 
 112 92 111 
 111 131 112 
 131 111 130 
 130 150 131 
 150 130 149 
 149 169 150 
 169 149 168 
 168 188 169 
 188 168 187 
 187 207 188 
 207 187 206 
 206 226 207 
 226 206 225 
 225 245 226 
 245 225 244 
 244 264 245 
 264 244 263 
 263 283 264 
 283 263 282 
 282 302 283 
 302 282 301 
 301 321 302 
 321 301 320 
 320 340 321 
 340 320 339 
 339 359 340 
 359 339 358 
 358 378 359 
 378 358 377 
 377 397 378 
 397 377 396 
 396 416 397 
 416 396 415 
 415 435 416 
 435 415 434 
 434 17 435 
 17 434 16 
 91 51 52 
 51 91 92 
 91 111 92 
 111 91 110 
 110 130 111 
 130 110 129 
 129 149 130 
 149 129 148 
 148 168 149 
 168 148 167 
 167 187 168 
 187 167 186 
 186 206 187 
 206 186 205 
 205 225 206 
 225 205 224 
 224 244 225 
 244 224 243 
 243 263 244 
 263 243 262 
 262 282 263 
 282 262 281 
 281 301 282 
 301 281 300 
 300 320 301 
 320 300 319 
 319 339 320 
 339 319 338 
 338 358 339 
 358 338 357 
 357 377 358 
 377 357 376 
 376 396 377 
 396 376 395 
 395 415 396 
 415 395 414 
 414 434 415 
 434 414 433 
 433 16 434 
 16 433 15 
 43 91 52 
 91 43 90 
 90 110 91 
 110 90 109 
 109 129 110 
 129 109 128 
 128 148 129 
 148 128 147 
 147 167 148 
 167 147 166 
 166 186 167 
 186 166 185 
 185 205 186 
 205 185 204 
 204 224 205 
 224 204 223 
 223 243 224 
 243 223 242 
 242 262 243 
 262 242 261 
 261 281 262 
 281 261 280 
 280 300 281 
 300 280 299 
 299 319 300 
 319 299 318 
 318 338 319 
 338 318 337 
 337 357 338 
 357 337 356 
 356 376 357 
 376 356 375 
 375 395 376 
 395 375 394 
 394 414 395 
 414 394 413 
 413 433 414 
 433 413 432 
 432 15 433 
 15 432 14 
 89 43 55 
 43 89 90 
 89 109 90 
 109 89 108 
 108 128 109 
 128 108 127 
 127 147 128 
 147 127 146 
 146 166 147 
 166 146 165 
 165 185 166 
 185 165 184 
 184 204 185 
 204 184 203 
 203 223 204 
 223 203 222 
 222 242 223 
 242 222 241 
 241 261 242 
 261 241 260 
 260 280 261 
 280 260 279 
 279 299 280 
 299 279 298 
 298 318 299 
 318 298 317 
 317 337 318 
 337 317 336 
 336 356 337 
 356 336 355 
 355 375 356 
 375 355 374 
 374 394 375 
 394 374 393 
 393 413 394 
 413 393 412 
 412 432 413 
 432 412 431 
 431 14 432 
 14 431 13 
 54 89 55 
 89 54 88 
 88 108 89 
 108 88 107 
 107 127 108 
 127 107 126 
 126 146 127 
 146 126 145 
 145 165 146 
 165 145 164 
 164 184 165 
 184 164 183 
 183 203 184 
 203 183 202 
 202 222 203 
 222 202 221 
 221 241 222 
 241 221 240 
 240 260 241 
 260 240 259 
 259 279 260 
 279 259 278 
 278 298 279 
 298 278 297 
 297 317 298 
 317 297 316 
 316 336 317 
 336 316 335 
 335 355 336 
 355 335 354 
 354 374 355 
 374 354 373 
 373 393 374 
 393 373 392 
 392 412 393 
 412 392 411 
 411 431 412 
 431 411 430 
 430 13 431 
 13 430 12 
 87 54 56 
 54 87 88 
 87 107 88 
 107 87 106 
 106 126 107 
 126 106 125 
 125 145 126 
 145 125 144 
 144 164 145 
 164 144 163 
 163 183 164 
 183 163 182 
 182 202 183 
 202 182 201 
 201 221 202 
 221 201 220 
 220 240 221 
 240 220 239 
 239 259 240 
 259 239 258 
 258 278 259 
 278 258 277 
 277 297 278 
 297 277 296 
 296 316 297 
 316 296 315 
 315 335 316 
 335 315 334 
 334 354 335 
 354 334 353 
 353 373 354 
 373 353 372 
 372 392 373 
 392 372 391 
 391 411 392 
 411 391 410 
 410 430 411 
 430 410 429 
 429 12 430 
 12 429 11 
 86 56 57 
 56 86 87 
 86 106 87 
 106 86 105 
 105 125 106 
 125 105 124 
 124 144 125 
 144 124 143 
 143 163 144 
 163 143 162 
 162 182 163 
 182 162 181 
 181 201 182 
 201 181 200 
 200 220 201 
 220 200 219 
 219 239 220 
 239 219 238 
 238 258 239 
 258 238 257 
 257 277 258 
 277 257 276 
 276 296 277 
 296 276 295 
 295 315 296 
 315 295 314 
 314 334 315 
 334 314 333 
 333 353 334 
 353 333 352 
 352 372 353 
 372 352 371 
 371 391 372 
 391 371 390 
 390 410 391 
 410 390 409 
 409 429 410 
 429 409 428 
 428 11 429 
 11 428 10 
 53 86 57 
 86 53 85 
 85 105 86 
 105 85 104 
 104 124 105 
 124 104 123 
 123 143 124 
 143 123 142 
 142 162 143 
 162 142 161 
 161 181 162 
 181 161 180 
 180 200 181 
 200 180 199 
 199 219 200 
 219 199 218 
 218 238 219 
 238 218 237 
 237 257 238 
 257 237 256 
 256 276 257 
 276 256 275 
 275 295 276 
 295 275 294 
 294 314 295 
 314 294 313 
 313 333 314 
 333 313 332 
 332 352 333 
 352 332 351 
 351 371 352 
 371 351 370 
 370 390 371 
 390 370 389 
 389 409 390 
 409 389 408 
 408 428 409 
 428 408 427 
 427 10 428 
 10 427 9 
 84 53 59 
 53 84 85 
 84 104 85 
 104 84 103 
 103 123 104 
 123 103 122 
 122 142 123 
 142 122 141 
 141 161 142 
 161 141 160 
 160 180 161 
 180 160 179 
 179 199 180 
 199 179 198 
 198 218 199 
 218 198 217 
 217 237 218 
 237 217 236 
 236 256 237 
 256 236 255 
 255 275 256 
 275 255 274 
 274 294 275 
 294 274 293 
 293 313 294 
 313 293 312 
 312 332 313 
 332 312 331 
 331 351 332 
 351 331 350 
 350 370 351 
 370 350 369 
 369 389 370 
 389 369 388 
 388 408 389 
 408 388 407 
 407 427 408 
 427 407 426 
 426 9 427 
 9 426 8 
 58 84 59 
 84 58 83 
 83 103 84 
 103 83 102 
 102 122 103 
 122 102 121 
 121 141 122 
 141 121 140 
 140 160 141 
 160 140 159 
 159 179 160 
 179 159 178 
 178 198 179 
 198 178 197 
 197 217 198 
 217 197 216 
 216 236 217 
 236 216 235 
 235 255 236 
 255 235 254 
 254 274 255 
 274 254 273 
 273 293 274 
 293 273 292 
 292 312 293 
 312 292 311 
 311 331 312 
 331 311 330 
 330 350 331 
 350 330 349 
 349 369 350 
 369 349 368 
 368 388 369 
 388 368 387 
 387 407 388 
 407 387 406 
 406 426 407 
 426 406 425 
 425 8 426 
 8 425 7 
 82 58 60 
 58 82 83 
 82 102 83 
 102 82 101 
 101 121 102 
 121 101 120 
 120 140 121 
 140 120 139 
 139 159 140 
 159 139 158 
 158 178 159 
 178 158 177 
 177 197 178 
 197 177 196 
 196 216 197 
 216 196 215 
 215 235 216 
 235 215 234 
 234 254 235 
 254 234 253 
 253 273 254 
 273 253 272 
 272 292 273 
 292 272 291 
 291 311 292 
 311 291 310 
 310 330 311 
 330 310 329 
 329 349 330 
 349 329 348 
 348 368 349 
 368 348 367 
 367 387 368 
 387 367 386 
 386 406 387 
 406 386 405 
 405 425 406 
 425 405 424 
 424 7 425 
 7 424 6 
 81 60 61 
 60 81 82 
 81 101 82 
 101 81 100 
 100 120 101 
 120 100 119 
 119 139 120 
 139 119 138 
 138 158 139 
 158 138 157 
 157 177 158 
 177 157 176 
 176 196 177 
 196 176 195 
 195 215 196 
 215 195 214 
 214 234 215 
 234 214 233 
 233 253 234 
 253 233 252 
 252 272 253 
 272 252 271 
 271 291 272 
 291 271 290 
 290 310 291 
 310 290 309 
 309 329 310 
 329 309 328 
 328 348 329 
 348 328 347 
 347 367 348 
 367 347 366 
 366 386 367 
 386 366 385 
 385 405 386 
 405 385 404 
 404 424 405 
 424 404 423 
 423 6 424 
 6 423 5 
 4 81 61 
 81 4 62 
 62 100 81 
 100 62 63 
 63 119 100 
 119 63 64 
 64 138 119 
 138 64 65 
 65 157 138 
 157 65 66 
 66 176 157 
 176 66 67 
 67 195 176 
 195 67 68 
 68 214 195 
 214 68 69 
 69 233 214 
 233 69 70 
 70 252 233 
 252 70 71 
 71 271 252 
 271 71 72 
 72 290 271 
 290 72 73 
 73 309 290 
 309 73 74 
 74 328 309 
 328 74 75 
 75 347 328 
 347 75 76 
 76 366 347 
 366 76 77 
 77 385 366 
 385 77 78 
 78 404 385 
 404 78 79 
 79 423 404 
 423 79 80 
 80 5 423 
 5 80 3 
 solutionOrder 
1 1 1 1 
 1 1 1 1 
 1 1 1 1 
 1 1 1 1 
 1 1 1 1 
 1 1 1 1 
 1 1 1 1 
 1 1 1 1 
 1 1 1 1 
 1 1 1 1 
 1 1 1 1 
 1 1 1 1 
 1 1 1 1 
 1 1 1 1 
 1 1 1 1 
 1 1 1 1 
 1 1 1 1 
 1 1 1 1 
 1 1 1 1 
 1 1 1 1 
 1 1 1 1 
 1 1 1 1 
 1 1 1 1 
 1 1 1 1 
 1 1 1 1 
 1 1 1 1 
 1 1 1 1 
 1 1 1 1 
 1 1 1 1 
 1 1 1 1 
 1 1 1 1 
 1 1 1 1 
 1 1 1 1 
 1 1 1 1 
 1 1 1 1 
 1 1 1 1 
 1 1 1 1 
 1 1 1 1 
 1 1 1 1 
 1 1 1 1 
 1 1 1 1 
 1 1 1 1 
 1 1 1 1 
 1 1 1 1 
 1 1 1 1 
 1 1 1 1 
 1 1 1 1 
 1 1 1 1 
 1 1 1 1 
 1 1 1 1 
 1 1 1 1 
 1 1 1 1 
 1 1 1 1 
 1 1 1 1 
 1 1 1 1 
 1 1 1 1 
 1 1 1 1 
 1 1 1 1 
 1 1 1 1 
 1 1 1 1 
 1 1 1 1 
 1 1 1 1 
 1 1 1 1 
 1 1 1 1 
 1 1 1 1 
 1 1 1 1 
 1 1 1 1 
 1 1 1 1 
 1 1 1 1 
 1 1 1 1 
 1 1 1 1 
 1 1 1 1 
 1 1 1 1 
 1 1 1 1 
 1 1 1 1 
 1 1 1 1 
 1 1 1 1 
 1 1 1 1 
 1 1 1 1 
 1 1 1 1 
 1 1 1 1 
 1 1 1 1 
 1 1 1 1 
 1 1 1 1 
 1 1 1 1 
 1 1 1 1 
 1 1 1 1 
 1 1 1 1 
 1 1 1 1 
 1 1 1 1 
 1 1 1 1 
 1 1 1 1 
 1 1 1 1 
 1 1 1 1 
 1 1 1 1 
 1 1 1 1 
 1 1 1 1 
 1 1 1 1 
 1 1 1 1 
 1 1 1 1 
 1 1 1 1 
 1 1 1 1 
 1 1 1 1 
 1 1 1 1 
 1 1 1 1 
 1 1 1 1 
 1 1 1 1 
 1 1 1 1 
 1 1 1 1 
 1 1 1 1 
 1 1 1 1 
 1 1 1 1 
 1 1 1 1 
 1 1 1 1 
 1 1 1 1 
 1 1 1 1 
 1 1 1 1 
 1 1 1 1 
 1 1 1 1 
 1 1 1 1 
 1 1 1 1 
 1 1 1 1 
 1 1 1 1 
 1 1 1 1 
 1 1 1 1 
 1 1 1 1 
 1 1 1 1 
 1 1 1 1 
 1 1 1 1 
 1 1 1 1 
 1 1 1 1 
 1 1 1 1 
 1 1 1 1 
 1 1 1 1 
 1 1 1 1 
 1 1 1 1 
 1 1 1 1 
 1 1 1 1 
 1 1 1 1 
 1 1 1 1 
 1 1 1 1 
 1 1 1 1 
 1 1 1 1 
 1 1 1 1 
 1 1 1 1 
 1 1 1 1 
 1 1 1 1 
 1 1 1 1 
 1 1 1 1 
 1 1 1 1 
 1 1 1 1 
 1 1 1 1 
 1 1 1 1 
 1 1 1 1 
 1 1 1 1 
 1 1 1 1 
 1 1 1 1 
 1 1 1 1 
 1 1 1 1 
 1 1 1 1 
 1 1 1 1 
 1 1 1 1 
 1 1 1 1 
 1 1 1 1 
 1 1 1 1 
 1 1 1 1 
 1 1 1 1 
 1 1 1 1 
 1 1 1 1 
 1 1 1 1 
 1 1 1 1 
 1 1 1 1 
 1 1 1 1 
 1 1 1 1 
 1 1 1 1 
 1 1 1 1 
 1 1 1 1 
 1 1 1 1 
 1 1 1 1 
 1 1 1 1 
 1 1 1 1 
 1 1 1 1 
 1 1 1 1 
 1 1 1 1 
 1 1 1 1 
 1 1 1 1 
 1 1 1 1 
 1 1 1 1 
 1 1 1 1 
 1 1 1 1 
 1 1 1 1 
 1 1 1 1 
 1 1 1 1 
 1 1 1 1 
 1 1 1 1 
 1 1 1 1 
 1 1 1 1 
 1 1 1 1 
 1 1 1 1 
 1 1 1 1 
 1 1 1 1 
 1 1 1 1 
 1 1 1 1 
 1 1 1 1 
 1 1 1 1 
 1 1 1 1 
 1 1 1 1 
 1 1 1 1 
 1 1 1 1 
 1 1 1 1 
 1 1 1 1 
 1 1 1 1 
 1 1 1 1 
 1 1 1 1 
 1 1 1 1 
 1 1 1 1 
 1 1 1 1 
 1 1 1 1 
 1 1 1 1 
 1 1 1 1 
 1 1 1 1 
 1 1 1 1 
 1 1 1 1 
 1 1 1 1 
 1 1 1 1 
 1 1 1 1 
 1 1 1 1 
 1 1 1 1 
 1 1 1 1 
 1 1 1 1 
 1 1 1 1 
 1 1 1 1 
 1 1 1 1 
 1 1 1 1 
 1 1 1 1 
 1 1 1 1 
 1 1 1 1 
 1 1 1 1 
 1 1 1 1 
 1 1 1 1 
 1 1 1 1 
 1 1 1 1 
 1 1 1 1 
 1 1 1 1 
 1 1 1 1 
 1 1 1 1 
 1 1 1 1 
 1 1 1 1 
 1 1 1 1 
 1 1 1 1 
 1 1 1 1 
 1 1 1 1 
 1 1 1 1 
 1 1 1 1 
 1 1 1 1 
 1 1 1 1 
 1 1 1 1 
 1 1 1 1 
 1 1 1 1 
 1 1 1 1 
 1 1 1 1 
 1 1 1 1 
 1 1 1 1 
 1 1 1 1 
 1 1 1 1 
 1 1 1 1 
 1 1 1 1 
 1 1 1 1 
 1 1 1 1 
 1 1 1 1 
 1 1 1 1 
 1 1 1 1 
 1 1 1 1 
 1 1 1 1 
 1 1 1 1 
 1 1 1 1 
 1 1 1 1 
 1 1 1 1 
 1 1 1 1 
 1 1 1 1 
 1 1 1 1 
 1 1 1 1 
 1 1 1 1 
 1 1 1 1 
 1 1 1 1 
 1 1 1 1 
 1 1 1 1 
 1 1 1 1 
 1 1 1 1 
 1 1 1 1 
 1 1 1 1 
 1 1 1 1 
 1 1 1 1 
 1 1 1 1 
 1 1 1 1 
 1 1 1 1 
 1 1 1 1 
 1 1 1 1 
 1 1 1 1 
 1 1 1 1 
 1 1 1 1 
 1 1 1 1 
 1 1 1 1 
 1 1 1 1 
 1 1 1 1 
 1 1 1 1 
 1 1 1 1 
 1 1 1 1 
 1 1 1 1 
 1 1 1 1 
 1 1 1 1 
 1 1 1 1 
 1 1 1 1 
 1 1 1 1 
 1 1 1 1 
 1 1 1 1 
 1 1 1 1 
 1 1 1 1 
 1 1 1 1 
 1 1 1 1 
 1 1 1 1 
 1 1 1 1 
 1 1 1 1 
 1 1 1 1 
 1 1 1 1 
 1 1 1 1 
 1 1 1 1 
 1 1 1 1 
 1 1 1 1 
 1 1 1 1 
 1 1 1 1 
 1 1 1 1 
 1 1 1 1 
 1 1 1 1 
 1 1 1 1 
 1 1 1 1 
 1 1 1 1 
 1 1 1 1 
 1 1 1 1 
 1 1 1 1 
 1 1 1 1 
 1 1 1 1 
 1 1 1 1 
 1 1 1 1 
 1 1 1 1 
 1 1 1 1 
 1 1 1 1 
 1 1 1 1 
 1 1 1 1 
 1 1 1 1 
 1 1 1 1 
 1 1 1 1 
 1 1 1 1 
 1 1 1 1 
 1 1 1 1 
 1 1 1 1 
 1 1 1 1 
 1 1 1 1 
 1 1 1 1 
 1 1 1 1 
 1 1 1 1 
 1 1 1 1 
 1 1 1 1 
 1 1 1 1 
 1 1 1 1 
 1 1 1 1 
 1 1 1 1 
 1 1 1 1 
 1 1 1 1 
 1 1 1 1 
 1 1 1 1 
 1 1 1 1 
 1 1 1 1 
 1 1 1 1 
 1 1 1 1 
 1 1 1 1 
 1 1 1 1 
 1 1 1 1 
 1 1 1 1 
 1 1 1 1 
 1 1 1 1 
 1 1 1 1 
 1 1 1 1 
 1 1 1 1 
 1 1 1 1 
 1 1 1 1 
 1 1 1 1 
 1 1 1 1 
 1 1 1 1 
 1 1 1 1 
 1 1 1 1 
 1 1 1 1 
 1 1 1 1 
 1 1 1 1 
 1 1 1 1 
 1 1 1 1 
 1 1 1 1 
 1 1 1 1 
 1 1 1 1 
 1 1 1 1 
 1 1 1 1 
 1 1 1 1 
 1 1 1 1 
 1 1 1 1 
 1 1 1 1 
 1 1 1 1 
 1 1 1 1 
 1 1 1 1 
 1 1 1 1 
 1 1 1 1 
 1 1 1 1 
 1 1 1 1 
 1 1 1 1 
 1 1 1 1 
 1 1 1 1 
 1 1 1 1 
 1 1 1 1 
 1 1 1 1 
 1 1 1 1 
 1 1 1 1 
 1 1 1 1 
 1 1 1 1 
 1 1 1 1 
 1 1 1 1 
 1 1 1 1 
 1 1 1 1 
 1 1 1 1 
 1 1 1 1 
 1 1 1 1 
 1 1 1 1 
 1 1 1 1 
 1 1 1 1 
 1 1 1 1 
 1 1 1 1 
 1 1 1 1 
 1 1 1 1 
 1 1 1 1 
 1 1 1 1 
 1 1 1 1 
 1 1 1 1 
 1 1 1 1 
 1 1 1 1 
 1 1 1 1 
 1 1 1 1 
 1 1 1 1 
 1 1 1 1 
 1 1 1 1 
 1 1 1 1 
 1 1 1 1 
 1 1 1 1 
 1 1 1 1 
 1 1 1 1 
 1 1 1 1 
 1 1 1 1 
 1 1 1 1 
 1 1 1 1 
 1 1 1 1 
 1 1 1 1 
 1 1 1 1 
 1 1 1 1 
 1 1 1 1 
 1 1 1 1 
 1 1 1 1 
 1 1 1 1 
 1 1 1 1 
 1 1 1 1 
 1 1 1 1 
 1 1 1 1 
 1 1 1 1 
 1 1 1 1 
 1 1 1 1 
 1 1 1 1 
 1 1 1 1 
 1 1 1 1 
 1 1 1 1 
 1 1 1 1 
 1 1 1 1 
 1 1 1 1 
 1 1 1 1 
 1 1 1 1 
 1 1 1 1 
 1 1 1 1 
 1 1 1 1 
 1 1 1 1 
 1 1 1 1 
 1 1 1 1 
 1 1 1 1 
 1 1 1 1 
 1 1 1 1 
 1 1 1 1 
 1 1 1 1 
 1 1 1 1 
 1 1 1 1 
 1 1 1 1 
 1 1 1 1 
 1 1 1 1 
 1 1 1 1 
 1 1 1 1 
 1 1 1 1 
 1 1 1 1 
 1 1 1 1 
 1 1 1 1 
 1 1 1 1 
 1 1 1 1 
 1 1 1 1 
 1 1 1 1 
 1 1 1 1 
 1 1 1 1 
 1 1 1 1 
 1 1 1 1 
 1 1 1 1 
 1 1 1 1 
 1 1 1 1 
 1 1 1 1 
 1 1 1 1 
 1 1 1 1 
 1 1 1 1 
 1 1 1 1 
 1 1 1 1 
 1 1 1 1 
 1 1 1 1 
 1 1 1 1 
 1 1 1 1 
 1 1 1 1 
 1 1 1 1 
 1 1 1 1 
 1 1 1 1 
 1 1 1 1 
 1 1 1 1 
 1 1 1 1 
 1 1 1 1 
 1 1 1 1 
 1 1 1 1 
 1 1 1 1 
 1 1 1 1 
 1 1 1 1 
 1 1 1 1 
 1 1 1 1 
 1 1 1 1 
 1 1 1 1 
 1 1 1 1 
 1 1 1 1 
 1 1 1 1 
 1 1 1 1 
 1 1 1 1 
 1 1 1 1 
 1 1 1 1 
 1 1 1 1 
 1 1 1 1 
 1 1 1 1 
 1 1 1 1 
 1 1 1 1 
 1 1 1 1 
 1 1 1 1 
 1 1 1 1 
 1 1 1 1 
 1 1 1 1 
 1 1 1 1 
 1 1 1 1 
 1 1 1 1 
 1 1 1 1 
 1 1 1 1 
 1 1 1 1 
 1 1 1 1 
 1 1 1 1 
 1 1 1 1 
 1 1 1 1 
 1 1 1 1 
 1 1 1 1 
 1 1 1 1 
 1 1 1 1 
 1 1 1 1 
 1 1 1 1 
 1 1 1 1 
 1 1 1 1 
 1 1 1 1 
 1 1 1 1 
 1 1 1 1 
 1 1 1 1 
 1 1 1 1 
 1 1 1 1 
 1 1 1 1 
 1 1 1 1 
 1 1 1 1 
 1 1 1 1 
 1 1 1 1 
 1 1 1 1 
 1 1 1 1 
 1 1 1 1 
 1 1 1 1 
 1 1 1 1 
 1 1 1 1 
 1 1 1 1 
 1 1 1 1 
 1 1 1 1 
 1 1 1 1 
 1 1 1 1 
 1 1 1 1 
 1 1 1 1 
 1 1 1 1 
 1 1 1 1 
 1 1 1 1 
 1 1 1 1 
 1 1 1 1 
 1 1 1 1 
 1 1 1 1 
 1 1 1 1 
 1 1 1 1 
 1 1 1 1 
 1 1 1 1 
 1 1 1 1 
 1 1 1 1 
 1 1 1 1 
 1 1 1 1 
 1 1 1 1 
 1 1 1 1 
 1 1 1 1 
 1 1 1 1 
 1 1 1 1 
 1 1 1 1 
 1 1 1 1 
 1 1 1 1 
 1 1 1 1 
 1 1 1 1 
 1 1 1 1 
 1 1 1 1 
 1 1 1 1 
 1 1 1 1 
 1 1 1 1 
 1 1 1 1 
 1 1 1 1 
 1 1 1 1 
 1 1 1 1 
 1 1 1 1 
 1 1 1 1 
 1 1 1 1 
 1 1 1 1 
 1 1 1 1 
 1 1 1 1 
 1 1 1 1 
 1 1 1 1 
 1 1 1 1 
 1 1 1 1 
 1 1 1 1 
 1 1 1 1 
 1 1 1 1 
 1 1 1 1 
 1 1 1 1 
 1 1 1 1 
 1 1 1 1 
 1 1 1 1 
 1 1 1 1 
 1 1 1 1 
 1 1 1 1 
 1 1 1 1 
 1 1 1 1 
 1 1 1 1 
 1 1 1 1 
 1 1 1 1 
 1 1 1 1 
 1 1 1 1 
 1 1 1 1 
 1 1 1 1 
 1 1 1 1 
 1 1 1 1 
 1 1 1 1 
 1 1 1 1 
 1 1 1 1 
 1 1 1 1 
 1 1 1 1 
 1 1 1 1 
 1 1 1 1 
 1 1 1 1 
 1 1 1 1 
 1 1 1 1 
 1 1 1 1 
 1 1 1 1 
 1 1 1 1 
 1 1 1 1 
 1 1 1 1 
 1 1 1 1 
 1 1 1 1 
 1 1 1 1 
 1 1 1 1 
 1 1 1 1 
 1 1 1 1 
 1 1 1 1 
 1 1 1 1 
 1 1 1 1 
 1 1 1 1 
 1 1 1 1 
 1 1 1 1 
 1 1 1 1 
 1 1 1 1 
 1 1 1 1 
 1 1 1 1 
 1 1 1 1 
 1 1 1 1 
 1 1 1 1 
 1 1 1 1 
 1 1 1 1 
 1 1 1 1 
 1 1 1 1 
 1 1 1 1 
 1 1 1 1 
 1 1 1 1 
 1 1 1 1 
 1 1 1 1 
 1 1 1 1 
 1 1 1 1 
 1 1 1 1 
 1 1 1 1 
 1 1 1 1 
 1 1 1 1 
 1 1 1 1 
 1 1 1 1 
 1 1 1 1 
 1 1 1 1 
 1 1 1 1 
 1 1 1 1 
 1 1 1 1 
 1 1 1 1 
 1 1 1 1 
 1 1 1 1 
 1 1 1 1 
 1 1 1 1 
 1 1 1 1 
 1 1 1 1 
 1 1 1 1 
 1 1 1 1 
 1 1 1 1 
 1 1 1 1 
 1 1 1 1 
 1 1 1 1 
 1 1 1 1 
 1 1 1 1 
 1 1 1 1 
 1 1 1 1 
 1 1 1 1 
 1 1 1 1 
 1 1 1 1 
 1 1 1 1 
 1 1 1 1 
 1 1 1 1 
 1 1 1 1 
 1 1 1 1 
 1 1 1 1 
 1 1 1 1 
 1 1 1 1 
 1 1 1 1 
 1 1 1 1 
 1 1 1 1 
 1 1 1 1 
 1 1 1 1 
 1 1 1 1 
 1 1 1 1 
 1 1 1 1 
 1 1 1 1 
 1 1 1 1 
 1 1 1 1 
 1 1 1 1 
 1 1 1 1 
 1 1 1 1 
 1 1 1 1 
 1 1 1 1 
 1 1 1 1 
 1 1 1 1 
 1 1 1 1 
 1 1 1 1 
 1 1 1 1 
 1 1 1 1 
 1 1 1 1 
 1 1 1 1 
 1 1 1 1 
 1 1 1 1 
 1 1 1 1 
 1 1 1 1 
 1 1 1 1 
 1 1 1 1 
 1 1 1 1 
 1 1 1 1 
 1 1 1 1 
 1 1 1 1 
 1 1 1 1 
 1 1 1 1 
 1 1 1 1 
 1 1 1 1 
 1 1 1 1 
 1 1 1 1 
 1 1 1 1 
 1 1 1 1 
 1 1 1 1 
 1 1 1 1 
 1 1 1 1 
 1 1 1 1 
 1 1 1 1 
 1 1 1 1 
 1 1 1 1 
 1 1 1 1 
 1 1 1 1 
 vertexCoord 
1.000000 1.000000 
 0.000000 1.000000 
 1.000000 0.000000 
 0.000000 0.000000 
 1.000000 0.049974 
 1.000000 0.099948 
 1.000000 0.149959 
 1.000000 0.199951 
 1.000000 0.250000 
 1.000000 0.299974 
 1.000000 0.349948 
 1.000000 0.399959 
 1.000000 0.449951 
 1.000000 0.500000 
 1.000000 0.549974 
 1.000000 0.599948 
 1.000000 0.649959 
 1.000000 0.699951 
 1.000000 0.750000 
 1.000000 0.799974 
 1.000000 0.849948 
 1.000000 0.899959 
 1.000000 0.949951 
 0.950000 1.000000 
 0.900000 1.000000 
 0.850000 1.000000 
 0.800000 1.000000 
 0.750000 1.000000 
 0.700000 1.000000 
 0.650000 1.000000 
 0.600000 1.000000 
 0.550000 1.000000 
 0.500000 1.000000 
 0.450000 1.000000 
 0.400000 1.000000 
 0.350000 1.000000 
 0.300000 1.000000 
 0.250000 1.000000 
 0.200000 1.000000 
 0.150000 1.000000 
 0.100000 1.000000 
 0.050000 1.000000 
 0.000000 0.500000 
 0.000000 0.750000 
 0.000000 0.899959 
 0.000000 0.949951 
 0.000000 0.849948 
 0.000000 0.799974 
 0.000000 0.649959 
 0.000000 0.699951 
 0.000000 0.599948 
 0.000000 0.549974 
 0.000000 0.250000 
 0.000000 0.399959 
 0.000000 0.449951 
 0.000000 0.349948 
 0.000000 0.299974 
 0.000000 0.149959 
 0.000000 0.199951 
 0.000000 0.099948 
 0.000000 0.049974 
 0.050000 0.000000 
 0.100000 0.000000 
 0.150000 0.000000 
 0.200000 0.000000 
 0.250000 0.000000 
 0.300000 0.000000 
 0.350000 0.000000 
 0.400000 0.000000 
 0.450000 0.000000 
 0.500000 0.000000 
 0.550000 0.000000 
 0.600000 0.000000 
 0.650000 0.000000 
 0.700000 0.000000 
 0.750000 0.000000 
 0.800000 0.000000 
 0.850000 0.000000 
 0.900000 0.000000 
 0.950000 0.000000 
 0.050000 0.049974 
 0.050000 0.099948 
 0.050000 0.149959 
 0.050000 0.199951 
 0.050000 0.250000 
 0.050000 0.299974 
 0.050000 0.349948 
 0.050000 0.399959 
 0.050000 0.449951 
 0.050000 0.500000 
 0.050000 0.549974 
 0.050000 0.599948 
 0.050000 0.649959 
 0.050000 0.699951 
 0.050000 0.750000 
 0.050000 0.799974 
 0.050000 0.849948 
 0.050000 0.899959 
 0.050000 0.949951 
 0.100000 0.049974 
 0.100000 0.099948 
 0.100000 0.149959 
 0.100000 0.199951 
 0.100000 0.250000 
 0.100000 0.299974 
 0.100000 0.349948 
 0.100000 0.399959 
 0.100000 0.449951 
 0.100000 0.500000 
 0.100000 0.549974 
 0.100000 0.599948 
 0.100000 0.649959 
 0.100000 0.699951 
 0.100000 0.750000 
 0.100000 0.799974 
 0.100000 0.849948 
 0.100000 0.899959 
 0.100000 0.949951 
 0.150000 0.049974 
 0.150000 0.099948 
 0.150000 0.149959 
 0.150000 0.199951 
 0.150000 0.250000 
 0.150000 0.299974 
 0.150000 0.349948 
 0.150000 0.399959 
 0.150000 0.449951 
 0.150000 0.500000 
 0.150000 0.549974 
 0.150000 0.599948 
 0.150000 0.649959 
 0.150000 0.699951 
 0.150000 0.750000 
 0.150000 0.799974 
 0.150000 0.849948 
 0.150000 0.899959 
 0.150000 0.949951 
 0.200000 0.049974 
 0.200000 0.099948 
 0.200000 0.149959 
 0.200000 0.199951 
 0.200000 0.250000 
 0.200000 0.299974 
 0.200000 0.349948 
 0.200000 0.399959 
 0.200000 0.449951 
 0.200000 0.500000 
 0.200000 0.549974 
 0.200000 0.599948 
 0.200000 0.649959 
 0.200000 0.699951 
 0.200000 0.750000 
 0.200000 0.799974 
 0.200000 0.849948 
 0.200000 0.899959 
 0.200000 0.949951 
 0.250000 0.049974 
 0.250000 0.099948 
 0.250000 0.149959 
 0.250000 0.199951 
 0.250000 0.250000 
 0.250000 0.299974 
 0.250000 0.349948 
 0.250000 0.399959 
 0.250000 0.449951 
 0.250000 0.500000 
 0.250000 0.549974 
 0.250000 0.599948 
 0.250000 0.649959 
 0.250000 0.699951 
 0.250000 0.750000 
 0.250000 0.799974 
 0.250000 0.849948 
 0.250000 0.899959 
 0.250000 0.949951 
 0.300000 0.049974 
 0.300000 0.099948 
 0.300000 0.149959 
 0.300000 0.199951 
 0.300000 0.250000 
 0.300000 0.299974 
 0.300000 0.349948 
 0.300000 0.399959 
 0.300000 0.449951 
 0.300000 0.500000 
 0.300000 0.549974 
 0.300000 0.599948 
 0.300000 0.649959 
 0.300000 0.699951 
 0.300000 0.750000 
 0.300000 0.799974 
 0.300000 0.849948 
 0.300000 0.899959 
 0.300000 0.949951 
 0.350000 0.049974 
 0.350000 0.099948 
 0.350000 0.149959 
 0.350000 0.199951 
 0.350000 0.250000 
 0.350000 0.299974 
 0.350000 0.349948 
 0.350000 0.399959 
 0.350000 0.449951 
 0.350000 0.500000 
 0.350000 0.549974 
 0.350000 0.599948 
 0.350000 0.649959 
 0.350000 0.699951 
 0.350000 0.750000 
 0.350000 0.799974 
 0.350000 0.849948 
 0.350000 0.899959 
 0.350000 0.949951 
 0.400000 0.049974 
 0.400000 0.099948 
 0.400000 0.149959 
 0.400000 0.199951 
 0.400000 0.250000 
 0.400000 0.299974 
 0.400000 0.349948 
 0.400000 0.399959 
 0.400000 0.449951 
 0.400000 0.500000 
 0.400000 0.549974 
 0.400000 0.599948 
 0.400000 0.649959 
 0.400000 0.699951 
 0.400000 0.750000 
 0.400000 0.799974 
 0.400000 0.849948 
 0.400000 0.899959 
 0.400000 0.949951 
 0.450000 0.049974 
 0.450000 0.099948 
 0.450000 0.149959 
 0.450000 0.199951 
 0.450000 0.250000 
 0.450000 0.299974 
 0.450000 0.349948 
 0.450000 0.399959 
 0.450000 0.449951 
 0.450000 0.500000 
 0.450000 0.549974 
 0.450000 0.599948 
 0.450000 0.649959 
 0.450000 0.699951 
 0.450000 0.750000 
 0.450000 0.799974 
 0.450000 0.849948 
 0.450000 0.899959 
 0.450000 0.949951 
 0.500000 0.049974 
 0.500000 0.099948 
 0.500000 0.149959 
 0.500000 0.199951 
 0.500000 0.250000 
 0.500000 0.299974 
 0.500000 0.349948 
 0.500000 0.399959 
 0.500000 0.449951 
 0.500000 0.500000 
 0.500000 0.549974 
 0.500000 0.599948 
 0.500000 0.649959 
 0.500000 0.699951 
 0.500000 0.750000 
 0.500000 0.799974 
 0.500000 0.849948 
 0.500000 0.899959 
 0.500000 0.949951 
 0.550000 0.049974 
 0.550000 0.099948 
 0.550000 0.149959 
 0.550000 0.199951 
 0.550000 0.250000 
 0.550000 0.299974 
 0.550000 0.349948 
 0.550000 0.399959 
 0.550000 0.449951 
 0.550000 0.500000 
 0.550000 0.549974 
 0.550000 0.599948 
 0.550000 0.649959 
 0.550000 0.699951 
 0.550000 0.750000 
 0.550000 0.799974 
 0.550000 0.849948 
 0.550000 0.899959 
 0.550000 0.949951 
 0.600000 0.049974 
 0.600000 0.099948 
 0.600000 0.149959 
 0.600000 0.199951 
 0.600000 0.250000 
 0.600000 0.299974 
 0.600000 0.349948 
 0.600000 0.399959 
 0.600000 0.449951 
 0.600000 0.500000 
 0.600000 0.549974 
 0.600000 0.599948 
 0.600000 0.649959 
 0.600000 0.699951 
 0.600000 0.750000 
 0.600000 0.799974 
 0.600000 0.849948 
 0.600000 0.899959 
 0.600000 0.949951 
 0.650000 0.049974 
 0.650000 0.099948 
 0.650000 0.149959 
 0.650000 0.199951 
 0.650000 0.250000 
 0.650000 0.299974 
 0.650000 0.349948 
 0.650000 0.399959 
 0.650000 0.449951 
 0.650000 0.500000 
 0.650000 0.549974 
 0.650000 0.599948 
 0.650000 0.649959 
 0.650000 0.699951 
 0.650000 0.750000 
 0.650000 0.799974 
 0.650000 0.849948 
 0.650000 0.899959 
 0.650000 0.949951 
 0.700000 0.049974 
 0.700000 0.099948 
 0.700000 0.149959 
 0.700000 0.199951 
 0.700000 0.250000 
 0.700000 0.299974 
 0.700000 0.349948 
 0.700000 0.399959 
 0.700000 0.449951 
 0.700000 0.500000 
 0.700000 0.549974 
 0.700000 0.599948 
 0.700000 0.649959 
 0.700000 0.699951 
 0.700000 0.750000 
 0.700000 0.799974 
 0.700000 0.849948 
 0.700000 0.899959 
 0.700000 0.949951 
 0.750000 0.049974 
 0.750000 0.099948 
 0.750000 0.149959 
 0.750000 0.199951 
 0.750000 0.250000 
 0.750000 0.299974 
 0.750000 0.349948 
 0.750000 0.399959 
 0.750000 0.449951 
 0.750000 0.500000 
 0.750000 0.549974 
 0.750000 0.599948 
 0.750000 0.649959 
 0.750000 0.699951 
 0.750000 0.750000 
 0.750000 0.799974 
 0.750000 0.849948 
 0.750000 0.899959 
 0.750000 0.949951 
 0.800000 0.049974 
 0.800000 0.099948 
 0.800000 0.149959 
 0.800000 0.199951 
 0.800000 0.250000 
 0.800000 0.299974 
 0.800000 0.349948 
 0.800000 0.399959 
 0.800000 0.449951 
 0.800000 0.500000 
 0.800000 0.549974 
 0.800000 0.599948 
 0.800000 0.649959 
 0.800000 0.699951 
 0.800000 0.750000 
 0.800000 0.799974 
 0.800000 0.849948 
 0.800000 0.899959 
 0.800000 0.949951 
 0.850000 0.049974 
 0.850000 0.099948 
 0.850000 0.149959 
 0.850000 0.199951 
 0.850000 0.250000 
 0.850000 0.299974 
 0.850000 0.349948 
 0.850000 0.399959 
 0.850000 0.449951 
 0.850000 0.500000 
 0.850000 0.549974 
 0.850000 0.599948 
 0.850000 0.649959 
 0.850000 0.699951 
 0.850000 0.750000 
 0.850000 0.799974 
 0.850000 0.849948 
 0.850000 0.899959 
 0.850000 0.949951 
 0.900000 0.049974 
 0.900000 0.099948 
 0.900000 0.149959 
 0.900000 0.199951 
 0.900000 0.250000 
 0.900000 0.299974 
 0.900000 0.349948 
 0.900000 0.399959 
 0.900000 0.449951 
 0.900000 0.500000 
 0.900000 0.549974 
 0.900000 0.599948 
 0.900000 0.649959 
 0.900000 0.699951 
 0.900000 0.750000 
 0.900000 0.799974 
 0.900000 0.849948 
 0.900000 0.899959 
 0.900000 0.949951 
 0.950000 0.049974 
 0.950000 0.099948 
 0.950000 0.149959 
 0.950000 0.199951 
 0.950000 0.250000 
 0.950000 0.299974 
 0.950000 0.349948 
 0.950000 0.399959 
 0.950000 0.449951 
 0.950000 0.500000 
 0.950000 0.549974 
 0.950000 0.599948 
 0.950000 0.649959 
 0.950000 0.699951 
 0.950000 0.750000 
 0.950000 0.799974 
 0.950000 0.849948 
 0.950000 0.899959 
 0.950000 0.949951 
 bc_tag 
5 
2 
16 
18 
23 
23 
23 
23 
23 
23 
23 
23 
23 
23 
23 
23 
23 
23 
23 
23 
23 
23 
23 
6 
6 
6 
6 
6 
6 
6 
6 
6 
6 
6 
6 
6 
6 
6 
6 
6 
6 
6 
24 
24 
24 
24 
24 
24 
24 
24 
24 
24 
24 
24 
24 
24 
24 
24 
24 
24 
24 
14 
14 
14 
14 
14 
14 
14 
14 
14 
14 
14 
14 
14 
14 
14 
14 
14 
14 
14 
26 
26 
26 
26 
26 
26 
26 
26 
26 
26 
26 
26 
26 
26 
26 
26 
26 
26 
26 
26 
26 
26 
26 
26 
26 
26 
26 
26 
26 
26 
26 
26 
26 
26 
26 
26 
26 
26 
26 
26 
26 
26 
26 
26 
26 
26 
26 
26 
26 
26 
26 
26 
26 
26 
26 
26 
26 
26 
26 
26 
26 
26 
26 
26 
26 
26 
26 
26 
26 
26 
26 
26 
26 
26 
26 
26 
26 
26 
26 
26 
26 
26 
26 
26 
26 
26 
26 
26 
26 
26 
26 
26 
26 
26 
26 
26 
26 
26 
26 
26 
26 
26 
26 
26 
26 
26 
26 
26 
26 
26 
26 
26 
26 
26 
26 
26 
26 
26 
26 
26 
26 
26 
26 
26 
26 
26 
26 
26 
26 
26 
26 
26 
26 
26 
26 
26 
26 
26 
26 
26 
26 
26 
26 
26 
26 
26 
26 
26 
26 
26 
26 
26 
26 
26 
26 
26 
26 
26 
26 
26 
26 
26 
26 
26 
26 
26 
26 
26 
26 
26 
26 
26 
26 
26 
26 
26 
26 
26 
26 
26 
26 
26 
26 
26 
26 
26 
26 
26 
26 
26 
26 
26 
26 
26 
26 
26 
26 
26 
26 
26 
26 
26 
26 
26 
26 
26 
26 
26 
26 
26 
26 
26 
26 
26 
26 
26 
26 
26 
26 
26 
26 
26 
26 
26 
26 
26 
26 
26 
26 
26 
26 
26 
26 
26 
26 
26 
26 
26 
26 
26 
26 
26 
26 
26 
26 
26 
26 
26 
26 
26 
26 
26 
26 
26 
26 
26 
26 
26 
26 
26 
26 
26 
26 
26 
26 
26 
26 
26 
26 
26 
26 
26 
26 
26 
26 
26 
26 
26 
26 
26 
26 
26 
26 
26 
26 
26 
26 
26 
26 
26 
26 
26 
26 
26 
26 
26 
26 
26 
26 
26 
26 
26 
26 
26 
26 
26 
26 
26 
26 
26 
26 
26 
26 
26 
26 
26 
26 
26 
26 
26 
26 
26 
26 
26 
26 
26 
26 
26 
26 
26 
26 
26 
26 
26 
26 
26 
26 
26 
26 
26 
26 
26 
26 
26 
26 
26 
26 
26 
26 
26 
26 
26 
26 
26 
26 
26 
26 
26 
26 
26 
26 
bcElement 80
762 14 1
764 14 1
766 14 1
768 14 1
770 14 1
772 14 1
774 14 1
776 14 1
778 14 1
780 14 1
782 14 1
784 14 1
786 14 1
788 14 1
790 14 1
792 14 1
794 14 1
796 14 1
798 14 1
800 14 1
800 23 2
760 23 2
720 23 2
680 23 2
640 23 2
600 23 2
560 23 2
520 23 2
480 23 2
440 23 2
400 23 2
360 23 2
320 23 2
280 23 2
240 23 2
200 23 2
160 23 2
120 23 2
80 23 2
40 23 1
40 6 2
38 6 2
36 6 2
34 6 2
32 6 2
30 6 2
28 6 2
26 6 2
24 6 2
22 6 2
20 6 2
18 6 2
16 6 2
14 6 2
12 6 2
10 6 2
8 6 2
6 6 2
4 6 2
2 6 2
1 24 1
41 24 2
81 24 1
121 24 1
161 24 2
201 24 1
241 24 2
281 24 1
321 24 1
361 24 2
401 24 1
441 24 2
481 24 1
521 24 1
561 24 2
601 24 1
641 24 2
681 24 1
721 24 1
761 24 2
