Edge min = 0.125000, max=0.125000, average=0.125000;
Grid_size 64
Node_size 81
Total_DOF 625
edge_Size 144
maxDOF 16
Solution_Order
3 
 meshIEN 
3 26 33 11 
 11 33 34 10 
 10 34 35 9 
 9 35 36 8 
 8 36 37 7 
 7 37 38 6 
 6 38 39 5 
 5 39 18 1 
 26 27 40 33 
 33 40 41 34 
 34 41 42 35 
 35 42 43 36 
 36 43 44 37 
 37 44 45 38 
 38 45 46 39 
 39 46 16 18 
 27 28 47 40 
 40 47 48 41 
 41 48 49 42 
 42 49 50 43 
 43 50 51 44 
 44 51 52 45 
 45 52 53 46 
 46 53 17 16 
 28 29 54 47 
 47 54 55 48 
 48 55 56 49 
 49 56 57 50 
 50 57 58 51 
 51 58 59 52 
 52 59 60 53 
 53 60 12 17 
 29 30 61 54 
 54 61 62 55 
 55 62 63 56 
 56 63 64 57 
 57 64 65 58 
 58 65 66 59 
 59 66 67 60 
 60 67 15 12 
 30 31 68 61 
 61 68 69 62 
 62 69 70 63 
 63 70 71 64 
 64 71 72 65 
 65 72 73 66 
 66 73 74 67 
 67 74 13 15 
 31 32 75 68 
 68 75 76 69 
 69 76 77 70 
 70 77 78 71 
 71 78 79 72 
 72 79 80 73 
 73 80 81 74 
 74 81 14 13 
 32 4 19 75 
 75 19 20 76 
 76 20 21 77 
 77 21 22 78 
 78 22 23 79 
 79 23 24 80 
 80 24 25 81 
 81 25 2 14 
 solutionIEN 
3 26 33 11 131 130 259 258 146 147 97 96 370 371 372 373 
 11 33 34 10 147 146 261 260 148 149 95 94 374 375 376 377 
 10 34 35 9 149 148 263 262 150 151 93 92 378 379 380 381 
 9 35 36 8 151 150 265 264 152 153 91 90 382 383 384 385 
 8 36 37 7 153 152 267 266 154 155 89 88 386 387 388 389 
 7 37 38 6 155 154 269 268 156 157 87 86 390 391 392 393 
 6 38 39 5 157 156 271 270 158 159 85 84 394 395 396 397 
 5 39 18 1 159 158 273 272 113 112 83 82 398 399 400 401 
 26 27 40 33 133 132 275 274 160 161 258 259 402 403 404 405 
 33 40 41 34 161 160 277 276 162 163 260 261 406 407 408 409 
 34 41 42 35 163 162 279 278 164 165 262 263 410 411 412 413 
 35 42 43 36 165 164 281 280 166 167 264 265 414 415 416 417 
 36 43 44 37 167 166 283 282 168 169 266 267 418 419 420 421 
 37 44 45 38 169 168 285 284 170 171 268 269 422 423 424 425 
 38 45 46 39 171 170 287 286 172 173 270 271 426 427 428 429 
 39 46 16 18 173 172 289 288 111 110 272 273 430 431 432 433 
 27 28 47 40 135 134 291 290 174 175 274 275 434 435 436 437 
 40 47 48 41 175 174 293 292 176 177 276 277 438 439 440 441 
 41 48 49 42 177 176 295 294 178 179 278 279 442 443 444 445 
 42 49 50 43 179 178 297 296 180 181 280 281 446 447 448 449 
 43 50 51 44 181 180 299 298 182 183 282 283 450 451 452 453 
 44 51 52 45 183 182 301 300 184 185 284 285 454 455 456 457 
 45 52 53 46 185 184 303 302 186 187 286 287 458 459 460 461 
 46 53 17 16 187 186 305 304 109 108 288 289 462 463 464 465 
 28 29 54 47 137 136 307 306 188 189 290 291 466 467 468 469 
 47 54 55 48 189 188 309 308 190 191 292 293 470 471 472 473 
 48 55 56 49 191 190 311 310 192 193 294 295 474 475 476 477 
 49 56 57 50 193 192 313 312 194 195 296 297 478 479 480 481 
 50 57 58 51 195 194 315 314 196 197 298 299 482 483 484 485 
 51 58 59 52 197 196 317 316 198 199 300 301 486 487 488 489 
 52 59 60 53 199 198 319 318 200 201 302 303 490 491 492 493 
 53 60 12 17 201 200 321 320 107 106 304 305 494 495 496 497 
 29 30 61 54 139 138 323 322 202 203 306 307 498 499 500 501 
 54 61 62 55 203 202 325 324 204 205 308 309 502 503 504 505 
 55 62 63 56 205 204 327 326 206 207 310 311 506 507 508 509 
 56 63 64 57 207 206 329 328 208 209 312 313 510 511 512 513 
 57 64 65 58 209 208 331 330 210 211 314 315 514 515 516 517 
 58 65 66 59 211 210 333 332 212 213 316 317 518 519 520 521 
 59 66 67 60 213 212 335 334 214 215 318 319 522 523 524 525 
 60 67 15 12 215 214 337 336 105 104 320 321 526 527 528 529 
 30 31 68 61 141 140 339 338 216 217 322 323 530 531 532 533 
 61 68 69 62 217 216 341 340 218 219 324 325 534 535 536 537 
 62 69 70 63 219 218 343 342 220 221 326 327 538 539 540 541 
 63 70 71 64 221 220 345 344 222 223 328 329 542 543 544 545 
 64 71 72 65 223 222 347 346 224 225 330 331 546 547 548 549 
 65 72 73 66 225 224 349 348 226 227 332 333 550 551 552 553 
 66 73 74 67 227 226 351 350 228 229 334 335 554 555 556 557 
 67 74 13 15 229 228 353 352 103 102 336 337 558 559 560 561 
 31 32 75 68 143 142 355 354 230 231 338 339 562 563 564 565 
 68 75 76 69 231 230 357 356 232 233 340 341 566 567 568 569 
 69 76 77 70 233 232 359 358 234 235 342 343 570 571 572 573 
 70 77 78 71 235 234 361 360 236 237 344 345 574 575 576 577 
 71 78 79 72 237 236 363 362 238 239 346 347 578 579 580 581 
 72 79 80 73 239 238 365 364 240 241 348 349 582 583 584 585 
 73 80 81 74 241 240 367 366 242 243 350 351 586 587 588 589 
 74 81 14 13 243 242 369 368 101 100 352 353 590 591 592 593 
 32 4 19 75 145 144 115 114 244 245 354 355 594 595 596 597 
 75 19 20 76 245 244 117 116 246 247 356 357 598 599 600 601 
 76 20 21 77 247 246 119 118 248 249 358 359 602 603 604 605 
 77 21 22 78 249 248 121 120 250 251 360 361 606 607 608 609 
 78 22 23 79 251 250 123 122 252 253 362 363 610 611 612 613 
 79 23 24 80 253 252 125 124 254 255 364 365 614 615 616 617 
 80 24 25 81 255 254 127 126 256 257 366 367 618 619 620 621 
 81 25 2 14 257 256 129 128 99 98 368 369 622 623 624 625 
 solutionOrder
3 3 3 3 3 
 3 3 3 3 3 
 3 3 3 3 3 
 3 3 3 3 3 
 3 3 3 3 3 
 3 3 3 3 3 
 3 3 3 3 3 
 3 3 3 3 3 
 3 3 3 3 3 
 3 3 3 3 3 
 3 3 3 3 3 
 3 3 3 3 3 
 3 3 3 3 3 
 3 3 3 3 3 
 3 3 3 3 3 
 3 3 3 3 3 
 3 3 3 3 3 
 3 3 3 3 3 
 3 3 3 3 3 
 3 3 3 3 3 
 3 3 3 3 3 
 3 3 3 3 3 
 3 3 3 3 3 
 3 3 3 3 3 
 3 3 3 3 3 
 3 3 3 3 3 
 3 3 3 3 3 
 3 3 3 3 3 
 3 3 3 3 3 
 3 3 3 3 3 
 3 3 3 3 3 
 3 3 3 3 3 
 3 3 3 3 3 
 3 3 3 3 3 
 3 3 3 3 3 
 3 3 3 3 3 
 3 3 3 3 3 
 3 3 3 3 3 
 3 3 3 3 3 
 3 3 3 3 3 
 3 3 3 3 3 
 3 3 3 3 3 
 3 3 3 3 3 
 3 3 3 3 3 
 3 3 3 3 3 
 3 3 3 3 3 
 3 3 3 3 3 
 3 3 3 3 3 
 3 3 3 3 3 
 3 3 3 3 3 
 3 3 3 3 3 
 3 3 3 3 3 
 3 3 3 3 3 
 3 3 3 3 3 
 3 3 3 3 3 
 3 3 3 3 3 
 3 3 3 3 3 
 3 3 3 3 3 
 3 3 3 3 3 
 3 3 3 3 3 
 3 3 3 3 3 
 3 3 3 3 3 
 3 3 3 3 3 
 3 3 3 3 3 
 vertexCoord 
0.000000 0.000000 
 -0.707107 0.707107 
 0.707107 0.707107 
 -0.000000 1.414214 
 0.088388 0.088388 
 0.176777 0.176777 
 0.265165 0.265165 
 0.353553 0.353553 
 0.441942 0.441942 
 0.530330 0.530330 
 0.618718 0.618718 
 -0.353553 0.353553 
 -0.530330 0.530330 
 -0.618718 0.618718 
 -0.441942 0.441942 
 -0.176777 0.176777 
 -0.265165 0.265165 
 -0.088388 0.088388 
 -0.088388 1.325825 
 -0.176777 1.237437 
 -0.265165 1.149049 
 -0.353553 1.060660 
 -0.441942 0.972272 
 -0.530330 0.883883 
 -0.618718 0.795495 
 0.618718 0.795495 
 0.530330 0.883883 
 0.441942 0.972272 
 0.353553 1.060660 
 0.265165 1.149049 
 0.176777 1.237437 
 0.088388 1.325825 
 0.530330 0.707107 
 0.441942 0.618718 
 0.353553 0.530330 
 0.265165 0.441942 
 0.176777 0.353553 
 0.088388 0.265165 
 0.000000 0.176777 
 0.441942 0.795495 
 0.353553 0.707107 
 0.265165 0.618718 
 0.176777 0.530330 
 0.088388 0.441942 
 0.000000 0.353553 
 -0.088388 0.265165 
 0.353553 0.883883 
 0.265165 0.795495 
 0.176777 0.707107 
 0.088388 0.618718 
 -0.000000 0.530330 
 -0.088388 0.441942 
 -0.176777 0.353553 
 0.265165 0.972272 
 0.176777 0.883883 
 0.088388 0.795495 
 -0.000000 0.707107 
 -0.088388 0.618718 
 -0.176777 0.530330 
 -0.265165 0.441942 
 0.176777 1.060660 
 0.088388 0.972272 
 -0.000000 0.883883 
 -0.088388 0.795495 
 -0.176777 0.707107 
 -0.265165 0.618718 
 -0.353553 0.530330 
 0.088388 1.149049 
 -0.000000 1.060660 
 -0.088388 0.972272 
 -0.176777 0.883883 
 -0.265165 0.795495 
 -0.353553 0.707107 
 -0.441942 0.618718 
 0.000000 1.237437 
 -0.088388 1.149049 
 -0.176777 1.060660 
 -0.265165 0.972272 
 -0.353553 0.883883 
 -0.441942 0.795495 
 -0.530330 0.707107 
 bc_tag 
5 
 2 
 16 
 18 
 23 
 23 
 23 
 23 
 23 
 23 
 23 
 6 
 6 
 6 
 6 
 6 
 6 
 6 
 24 
 24 
 24 
 24 
 24 
 24 
 24 
 14 
 14 
 14 
 14 
 14 
 14 
 14 
 26 
 26 
 26 
 26 
 26 
 26 
 26 
 26 
 26 
 26 
 26 
 26 
 26 
 26 
 26 
 26 
 26 
 26 
 26 
 26 
 26 
 26 
 26 
 26 
 26 
 26 
 26 
 26 
 26 
 26 
 26 
 26 
 26 
 26 
 26 
 26 
 26 
 26 
 26 
 26 
 26 
 26 
 26 
 26 
 26 
 26 
 26 
 26 
 26 
 23 
 23 
 23 
 23 
 23 
 23 
 23 
 23 
 23 
 23 
 23 
 23 
 23 
 23 
 23 
 23 
 6 
 6 
 6 
 6 
 6 
 6 
 6 
 6 
 6 
 6 
 6 
 6 
 6 
 6 
 6 
 6 
 24 
 24 
 24 
 24 
 24 
 24 
 24 
 24 
 24 
 24 
 24 
 24 
 24 
 24 
 24 
 24 
 14 
 14 
 14 
 14 
 14 
 14 
 14 
 14 
 14 
 14 
 14 
 14 
 14 
 14 
 14 
 14 
 26 
 26 
 26 
 26 
 26 
 26 
 26 
 26 
 26 
 26 
 26 
 26 
 26 
 26 
 26 
 26 
 26 
 26 
 26 
 26 
 26 
 26 
 26 
 26 
 26 
 26 
 26 
 26 
 26 
 26 
 26 
 26 
 26 
 26 
 26 
 26 
 26 
 26 
 26 
 26 
 26 
 26 
 26 
 26 
 26 
 26 
 26 
 26 
 26 
 26 
 26 
 26 
 26 
 26 
 26 
 26 
 26 
 26 
 26 
 26 
 26 
 26 
 26 
 26 
 26 
 26 
 26 
 26 
 26 
 26 
 26 
 26 
 26 
 26 
 26 
 26 
 26 
 26 
 26 
 26 
 26 
 26 
 26 
 26 
 26 
 26 
 26 
 26 
 26 
 26 
 26 
 26 
 26 
 26 
 26 
 26 
 26 
 26 
 26 
 26 
 26 
 26 
 26 
 26 
 26 
 26 
 26 
 26 
 26 
 26 
 26 
 26 
 26 
 26 
 26 
 26 
 26 
 26 
 26 
 26 
 26 
 26 
 26 
 26 
 26 
 26 
 26 
 26 
 26 
 26 
 26 
 26 
 26 
 26 
 26 
 26 
 26 
 26 
 26 
 26 
 26 
 26 
 26 
 26 
 26 
 26 
 26 
 26 
 26 
 26 
 26 
 26 
 26 
 26 
 26 
 26 
 26 
 26 
 26 
 26 
 26 
 26 
 26 
 26 
 26 
 26 
 26 
 26 
 26 
 26 
 26 
 26 
 26 
 26 
 26 
 26 
 26 
 26 
 26 
 26 
 26 
 26 
 26 
 26 
 26 
 26 
 26 
 26 
 26 
 26 
 26 
 26 
 26 
 26 
 26 
 26 
 26 
 26 
 26 
 26 
 26 
 26 
 26 
 26 
 26 
 26 
 26 
 26 
 26 
 26 
 26 
 26 
 26 
 26 
 26 
 26 
 26 
 26 
 26 
 26 
 26 
 26 
 26 
 26 
 26 
 26 
 26 
 26 
 26 
 26 
 26 
 26 
 26 
 26 
 26 
 26 
 26 
 26 
 26 
 26 
 26 
 26 
 26 
 26 
 26 
 26 
 26 
 26 
 26 
 26 
 26 
 26 
 26 
 26 
 26 
 26 
 26 
 26 
 26 
 26 
 26 
 26 
 26 
 26 
 26 
 26 
 26 
 26 
 26 
 26 
 26 
 26 
 26 
 26 
 26 
 26 
 26 
 26 
 26 
 26 
 26 
 26 
 26 
 26 
 26 
 26 
 26 
 26 
 26 
 26 
 26 
 26 
 26 
 26 
 26 
 26 
 26 
 26 
 26 
 26 
 26 
 26 
 26 
 26 
 26 
 26 
 26 
 26 
 26 
 26 
 26 
 26 
 26 
 26 
 26 
 26 
 26 
 26 
 26 
 26 
 26 
 26 
 26 
 26 
 26 
 26 
 26 
 26 
 26 
 26 
 26 
 26 
 26 
 26 
 26 
 26 
 26 
 26 
 26 
 26 
 26 
 26 
 26 
 26 
 26 
 26 
 26 
 26 
 26 
 26 
 26 
 26 
 26 
 26 
 26 
 26 
 26 
 26 
 26 
 26 
 26 
 26 
 26 
 26 
 26 
 26 
 26 
 26 
 26 
 26 
 26 
 26 
 26 
 26 
 26 
 26 
 26 
 26 
 26 
 26 
 26 
 26 
 26 
 26 
 26 
 26 
 26 
 26 
 26 
 26 
 26 
 26 
 26 
 26 
 26 
 26 
 26 
 26 
 26 
 26 
 26 
 26 
 26 
 26 
 26 
 26 
 26 
 26 
 26 
 26 
 26 
 26 
 26 
 26 
 26 
 26 
 26 
 26 
 26 
 26 
 26 
 26 
 26 
 26 
 26 
 26 
 26 
 26 
 26 
 26 
 26 
 26 
 26 
 26 
 26 
 26 
 26 
 26 
 26 
 26 
 26 
 26 
 26 
 26 
 26 
 26 
 26 
 26 
 26 
 26 
 26 
 26 
 26 
 26 
 26 
 26 
 26 
 26 
 26 
 26 
 26 
 26 
 26 
 26 
 26 
 26 
 26 
 26 
 26 
 26 
 26 
 26 
 26 
 26 
 26 
 26 
 26 
 26 
 26 
 26 
 edgeUsage
1 1 0 
 1 1 0 
 1 1 0 
 1 1 0 
 1 1 0 
 1 1 0 
 1 1 0 
 1 1 1 
 1 1 0 
 1 1 0 
 1 1 0 
 1 1 0 
 1 1 0 
 1 1 0 
 1 1 0 
 1 1 1 
 1 1 0 
 1 1 0 
 1 1 0 
 1 1 0 
 1 1 0 
 1 1 0 
 1 1 0 
 1 1 1 
 1 1 0 
 1 1 0 
 1 1 0 
 1 1 0 
 1 1 0 
 1 1 0 
 1 1 0 
 1 1 1 
 1 1 0 
 1 1 0 
 1 1 0 
 1 1 0 
 1 1 0 
 1 1 0 
 1 1 0 
 1 1 1 
 1 1 0 
 1 1 0 
 1 1 0 
 1 1 0 
 1 1 0 
 1 1 0 
 1 1 0 
 1 1 1 
 1 1 0 
 1 1 0 
 1 1 0 
 1 1 0 
 1 1 0 
 1 1 0 
 1 1 0 
 1 1 1 
 1 1 0 
 1 1 0 
 1 1 0 
 1 1 0 
 1 1 0 
 1 1 0 
 1 1 0 
 1 1 1 
 EdgeNode 
1 5 82 83 
 5 6 84 85 
 6 7 86 87 
 7 8 88 89 
 8 9 90 91 
 9 10 92 93 
 10 11 94 95 
 11 3 96 97 
 2 14 98 99 
 14 13 100 101 
 13 15 102 103 
 15 12 104 105 
 12 17 106 107 
 17 16 108 109 
 16 18 110 111 
 18 1 112 113 
 4 19 114 115 
 19 20 116 117 
 20 21 118 119 
 21 22 120 121 
 22 23 122 123 
 23 24 124 125 
 24 25 126 127 
 25 2 128 129 
 3 26 130 131 
 26 27 132 133 
 27 28 134 135 
 28 29 136 137 
 29 30 138 139 
 30 31 140 141 
 31 32 142 143 
 32 4 144 145 
 11 33 146 147 
 10 34 148 149 
 9 35 150 151 
 8 36 152 153 
 7 37 154 155 
 6 38 156 157 
 5 39 158 159 
 33 40 160 161 
 34 41 162 163 
 35 42 164 165 
 36 43 166 167 
 37 44 168 169 
 38 45 170 171 
 39 46 172 173 
 40 47 174 175 
 41 48 176 177 
 42 49 178 179 
 43 50 180 181 
 44 51 182 183 
 45 52 184 185 
 46 53 186 187 
 47 54 188 189 
 48 55 190 191 
 49 56 192 193 
 50 57 194 195 
 51 58 196 197 
 52 59 198 199 
 53 60 200 201 
 54 61 202 203 
 55 62 204 205 
 56 63 206 207 
 57 64 208 209 
 58 65 210 211 
 59 66 212 213 
 60 67 214 215 
 61 68 216 217 
 62 69 218 219 
 63 70 220 221 
 64 71 222 223 
 65 72 224 225 
 66 73 226 227 
 67 74 228 229 
 68 75 230 231 
 69 76 232 233 
 70 77 234 235 
 71 78 236 237 
 72 79 238 239 
 73 80 240 241 
 74 81 242 243 
 75 19 244 245 
 76 20 246 247 
 77 21 248 249 
 78 22 250 251 
 79 23 252 253 
 80 24 254 255 
 81 25 256 257 
 26 33 258 259 
 33 34 260 261 
 34 35 262 263 
 35 36 264 265 
 36 37 266 267 
 37 38 268 269 
 38 39 270 271 
 39 18 272 273 
 27 40 274 275 
 40 41 276 277 
 41 42 278 279 
 42 43 280 281 
 43 44 282 283 
 44 45 284 285 
 45 46 286 287 
 46 16 288 289 
 28 47 290 291 
 47 48 292 293 
 48 49 294 295 
 49 50 296 297 
 50 51 298 299 
 51 52 300 301 
 52 53 302 303 
 53 17 304 305 
 29 54 306 307 
 54 55 308 309 
 55 56 310 311 
 56 57 312 313 
 57 58 314 315 
 58 59 316 317 
 59 60 318 319 
 60 12 320 321 
 30 61 322 323 
 61 62 324 325 
 62 63 326 327 
 63 64 328 329 
 64 65 330 331 
 65 66 332 333 
 66 67 334 335 
 67 15 336 337 
 31 68 338 339 
 68 69 340 341 
 69 70 342 343 
 70 71 344 345 
 71 72 346 347 
 72 73 348 349 
 73 74 350 351 
 74 13 352 353 
 32 75 354 355 
 75 76 356 357 
 76 77 358 359 
 77 78 360 361 
 78 79 362 363 
 79 80 364 365 
 80 81 366 367 
 81 14 368 369 
 bcElement 32
1 14 3 
9 14 3 
17 14 3 
25 14 3 
33 14 3 
41 14 3 
49 14 3 
57 14 3 
57 24 1 
58 24 1 
59 24 1 
60 24 1 
61 24 1 
62 24 1 
63 24 1 
64 24 1 
64 6 0 
56 6 0 
48 6 0 
40 6 0 
32 6 0 
24 6 0 
16 6 0 
8 6 0 
8 23 0 
7 23 0 
6 23 0 
5 23 0 
4 23 0 
3 23 0 
2 23 0 
1 23 0 
