Edge min = 0.500000, max=0.500000, average=0.500000;
Grid_size 4
Node_size 9
Total_DOF 49
edge_Size 12
maxDOF 16
Solution_Order
3 
 meshIEN 
3 8 9 5 
 5 9 6 1 
 8 4 7 9 
 9 7 2 6 
 solutionIEN 
3 8 9 5 23 22 31 30 26 27 13 12 34 35 36 37 
 5 9 6 1 27 26 33 32 17 16 11 10 38 39 40 41 
 8 4 7 9 25 24 19 18 28 29 30 31 42 43 44 45 
 9 7 2 6 29 28 21 20 15 14 32 33 46 47 48 49 
 solutionOrder
3 3 3 3 3 
 3 3 3 3 3 
 3 3 3 3 3 
 3 3 3 3 3 
 vertexCoord 
0.000000 0.000000 
 -0.707107 0.707107 
 0.707107 0.707107 
 -0.000000 1.414214 
 0.353553 0.353553 
 -0.353553 0.353553 
 -0.353553 1.060660 
 0.353553 1.060660 
 -0.000000 0.707107 
 bc_tag 
5 
 2 
 16 
 18 
 23 
 6 
 24 
 14 
 26 
 23 
 23 
 23 
 23 
 6 
 6 
 6 
 6 
 24 
 24 
 24 
 24 
 14 
 14 
 14 
 14 
 26 
 26 
 26 
 26 
 26 
 26 
 26 
 26 
 26 
 26 
 26 
 26 
 26 
 26 
 26 
 26 
 26 
 26 
 26 
 26 
 26 
 26 
 26 
 26 
 edgeUsage
1 1 0 
 1 1 1 
 1 1 0 
 1 1 1 
 EdgeNode 
1 5 10 11 
 5 3 12 13 
 2 6 14 15 
 6 1 16 17 
 4 7 18 19 
 7 2 20 21 
 3 8 22 23 
 8 4 24 25 
 5 9 26 27 
 9 7 28 29 
 8 9 30 31 
 9 6 32 33 
 bcElement 8
1 14 3 
3 14 3 
3 24 1 
4 24 1 
4 6 0 
2 6 0 
2 23 0 
1 23 0 
