Edge min = 0.500000, max=0.500000, average=0.500000;
Grid_size 4
Node_size 9
Total_DOF 49
edge_Size 12
maxDOF 16
Solution_Order
3 
 meshIEN 
4 8 9 7 
 7 9 6 2 
 8 3 5 9 
 9 5 1 6 
 solutionIEN 
4 8 9 7 23 22 31 30 26 27 21 20 34 35 36 37 
 7 9 6 2 27 26 33 32 17 16 19 18 38 39 40 41 
 8 3 5 9 25 24 11 10 28 29 30 31 42 43 44 45 
 9 5 1 6 29 28 13 12 15 14 32 33 46 47 48 49 
 solutionOrder
3 3 3 3 3 
 3 3 3 3 3 
 3 3 3 3 3 
 3 3 3 3 3 
 vertexCoord 
1.000000 1.000000 
 0.000000 1.000000 
 1.000000 0.000000 
 0.000000 0.000000 
 1.000000 0.500000 
 0.500000 1.000000 
 0.000000 0.500000 
 0.500000 0.000000 
 0.500000 0.500000 
 bc_tag 
5 
 2 
 16 
 18 
 23 
 6 
 24 
 14 
 26 
 23 
 23 
 23 
 23 
 6 
 6 
 6 
 6 
 24 
 24 
 24 
 24 
 14 
 14 
 14 
 14 
 26 
 26 
 26 
 26 
 26 
 26 
 26 
 26 
 26 
 26 
 26 
 26 
 26 
 26 
 26 
 26 
 26 
 26 
 26 
 26 
 26 
 26 
 26 
 26 
 edgeUsage
1 1 0 
 1 1 1 
 1 1 0 
 1 1 1 
 EdgeNode 
3 5 10 11 
 5 1 12 13 
 1 6 14 15 
 6 2 16 17 
 2 7 18 19 
 7 4 20 21 
 4 8 22 23 
 8 3 24 25 
 7 9 26 27 
 9 5 28 29 
 8 9 30 31 
 9 6 32 33 
 bcElement 8
1 14 3 
3 14 3 
2 24 0 
1 24 0 
4 6 0 
2 6 0 
3 23 1 
4 23 1 
