Edge min = 0.062500, max=0.062500, average=0.062500;
Grid_size 256
Node_size 289
Total_DOF 289
edge_Size 544
maxDOF 4
Solution_Order
1 
 meshIEN 
3 50 65 19 
 19 65 66 18 
 18 66 67 17 
 17 67 68 16 
 16 68 69 15 
 15 69 70 14 
 14 70 71 13 
 13 71 72 12 
 12 72 73 11 
 11 73 74 10 
 10 74 75 9 
 9 75 76 8 
 8 76 77 7 
 7 77 78 6 
 6 78 79 5 
 5 79 34 1 
 50 51 80 65 
 65 80 81 66 
 66 81 82 67 
 67 82 83 68 
 68 83 84 69 
 69 84 85 70 
 70 85 86 71 
 71 86 87 72 
 72 87 88 73 
 73 88 89 74 
 74 89 90 75 
 75 90 91 76 
 76 91 92 77 
 77 92 93 78 
 78 93 94 79 
 79 94 32 34 
 51 52 95 80 
 80 95 96 81 
 81 96 97 82 
 82 97 98 83 
 83 98 99 84 
 84 99 100 85 
 85 100 101 86 
 86 101 102 87 
 87 102 103 88 
 88 103 104 89 
 89 104 105 90 
 90 105 106 91 
 91 106 107 92 
 92 107 108 93 
 93 108 109 94 
 94 109 33 32 
 52 53 110 95 
 95 110 111 96 
 96 111 112 97 
 97 112 113 98 
 98 113 114 99 
 99 114 115 100 
 100 115 116 101 
 101 116 117 102 
 102 117 118 103 
 103 118 119 104 
 104 119 120 105 
 105 120 121 106 
 106 121 122 107 
 107 122 123 108 
 108 123 124 109 
 109 124 28 33 
 53 54 125 110 
 110 125 126 111 
 111 126 127 112 
 112 127 128 113 
 113 128 129 114 
 114 129 130 115 
 115 130 131 116 
 116 131 132 117 
 117 132 133 118 
 118 133 134 119 
 119 134 135 120 
 120 135 136 121 
 121 136 137 122 
 122 137 138 123 
 123 138 139 124 
 124 139 31 28 
 54 55 140 125 
 125 140 141 126 
 126 141 142 127 
 127 142 143 128 
 128 143 144 129 
 129 144 145 130 
 130 145 146 131 
 131 146 147 132 
 132 147 148 133 
 133 148 149 134 
 134 149 150 135 
 135 150 151 136 
 136 151 152 137 
 137 152 153 138 
 138 153 154 139 
 139 154 29 31 
 55 56 155 140 
 140 155 156 141 
 141 156 157 142 
 142 157 158 143 
 143 158 159 144 
 144 159 160 145 
 145 160 161 146 
 146 161 162 147 
 147 162 163 148 
 148 163 164 149 
 149 164 165 150 
 150 165 166 151 
 151 166 167 152 
 152 167 168 153 
 153 168 169 154 
 154 169 30 29 
 56 57 170 155 
 155 170 171 156 
 156 171 172 157 
 157 172 173 158 
 158 173 174 159 
 159 174 175 160 
 160 175 176 161 
 161 176 177 162 
 162 177 178 163 
 163 178 179 164 
 164 179 180 165 
 165 180 181 166 
 166 181 182 167 
 167 182 183 168 
 168 183 184 169 
 169 184 20 30 
 57 58 185 170 
 170 185 186 171 
 171 186 187 172 
 172 187 188 173 
 173 188 189 174 
 174 189 190 175 
 175 190 191 176 
 176 191 192 177 
 177 192 193 178 
 178 193 194 179 
 179 194 195 180 
 180 195 196 181 
 181 196 197 182 
 182 197 198 183 
 183 198 199 184 
 184 199 27 20 
 58 59 200 185 
 185 200 201 186 
 186 201 202 187 
 187 202 203 188 
 188 203 204 189 
 189 204 205 190 
 190 205 206 191 
 191 206 207 192 
 192 207 208 193 
 193 208 209 194 
 194 209 210 195 
 195 210 211 196 
 196 211 212 197 
 197 212 213 198 
 198 213 214 199 
 199 214 25 27 
 59 60 215 200 
 200 215 216 201 
 201 216 217 202 
 202 217 218 203 
 203 218 219 204 
 204 219 220 205 
 205 220 221 206 
 206 221 222 207 
 207 222 223 208 
 208 223 224 209 
 209 224 225 210 
 210 225 226 211 
 211 226 227 212 
 212 227 228 213 
 213 228 229 214 
 214 229 26 25 
 60 61 230 215 
 215 230 231 216 
 216 231 232 217 
 217 232 233 218 
 218 233 234 219 
 219 234 235 220 
 220 235 236 221 
 221 236 237 222 
 222 237 238 223 
 223 238 239 224 
 224 239 240 225 
 225 240 241 226 
 226 241 242 227 
 227 242 243 228 
 228 243 244 229 
 229 244 21 26 
 61 62 245 230 
 230 245 246 231 
 231 246 247 232 
 232 247 248 233 
 233 248 249 234 
 234 249 250 235 
 235 250 251 236 
 236 251 252 237 
 237 252 253 238 
 238 253 254 239 
 239 254 255 240 
 240 255 256 241 
 241 256 257 242 
 242 257 258 243 
 243 258 259 244 
 244 259 24 21 
 62 63 260 245 
 245 260 261 246 
 246 261 262 247 
 247 262 263 248 
 248 263 264 249 
 249 264 265 250 
 250 265 266 251 
 251 266 267 252 
 252 267 268 253 
 253 268 269 254 
 254 269 270 255 
 255 270 271 256 
 256 271 272 257 
 257 272 273 258 
 258 273 274 259 
 259 274 22 24 
 63 64 275 260 
 260 275 276 261 
 261 276 277 262 
 262 277 278 263 
 263 278 279 264 
 264 279 280 265 
 265 280 281 266 
 266 281 282 267 
 267 282 283 268 
 268 283 284 269 
 269 284 285 270 
 270 285 286 271 
 271 286 287 272 
 272 287 288 273 
 273 288 289 274 
 274 289 23 22 
 64 4 35 275 
 275 35 36 276 
 276 36 37 277 
 277 37 38 278 
 278 38 39 279 
 279 39 40 280 
 280 40 41 281 
 281 41 42 282 
 282 42 43 283 
 283 43 44 284 
 284 44 45 285 
 285 45 46 286 
 286 46 47 287 
 287 47 48 288 
 288 48 49 289 
 289 49 2 23 
 solutionIEN 
3 50 65 19 
 19 65 66 18 
 18 66 67 17 
 17 67 68 16 
 16 68 69 15 
 15 69 70 14 
 14 70 71 13 
 13 71 72 12 
 12 72 73 11 
 11 73 74 10 
 10 74 75 9 
 9 75 76 8 
 8 76 77 7 
 7 77 78 6 
 6 78 79 5 
 5 79 34 1 
 50 51 80 65 
 65 80 81 66 
 66 81 82 67 
 67 82 83 68 
 68 83 84 69 
 69 84 85 70 
 70 85 86 71 
 71 86 87 72 
 72 87 88 73 
 73 88 89 74 
 74 89 90 75 
 75 90 91 76 
 76 91 92 77 
 77 92 93 78 
 78 93 94 79 
 79 94 32 34 
 51 52 95 80 
 80 95 96 81 
 81 96 97 82 
 82 97 98 83 
 83 98 99 84 
 84 99 100 85 
 85 100 101 86 
 86 101 102 87 
 87 102 103 88 
 88 103 104 89 
 89 104 105 90 
 90 105 106 91 
 91 106 107 92 
 92 107 108 93 
 93 108 109 94 
 94 109 33 32 
 52 53 110 95 
 95 110 111 96 
 96 111 112 97 
 97 112 113 98 
 98 113 114 99 
 99 114 115 100 
 100 115 116 101 
 101 116 117 102 
 102 117 118 103 
 103 118 119 104 
 104 119 120 105 
 105 120 121 106 
 106 121 122 107 
 107 122 123 108 
 108 123 124 109 
 109 124 28 33 
 53 54 125 110 
 110 125 126 111 
 111 126 127 112 
 112 127 128 113 
 113 128 129 114 
 114 129 130 115 
 115 130 131 116 
 116 131 132 117 
 117 132 133 118 
 118 133 134 119 
 119 134 135 120 
 120 135 136 121 
 121 136 137 122 
 122 137 138 123 
 123 138 139 124 
 124 139 31 28 
 54 55 140 125 
 125 140 141 126 
 126 141 142 127 
 127 142 143 128 
 128 143 144 129 
 129 144 145 130 
 130 145 146 131 
 131 146 147 132 
 132 147 148 133 
 133 148 149 134 
 134 149 150 135 
 135 150 151 136 
 136 151 152 137 
 137 152 153 138 
 138 153 154 139 
 139 154 29 31 
 55 56 155 140 
 140 155 156 141 
 141 156 157 142 
 142 157 158 143 
 143 158 159 144 
 144 159 160 145 
 145 160 161 146 
 146 161 162 147 
 147 162 163 148 
 148 163 164 149 
 149 164 165 150 
 150 165 166 151 
 151 166 167 152 
 152 167 168 153 
 153 168 169 154 
 154 169 30 29 
 56 57 170 155 
 155 170 171 156 
 156 171 172 157 
 157 172 173 158 
 158 173 174 159 
 159 174 175 160 
 160 175 176 161 
 161 176 177 162 
 162 177 178 163 
 163 178 179 164 
 164 179 180 165 
 165 180 181 166 
 166 181 182 167 
 167 182 183 168 
 168 183 184 169 
 169 184 20 30 
 57 58 185 170 
 170 185 186 171 
 171 186 187 172 
 172 187 188 173 
 173 188 189 174 
 174 189 190 175 
 175 190 191 176 
 176 191 192 177 
 177 192 193 178 
 178 193 194 179 
 179 194 195 180 
 180 195 196 181 
 181 196 197 182 
 182 197 198 183 
 183 198 199 184 
 184 199 27 20 
 58 59 200 185 
 185 200 201 186 
 186 201 202 187 
 187 202 203 188 
 188 203 204 189 
 189 204 205 190 
 190 205 206 191 
 191 206 207 192 
 192 207 208 193 
 193 208 209 194 
 194 209 210 195 
 195 210 211 196 
 196 211 212 197 
 197 212 213 198 
 198 213 214 199 
 199 214 25 27 
 59 60 215 200 
 200 215 216 201 
 201 216 217 202 
 202 217 218 203 
 203 218 219 204 
 204 219 220 205 
 205 220 221 206 
 206 221 222 207 
 207 222 223 208 
 208 223 224 209 
 209 224 225 210 
 210 225 226 211 
 211 226 227 212 
 212 227 228 213 
 213 228 229 214 
 214 229 26 25 
 60 61 230 215 
 215 230 231 216 
 216 231 232 217 
 217 232 233 218 
 218 233 234 219 
 219 234 235 220 
 220 235 236 221 
 221 236 237 222 
 222 237 238 223 
 223 238 239 224 
 224 239 240 225 
 225 240 241 226 
 226 241 242 227 
 227 242 243 228 
 228 243 244 229 
 229 244 21 26 
 61 62 245 230 
 230 245 246 231 
 231 246 247 232 
 232 247 248 233 
 233 248 249 234 
 234 249 250 235 
 235 250 251 236 
 236 251 252 237 
 237 252 253 238 
 238 253 254 239 
 239 254 255 240 
 240 255 256 241 
 241 256 257 242 
 242 257 258 243 
 243 258 259 244 
 244 259 24 21 
 62 63 260 245 
 245 260 261 246 
 246 261 262 247 
 247 262 263 248 
 248 263 264 249 
 249 264 265 250 
 250 265 266 251 
 251 266 267 252 
 252 267 268 253 
 253 268 269 254 
 254 269 270 255 
 255 270 271 256 
 256 271 272 257 
 257 272 273 258 
 258 273 274 259 
 259 274 22 24 
 63 64 275 260 
 260 275 276 261 
 261 276 277 262 
 262 277 278 263 
 263 278 279 264 
 264 279 280 265 
 265 280 281 266 
 266 281 282 267 
 267 282 283 268 
 268 283 284 269 
 269 284 285 270 
 270 285 286 271 
 271 286 287 272 
 272 287 288 273 
 273 288 289 274 
 274 289 23 22 
 64 4 35 275 
 275 35 36 276 
 276 36 37 277 
 277 37 38 278 
 278 38 39 279 
 279 39 40 280 
 280 40 41 281 
 281 41 42 282 
 282 42 43 283 
 283 43 44 284 
 284 44 45 285 
 285 45 46 286 
 286 46 47 287 
 287 47 48 288 
 288 48 49 289 
 289 49 2 23 
 solutionOrder
1 1 1 1 1 
 1 1 1 1 1 
 1 1 1 1 1 
 1 1 1 1 1 
 1 1 1 1 1 
 1 1 1 1 1 
 1 1 1 1 1 
 1 1 1 1 1 
 1 1 1 1 1 
 1 1 1 1 1 
 1 1 1 1 1 
 1 1 1 1 1 
 1 1 1 1 1 
 1 1 1 1 1 
 1 1 1 1 1 
 1 1 1 1 1 
 1 1 1 1 1 
 1 1 1 1 1 
 1 1 1 1 1 
 1 1 1 1 1 
 1 1 1 1 1 
 1 1 1 1 1 
 1 1 1 1 1 
 1 1 1 1 1 
 1 1 1 1 1 
 1 1 1 1 1 
 1 1 1 1 1 
 1 1 1 1 1 
 1 1 1 1 1 
 1 1 1 1 1 
 1 1 1 1 1 
 1 1 1 1 1 
 1 1 1 1 1 
 1 1 1 1 1 
 1 1 1 1 1 
 1 1 1 1 1 
 1 1 1 1 1 
 1 1 1 1 1 
 1 1 1 1 1 
 1 1 1 1 1 
 1 1 1 1 1 
 1 1 1 1 1 
 1 1 1 1 1 
 1 1 1 1 1 
 1 1 1 1 1 
 1 1 1 1 1 
 1 1 1 1 1 
 1 1 1 1 1 
 1 1 1 1 1 
 1 1 1 1 1 
 1 1 1 1 1 
 1 1 1 1 1 
 1 1 1 1 1 
 1 1 1 1 1 
 1 1 1 1 1 
 1 1 1 1 1 
 1 1 1 1 1 
 1 1 1 1 1 
 1 1 1 1 1 
 1 1 1 1 1 
 1 1 1 1 1 
 1 1 1 1 1 
 1 1 1 1 1 
 1 1 1 1 1 
 1 1 1 1 1 
 1 1 1 1 1 
 1 1 1 1 1 
 1 1 1 1 1 
 1 1 1 1 1 
 1 1 1 1 1 
 1 1 1 1 1 
 1 1 1 1 1 
 1 1 1 1 1 
 1 1 1 1 1 
 1 1 1 1 1 
 1 1 1 1 1 
 1 1 1 1 1 
 1 1 1 1 1 
 1 1 1 1 1 
 1 1 1 1 1 
 1 1 1 1 1 
 1 1 1 1 1 
 1 1 1 1 1 
 1 1 1 1 1 
 1 1 1 1 1 
 1 1 1 1 1 
 1 1 1 1 1 
 1 1 1 1 1 
 1 1 1 1 1 
 1 1 1 1 1 
 1 1 1 1 1 
 1 1 1 1 1 
 1 1 1 1 1 
 1 1 1 1 1 
 1 1 1 1 1 
 1 1 1 1 1 
 1 1 1 1 1 
 1 1 1 1 1 
 1 1 1 1 1 
 1 1 1 1 1 
 1 1 1 1 1 
 1 1 1 1 1 
 1 1 1 1 1 
 1 1 1 1 1 
 1 1 1 1 1 
 1 1 1 1 1 
 1 1 1 1 1 
 1 1 1 1 1 
 1 1 1 1 1 
 1 1 1 1 1 
 1 1 1 1 1 
 1 1 1 1 1 
 1 1 1 1 1 
 1 1 1 1 1 
 1 1 1 1 1 
 1 1 1 1 1 
 1 1 1 1 1 
 1 1 1 1 1 
 1 1 1 1 1 
 1 1 1 1 1 
 1 1 1 1 1 
 1 1 1 1 1 
 1 1 1 1 1 
 1 1 1 1 1 
 1 1 1 1 1 
 1 1 1 1 1 
 1 1 1 1 1 
 1 1 1 1 1 
 1 1 1 1 1 
 1 1 1 1 1 
 1 1 1 1 1 
 1 1 1 1 1 
 1 1 1 1 1 
 1 1 1 1 1 
 1 1 1 1 1 
 1 1 1 1 1 
 1 1 1 1 1 
 1 1 1 1 1 
 1 1 1 1 1 
 1 1 1 1 1 
 1 1 1 1 1 
 1 1 1 1 1 
 1 1 1 1 1 
 1 1 1 1 1 
 1 1 1 1 1 
 1 1 1 1 1 
 1 1 1 1 1 
 1 1 1 1 1 
 1 1 1 1 1 
 1 1 1 1 1 
 1 1 1 1 1 
 1 1 1 1 1 
 1 1 1 1 1 
 1 1 1 1 1 
 1 1 1 1 1 
 1 1 1 1 1 
 1 1 1 1 1 
 1 1 1 1 1 
 1 1 1 1 1 
 1 1 1 1 1 
 1 1 1 1 1 
 1 1 1 1 1 
 1 1 1 1 1 
 1 1 1 1 1 
 1 1 1 1 1 
 1 1 1 1 1 
 1 1 1 1 1 
 1 1 1 1 1 
 1 1 1 1 1 
 1 1 1 1 1 
 1 1 1 1 1 
 1 1 1 1 1 
 1 1 1 1 1 
 1 1 1 1 1 
 1 1 1 1 1 
 1 1 1 1 1 
 1 1 1 1 1 
 1 1 1 1 1 
 1 1 1 1 1 
 1 1 1 1 1 
 1 1 1 1 1 
 1 1 1 1 1 
 1 1 1 1 1 
 1 1 1 1 1 
 1 1 1 1 1 
 1 1 1 1 1 
 1 1 1 1 1 
 1 1 1 1 1 
 1 1 1 1 1 
 1 1 1 1 1 
 1 1 1 1 1 
 1 1 1 1 1 
 1 1 1 1 1 
 1 1 1 1 1 
 1 1 1 1 1 
 1 1 1 1 1 
 1 1 1 1 1 
 1 1 1 1 1 
 1 1 1 1 1 
 1 1 1 1 1 
 1 1 1 1 1 
 1 1 1 1 1 
 1 1 1 1 1 
 1 1 1 1 1 
 1 1 1 1 1 
 1 1 1 1 1 
 1 1 1 1 1 
 1 1 1 1 1 
 1 1 1 1 1 
 1 1 1 1 1 
 1 1 1 1 1 
 1 1 1 1 1 
 1 1 1 1 1 
 1 1 1 1 1 
 1 1 1 1 1 
 1 1 1 1 1 
 1 1 1 1 1 
 1 1 1 1 1 
 1 1 1 1 1 
 1 1 1 1 1 
 1 1 1 1 1 
 1 1 1 1 1 
 1 1 1 1 1 
 1 1 1 1 1 
 1 1 1 1 1 
 1 1 1 1 1 
 1 1 1 1 1 
 1 1 1 1 1 
 1 1 1 1 1 
 1 1 1 1 1 
 1 1 1 1 1 
 1 1 1 1 1 
 1 1 1 1 1 
 1 1 1 1 1 
 1 1 1 1 1 
 1 1 1 1 1 
 1 1 1 1 1 
 1 1 1 1 1 
 1 1 1 1 1 
 1 1 1 1 1 
 1 1 1 1 1 
 1 1 1 1 1 
 1 1 1 1 1 
 1 1 1 1 1 
 1 1 1 1 1 
 1 1 1 1 1 
 1 1 1 1 1 
 1 1 1 1 1 
 1 1 1 1 1 
 1 1 1 1 1 
 1 1 1 1 1 
 1 1 1 1 1 
 1 1 1 1 1 
 1 1 1 1 1 
 1 1 1 1 1 
 1 1 1 1 1 
 vertexCoord 
0.000000 0.000000 
 -0.707107 0.707107 
 0.707107 0.707107 
 -0.000000 1.414214 
 0.044194 0.044194 
 0.088388 0.088388 
 0.132583 0.132583 
 0.176777 0.176777 
 0.220971 0.220971 
 0.265165 0.265165 
 0.309359 0.309359 
 0.353553 0.353553 
 0.397748 0.397748 
 0.441942 0.441942 
 0.486136 0.486136 
 0.530330 0.530330 
 0.574524 0.574524 
 0.618718 0.618718 
 0.662913 0.662913 
 -0.353553 0.353553 
 -0.530330 0.530330 
 -0.618718 0.618718 
 -0.662913 0.662913 
 -0.574524 0.574524 
 -0.441942 0.441942 
 -0.486136 0.486136 
 -0.397748 0.397748 
 -0.176777 0.176777 
 -0.265165 0.265165 
 -0.309359 0.309359 
 -0.220971 0.220971 
 -0.088388 0.088388 
 -0.132583 0.132583 
 -0.044194 0.044194 
 -0.044194 1.370019 
 -0.088388 1.325825 
 -0.132583 1.281631 
 -0.176777 1.237437 
 -0.220971 1.193243 
 -0.265165 1.149049 
 -0.309359 1.104854 
 -0.353553 1.060660 
 -0.397748 1.016466 
 -0.441942 0.972272 
 -0.486136 0.928078 
 -0.530330 0.883883 
 -0.574524 0.839689 
 -0.618718 0.795495 
 -0.662913 0.751301 
 0.662913 0.751301 
 0.618718 0.795495 
 0.574524 0.839689 
 0.530330 0.883883 
 0.486136 0.928078 
 0.441942 0.972272 
 0.397748 1.016466 
 0.353553 1.060660 
 0.309359 1.104854 
 0.265165 1.149049 
 0.220971 1.193243 
 0.176777 1.237437 
 0.132583 1.281631 
 0.088388 1.325825 
 0.044194 1.370019 
 0.618718 0.707107 
 0.574524 0.662913 
 0.530330 0.618718 
 0.486136 0.574524 
 0.441942 0.530330 
 0.397748 0.486136 
 0.353553 0.441942 
 0.309359 0.397748 
 0.265165 0.353553 
 0.220971 0.309359 
 0.176777 0.265165 
 0.132583 0.220971 
 0.088388 0.176777 
 0.044194 0.132583 
 0.000000 0.088388 
 0.574524 0.751301 
 0.530330 0.707107 
 0.486136 0.662913 
 0.441942 0.618718 
 0.397748 0.574524 
 0.353553 0.530330 
 0.309359 0.486136 
 0.265165 0.441942 
 0.220971 0.397748 
 0.176777 0.353553 
 0.132583 0.309359 
 0.088388 0.265165 
 0.044194 0.220971 
 0.000000 0.176777 
 -0.044194 0.132583 
 0.530330 0.795495 
 0.486136 0.751301 
 0.441942 0.707107 
 0.397748 0.662913 
 0.353553 0.618718 
 0.309359 0.574524 
 0.265165 0.530330 
 0.220971 0.486136 
 0.176777 0.441942 
 0.132583 0.397748 
 0.088388 0.353553 
 0.044194 0.309359 
 -0.000000 0.265165 
 -0.044194 0.220971 
 -0.088388 0.176777 
 0.486136 0.839689 
 0.441942 0.795495 
 0.397748 0.751301 
 0.353553 0.707107 
 0.309359 0.662913 
 0.265165 0.618718 
 0.220971 0.574524 
 0.176777 0.530330 
 0.132583 0.486136 
 0.088388 0.441942 
 0.044194 0.397748 
 0.000000 0.353553 
 -0.044194 0.309359 
 -0.088388 0.265165 
 -0.132583 0.220971 
 0.441942 0.883883 
 0.397748 0.839689 
 0.353553 0.795495 
 0.309359 0.751301 
 0.265165 0.707107 
 0.220971 0.662913 
 0.176777 0.618718 
 0.132583 0.574524 
 0.088388 0.530330 
 0.044194 0.486136 
 -0.000000 0.441942 
 -0.044194 0.397748 
 -0.088388 0.353553 
 -0.132583 0.309359 
 -0.176777 0.265165 
 0.397748 0.928078 
 0.353553 0.883883 
 0.309359 0.839689 
 0.265165 0.795495 
 0.220971 0.751301 
 0.176777 0.707107 
 0.132583 0.662913 
 0.088388 0.618718 
 0.044194 0.574524 
 -0.000000 0.530330 
 -0.044194 0.486136 
 -0.088388 0.441942 
 -0.132583 0.397748 
 -0.176777 0.353553 
 -0.220971 0.309359 
 0.353553 0.972272 
 0.309359 0.928078 
 0.265165 0.883883 
 0.220971 0.839689 
 0.176777 0.795495 
 0.132583 0.751301 
 0.088388 0.707107 
 0.044194 0.662913 
 -0.000000 0.618718 
 -0.044194 0.574524 
 -0.088388 0.530330 
 -0.132583 0.486136 
 -0.176777 0.441942 
 -0.220971 0.397748 
 -0.265165 0.353553 
 0.309359 1.016466 
 0.265165 0.972272 
 0.220971 0.928078 
 0.176777 0.883883 
 0.132583 0.839689 
 0.088388 0.795495 
 0.044194 0.751301 
 -0.000000 0.707107 
 -0.044194 0.662913 
 -0.088388 0.618718 
 -0.132583 0.574524 
 -0.176777 0.530330 
 -0.220971 0.486136 
 -0.265165 0.441942 
 -0.309359 0.397748 
 0.265165 1.060660 
 0.220971 1.016466 
 0.176777 0.972272 
 0.132583 0.928078 
 0.088388 0.883883 
 0.044194 0.839689 
 0.000000 0.795495 
 -0.044194 0.751301 
 -0.088388 0.707107 
 -0.132583 0.662913 
 -0.176777 0.618718 
 -0.220971 0.574524 
 -0.265165 0.530330 
 -0.309359 0.486136 
 -0.353553 0.441942 
 0.220971 1.104854 
 0.176777 1.060660 
 0.132583 1.016466 
 0.088388 0.972272 
 0.044194 0.928078 
 -0.000000 0.883883 
 -0.044194 0.839689 
 -0.088388 0.795495 
 -0.132583 0.751301 
 -0.176777 0.707107 
 -0.220971 0.662913 
 -0.265165 0.618718 
 -0.309359 0.574524 
 -0.353553 0.530330 
 -0.397748 0.486136 
 0.176777 1.149049 
 0.132583 1.104854 
 0.088388 1.060660 
 0.044194 1.016466 
 -0.000000 0.972272 
 -0.044194 0.928078 
 -0.088388 0.883883 
 -0.132583 0.839689 
 -0.176777 0.795495 
 -0.220971 0.751301 
 -0.265165 0.707107 
 -0.309359 0.662913 
 -0.353553 0.618718 
 -0.397748 0.574524 
 -0.441942 0.530330 
 0.132583 1.193243 
 0.088388 1.149049 
 0.044194 1.104854 
 -0.000000 1.060660 
 -0.044194 1.016466 
 -0.088388 0.972272 
 -0.132583 0.928078 
 -0.176777 0.883883 
 -0.220971 0.839689 
 -0.265165 0.795495 
 -0.309359 0.751301 
 -0.353553 0.707107 
 -0.397748 0.662913 
 -0.441942 0.618718 
 -0.486136 0.574524 
 0.088388 1.237437 
 0.044194 1.193243 
 0.000000 1.149049 
 -0.044194 1.104854 
 -0.088388 1.060660 
 -0.132583 1.016466 
 -0.176777 0.972272 
 -0.220971 0.928078 
 -0.265165 0.883883 
 -0.309359 0.839689 
 -0.353553 0.795495 
 -0.397748 0.751301 
 -0.441942 0.707107 
 -0.486136 0.662913 
 -0.530330 0.618718 
 0.044194 1.281631 
 0.000000 1.237437 
 -0.044194 1.193243 
 -0.088388 1.149049 
 -0.132583 1.104854 
 -0.176777 1.060660 
 -0.220971 1.016466 
 -0.265165 0.972272 
 -0.309359 0.928078 
 -0.353553 0.883883 
 -0.397748 0.839689 
 -0.441942 0.795495 
 -0.486136 0.751301 
 -0.530330 0.707107 
 -0.574524 0.662913 
 -0.000000 1.325825 
 -0.044194 1.281631 
 -0.088388 1.237437 
 -0.132583 1.193243 
 -0.176777 1.149049 
 -0.220971 1.104854 
 -0.265165 1.060660 
 -0.309359 1.016466 
 -0.353553 0.972272 
 -0.397748 0.928078 
 -0.441942 0.883883 
 -0.486136 0.839689 
 -0.530330 0.795495 
 -0.574524 0.751301 
 -0.618718 0.707107 
 bc_tag 
5 
 2 
 16 
 18 
 23 
 23 
 23 
 23 
 23 
 23 
 23 
 23 
 23 
 23 
 23 
 23 
 23 
 23 
 23 
 6 
 6 
 6 
 6 
 6 
 6 
 6 
 6 
 6 
 6 
 6 
 6 
 6 
 6 
 6 
 24 
 24 
 24 
 24 
 24 
 24 
 24 
 24 
 24 
 24 
 24 
 24 
 24 
 24 
 24 
 14 
 14 
 14 
 14 
 14 
 14 
 14 
 14 
 14 
 14 
 14 
 14 
 14 
 14 
 14 
 26 
 26 
 26 
 26 
 26 
 26 
 26 
 26 
 26 
 26 
 26 
 26 
 26 
 26 
 26 
 26 
 26 
 26 
 26 
 26 
 26 
 26 
 26 
 26 
 26 
 26 
 26 
 26 
 26 
 26 
 26 
 26 
 26 
 26 
 26 
 26 
 26 
 26 
 26 
 26 
 26 
 26 
 26 
 26 
 26 
 26 
 26 
 26 
 26 
 26 
 26 
 26 
 26 
 26 
 26 
 26 
 26 
 26 
 26 
 26 
 26 
 26 
 26 
 26 
 26 
 26 
 26 
 26 
 26 
 26 
 26 
 26 
 26 
 26 
 26 
 26 
 26 
 26 
 26 
 26 
 26 
 26 
 26 
 26 
 26 
 26 
 26 
 26 
 26 
 26 
 26 
 26 
 26 
 26 
 26 
 26 
 26 
 26 
 26 
 26 
 26 
 26 
 26 
 26 
 26 
 26 
 26 
 26 
 26 
 26 
 26 
 26 
 26 
 26 
 26 
 26 
 26 
 26 
 26 
 26 
 26 
 26 
 26 
 26 
 26 
 26 
 26 
 26 
 26 
 26 
 26 
 26 
 26 
 26 
 26 
 26 
 26 
 26 
 26 
 26 
 26 
 26 
 26 
 26 
 26 
 26 
 26 
 26 
 26 
 26 
 26 
 26 
 26 
 26 
 26 
 26 
 26 
 26 
 26 
 26 
 26 
 26 
 26 
 26 
 26 
 26 
 26 
 26 
 26 
 26 
 26 
 26 
 26 
 26 
 26 
 26 
 26 
 26 
 26 
 26 
 26 
 26 
 26 
 26 
 26 
 26 
 26 
 26 
 26 
 26 
 26 
 26 
 26 
 26 
 26 
 26 
 26 
 26 
 26 
 26 
 26 
 26 
 26 
 26 
 26 
 26 
 26 
 26 
 26 
 26 
 26 
 26 
 26 
 26 
 26 
 26 
 26 
 26 
 26 
 26 
 26 
 26 
 26 
 26 
 26 
 edgeUsage
1 1 0 
 1 1 0 
 1 1 0 
 1 1 0 
 1 1 0 
 1 1 0 
 1 1 0 
 1 1 0 
 1 1 0 
 1 1 0 
 1 1 0 
 1 1 0 
 1 1 0 
 1 1 0 
 1 1 0 
 1 1 1 
 1 1 0 
 1 1 0 
 1 1 0 
 1 1 0 
 1 1 0 
 1 1 0 
 1 1 0 
 1 1 0 
 1 1 0 
 1 1 0 
 1 1 0 
 1 1 0 
 1 1 0 
 1 1 0 
 1 1 0 
 1 1 1 
 1 1 0 
 1 1 0 
 1 1 0 
 1 1 0 
 1 1 0 
 1 1 0 
 1 1 0 
 1 1 0 
 1 1 0 
 1 1 0 
 1 1 0 
 1 1 0 
 1 1 0 
 1 1 0 
 1 1 0 
 1 1 1 
 1 1 0 
 1 1 0 
 1 1 0 
 1 1 0 
 1 1 0 
 1 1 0 
 1 1 0 
 1 1 0 
 1 1 0 
 1 1 0 
 1 1 0 
 1 1 0 
 1 1 0 
 1 1 0 
 1 1 0 
 1 1 1 
 1 1 0 
 1 1 0 
 1 1 0 
 1 1 0 
 1 1 0 
 1 1 0 
 1 1 0 
 1 1 0 
 1 1 0 
 1 1 0 
 1 1 0 
 1 1 0 
 1 1 0 
 1 1 0 
 1 1 0 
 1 1 1 
 1 1 0 
 1 1 0 
 1 1 0 
 1 1 0 
 1 1 0 
 1 1 0 
 1 1 0 
 1 1 0 
 1 1 0 
 1 1 0 
 1 1 0 
 1 1 0 
 1 1 0 
 1 1 0 
 1 1 0 
 1 1 1 
 1 1 0 
 1 1 0 
 1 1 0 
 1 1 0 
 1 1 0 
 1 1 0 
 1 1 0 
 1 1 0 
 1 1 0 
 1 1 0 
 1 1 0 
 1 1 0 
 1 1 0 
 1 1 0 
 1 1 0 
 1 1 1 
 1 1 0 
 1 1 0 
 1 1 0 
 1 1 0 
 1 1 0 
 1 1 0 
 1 1 0 
 1 1 0 
 1 1 0 
 1 1 0 
 1 1 0 
 1 1 0 
 1 1 0 
 1 1 0 
 1 1 0 
 1 1 1 
 1 1 0 
 1 1 0 
 1 1 0 
 1 1 0 
 1 1 0 
 1 1 0 
 1 1 0 
 1 1 0 
 1 1 0 
 1 1 0 
 1 1 0 
 1 1 0 
 1 1 0 
 1 1 0 
 1 1 0 
 1 1 1 
 1 1 0 
 1 1 0 
 1 1 0 
 1 1 0 
 1 1 0 
 1 1 0 
 1 1 0 
 1 1 0 
 1 1 0 
 1 1 0 
 1 1 0 
 1 1 0 
 1 1 0 
 1 1 0 
 1 1 0 
 1 1 1 
 1 1 0 
 1 1 0 
 1 1 0 
 1 1 0 
 1 1 0 
 1 1 0 
 1 1 0 
 1 1 0 
 1 1 0 
 1 1 0 
 1 1 0 
 1 1 0 
 1 1 0 
 1 1 0 
 1 1 0 
 1 1 1 
 1 1 0 
 1 1 0 
 1 1 0 
 1 1 0 
 1 1 0 
 1 1 0 
 1 1 0 
 1 1 0 
 1 1 0 
 1 1 0 
 1 1 0 
 1 1 0 
 1 1 0 
 1 1 0 
 1 1 0 
 1 1 1 
 1 1 0 
 1 1 0 
 1 1 0 
 1 1 0 
 1 1 0 
 1 1 0 
 1 1 0 
 1 1 0 
 1 1 0 
 1 1 0 
 1 1 0 
 1 1 0 
 1 1 0 
 1 1 0 
 1 1 0 
 1 1 1 
 1 1 0 
 1 1 0 
 1 1 0 
 1 1 0 
 1 1 0 
 1 1 0 
 1 1 0 
 1 1 0 
 1 1 0 
 1 1 0 
 1 1 0 
 1 1 0 
 1 1 0 
 1 1 0 
 1 1 0 
 1 1 1 
 1 1 0 
 1 1 0 
 1 1 0 
 1 1 0 
 1 1 0 
 1 1 0 
 1 1 0 
 1 1 0 
 1 1 0 
 1 1 0 
 1 1 0 
 1 1 0 
 1 1 0 
 1 1 0 
 1 1 0 
 1 1 1 
 1 1 0 
 1 1 0 
 1 1 0 
 1 1 0 
 1 1 0 
 1 1 0 
 1 1 0 
 1 1 0 
 1 1 0 
 1 1 0 
 1 1 0 
 1 1 0 
 1 1 0 
 1 1 0 
 1 1 0 
 1 1 1 
 EdgeNode 
1 5 
 5 6 
 6 7 
 7 8 
 8 9 
 9 10 
 10 11 
 11 12 
 12 13 
 13 14 
 14 15 
 15 16 
 16 17 
 17 18 
 18 19 
 19 3 
 2 23 
 23 22 
 22 24 
 24 21 
 21 26 
 26 25 
 25 27 
 27 20 
 20 30 
 30 29 
 29 31 
 31 28 
 28 33 
 33 32 
 32 34 
 34 1 
 4 35 
 35 36 
 36 37 
 37 38 
 38 39 
 39 40 
 40 41 
 41 42 
 42 43 
 43 44 
 44 45 
 45 46 
 46 47 
 47 48 
 48 49 
 49 2 
 3 50 
 50 51 
 51 52 
 52 53 
 53 54 
 54 55 
 55 56 
 56 57 
 57 58 
 58 59 
 59 60 
 60 61 
 61 62 
 62 63 
 63 64 
 64 4 
 19 65 
 18 66 
 17 67 
 16 68 
 15 69 
 14 70 
 13 71 
 12 72 
 11 73 
 10 74 
 9 75 
 8 76 
 7 77 
 6 78 
 5 79 
 65 80 
 66 81 
 67 82 
 68 83 
 69 84 
 70 85 
 71 86 
 72 87 
 73 88 
 74 89 
 75 90 
 76 91 
 77 92 
 78 93 
 79 94 
 80 95 
 81 96 
 82 97 
 83 98 
 84 99 
 85 100 
 86 101 
 87 102 
 88 103 
 89 104 
 90 105 
 91 106 
 92 107 
 93 108 
 94 109 
 95 110 
 96 111 
 97 112 
 98 113 
 99 114 
 100 115 
 101 116 
 102 117 
 103 118 
 104 119 
 105 120 
 106 121 
 107 122 
 108 123 
 109 124 
 110 125 
 111 126 
 112 127 
 113 128 
 114 129 
 115 130 
 116 131 
 117 132 
 118 133 
 119 134 
 120 135 
 121 136 
 122 137 
 123 138 
 124 139 
 125 140 
 126 141 
 127 142 
 128 143 
 129 144 
 130 145 
 131 146 
 132 147 
 133 148 
 134 149 
 135 150 
 136 151 
 137 152 
 138 153 
 139 154 
 140 155 
 141 156 
 142 157 
 143 158 
 144 159 
 145 160 
 146 161 
 147 162 
 148 163 
 149 164 
 150 165 
 151 166 
 152 167 
 153 168 
 154 169 
 155 170 
 156 171 
 157 172 
 158 173 
 159 174 
 160 175 
 161 176 
 162 177 
 163 178 
 164 179 
 165 180 
 166 181 
 167 182 
 168 183 
 169 184 
 170 185 
 171 186 
 172 187 
 173 188 
 174 189 
 175 190 
 176 191 
 177 192 
 178 193 
 179 194 
 180 195 
 181 196 
 182 197 
 183 198 
 184 199 
 185 200 
 186 201 
 187 202 
 188 203 
 189 204 
 190 205 
 191 206 
 192 207 
 193 208 
 194 209 
 195 210 
 196 211 
 197 212 
 198 213 
 199 214 
 200 215 
 201 216 
 202 217 
 203 218 
 204 219 
 205 220 
 206 221 
 207 222 
 208 223 
 209 224 
 210 225 
 211 226 
 212 227 
 213 228 
 214 229 
 215 230 
 216 231 
 217 232 
 218 233 
 219 234 
 220 235 
 221 236 
 222 237 
 223 238 
 224 239 
 225 240 
 226 241 
 227 242 
 228 243 
 229 244 
 230 245 
 231 246 
 232 247 
 233 248 
 234 249 
 235 250 
 236 251 
 237 252 
 238 253 
 239 254 
 240 255 
 241 256 
 242 257 
 243 258 
 244 259 
 245 260 
 246 261 
 247 262 
 248 263 
 249 264 
 250 265 
 251 266 
 252 267 
 253 268 
 254 269 
 255 270 
 256 271 
 257 272 
 258 273 
 259 274 
 260 275 
 261 276 
 262 277 
 263 278 
 264 279 
 265 280 
 266 281 
 267 282 
 268 283 
 269 284 
 270 285 
 271 286 
 272 287 
 273 288 
 274 289 
 275 35 
 276 36 
 277 37 
 278 38 
 279 39 
 280 40 
 281 41 
 282 42 
 283 43 
 284 44 
 285 45 
 286 46 
 287 47 
 288 48 
 289 49 
 50 65 
 65 66 
 66 67 
 67 68 
 68 69 
 69 70 
 70 71 
 71 72 
 72 73 
 73 74 
 74 75 
 75 76 
 76 77 
 77 78 
 78 79 
 79 34 
 51 80 
 80 81 
 81 82 
 82 83 
 83 84 
 84 85 
 85 86 
 86 87 
 87 88 
 88 89 
 89 90 
 90 91 
 91 92 
 92 93 
 93 94 
 94 32 
 52 95 
 95 96 
 96 97 
 97 98 
 98 99 
 99 100 
 100 101 
 101 102 
 102 103 
 103 104 
 104 105 
 105 106 
 106 107 
 107 108 
 108 109 
 109 33 
 53 110 
 110 111 
 111 112 
 112 113 
 113 114 
 114 115 
 115 116 
 116 117 
 117 118 
 118 119 
 119 120 
 120 121 
 121 122 
 122 123 
 123 124 
 124 28 
 54 125 
 125 126 
 126 127 
 127 128 
 128 129 
 129 130 
 130 131 
 131 132 
 132 133 
 133 134 
 134 135 
 135 136 
 136 137 
 137 138 
 138 139 
 139 31 
 55 140 
 140 141 
 141 142 
 142 143 
 143 144 
 144 145 
 145 146 
 146 147 
 147 148 
 148 149 
 149 150 
 150 151 
 151 152 
 152 153 
 153 154 
 154 29 
 56 155 
 155 156 
 156 157 
 157 158 
 158 159 
 159 160 
 160 161 
 161 162 
 162 163 
 163 164 
 164 165 
 165 166 
 166 167 
 167 168 
 168 169 
 169 30 
 57 170 
 170 171 
 171 172 
 172 173 
 173 174 
 174 175 
 175 176 
 176 177 
 177 178 
 178 179 
 179 180 
 180 181 
 181 182 
 182 183 
 183 184 
 184 20 
 58 185 
 185 186 
 186 187 
 187 188 
 188 189 
 189 190 
 190 191 
 191 192 
 192 193 
 193 194 
 194 195 
 195 196 
 196 197 
 197 198 
 198 199 
 199 27 
 59 200 
 200 201 
 201 202 
 202 203 
 203 204 
 204 205 
 205 206 
 206 207 
 207 208 
 208 209 
 209 210 
 210 211 
 211 212 
 212 213 
 213 214 
 214 25 
 60 215 
 215 216 
 216 217 
 217 218 
 218 219 
 219 220 
 220 221 
 221 222 
 222 223 
 223 224 
 224 225 
 225 226 
 226 227 
 227 228 
 228 229 
 229 26 
 61 230 
 230 231 
 231 232 
 232 233 
 233 234 
 234 235 
 235 236 
 236 237 
 237 238 
 238 239 
 239 240 
 240 241 
 241 242 
 242 243 
 243 244 
 244 21 
 62 245 
 245 246 
 246 247 
 247 248 
 248 249 
 249 250 
 250 251 
 251 252 
 252 253 
 253 254 
 254 255 
 255 256 
 256 257 
 257 258 
 258 259 
 259 24 
 63 260 
 260 261 
 261 262 
 262 263 
 263 264 
 264 265 
 265 266 
 266 267 
 267 268 
 268 269 
 269 270 
 270 271 
 271 272 
 272 273 
 273 274 
 274 22 
 64 275 
 275 276 
 276 277 
 277 278 
 278 279 
 279 280 
 280 281 
 281 282 
 282 283 
 283 284 
 284 285 
 285 286 
 286 287 
 287 288 
 288 289 
 289 23 
 bcElement 64
1 14 3 
17 14 3 
33 14 3 
49 14 3 
65 14 3 
81 14 3 
97 14 3 
113 14 3 
129 14 3 
145 14 3 
161 14 3 
177 14 3 
193 14 3 
209 14 3 
225 14 3 
241 14 3 
16 23 0 
15 23 0 
14 23 0 
13 23 0 
12 23 0 
11 23 0 
10 23 0 
9 23 0 
8 23 0 
7 23 0 
6 23 0 
5 23 0 
4 23 0 
3 23 0 
2 23 0 
1 23 0 
256 6 0 
240 6 0 
224 6 0 
208 6 0 
192 6 0 
176 6 0 
160 6 0 
144 6 0 
128 6 0 
112 6 0 
96 6 0 
80 6 0 
64 6 0 
48 6 0 
32 6 0 
16 6 0 
241 24 1 
242 24 1 
243 24 1 
244 24 1 
245 24 1 
246 24 1 
247 24 1 
248 24 1 
249 24 1 
250 24 1 
251 24 1 
252 24 1 
253 24 1 
254 24 1 
255 24 1 
256 24 1 
