Edge min = 0.250000, max=0.250000, average=0.250000;
Grid_size 16
Node_size 25
Total_DOF 169
edge_Size 40
maxDOF 16
Solution_Order
3 
 meshIEN 
4 14 17 13 
 13 17 18 11 
 11 18 19 12 
 12 19 10 2 
 14 15 20 17 
 17 20 21 18 
 18 21 22 19 
 19 22 9 10 
 15 16 23 20 
 20 23 24 21 
 21 24 25 22 
 22 25 8 9 
 16 3 5 23 
 23 5 6 24 
 24 6 7 25 
 25 7 1 8 
 solutionIEN 
4 14 17 13 51 50 83 82 58 59 49 48 106 107 108 109 
 13 17 18 11 59 58 85 84 60 61 47 46 110 111 112 113 
 11 18 19 12 61 60 87 86 62 63 45 44 114 115 116 117 
 12 19 10 2 63 62 89 88 41 40 43 42 118 119 120 121 
 14 15 20 17 53 52 91 90 64 65 82 83 122 123 124 125 
 17 20 21 18 65 64 93 92 66 67 84 85 126 127 128 129 
 18 21 22 19 67 66 95 94 68 69 86 87 130 131 132 133 
 19 22 9 10 69 68 97 96 39 38 88 89 134 135 136 137 
 15 16 23 20 55 54 99 98 70 71 90 91 138 139 140 141 
 20 23 24 21 71 70 101 100 72 73 92 93 142 143 144 145 
 21 24 25 22 73 72 103 102 74 75 94 95 146 147 148 149 
 22 25 8 9 75 74 105 104 37 36 96 97 150 151 152 153 
 16 3 5 23 57 56 27 26 76 77 98 99 154 155 156 157 
 23 5 6 24 77 76 29 28 78 79 100 101 158 159 160 161 
 24 6 7 25 79 78 31 30 80 81 102 103 162 163 164 165 
 25 7 1 8 81 80 33 32 35 34 104 105 166 167 168 169 
 solutionOrder
3 3 3 3 3 
 3 3 3 3 3 
 3 3 3 3 3 
 3 3 3 3 3 
 3 3 3 3 3 
 3 3 3 3 3 
 3 3 3 3 3 
 3 3 3 3 3 
 3 3 3 3 3 
 3 3 3 3 3 
 3 3 3 3 3 
 3 3 3 3 3 
 3 3 3 3 3 
 3 3 3 3 3 
 3 3 3 3 3 
 3 3 3 3 3 
 vertexCoord 
1.000000 1.000000 
 0.000000 1.000000 
 1.000000 0.000000 
 0.000000 0.000000 
 1.000000 0.250000 
 1.000000 0.500000 
 1.000000 0.750000 
 0.750000 1.000000 
 0.500000 1.000000 
 0.250000 1.000000 
 0.000000 0.500000 
 0.000000 0.750000 
 0.000000 0.250000 
 0.250000 0.000000 
 0.500000 0.000000 
 0.750000 0.000000 
 0.250000 0.250000 
 0.250000 0.500000 
 0.250000 0.750000 
 0.500000 0.250000 
 0.500000 0.500000 
 0.500000 0.750000 
 0.750000 0.250000 
 0.750000 0.500000 
 0.750000 0.750000 
 bc_tag 
5 
 2 
 16 
 18 
 23 
 23 
 23 
 6 
 6 
 6 
 24 
 24 
 24 
 14 
 14 
 14 
 26 
 26 
 26 
 26 
 26 
 26 
 26 
 26 
 26 
 23 
 23 
 23 
 23 
 23 
 23 
 23 
 23 
 6 
 6 
 6 
 6 
 6 
 6 
 6 
 6 
 24 
 24 
 24 
 24 
 24 
 24 
 24 
 24 
 14 
 14 
 14 
 14 
 14 
 14 
 14 
 14 
 26 
 26 
 26 
 26 
 26 
 26 
 26 
 26 
 26 
 26 
 26 
 26 
 26 
 26 
 26 
 26 
 26 
 26 
 26 
 26 
 26 
 26 
 26 
 26 
 26 
 26 
 26 
 26 
 26 
 26 
 26 
 26 
 26 
 26 
 26 
 26 
 26 
 26 
 26 
 26 
 26 
 26 
 26 
 26 
 26 
 26 
 26 
 26 
 26 
 26 
 26 
 26 
 26 
 26 
 26 
 26 
 26 
 26 
 26 
 26 
 26 
 26 
 26 
 26 
 26 
 26 
 26 
 26 
 26 
 26 
 26 
 26 
 26 
 26 
 26 
 26 
 26 
 26 
 26 
 26 
 26 
 26 
 26 
 26 
 26 
 26 
 26 
 26 
 26 
 26 
 26 
 26 
 26 
 26 
 26 
 26 
 26 
 26 
 26 
 26 
 26 
 26 
 26 
 26 
 26 
 26 
 26 
 26 
 26 
 26 
 26 
 26 
 edgeUsage
1 1 0 
 1 1 0 
 1 1 0 
 1 1 1 
 1 1 0 
 1 1 0 
 1 1 0 
 1 1 1 
 1 1 0 
 1 1 0 
 1 1 0 
 1 1 1 
 1 1 0 
 1 1 0 
 1 1 0 
 1 1 1 
 EdgeNode 
3 5 26 27 
 5 6 28 29 
 6 7 30 31 
 7 1 32 33 
 1 8 34 35 
 8 9 36 37 
 9 10 38 39 
 10 2 40 41 
 2 12 42 43 
 12 11 44 45 
 11 13 46 47 
 13 4 48 49 
 4 14 50 51 
 14 15 52 53 
 15 16 54 55 
 16 3 56 57 
 13 17 58 59 
 11 18 60 61 
 12 19 62 63 
 17 20 64 65 
 18 21 66 67 
 19 22 68 69 
 20 23 70 71 
 21 24 72 73 
 22 25 74 75 
 23 5 76 77 
 24 6 78 79 
 25 7 80 81 
 14 17 82 83 
 17 18 84 85 
 18 19 86 87 
 19 10 88 89 
 15 20 90 91 
 20 21 92 93 
 21 22 94 95 
 22 9 96 97 
 16 23 98 99 
 23 24 100 101 
 24 25 102 103 
 25 8 104 105 
 bcElement 16
1 14 3 
5 14 3 
9 14 3 
13 14 3 
13 23 1 
14 23 1 
15 23 1 
16 23 1 
16 6 0 
12 6 0 
8 6 0 
4 6 0 
4 24 0 
3 24 0 
2 24 0 
1 24 0 
