Edge min = 0.500000, max=0.500000, average=0.500000;
Grid_size 4
Node_size 9
Total_DOF 121
edge_Size 12
maxDOF 36
Solution_Order
5 
 meshIEN 
4 8 9 7 
 7 9 6 2 
 8 3 5 9 
 9 5 1 6 
 solutionIEN 
4 8 9 7 37 36 35 34 53 52 51 50 42 43 44 45 33 32 31 30 58 59 60 61 62 63 64 65 66 67 68 69 70 71 72 73 
 7 9 6 2 45 44 43 42 57 56 55 54 25 24 23 22 29 28 27 26 74 75 76 77 78 79 80 81 82 83 84 85 86 87 88 89 
 8 3 5 9 41 40 39 38 13 12 11 10 46 47 48 49 50 51 52 53 90 91 92 93 94 95 96 97 98 99 100 101 102 103 104 105 
 9 5 1 6 49 48 47 46 17 16 15 14 21 20 19 18 54 55 56 57 106 107 108 109 110 111 112 113 114 115 116 117 118 119 120 121 
 solutionOrder
5 5 5 5 5 
 5 5 5 5 5 
 5 5 5 5 5 
 5 5 5 5 5 
 vertexCoord 
1.000000 1.000000 
 0.000000 1.000000 
 1.000000 0.000000 
 0.000000 0.000000 
 1.000000 0.500000 
 0.500000 1.000000 
 0.000000 0.500000 
 0.500000 0.000000 
 0.500000 0.500000 
 bc_tag 
5 
 2 
 16 
 18 
 23 
 6 
 24 
 14 
 26 
 23 
 23 
 23 
 23 
 23 
 23 
 23 
 23 
 6 
 6 
 6 
 6 
 6 
 6 
 6 
 6 
 24 
 24 
 24 
 24 
 24 
 24 
 24 
 24 
 14 
 14 
 14 
 14 
 14 
 14 
 14 
 14 
 26 
 26 
 26 
 26 
 26 
 26 
 26 
 26 
 26 
 26 
 26 
 26 
 26 
 26 
 26 
 26 
 26 
 26 
 26 
 26 
 26 
 26 
 26 
 26 
 26 
 26 
 26 
 26 
 26 
 26 
 26 
 26 
 26 
 26 
 26 
 26 
 26 
 26 
 26 
 26 
 26 
 26 
 26 
 26 
 26 
 26 
 26 
 26 
 26 
 26 
 26 
 26 
 26 
 26 
 26 
 26 
 26 
 26 
 26 
 26 
 26 
 26 
 26 
 26 
 26 
 26 
 26 
 26 
 26 
 26 
 26 
 26 
 26 
 26 
 26 
 26 
 26 
 26 
 26 
 26 
 edgeUsage
1 1 0 
 1 1 1 
 1 1 0 
 1 1 1 
 EdgeNode 
3 5 10 11 12 13 
 5 1 14 15 16 17 
 1 6 18 19 20 21 
 6 2 22 23 24 25 
 2 7 26 27 28 29 
 7 4 30 31 32 33 
 4 8 34 35 36 37 
 8 3 38 39 40 41 
 7 9 42 43 44 45 
 9 5 46 47 48 49 
 8 9 50 51 52 53 
 9 6 54 55 56 57 
 bcElement 8
1 14 3 
3 14 3 
2 24 0 
1 24 0 
4 6 0 
2 6 0 
3 23 1 
4 23 1 
