Edge min = 0.125000, max=0.125000, average=0.125000;
Grid_size 64
Node_size 81
Total_DOF 1681
edge_Size 144
maxDOF 36
Solution_Order
5 
 meshIEN 
4 26 33 25 
 25 33 34 23 
 23 34 35 24 
 24 35 36 19 
 19 36 37 22 
 22 37 38 20 
 20 38 39 21 
 21 39 18 2 
 26 27 40 33 
 33 40 41 34 
 34 41 42 35 
 35 42 43 36 
 36 43 44 37 
 37 44 45 38 
 38 45 46 39 
 39 46 17 18 
 27 28 47 40 
 40 47 48 41 
 41 48 49 42 
 42 49 50 43 
 43 50 51 44 
 44 51 52 45 
 45 52 53 46 
 46 53 16 17 
 28 29 54 47 
 47 54 55 48 
 48 55 56 49 
 49 56 57 50 
 50 57 58 51 
 51 58 59 52 
 52 59 60 53 
 53 60 15 16 
 29 30 61 54 
 54 61 62 55 
 55 62 63 56 
 56 63 64 57 
 57 64 65 58 
 58 65 66 59 
 59 66 67 60 
 60 67 14 15 
 30 31 68 61 
 61 68 69 62 
 62 69 70 63 
 63 70 71 64 
 64 71 72 65 
 65 72 73 66 
 66 73 74 67 
 67 74 13 14 
 31 32 75 68 
 68 75 76 69 
 69 76 77 70 
 70 77 78 71 
 71 78 79 72 
 72 79 80 73 
 73 80 81 74 
 74 81 12 13 
 32 3 5 75 
 75 5 6 76 
 76 6 7 77 
 77 7 8 78 
 78 8 9 79 
 79 9 10 80 
 80 10 11 81 
 81 11 1 12 
 solutionIEN 
4 26 33 25 181 180 179 178 437 436 435 434 210 211 212 213 177 176 175 174 658 659 660 661 662 663 664 665 666 667 668 669 670 671 672 673 
 25 33 34 23 213 212 211 210 441 440 439 438 214 215 216 217 173 172 171 170 674 675 676 677 678 679 680 681 682 683 684 685 686 687 688 689 
 23 34 35 24 217 216 215 214 445 444 443 442 218 219 220 221 169 168 167 166 690 691 692 693 694 695 696 697 698 699 700 701 702 703 704 705 
 24 35 36 19 221 220 219 218 449 448 447 446 222 223 224 225 165 164 163 162 706 707 708 709 710 711 712 713 714 715 716 717 718 719 720 721 
 19 36 37 22 225 224 223 222 453 452 451 450 226 227 228 229 161 160 159 158 722 723 724 725 726 727 728 729 730 731 732 733 734 735 736 737 
 22 37 38 20 229 228 227 226 457 456 455 454 230 231 232 233 157 156 155 154 738 739 740 741 742 743 744 745 746 747 748 749 750 751 752 753 
 20 38 39 21 233 232 231 230 461 460 459 458 234 235 236 237 153 152 151 150 754 755 756 757 758 759 760 761 762 763 764 765 766 767 768 769 
 21 39 18 2 237 236 235 234 465 464 463 462 145 144 143 142 149 148 147 146 770 771 772 773 774 775 776 777 778 779 780 781 782 783 784 785 
 26 27 40 33 185 184 183 182 469 468 467 466 238 239 240 241 434 435 436 437 786 787 788 789 790 791 792 793 794 795 796 797 798 799 800 801 
 33 40 41 34 241 240 239 238 473 472 471 470 242 243 244 245 438 439 440 441 802 803 804 805 806 807 808 809 810 811 812 813 814 815 816 817 
 34 41 42 35 245 244 243 242 477 476 475 474 246 247 248 249 442 443 444 445 818 819 820 821 822 823 824 825 826 827 828 829 830 831 832 833 
 35 42 43 36 249 248 247 246 481 480 479 478 250 251 252 253 446 447 448 449 834 835 836 837 838 839 840 841 842 843 844 845 846 847 848 849 
 36 43 44 37 253 252 251 250 485 484 483 482 254 255 256 257 450 451 452 453 850 851 852 853 854 855 856 857 858 859 860 861 862 863 864 865 
 37 44 45 38 257 256 255 254 489 488 487 486 258 259 260 261 454 455 456 457 866 867 868 869 870 871 872 873 874 875 876 877 878 879 880 881 
 38 45 46 39 261 260 259 258 493 492 491 490 262 263 264 265 458 459 460 461 882 883 884 885 886 887 888 889 890 891 892 893 894 895 896 897 
 39 46 17 18 265 264 263 262 497 496 495 494 141 140 139 138 462 463 464 465 898 899 900 901 902 903 904 905 906 907 908 909 910 911 912 913 
 27 28 47 40 189 188 187 186 501 500 499 498 266 267 268 269 466 467 468 469 914 915 916 917 918 919 920 921 922 923 924 925 926 927 928 929 
 40 47 48 41 269 268 267 266 505 504 503 502 270 271 272 273 470 471 472 473 930 931 932 933 934 935 936 937 938 939 940 941 942 943 944 945 
 41 48 49 42 273 272 271 270 509 508 507 506 274 275 276 277 474 475 476 477 946 947 948 949 950 951 952 953 954 955 956 957 958 959 960 961 
 42 49 50 43 277 276 275 274 513 512 511 510 278 279 280 281 478 479 480 481 962 963 964 965 966 967 968 969 970 971 972 973 974 975 976 977 
 43 50 51 44 281 280 279 278 517 516 515 514 282 283 284 285 482 483 484 485 978 979 980 981 982 983 984 985 986 987 988 989 990 991 992 993 
 44 51 52 45 285 284 283 282 521 520 519 518 286 287 288 289 486 487 488 489 994 995 996 997 998 999 1000 1001 1002 1003 1004 1005 1006 1007 1008 1009 
 45 52 53 46 289 288 287 286 525 524 523 522 290 291 292 293 490 491 492 493 1010 1011 1012 1013 1014 1015 1016 1017 1018 1019 1020 1021 1022 1023 1024 1025 
 46 53 16 17 293 292 291 290 529 528 527 526 137 136 135 134 494 495 496 497 1026 1027 1028 1029 1030 1031 1032 1033 1034 1035 1036 1037 1038 1039 1040 1041 
 28 29 54 47 193 192 191 190 533 532 531 530 294 295 296 297 498 499 500 501 1042 1043 1044 1045 1046 1047 1048 1049 1050 1051 1052 1053 1054 1055 1056 1057 
 47 54 55 48 297 296 295 294 537 536 535 534 298 299 300 301 502 503 504 505 1058 1059 1060 1061 1062 1063 1064 1065 1066 1067 1068 1069 1070 1071 1072 1073 
 48 55 56 49 301 300 299 298 541 540 539 538 302 303 304 305 506 507 508 509 1074 1075 1076 1077 1078 1079 1080 1081 1082 1083 1084 1085 1086 1087 1088 1089 
 49 56 57 50 305 304 303 302 545 544 543 542 306 307 308 309 510 511 512 513 1090 1091 1092 1093 1094 1095 1096 1097 1098 1099 1100 1101 1102 1103 1104 1105 
 50 57 58 51 309 308 307 306 549 548 547 546 310 311 312 313 514 515 516 517 1106 1107 1108 1109 1110 1111 1112 1113 1114 1115 1116 1117 1118 1119 1120 1121 
 51 58 59 52 313 312 311 310 553 552 551 550 314 315 316 317 518 519 520 521 1122 1123 1124 1125 1126 1127 1128 1129 1130 1131 1132 1133 1134 1135 1136 1137 
 52 59 60 53 317 316 315 314 557 556 555 554 318 319 320 321 522 523 524 525 1138 1139 1140 1141 1142 1143 1144 1145 1146 1147 1148 1149 1150 1151 1152 1153 
 53 60 15 16 321 320 319 318 561 560 559 558 133 132 131 130 526 527 528 529 1154 1155 1156 1157 1158 1159 1160 1161 1162 1163 1164 1165 1166 1167 1168 1169 
 29 30 61 54 197 196 195 194 565 564 563 562 322 323 324 325 530 531 532 533 1170 1171 1172 1173 1174 1175 1176 1177 1178 1179 1180 1181 1182 1183 1184 1185 
 54 61 62 55 325 324 323 322 569 568 567 566 326 327 328 329 534 535 536 537 1186 1187 1188 1189 1190 1191 1192 1193 1194 1195 1196 1197 1198 1199 1200 1201 
 55 62 63 56 329 328 327 326 573 572 571 570 330 331 332 333 538 539 540 541 1202 1203 1204 1205 1206 1207 1208 1209 1210 1211 1212 1213 1214 1215 1216 1217 
 56 63 64 57 333 332 331 330 577 576 575 574 334 335 336 337 542 543 544 545 1218 1219 1220 1221 1222 1223 1224 1225 1226 1227 1228 1229 1230 1231 1232 1233 
 57 64 65 58 337 336 335 334 581 580 579 578 338 339 340 341 546 547 548 549 1234 1235 1236 1237 1238 1239 1240 1241 1242 1243 1244 1245 1246 1247 1248 1249 
 58 65 66 59 341 340 339 338 585 584 583 582 342 343 344 345 550 551 552 553 1250 1251 1252 1253 1254 1255 1256 1257 1258 1259 1260 1261 1262 1263 1264 1265 
 59 66 67 60 345 344 343 342 589 588 587 586 346 347 348 349 554 555 556 557 1266 1267 1268 1269 1270 1271 1272 1273 1274 1275 1276 1277 1278 1279 1280 1281 
 60 67 14 15 349 348 347 346 593 592 591 590 129 128 127 126 558 559 560 561 1282 1283 1284 1285 1286 1287 1288 1289 1290 1291 1292 1293 1294 1295 1296 1297 
 30 31 68 61 201 200 199 198 597 596 595 594 350 351 352 353 562 563 564 565 1298 1299 1300 1301 1302 1303 1304 1305 1306 1307 1308 1309 1310 1311 1312 1313 
 61 68 69 62 353 352 351 350 601 600 599 598 354 355 356 357 566 567 568 569 1314 1315 1316 1317 1318 1319 1320 1321 1322 1323 1324 1325 1326 1327 1328 1329 
 62 69 70 63 357 356 355 354 605 604 603 602 358 359 360 361 570 571 572 573 1330 1331 1332 1333 1334 1335 1336 1337 1338 1339 1340 1341 1342 1343 1344 1345 
 63 70 71 64 361 360 359 358 609 608 607 606 362 363 364 365 574 575 576 577 1346 1347 1348 1349 1350 1351 1352 1353 1354 1355 1356 1357 1358 1359 1360 1361 
 64 71 72 65 365 364 363 362 613 612 611 610 366 367 368 369 578 579 580 581 1362 1363 1364 1365 1366 1367 1368 1369 1370 1371 1372 1373 1374 1375 1376 1377 
 65 72 73 66 369 368 367 366 617 616 615 614 370 371 372 373 582 583 584 585 1378 1379 1380 1381 1382 1383 1384 1385 1386 1387 1388 1389 1390 1391 1392 1393 
 66 73 74 67 373 372 371 370 621 620 619 618 374 375 376 377 586 587 588 589 1394 1395 1396 1397 1398 1399 1400 1401 1402 1403 1404 1405 1406 1407 1408 1409 
 67 74 13 14 377 376 375 374 625 624 623 622 125 124 123 122 590 591 592 593 1410 1411 1412 1413 1414 1415 1416 1417 1418 1419 1420 1421 1422 1423 1424 1425 
 31 32 75 68 205 204 203 202 629 628 627 626 378 379 380 381 594 595 596 597 1426 1427 1428 1429 1430 1431 1432 1433 1434 1435 1436 1437 1438 1439 1440 1441 
 68 75 76 69 381 380 379 378 633 632 631 630 382 383 384 385 598 599 600 601 1442 1443 1444 1445 1446 1447 1448 1449 1450 1451 1452 1453 1454 1455 1456 1457 
 69 76 77 70 385 384 383 382 637 636 635 634 386 387 388 389 602 603 604 605 1458 1459 1460 1461 1462 1463 1464 1465 1466 1467 1468 1469 1470 1471 1472 1473 
 70 77 78 71 389 388 387 386 641 640 639 638 390 391 392 393 606 607 608 609 1474 1475 1476 1477 1478 1479 1480 1481 1482 1483 1484 1485 1486 1487 1488 1489 
 71 78 79 72 393 392 391 390 645 644 643 642 394 395 396 397 610 611 612 613 1490 1491 1492 1493 1494 1495 1496 1497 1498 1499 1500 1501 1502 1503 1504 1505 
 72 79 80 73 397 396 395 394 649 648 647 646 398 399 400 401 614 615 616 617 1506 1507 1508 1509 1510 1511 1512 1513 1514 1515 1516 1517 1518 1519 1520 1521 
 73 80 81 74 401 400 399 398 653 652 651 650 402 403 404 405 618 619 620 621 1522 1523 1524 1525 1526 1527 1528 1529 1530 1531 1532 1533 1534 1535 1536 1537 
 74 81 12 13 405 404 403 402 657 656 655 654 121 120 119 118 622 623 624 625 1538 1539 1540 1541 1542 1543 1544 1545 1546 1547 1548 1549 1550 1551 1552 1553 
 32 3 5 75 209 208 207 206 85 84 83 82 406 407 408 409 626 627 628 629 1554 1555 1556 1557 1558 1559 1560 1561 1562 1563 1564 1565 1566 1567 1568 1569 
 75 5 6 76 409 408 407 406 89 88 87 86 410 411 412 413 630 631 632 633 1570 1571 1572 1573 1574 1575 1576 1577 1578 1579 1580 1581 1582 1583 1584 1585 
 76 6 7 77 413 412 411 410 93 92 91 90 414 415 416 417 634 635 636 637 1586 1587 1588 1589 1590 1591 1592 1593 1594 1595 1596 1597 1598 1599 1600 1601 
 77 7 8 78 417 416 415 414 97 96 95 94 418 419 420 421 638 639 640 641 1602 1603 1604 1605 1606 1607 1608 1609 1610 1611 1612 1613 1614 1615 1616 1617 
 78 8 9 79 421 420 419 418 101 100 99 98 422 423 424 425 642 643 644 645 1618 1619 1620 1621 1622 1623 1624 1625 1626 1627 1628 1629 1630 1631 1632 1633 
 79 9 10 80 425 424 423 422 105 104 103 102 426 427 428 429 646 647 648 649 1634 1635 1636 1637 1638 1639 1640 1641 1642 1643 1644 1645 1646 1647 1648 1649 
 80 10 11 81 429 428 427 426 109 108 107 106 430 431 432 433 650 651 652 653 1650 1651 1652 1653 1654 1655 1656 1657 1658 1659 1660 1661 1662 1663 1664 1665 
 81 11 1 12 433 432 431 430 113 112 111 110 117 116 115 114 654 655 656 657 1666 1667 1668 1669 1670 1671 1672 1673 1674 1675 1676 1677 1678 1679 1680 1681 
 solutionOrder
5 5 5 5 5 
 5 5 5 5 5 
 5 5 5 5 5 
 5 5 5 5 5 
 5 5 5 5 5 
 5 5 5 5 5 
 5 5 5 5 5 
 5 5 5 5 5 
 5 5 5 5 5 
 5 5 5 5 5 
 5 5 5 5 5 
 5 5 5 5 5 
 5 5 5 5 5 
 5 5 5 5 5 
 5 5 5 5 5 
 5 5 5 5 5 
 5 5 5 5 5 
 5 5 5 5 5 
 5 5 5 5 5 
 5 5 5 5 5 
 5 5 5 5 5 
 5 5 5 5 5 
 5 5 5 5 5 
 5 5 5 5 5 
 5 5 5 5 5 
 5 5 5 5 5 
 5 5 5 5 5 
 5 5 5 5 5 
 5 5 5 5 5 
 5 5 5 5 5 
 5 5 5 5 5 
 5 5 5 5 5 
 5 5 5 5 5 
 5 5 5 5 5 
 5 5 5 5 5 
 5 5 5 5 5 
 5 5 5 5 5 
 5 5 5 5 5 
 5 5 5 5 5 
 5 5 5 5 5 
 5 5 5 5 5 
 5 5 5 5 5 
 5 5 5 5 5 
 5 5 5 5 5 
 5 5 5 5 5 
 5 5 5 5 5 
 5 5 5 5 5 
 5 5 5 5 5 
 5 5 5 5 5 
 5 5 5 5 5 
 5 5 5 5 5 
 5 5 5 5 5 
 5 5 5 5 5 
 5 5 5 5 5 
 5 5 5 5 5 
 5 5 5 5 5 
 5 5 5 5 5 
 5 5 5 5 5 
 5 5 5 5 5 
 5 5 5 5 5 
 5 5 5 5 5 
 5 5 5 5 5 
 5 5 5 5 5 
 5 5 5 5 5 
 vertexCoord 
1.000000 1.000000 
 0.000000 1.000000 
 1.000000 0.000000 
 0.000000 0.000000 
 1.000000 0.125000 
 1.000000 0.250000 
 1.000000 0.375000 
 1.000000 0.500000 
 1.000000 0.625000 
 1.000000 0.750000 
 1.000000 0.875000 
 0.875000 1.000000 
 0.750000 1.000000 
 0.625000 1.000000 
 0.500000 1.000000 
 0.375000 1.000000 
 0.250000 1.000000 
 0.125000 1.000000 
 0.000000 0.500000 
 0.000000 0.750000 
 0.000000 0.875000 
 0.000000 0.625000 
 0.000000 0.250000 
 0.000000 0.375000 
 0.000000 0.125000 
 0.125000 0.000000 
 0.250000 0.000000 
 0.375000 0.000000 
 0.500000 0.000000 
 0.625000 0.000000 
 0.750000 0.000000 
 0.875000 0.000000 
 0.125000 0.125000 
 0.125000 0.250000 
 0.125000 0.375000 
 0.125000 0.500000 
 0.125000 0.625000 
 0.125000 0.750000 
 0.125000 0.875000 
 0.250000 0.125000 
 0.250000 0.250000 
 0.250000 0.375000 
 0.250000 0.500000 
 0.250000 0.625000 
 0.250000 0.750000 
 0.250000 0.875000 
 0.375000 0.125000 
 0.375000 0.250000 
 0.375000 0.375000 
 0.375000 0.500000 
 0.375000 0.625000 
 0.375000 0.750000 
 0.375000 0.875000 
 0.500000 0.125000 
 0.500000 0.250000 
 0.500000 0.375000 
 0.500000 0.500000 
 0.500000 0.625000 
 0.500000 0.750000 
 0.500000 0.875000 
 0.625000 0.125000 
 0.625000 0.250000 
 0.625000 0.375000 
 0.625000 0.500000 
 0.625000 0.625000 
 0.625000 0.750000 
 0.625000 0.875000 
 0.750000 0.125000 
 0.750000 0.250000 
 0.750000 0.375000 
 0.750000 0.500000 
 0.750000 0.625000 
 0.750000 0.750000 
 0.750000 0.875000 
 0.875000 0.125000 
 0.875000 0.250000 
 0.875000 0.375000 
 0.875000 0.500000 
 0.875000 0.625000 
 0.875000 0.750000 
 0.875000 0.875000 
 bc_tag 
5 
 2 
 16 
 18 
 23 
 23 
 23 
 23 
 23 
 23 
 23 
 6 
 6 
 6 
 6 
 6 
 6 
 6 
 24 
 24 
 24 
 24 
 24 
 24 
 24 
 14 
 14 
 14 
 14 
 14 
 14 
 14 
 26 
 26 
 26 
 26 
 26 
 26 
 26 
 26 
 26 
 26 
 26 
 26 
 26 
 26 
 26 
 26 
 26 
 26 
 26 
 26 
 26 
 26 
 26 
 26 
 26 
 26 
 26 
 26 
 26 
 26 
 26 
 26 
 26 
 26 
 26 
 26 
 26 
 26 
 26 
 26 
 26 
 26 
 26 
 26 
 26 
 26 
 26 
 26 
 26 
 23 
 23 
 23 
 23 
 23 
 23 
 23 
 23 
 23 
 23 
 23 
 23 
 23 
 23 
 23 
 23 
 23 
 23 
 23 
 23 
 23 
 23 
 23 
 23 
 23 
 23 
 23 
 23 
 23 
 23 
 23 
 23 
 6 
 6 
 6 
 6 
 6 
 6 
 6 
 6 
 6 
 6 
 6 
 6 
 6 
 6 
 6 
 6 
 6 
 6 
 6 
 6 
 6 
 6 
 6 
 6 
 6 
 6 
 6 
 6 
 6 
 6 
 6 
 6 
 24 
 24 
 24 
 24 
 24 
 24 
 24 
 24 
 24 
 24 
 24 
 24 
 24 
 24 
 24 
 24 
 24 
 24 
 24 
 24 
 24 
 24 
 24 
 24 
 24 
 24 
 24 
 24 
 24 
 24 
 24 
 24 
 14 
 14 
 14 
 14 
 14 
 14 
 14 
 14 
 14 
 14 
 14 
 14 
 14 
 14 
 14 
 14 
 14 
 14 
 14 
 14 
 14 
 14 
 14 
 14 
 14 
 14 
 14 
 14 
 14 
 14 
 14 
 14 
 26 
 26 
 26 
 26 
 26 
 26 
 26 
 26 
 26 
 26 
 26 
 26 
 26 
 26 
 26 
 26 
 26 
 26 
 26 
 26 
 26 
 26 
 26 
 26 
 26 
 26 
 26 
 26 
 26 
 26 
 26 
 26 
 26 
 26 
 26 
 26 
 26 
 26 
 26 
 26 
 26 
 26 
 26 
 26 
 26 
 26 
 26 
 26 
 26 
 26 
 26 
 26 
 26 
 26 
 26 
 26 
 26 
 26 
 26 
 26 
 26 
 26 
 26 
 26 
 26 
 26 
 26 
 26 
 26 
 26 
 26 
 26 
 26 
 26 
 26 
 26 
 26 
 26 
 26 
 26 
 26 
 26 
 26 
 26 
 26 
 26 
 26 
 26 
 26 
 26 
 26 
 26 
 26 
 26 
 26 
 26 
 26 
 26 
 26 
 26 
 26 
 26 
 26 
 26 
 26 
 26 
 26 
 26 
 26 
 26 
 26 
 26 
 26 
 26 
 26 
 26 
 26 
 26 
 26 
 26 
 26 
 26 
 26 
 26 
 26 
 26 
 26 
 26 
 26 
 26 
 26 
 26 
 26 
 26 
 26 
 26 
 26 
 26 
 26 
 26 
 26 
 26 
 26 
 26 
 26 
 26 
 26 
 26 
 26 
 26 
 26 
 26 
 26 
 26 
 26 
 26 
 26 
 26 
 26 
 26 
 26 
 26 
 26 
 26 
 26 
 26 
 26 
 26 
 26 
 26 
 26 
 26 
 26 
 26 
 26 
 26 
 26 
 26 
 26 
 26 
 26 
 26 
 26 
 26 
 26 
 26 
 26 
 26 
 26 
 26 
 26 
 26 
 26 
 26 
 26 
 26 
 26 
 26 
 26 
 26 
 26 
 26 
 26 
 26 
 26 
 26 
 26 
 26 
 26 
 26 
 26 
 26 
 26 
 26 
 26 
 26 
 26 
 26 
 26 
 26 
 26 
 26 
 26 
 26 
 26 
 26 
 26 
 26 
 26 
 26 
 26 
 26 
 26 
 26 
 26 
 26 
 26 
 26 
 26 
 26 
 26 
 26 
 26 
 26 
 26 
 26 
 26 
 26 
 26 
 26 
 26 
 26 
 26 
 26 
 26 
 26 
 26 
 26 
 26 
 26 
 26 
 26 
 26 
 26 
 26 
 26 
 26 
 26 
 26 
 26 
 26 
 26 
 26 
 26 
 26 
 26 
 26 
 26 
 26 
 26 
 26 
 26 
 26 
 26 
 26 
 26 
 26 
 26 
 26 
 26 
 26 
 26 
 26 
 26 
 26 
 26 
 26 
 26 
 26 
 26 
 26 
 26 
 26 
 26 
 26 
 26 
 26 
 26 
 26 
 26 
 26 
 26 
 26 
 26 
 26 
 26 
 26 
 26 
 26 
 26 
 26 
 26 
 26 
 26 
 26 
 26 
 26 
 26 
 26 
 26 
 26 
 26 
 26 
 26 
 26 
 26 
 26 
 26 
 26 
 26 
 26 
 26 
 26 
 26 
 26 
 26 
 26 
 26 
 26 
 26 
 26 
 26 
 26 
 26 
 26 
 26 
 26 
 26 
 26 
 26 
 26 
 26 
 26 
 26 
 26 
 26 
 26 
 26 
 26 
 26 
 26 
 26 
 26 
 26 
 26 
 26 
 26 
 26 
 26 
 26 
 26 
 26 
 26 
 26 
 26 
 26 
 26 
 26 
 26 
 26 
 26 
 26 
 26 
 26 
 26 
 26 
 26 
 26 
 26 
 26 
 26 
 26 
 26 
 26 
 26 
 26 
 26 
 26 
 26 
 26 
 26 
 26 
 26 
 26 
 26 
 26 
 26 
 26 
 26 
 26 
 26 
 26 
 26 
 26 
 26 
 26 
 26 
 26 
 26 
 26 
 26 
 26 
 26 
 26 
 26 
 26 
 26 
 26 
 26 
 26 
 26 
 26 
 26 
 26 
 26 
 26 
 26 
 26 
 26 
 26 
 26 
 26 
 26 
 26 
 26 
 26 
 26 
 26 
 26 
 26 
 26 
 26 
 26 
 26 
 26 
 26 
 26 
 26 
 26 
 26 
 26 
 26 
 26 
 26 
 26 
 26 
 26 
 26 
 26 
 26 
 26 
 26 
 26 
 26 
 26 
 26 
 26 
 26 
 26 
 26 
 26 
 26 
 26 
 26 
 26 
 26 
 26 
 26 
 26 
 26 
 26 
 26 
 26 
 26 
 26 
 26 
 26 
 26 
 26 
 26 
 26 
 26 
 26 
 26 
 26 
 26 
 26 
 26 
 26 
 26 
 26 
 26 
 26 
 26 
 26 
 26 
 26 
 26 
 26 
 26 
 26 
 26 
 26 
 26 
 26 
 26 
 26 
 26 
 26 
 26 
 26 
 26 
 26 
 26 
 26 
 26 
 26 
 26 
 26 
 26 
 26 
 26 
 26 
 26 
 26 
 26 
 26 
 26 
 26 
 26 
 26 
 26 
 26 
 26 
 26 
 26 
 26 
 26 
 26 
 26 
 26 
 26 
 26 
 26 
 26 
 26 
 26 
 26 
 26 
 26 
 26 
 26 
 26 
 26 
 26 
 26 
 26 
 26 
 26 
 26 
 26 
 26 
 26 
 26 
 26 
 26 
 26 
 26 
 26 
 26 
 26 
 26 
 26 
 26 
 26 
 26 
 26 
 26 
 26 
 26 
 26 
 26 
 26 
 26 
 26 
 26 
 26 
 26 
 26 
 26 
 26 
 26 
 26 
 26 
 26 
 26 
 26 
 26 
 26 
 26 
 26 
 26 
 26 
 26 
 26 
 26 
 26 
 26 
 26 
 26 
 26 
 26 
 26 
 26 
 26 
 26 
 26 
 26 
 26 
 26 
 26 
 26 
 26 
 26 
 26 
 26 
 26 
 26 
 26 
 26 
 26 
 26 
 26 
 26 
 26 
 26 
 26 
 26 
 26 
 26 
 26 
 26 
 26 
 26 
 26 
 26 
 26 
 26 
 26 
 26 
 26 
 26 
 26 
 26 
 26 
 26 
 26 
 26 
 26 
 26 
 26 
 26 
 26 
 26 
 26 
 26 
 26 
 26 
 26 
 26 
 26 
 26 
 26 
 26 
 26 
 26 
 26 
 26 
 26 
 26 
 26 
 26 
 26 
 26 
 26 
 26 
 26 
 26 
 26 
 26 
 26 
 26 
 26 
 26 
 26 
 26 
 26 
 26 
 26 
 26 
 26 
 26 
 26 
 26 
 26 
 26 
 26 
 26 
 26 
 26 
 26 
 26 
 26 
 26 
 26 
 26 
 26 
 26 
 26 
 26 
 26 
 26 
 26 
 26 
 26 
 26 
 26 
 26 
 26 
 26 
 26 
 26 
 26 
 26 
 26 
 26 
 26 
 26 
 26 
 26 
 26 
 26 
 26 
 26 
 26 
 26 
 26 
 26 
 26 
 26 
 26 
 26 
 26 
 26 
 26 
 26 
 26 
 26 
 26 
 26 
 26 
 26 
 26 
 26 
 26 
 26 
 26 
 26 
 26 
 26 
 26 
 26 
 26 
 26 
 26 
 26 
 26 
 26 
 26 
 26 
 26 
 26 
 26 
 26 
 26 
 26 
 26 
 26 
 26 
 26 
 26 
 26 
 26 
 26 
 26 
 26 
 26 
 26 
 26 
 26 
 26 
 26 
 26 
 26 
 26 
 26 
 26 
 26 
 26 
 26 
 26 
 26 
 26 
 26 
 26 
 26 
 26 
 26 
 26 
 26 
 26 
 26 
 26 
 26 
 26 
 26 
 26 
 26 
 26 
 26 
 26 
 26 
 26 
 26 
 26 
 26 
 26 
 26 
 26 
 26 
 26 
 26 
 26 
 26 
 26 
 26 
 26 
 26 
 26 
 26 
 26 
 26 
 26 
 26 
 26 
 26 
 26 
 26 
 26 
 26 
 26 
 26 
 26 
 26 
 26 
 26 
 26 
 26 
 26 
 26 
 26 
 26 
 26 
 26 
 26 
 26 
 26 
 26 
 26 
 26 
 26 
 26 
 26 
 26 
 26 
 26 
 26 
 26 
 26 
 26 
 26 
 26 
 26 
 26 
 26 
 26 
 26 
 26 
 26 
 26 
 26 
 26 
 26 
 26 
 26 
 26 
 26 
 26 
 26 
 26 
 26 
 26 
 26 
 26 
 26 
 26 
 26 
 26 
 26 
 26 
 26 
 26 
 26 
 26 
 26 
 26 
 26 
 26 
 26 
 26 
 26 
 26 
 26 
 26 
 26 
 26 
 26 
 26 
 26 
 26 
 26 
 26 
 26 
 26 
 26 
 26 
 26 
 26 
 26 
 26 
 26 
 26 
 26 
 26 
 26 
 26 
 26 
 26 
 26 
 26 
 26 
 26 
 26 
 26 
 26 
 26 
 26 
 26 
 26 
 26 
 26 
 26 
 26 
 26 
 26 
 26 
 26 
 26 
 26 
 26 
 26 
 26 
 26 
 26 
 26 
 26 
 26 
 26 
 26 
 26 
 26 
 26 
 26 
 26 
 26 
 26 
 26 
 26 
 26 
 26 
 26 
 26 
 26 
 26 
 26 
 26 
 26 
 26 
 26 
 26 
 26 
 26 
 26 
 26 
 26 
 26 
 26 
 26 
 26 
 26 
 26 
 26 
 26 
 26 
 26 
 26 
 26 
 26 
 26 
 26 
 26 
 26 
 26 
 26 
 26 
 26 
 26 
 26 
 26 
 26 
 26 
 26 
 26 
 26 
 26 
 26 
 26 
 26 
 26 
 26 
 26 
 26 
 26 
 26 
 26 
 26 
 26 
 26 
 26 
 26 
 26 
 26 
 26 
 26 
 26 
 26 
 26 
 26 
 26 
 26 
 26 
 26 
 26 
 26 
 26 
 26 
 26 
 26 
 26 
 26 
 26 
 26 
 26 
 26 
 26 
 26 
 26 
 26 
 26 
 26 
 26 
 26 
 26 
 26 
 26 
 26 
 26 
 26 
 26 
 26 
 26 
 26 
 26 
 26 
 26 
 26 
 26 
 26 
 26 
 26 
 26 
 26 
 26 
 26 
 26 
 26 
 26 
 26 
 26 
 26 
 26 
 26 
 26 
 26 
 26 
 26 
 26 
 26 
 26 
 26 
 26 
 26 
 26 
 26 
 26 
 26 
 26 
 26 
 26 
 26 
 26 
 26 
 26 
 26 
 26 
 26 
 26 
 26 
 26 
 26 
 26 
 26 
 26 
 26 
 26 
 26 
 26 
 26 
 26 
 26 
 26 
 26 
 26 
 26 
 26 
 26 
 26 
 26 
 26 
 26 
 26 
 26 
 26 
 26 
 26 
 26 
 26 
 26 
 26 
 26 
 26 
 26 
 26 
 26 
 26 
 26 
 26 
 26 
 26 
 26 
 26 
 26 
 26 
 26 
 26 
 26 
 26 
 26 
 26 
 26 
 26 
 26 
 26 
 26 
 26 
 26 
 26 
 26 
 26 
 26 
 26 
 26 
 26 
 26 
 26 
 26 
 26 
 26 
 26 
 26 
 26 
 26 
 26 
 26 
 26 
 26 
 26 
 26 
 26 
 26 
 26 
 26 
 26 
 26 
 26 
 26 
 26 
 26 
 26 
 26 
 26 
 26 
 26 
 26 
 26 
 26 
 26 
 26 
 26 
 26 
 26 
 26 
 26 
 26 
 26 
 26 
 26 
 26 
 26 
 26 
 26 
 26 
 26 
 26 
 26 
 26 
 26 
 26 
 26 
 26 
 26 
 26 
 26 
 26 
 26 
 26 
 26 
 26 
 26 
 26 
 26 
 26 
 26 
 26 
 26 
 26 
 26 
 26 
 26 
 26 
 26 
 26 
 26 
 26 
 26 
 26 
 26 
 26 
 26 
 26 
 26 
 26 
 26 
 26 
 26 
 26 
 26 
 26 
 26 
 26 
 26 
 26 
 26 
 26 
 26 
 26 
 26 
 26 
 26 
 26 
 26 
 26 
 26 
 26 
 26 
 26 
 26 
 26 
 26 
 26 
 26 
 26 
 26 
 26 
 26 
 26 
 26 
 26 
 26 
 26 
 26 
 26 
 26 
 26 
 26 
 26 
 26 
 26 
 26 
 26 
 26 
 26 
 26 
 26 
 26 
 26 
 26 
 26 
 26 
 26 
 26 
 26 
 26 
 26 
 26 
 26 
 26 
 26 
 26 
 26 
 26 
 26 
 26 
 26 
 26 
 26 
 26 
 26 
 26 
 26 
 26 
 26 
 26 
 26 
 26 
 26 
 26 
 26 
 26 
 26 
 26 
 26 
 26 
 26 
 26 
 26 
 26 
 26 
 26 
 26 
 26 
 26 
 26 
 26 
 26 
 26 
 26 
 26 
 26 
 26 
 26 
 26 
 26 
 26 
 26 
 26 
 26 
 26 
 26 
 26 
 26 
 26 
 26 
 26 
 26 
 26 
 26 
 26 
 26 
 26 
 26 
 26 
 26 
 26 
 26 
 26 
 26 
 26 
 26 
 26 
 26 
 26 
 edgeUsage
1 1 0 
 1 1 0 
 1 1 0 
 1 1 0 
 1 1 0 
 1 1 0 
 1 1 0 
 1 1 1 
 1 1 0 
 1 1 0 
 1 1 0 
 1 1 0 
 1 1 0 
 1 1 0 
 1 1 0 
 1 1 1 
 1 1 0 
 1 1 0 
 1 1 0 
 1 1 0 
 1 1 0 
 1 1 0 
 1 1 0 
 1 1 1 
 1 1 0 
 1 1 0 
 1 1 0 
 1 1 0 
 1 1 0 
 1 1 0 
 1 1 0 
 1 1 1 
 1 1 0 
 1 1 0 
 1 1 0 
 1 1 0 
 1 1 0 
 1 1 0 
 1 1 0 
 1 1 1 
 1 1 0 
 1 1 0 
 1 1 0 
 1 1 0 
 1 1 0 
 1 1 0 
 1 1 0 
 1 1 1 
 1 1 0 
 1 1 0 
 1 1 0 
 1 1 0 
 1 1 0 
 1 1 0 
 1 1 0 
 1 1 1 
 1 1 0 
 1 1 0 
 1 1 0 
 1 1 0 
 1 1 0 
 1 1 0 
 1 1 0 
 1 1 1 
 EdgeNode 
3 5 82 83 84 85 
 5 6 86 87 88 89 
 6 7 90 91 92 93 
 7 8 94 95 96 97 
 8 9 98 99 100 101 
 9 10 102 103 104 105 
 10 11 106 107 108 109 
 11 1 110 111 112 113 
 1 12 114 115 116 117 
 12 13 118 119 120 121 
 13 14 122 123 124 125 
 14 15 126 127 128 129 
 15 16 130 131 132 133 
 16 17 134 135 136 137 
 17 18 138 139 140 141 
 18 2 142 143 144 145 
 2 21 146 147 148 149 
 21 20 150 151 152 153 
 20 22 154 155 156 157 
 22 19 158 159 160 161 
 19 24 162 163 164 165 
 24 23 166 167 168 169 
 23 25 170 171 172 173 
 25 4 174 175 176 177 
 4 26 178 179 180 181 
 26 27 182 183 184 185 
 27 28 186 187 188 189 
 28 29 190 191 192 193 
 29 30 194 195 196 197 
 30 31 198 199 200 201 
 31 32 202 203 204 205 
 32 3 206 207 208 209 
 25 33 210 211 212 213 
 23 34 214 215 216 217 
 24 35 218 219 220 221 
 19 36 222 223 224 225 
 22 37 226 227 228 229 
 20 38 230 231 232 233 
 21 39 234 235 236 237 
 33 40 238 239 240 241 
 34 41 242 243 244 245 
 35 42 246 247 248 249 
 36 43 250 251 252 253 
 37 44 254 255 256 257 
 38 45 258 259 260 261 
 39 46 262 263 264 265 
 40 47 266 267 268 269 
 41 48 270 271 272 273 
 42 49 274 275 276 277 
 43 50 278 279 280 281 
 44 51 282 283 284 285 
 45 52 286 287 288 289 
 46 53 290 291 292 293 
 47 54 294 295 296 297 
 48 55 298 299 300 301 
 49 56 302 303 304 305 
 50 57 306 307 308 309 
 51 58 310 311 312 313 
 52 59 314 315 316 317 
 53 60 318 319 320 321 
 54 61 322 323 324 325 
 55 62 326 327 328 329 
 56 63 330 331 332 333 
 57 64 334 335 336 337 
 58 65 338 339 340 341 
 59 66 342 343 344 345 
 60 67 346 347 348 349 
 61 68 350 351 352 353 
 62 69 354 355 356 357 
 63 70 358 359 360 361 
 64 71 362 363 364 365 
 65 72 366 367 368 369 
 66 73 370 371 372 373 
 67 74 374 375 376 377 
 68 75 378 379 380 381 
 69 76 382 383 384 385 
 70 77 386 387 388 389 
 71 78 390 391 392 393 
 72 79 394 395 396 397 
 73 80 398 399 400 401 
 74 81 402 403 404 405 
 75 5 406 407 408 409 
 76 6 410 411 412 413 
 77 7 414 415 416 417 
 78 8 418 419 420 421 
 79 9 422 423 424 425 
 80 10 426 427 428 429 
 81 11 430 431 432 433 
 26 33 434 435 436 437 
 33 34 438 439 440 441 
 34 35 442 443 444 445 
 35 36 446 447 448 449 
 36 37 450 451 452 453 
 37 38 454 455 456 457 
 38 39 458 459 460 461 
 39 18 462 463 464 465 
 27 40 466 467 468 469 
 40 41 470 471 472 473 
 41 42 474 475 476 477 
 42 43 478 479 480 481 
 43 44 482 483 484 485 
 44 45 486 487 488 489 
 45 46 490 491 492 493 
 46 17 494 495 496 497 
 28 47 498 499 500 501 
 47 48 502 503 504 505 
 48 49 506 507 508 509 
 49 50 510 511 512 513 
 50 51 514 515 516 517 
 51 52 518 519 520 521 
 52 53 522 523 524 525 
 53 16 526 527 528 529 
 29 54 530 531 532 533 
 54 55 534 535 536 537 
 55 56 538 539 540 541 
 56 57 542 543 544 545 
 57 58 546 547 548 549 
 58 59 550 551 552 553 
 59 60 554 555 556 557 
 60 15 558 559 560 561 
 30 61 562 563 564 565 
 61 62 566 567 568 569 
 62 63 570 571 572 573 
 63 64 574 575 576 577 
 64 65 578 579 580 581 
 65 66 582 583 584 585 
 66 67 586 587 588 589 
 67 14 590 591 592 593 
 31 68 594 595 596 597 
 68 69 598 599 600 601 
 69 70 602 603 604 605 
 70 71 606 607 608 609 
 71 72 610 611 612 613 
 72 73 614 615 616 617 
 73 74 618 619 620 621 
 74 13 622 623 624 625 
 32 75 626 627 628 629 
 75 76 630 631 632 633 
 76 77 634 635 636 637 
 77 78 638 639 640 641 
 78 79 642 643 644 645 
 79 80 646 647 648 649 
 80 81 650 651 652 653 
 81 12 654 655 656 657 
 bcElement 32
1 14 3 
9 14 3 
17 14 3 
25 14 3 
33 14 3 
41 14 3 
49 14 3 
57 14 3 
57 23 1 
58 23 1 
59 23 1 
60 23 1 
61 23 1 
62 23 1 
63 23 1 
64 23 1 
64 6 0 
56 6 0 
48 6 0 
40 6 0 
32 6 0 
24 6 0 
16 6 0 
8 6 0 
8 24 0 
7 24 0 
6 24 0 
5 24 0 
4 24 0 
3 24 0 
2 24 0 
1 24 0 
