Edge min = 0.250000, max=0.250000, average=0.250000;
Grid_size 16
Node_size 25
Total_DOF 441
edge_Size 40
maxDOF 36
Solution_Order
5 
 meshIEN 
4 14 17 13 
 13 17 18 11 
 11 18 19 12 
 12 19 10 2 
 14 15 20 17 
 17 20 21 18 
 18 21 22 19 
 19 22 9 10 
 15 16 23 20 
 20 23 24 21 
 21 24 25 22 
 22 25 8 9 
 16 3 5 23 
 23 5 6 24 
 24 6 7 25 
 25 7 1 8 
 solutionIEN 
4 14 17 13 77 76 75 74 141 140 139 138 90 91 92 93 73 72 71 70 186 187 188 189 190 191 192 193 194 195 196 197 198 199 200 201 
 13 17 18 11 93 92 91 90 145 144 143 142 94 95 96 97 69 68 67 66 202 203 204 205 206 207 208 209 210 211 212 213 214 215 216 217 
 11 18 19 12 97 96 95 94 149 148 147 146 98 99 100 101 65 64 63 62 218 219 220 221 222 223 224 225 226 227 228 229 230 231 232 233 
 12 19 10 2 101 100 99 98 153 152 151 150 57 56 55 54 61 60 59 58 234 235 236 237 238 239 240 241 242 243 244 245 246 247 248 249 
 14 15 20 17 81 80 79 78 157 156 155 154 102 103 104 105 138 139 140 141 250 251 252 253 254 255 256 257 258 259 260 261 262 263 264 265 
 17 20 21 18 105 104 103 102 161 160 159 158 106 107 108 109 142 143 144 145 266 267 268 269 270 271 272 273 274 275 276 277 278 279 280 281 
 18 21 22 19 109 108 107 106 165 164 163 162 110 111 112 113 146 147 148 149 282 283 284 285 286 287 288 289 290 291 292 293 294 295 296 297 
 19 22 9 10 113 112 111 110 169 168 167 166 53 52 51 50 150 151 152 153 298 299 300 301 302 303 304 305 306 307 308 309 310 311 312 313 
 15 16 23 20 85 84 83 82 173 172 171 170 114 115 116 117 154 155 156 157 314 315 316 317 318 319 320 321 322 323 324 325 326 327 328 329 
 20 23 24 21 117 116 115 114 177 176 175 174 118 119 120 121 158 159 160 161 330 331 332 333 334 335 336 337 338 339 340 341 342 343 344 345 
 21 24 25 22 121 120 119 118 181 180 179 178 122 123 124 125 162 163 164 165 346 347 348 349 350 351 352 353 354 355 356 357 358 359 360 361 
 22 25 8 9 125 124 123 122 185 184 183 182 49 48 47 46 166 167 168 169 362 363 364 365 366 367 368 369 370 371 372 373 374 375 376 377 
 16 3 5 23 89 88 87 86 29 28 27 26 126 127 128 129 170 171 172 173 378 379 380 381 382 383 384 385 386 387 388 389 390 391 392 393 
 23 5 6 24 129 128 127 126 33 32 31 30 130 131 132 133 174 175 176 177 394 395 396 397 398 399 400 401 402 403 404 405 406 407 408 409 
 24 6 7 25 133 132 131 130 37 36 35 34 134 135 136 137 178 179 180 181 410 411 412 413 414 415 416 417 418 419 420 421 422 423 424 425 
 25 7 1 8 137 136 135 134 41 40 39 38 45 44 43 42 182 183 184 185 426 427 428 429 430 431 432 433 434 435 436 437 438 439 440 441 
 solutionOrder
5 5 5 5 5 
 5 5 5 5 5 
 5 5 5 5 5 
 5 5 5 5 5 
 5 5 5 5 5 
 5 5 5 5 5 
 5 5 5 5 5 
 5 5 5 5 5 
 5 5 5 5 5 
 5 5 5 5 5 
 5 5 5 5 5 
 5 5 5 5 5 
 5 5 5 5 5 
 5 5 5 5 5 
 5 5 5 5 5 
 5 5 5 5 5 
 vertexCoord 
1.000000 1.000000 
 0.000000 1.000000 
 1.000000 0.000000 
 0.000000 0.000000 
 1.000000 0.250000 
 1.000000 0.500000 
 1.000000 0.750000 
 0.750000 1.000000 
 0.500000 1.000000 
 0.250000 1.000000 
 0.000000 0.500000 
 0.000000 0.750000 
 0.000000 0.250000 
 0.250000 0.000000 
 0.500000 0.000000 
 0.750000 0.000000 
 0.250000 0.250000 
 0.250000 0.500000 
 0.250000 0.750000 
 0.500000 0.250000 
 0.500000 0.500000 
 0.500000 0.750000 
 0.750000 0.250000 
 0.750000 0.500000 
 0.750000 0.750000 
 bc_tag 
5 
 2 
 16 
 18 
 23 
 23 
 23 
 6 
 6 
 6 
 24 
 24 
 24 
 14 
 14 
 14 
 26 
 26 
 26 
 26 
 26 
 26 
 26 
 26 
 26 
 23 
 23 
 23 
 23 
 23 
 23 
 23 
 23 
 23 
 23 
 23 
 23 
 23 
 23 
 23 
 23 
 6 
 6 
 6 
 6 
 6 
 6 
 6 
 6 
 6 
 6 
 6 
 6 
 6 
 6 
 6 
 6 
 24 
 24 
 24 
 24 
 24 
 24 
 24 
 24 
 24 
 24 
 24 
 24 
 24 
 24 
 24 
 24 
 14 
 14 
 14 
 14 
 14 
 14 
 14 
 14 
 14 
 14 
 14 
 14 
 14 
 14 
 14 
 14 
 26 
 26 
 26 
 26 
 26 
 26 
 26 
 26 
 26 
 26 
 26 
 26 
 26 
 26 
 26 
 26 
 26 
 26 
 26 
 26 
 26 
 26 
 26 
 26 
 26 
 26 
 26 
 26 
 26 
 26 
 26 
 26 
 26 
 26 
 26 
 26 
 26 
 26 
 26 
 26 
 26 
 26 
 26 
 26 
 26 
 26 
 26 
 26 
 26 
 26 
 26 
 26 
 26 
 26 
 26 
 26 
 26 
 26 
 26 
 26 
 26 
 26 
 26 
 26 
 26 
 26 
 26 
 26 
 26 
 26 
 26 
 26 
 26 
 26 
 26 
 26 
 26 
 26 
 26 
 26 
 26 
 26 
 26 
 26 
 26 
 26 
 26 
 26 
 26 
 26 
 26 
 26 
 26 
 26 
 26 
 26 
 26 
 26 
 26 
 26 
 26 
 26 
 26 
 26 
 26 
 26 
 26 
 26 
 26 
 26 
 26 
 26 
 26 
 26 
 26 
 26 
 26 
 26 
 26 
 26 
 26 
 26 
 26 
 26 
 26 
 26 
 26 
 26 
 26 
 26 
 26 
 26 
 26 
 26 
 26 
 26 
 26 
 26 
 26 
 26 
 26 
 26 
 26 
 26 
 26 
 26 
 26 
 26 
 26 
 26 
 26 
 26 
 26 
 26 
 26 
 26 
 26 
 26 
 26 
 26 
 26 
 26 
 26 
 26 
 26 
 26 
 26 
 26 
 26 
 26 
 26 
 26 
 26 
 26 
 26 
 26 
 26 
 26 
 26 
 26 
 26 
 26 
 26 
 26 
 26 
 26 
 26 
 26 
 26 
 26 
 26 
 26 
 26 
 26 
 26 
 26 
 26 
 26 
 26 
 26 
 26 
 26 
 26 
 26 
 26 
 26 
 26 
 26 
 26 
 26 
 26 
 26 
 26 
 26 
 26 
 26 
 26 
 26 
 26 
 26 
 26 
 26 
 26 
 26 
 26 
 26 
 26 
 26 
 26 
 26 
 26 
 26 
 26 
 26 
 26 
 26 
 26 
 26 
 26 
 26 
 26 
 26 
 26 
 26 
 26 
 26 
 26 
 26 
 26 
 26 
 26 
 26 
 26 
 26 
 26 
 26 
 26 
 26 
 26 
 26 
 26 
 26 
 26 
 26 
 26 
 26 
 26 
 26 
 26 
 26 
 26 
 26 
 26 
 26 
 26 
 26 
 26 
 26 
 26 
 26 
 26 
 26 
 26 
 26 
 26 
 26 
 26 
 26 
 26 
 26 
 26 
 26 
 26 
 26 
 26 
 26 
 26 
 26 
 26 
 26 
 26 
 26 
 26 
 26 
 26 
 26 
 26 
 26 
 26 
 26 
 26 
 26 
 26 
 26 
 26 
 26 
 26 
 26 
 26 
 26 
 26 
 26 
 26 
 26 
 26 
 26 
 26 
 26 
 26 
 26 
 26 
 26 
 26 
 26 
 26 
 26 
 26 
 26 
 26 
 26 
 26 
 26 
 26 
 26 
 26 
 26 
 26 
 26 
 26 
 26 
 26 
 26 
 edgeUsage
1 1 0 
 1 1 0 
 1 1 0 
 1 1 1 
 1 1 0 
 1 1 0 
 1 1 0 
 1 1 1 
 1 1 0 
 1 1 0 
 1 1 0 
 1 1 1 
 1 1 0 
 1 1 0 
 1 1 0 
 1 1 1 
 EdgeNode 
3 5 26 27 28 29 
 5 6 30 31 32 33 
 6 7 34 35 36 37 
 7 1 38 39 40 41 
 1 8 42 43 44 45 
 8 9 46 47 48 49 
 9 10 50 51 52 53 
 10 2 54 55 56 57 
 2 12 58 59 60 61 
 12 11 62 63 64 65 
 11 13 66 67 68 69 
 13 4 70 71 72 73 
 4 14 74 75 76 77 
 14 15 78 79 80 81 
 15 16 82 83 84 85 
 16 3 86 87 88 89 
 13 17 90 91 92 93 
 11 18 94 95 96 97 
 12 19 98 99 100 101 
 17 20 102 103 104 105 
 18 21 106 107 108 109 
 19 22 110 111 112 113 
 20 23 114 115 116 117 
 21 24 118 119 120 121 
 22 25 122 123 124 125 
 23 5 126 127 128 129 
 24 6 130 131 132 133 
 25 7 134 135 136 137 
 14 17 138 139 140 141 
 17 18 142 143 144 145 
 18 19 146 147 148 149 
 19 10 150 151 152 153 
 15 20 154 155 156 157 
 20 21 158 159 160 161 
 21 22 162 163 164 165 
 22 9 166 167 168 169 
 16 23 170 171 172 173 
 23 24 174 175 176 177 
 24 25 178 179 180 181 
 25 8 182 183 184 185 
 bcElement 16
1 14 3 
5 14 3 
9 14 3 
13 14 3 
13 23 1 
14 23 1 
15 23 1 
16 23 1 
16 6 0 
12 6 0 
8 6 0 
4 6 0 
4 24 0 
3 24 0 
2 24 0 
1 24 0 
