Edge min = 0.125000, max=0.125000, average=0.125000;
Grid_size 64
Node_size 81
Total_DOF 289
edge_Size 144
maxDOF 9
Solution_Order
2 
 meshIEN 
4 26 33 25 
 25 33 34 23 
 23 34 35 24 
 24 35 36 19 
 19 36 37 22 
 22 37 38 20 
 20 38 39 21 
 21 39 18 2 
 26 27 40 33 
 33 40 41 34 
 34 41 42 35 
 35 42 43 36 
 36 43 44 37 
 37 44 45 38 
 38 45 46 39 
 39 46 17 18 
 27 28 47 40 
 40 47 48 41 
 41 48 49 42 
 42 49 50 43 
 43 50 51 44 
 44 51 52 45 
 45 52 53 46 
 46 53 16 17 
 28 29 54 47 
 47 54 55 48 
 48 55 56 49 
 49 56 57 50 
 50 57 58 51 
 51 58 59 52 
 52 59 60 53 
 53 60 15 16 
 29 30 61 54 
 54 61 62 55 
 55 62 63 56 
 56 63 64 57 
 57 64 65 58 
 58 65 66 59 
 59 66 67 60 
 60 67 14 15 
 30 31 68 61 
 61 68 69 62 
 62 69 70 63 
 63 70 71 64 
 64 71 72 65 
 65 72 73 66 
 66 73 74 67 
 67 74 13 14 
 31 32 75 68 
 68 75 76 69 
 69 76 77 70 
 70 77 78 71 
 71 78 79 72 
 72 79 80 73 
 73 80 81 74 
 74 81 12 13 
 32 3 5 75 
 75 5 6 76 
 76 6 7 77 
 77 7 8 78 
 78 8 9 79 
 79 9 10 80 
 80 10 11 81 
 81 11 1 12 
 solutionIEN 
4 26 33 25 106 170 114 105 226 
 25 33 34 23 114 171 115 104 227 
 23 34 35 24 115 172 116 103 228 
 24 35 36 19 116 173 117 102 229 
 19 36 37 22 117 174 118 101 230 
 22 37 38 20 118 175 119 100 231 
 20 38 39 21 119 176 120 99 232 
 21 39 18 2 120 177 97 98 233 
 26 27 40 33 107 178 121 170 234 
 33 40 41 34 121 179 122 171 235 
 34 41 42 35 122 180 123 172 236 
 35 42 43 36 123 181 124 173 237 
 36 43 44 37 124 182 125 174 238 
 37 44 45 38 125 183 126 175 239 
 38 45 46 39 126 184 127 176 240 
 39 46 17 18 127 185 96 177 241 
 27 28 47 40 108 186 128 178 242 
 40 47 48 41 128 187 129 179 243 
 41 48 49 42 129 188 130 180 244 
 42 49 50 43 130 189 131 181 245 
 43 50 51 44 131 190 132 182 246 
 44 51 52 45 132 191 133 183 247 
 45 52 53 46 133 192 134 184 248 
 46 53 16 17 134 193 95 185 249 
 28 29 54 47 109 194 135 186 250 
 47 54 55 48 135 195 136 187 251 
 48 55 56 49 136 196 137 188 252 
 49 56 57 50 137 197 138 189 253 
 50 57 58 51 138 198 139 190 254 
 51 58 59 52 139 199 140 191 255 
 52 59 60 53 140 200 141 192 256 
 53 60 15 16 141 201 94 193 257 
 29 30 61 54 110 202 142 194 258 
 54 61 62 55 142 203 143 195 259 
 55 62 63 56 143 204 144 196 260 
 56 63 64 57 144 205 145 197 261 
 57 64 65 58 145 206 146 198 262 
 58 65 66 59 146 207 147 199 263 
 59 66 67 60 147 208 148 200 264 
 60 67 14 15 148 209 93 201 265 
 30 31 68 61 111 210 149 202 266 
 61 68 69 62 149 211 150 203 267 
 62 69 70 63 150 212 151 204 268 
 63 70 71 64 151 213 152 205 269 
 64 71 72 65 152 214 153 206 270 
 65 72 73 66 153 215 154 207 271 
 66 73 74 67 154 216 155 208 272 
 67 74 13 14 155 217 92 209 273 
 31 32 75 68 112 218 156 210 274 
 68 75 76 69 156 219 157 211 275 
 69 76 77 70 157 220 158 212 276 
 70 77 78 71 158 221 159 213 277 
 71 78 79 72 159 222 160 214 278 
 72 79 80 73 160 223 161 215 279 
 73 80 81 74 161 224 162 216 280 
 74 81 12 13 162 225 91 217 281 
 32 3 5 75 113 82 163 218 282 
 75 5 6 76 163 83 164 219 283 
 76 6 7 77 164 84 165 220 284 
 77 7 8 78 165 85 166 221 285 
 78 8 9 79 166 86 167 222 286 
 79 9 10 80 167 87 168 223 287 
 80 10 11 81 168 88 169 224 288 
 81 11 1 12 169 89 90 225 289 
 solutionOrder
2 2 2 2 2 
 2 2 2 2 2 
 2 2 2 2 2 
 2 2 2 2 2 
 2 2 2 2 2 
 2 2 2 2 2 
 2 2 2 2 2 
 2 2 2 2 2 
 2 2 2 2 2 
 2 2 2 2 2 
 2 2 2 2 2 
 2 2 2 2 2 
 2 2 2 2 2 
 2 2 2 2 2 
 2 2 2 2 2 
 2 2 2 2 2 
 2 2 2 2 2 
 2 2 2 2 2 
 2 2 2 2 2 
 2 2 2 2 2 
 2 2 2 2 2 
 2 2 2 2 2 
 2 2 2 2 2 
 2 2 2 2 2 
 2 2 2 2 2 
 2 2 2 2 2 
 2 2 2 2 2 
 2 2 2 2 2 
 2 2 2 2 2 
 2 2 2 2 2 
 2 2 2 2 2 
 2 2 2 2 2 
 2 2 2 2 2 
 2 2 2 2 2 
 2 2 2 2 2 
 2 2 2 2 2 
 2 2 2 2 2 
 2 2 2 2 2 
 2 2 2 2 2 
 2 2 2 2 2 
 2 2 2 2 2 
 2 2 2 2 2 
 2 2 2 2 2 
 2 2 2 2 2 
 2 2 2 2 2 
 2 2 2 2 2 
 2 2 2 2 2 
 2 2 2 2 2 
 2 2 2 2 2 
 2 2 2 2 2 
 2 2 2 2 2 
 2 2 2 2 2 
 2 2 2 2 2 
 2 2 2 2 2 
 2 2 2 2 2 
 2 2 2 2 2 
 2 2 2 2 2 
 2 2 2 2 2 
 2 2 2 2 2 
 2 2 2 2 2 
 2 2 2 2 2 
 2 2 2 2 2 
 2 2 2 2 2 
 2 2 2 2 2 
 vertexCoord 
1.000000 1.000000 
 0.000000 1.000000 
 1.000000 0.000000 
 0.000000 0.000000 
 1.000000 0.125000 
 1.000000 0.250000 
 1.000000 0.375000 
 1.000000 0.500000 
 1.000000 0.625000 
 1.000000 0.750000 
 1.000000 0.875000 
 0.875000 1.000000 
 0.750000 1.000000 
 0.625000 1.000000 
 0.500000 1.000000 
 0.375000 1.000000 
 0.250000 1.000000 
 0.125000 1.000000 
 0.000000 0.500000 
 0.000000 0.750000 
 0.000000 0.875000 
 0.000000 0.625000 
 0.000000 0.250000 
 0.000000 0.375000 
 0.000000 0.125000 
 0.125000 0.000000 
 0.250000 0.000000 
 0.375000 0.000000 
 0.500000 0.000000 
 0.625000 0.000000 
 0.750000 0.000000 
 0.875000 0.000000 
 0.125000 0.125000 
 0.125000 0.250000 
 0.125000 0.375000 
 0.125000 0.500000 
 0.125000 0.625000 
 0.125000 0.750000 
 0.125000 0.875000 
 0.250000 0.125000 
 0.250000 0.250000 
 0.250000 0.375000 
 0.250000 0.500000 
 0.250000 0.625000 
 0.250000 0.750000 
 0.250000 0.875000 
 0.375000 0.125000 
 0.375000 0.250000 
 0.375000 0.375000 
 0.375000 0.500000 
 0.375000 0.625000 
 0.375000 0.750000 
 0.375000 0.875000 
 0.500000 0.125000 
 0.500000 0.250000 
 0.500000 0.375000 
 0.500000 0.500000 
 0.500000 0.625000 
 0.500000 0.750000 
 0.500000 0.875000 
 0.625000 0.125000 
 0.625000 0.250000 
 0.625000 0.375000 
 0.625000 0.500000 
 0.625000 0.625000 
 0.625000 0.750000 
 0.625000 0.875000 
 0.750000 0.125000 
 0.750000 0.250000 
 0.750000 0.375000 
 0.750000 0.500000 
 0.750000 0.625000 
 0.750000 0.750000 
 0.750000 0.875000 
 0.875000 0.125000 
 0.875000 0.250000 
 0.875000 0.375000 
 0.875000 0.500000 
 0.875000 0.625000 
 0.875000 0.750000 
 0.875000 0.875000 
 bc_tag 
5 
 2 
 16 
 18 
 23 
 23 
 23 
 23 
 23 
 23 
 23 
 6 
 6 
 6 
 6 
 6 
 6 
 6 
 24 
 24 
 24 
 24 
 24 
 24 
 24 
 14 
 14 
 14 
 14 
 14 
 14 
 14 
 26 
 26 
 26 
 26 
 26 
 26 
 26 
 26 
 26 
 26 
 26 
 26 
 26 
 26 
 26 
 26 
 26 
 26 
 26 
 26 
 26 
 26 
 26 
 26 
 26 
 26 
 26 
 26 
 26 
 26 
 26 
 26 
 26 
 26 
 26 
 26 
 26 
 26 
 26 
 26 
 26 
 26 
 26 
 26 
 26 
 26 
 26 
 26 
 26 
 23 
 23 
 23 
 23 
 23 
 23 
 23 
 23 
 6 
 6 
 6 
 6 
 6 
 6 
 6 
 6 
 24 
 24 
 24 
 24 
 24 
 24 
 24 
 24 
 14 
 14 
 14 
 14 
 14 
 14 
 14 
 14 
 26 
 26 
 26 
 26 
 26 
 26 
 26 
 26 
 26 
 26 
 26 
 26 
 26 
 26 
 26 
 26 
 26 
 26 
 26 
 26 
 26 
 26 
 26 
 26 
 26 
 26 
 26 
 26 
 26 
 26 
 26 
 26 
 26 
 26 
 26 
 26 
 26 
 26 
 26 
 26 
 26 
 26 
 26 
 26 
 26 
 26 
 26 
 26 
 26 
 26 
 26 
 26 
 26 
 26 
 26 
 26 
 26 
 26 
 26 
 26 
 26 
 26 
 26 
 26 
 26 
 26 
 26 
 26 
 26 
 26 
 26 
 26 
 26 
 26 
 26 
 26 
 26 
 26 
 26 
 26 
 26 
 26 
 26 
 26 
 26 
 26 
 26 
 26 
 26 
 26 
 26 
 26 
 26 
 26 
 26 
 26 
 26 
 26 
 26 
 26 
 26 
 26 
 26 
 26 
 26 
 26 
 26 
 26 
 26 
 26 
 26 
 26 
 26 
 26 
 26 
 26 
 26 
 26 
 26 
 26 
 26 
 26 
 26 
 26 
 26 
 26 
 26 
 26 
 26 
 26 
 26 
 26 
 26 
 26 
 26 
 26 
 26 
 26 
 26 
 26 
 26 
 26 
 26 
 26 
 26 
 26 
 26 
 26 
 26 
 26 
 26 
 26 
 26 
 26 
 26 
 26 
 26 
 26 
 26 
 26 
 26 
 26 
 26 
 26 
 26 
 26 
 26 
 26 
 26 
 26 
 26 
 26 
 26 
 26 
 26 
 26 
 edgeUsage
1 1 0 
 1 1 0 
 1 1 0 
 1 1 0 
 1 1 0 
 1 1 0 
 1 1 0 
 1 1 1 
 1 1 0 
 1 1 0 
 1 1 0 
 1 1 0 
 1 1 0 
 1 1 0 
 1 1 0 
 1 1 1 
 1 1 0 
 1 1 0 
 1 1 0 
 1 1 0 
 1 1 0 
 1 1 0 
 1 1 0 
 1 1 1 
 1 1 0 
 1 1 0 
 1 1 0 
 1 1 0 
 1 1 0 
 1 1 0 
 1 1 0 
 1 1 1 
 1 1 0 
 1 1 0 
 1 1 0 
 1 1 0 
 1 1 0 
 1 1 0 
 1 1 0 
 1 1 1 
 1 1 0 
 1 1 0 
 1 1 0 
 1 1 0 
 1 1 0 
 1 1 0 
 1 1 0 
 1 1 1 
 1 1 0 
 1 1 0 
 1 1 0 
 1 1 0 
 1 1 0 
 1 1 0 
 1 1 0 
 1 1 1 
 1 1 0 
 1 1 0 
 1 1 0 
 1 1 0 
 1 1 0 
 1 1 0 
 1 1 0 
 1 1 1 
 EdgeNode 
3 5 82 
 5 6 83 
 6 7 84 
 7 8 85 
 8 9 86 
 9 10 87 
 10 11 88 
 11 1 89 
 1 12 90 
 12 13 91 
 13 14 92 
 14 15 93 
 15 16 94 
 16 17 95 
 17 18 96 
 18 2 97 
 2 21 98 
 21 20 99 
 20 22 100 
 22 19 101 
 19 24 102 
 24 23 103 
 23 25 104 
 25 4 105 
 4 26 106 
 26 27 107 
 27 28 108 
 28 29 109 
 29 30 110 
 30 31 111 
 31 32 112 
 32 3 113 
 25 33 114 
 23 34 115 
 24 35 116 
 19 36 117 
 22 37 118 
 20 38 119 
 21 39 120 
 33 40 121 
 34 41 122 
 35 42 123 
 36 43 124 
 37 44 125 
 38 45 126 
 39 46 127 
 40 47 128 
 41 48 129 
 42 49 130 
 43 50 131 
 44 51 132 
 45 52 133 
 46 53 134 
 47 54 135 
 48 55 136 
 49 56 137 
 50 57 138 
 51 58 139 
 52 59 140 
 53 60 141 
 54 61 142 
 55 62 143 
 56 63 144 
 57 64 145 
 58 65 146 
 59 66 147 
 60 67 148 
 61 68 149 
 62 69 150 
 63 70 151 
 64 71 152 
 65 72 153 
 66 73 154 
 67 74 155 
 68 75 156 
 69 76 157 
 70 77 158 
 71 78 159 
 72 79 160 
 73 80 161 
 74 81 162 
 75 5 163 
 76 6 164 
 77 7 165 
 78 8 166 
 79 9 167 
 80 10 168 
 81 11 169 
 26 33 170 
 33 34 171 
 34 35 172 
 35 36 173 
 36 37 174 
 37 38 175 
 38 39 176 
 39 18 177 
 27 40 178 
 40 41 179 
 41 42 180 
 42 43 181 
 43 44 182 
 44 45 183 
 45 46 184 
 46 17 185 
 28 47 186 
 47 48 187 
 48 49 188 
 49 50 189 
 50 51 190 
 51 52 191 
 52 53 192 
 53 16 193 
 29 54 194 
 54 55 195 
 55 56 196 
 56 57 197 
 57 58 198 
 58 59 199 
 59 60 200 
 60 15 201 
 30 61 202 
 61 62 203 
 62 63 204 
 63 64 205 
 64 65 206 
 65 66 207 
 66 67 208 
 67 14 209 
 31 68 210 
 68 69 211 
 69 70 212 
 70 71 213 
 71 72 214 
 72 73 215 
 73 74 216 
 74 13 217 
 32 75 218 
 75 76 219 
 76 77 220 
 77 78 221 
 78 79 222 
 79 80 223 
 80 81 224 
 81 12 225 
 bcElement 32
1 14 3 
9 14 3 
17 14 3 
25 14 3 
33 14 3 
41 14 3 
49 14 3 
57 14 3 
57 23 1 
58 23 1 
59 23 1 
60 23 1 
61 23 1 
62 23 1 
63 23 1 
64 23 1 
64 6 0 
56 6 0 
48 6 0 
40 6 0 
32 6 0 
24 6 0 
16 6 0 
8 6 0 
8 24 0 
7 24 0 
6 24 0 
5 24 0 
4 24 0 
3 24 0 
2 24 0 
1 24 0 
