Edge min = 0.092734, max=0.279742, average=0.186911;
Grid_size 69
Node_size 46
Total_DOF 916
edge_Size 114
maxDOF 21
Solution_Order
5 
 meshIEN 
22 1 10 
 22 6 1 
 23 22 10 
 24 2 14 
 24 8 2 
 25 16 4 
 25 4 21 
 26 12 3 
 26 3 18 
 27 19 5 
 27 5 6 
 28 9 7 
 8 24 28 
 28 7 8 
 29 13 11 
 29 14 13 
 30 21 20 
 30 25 21 
 31 17 15 
 33 29 11 
 12 26 33 
 33 11 12 
 19 27 34 
 34 20 19 
 34 30 20 
 35 31 15 
 16 25 35 
 35 15 16 
 17 31 36 
 36 33 26 
 36 18 17 
 36 26 18 
 23 32 37 
 39 35 25 
 25 30 39 
 27 37 40 
 40 34 27 
 41 37 32 
 41 40 37 
 42 36 31 
 29 33 43 
 43 42 38 
 36 42 43 
 33 36 43 
 34 40 44 
 44 39 30 
 30 34 44 
 38 42 44 
 44 42 39 
 45 28 24 
 45 32 28 
 45 41 32 
 38 41 45 
 29 43 46 
 46 45 24 
 27 6 22 
 37 27 22 
 22 23 37 
 14 29 46 
 46 24 14 
 23 10 9 
 39 42 31 
 31 35 39 
 38 44 40 
 40 41 38 
 38 45 46 
 46 43 38 
 32 23 9 
 9 28 32 
 solutionIEN 
22 1 10 138 137 136 135 74 73 72 71 131 132 133 134 503 504 505 506 507 508 
 22 6 1 142 141 140 139 50 49 48 47 135 136 137 138 509 510 511 512 513 514 
 23 22 10 146 145 144 143 134 133 132 131 147 148 149 150 515 516 517 518 519 520 
 24 2 14 162 161 160 159 94 93 92 91 155 156 157 158 521 522 523 524 525 526 
 24 8 2 154 153 152 151 58 57 56 55 159 160 161 162 527 528 529 530 531 532 
 25 16 4 166 165 164 163 98 97 96 95 171 172 173 174 533 534 535 536 537 538 
 25 4 21 174 173 172 171 130 129 128 127 167 168 169 170 539 540 541 542 543 544 
 26 12 3 178 177 176 175 78 77 76 75 183 184 185 186 545 546 547 548 549 550 
 26 3 18 186 185 184 183 114 113 112 111 179 180 181 182 551 552 553 554 555 556 
 27 19 5 194 193 192 191 118 117 116 115 187 188 189 190 557 558 559 560 561 562 
 27 5 6 190 189 188 187 54 53 52 51 195 196 197 198 563 564 565 566 567 568 
 28 9 7 206 205 204 203 66 65 64 63 199 200 201 202 569 570 571 572 573 574 
 8 24 28 151 152 153 154 211 212 213 214 210 209 208 207 575 576 577 578 579 580 
 28 7 8 202 201 200 199 62 61 60 59 207 208 209 210 581 582 583 584 585 586 
 29 13 11 222 221 220 219 86 85 84 83 215 216 217 218 587 588 589 590 591 592 
 29 14 13 226 225 224 223 90 89 88 87 219 220 221 222 593 594 595 596 597 598 
 30 21 20 234 233 232 231 126 125 124 123 227 228 229 230 599 600 601 602 603 604 
 30 25 21 238 237 236 235 170 169 168 167 231 232 233 234 605 606 607 608 609 610 
 31 17 15 246 245 244 243 106 105 104 103 239 240 241 242 611 612 613 614 615 616 
 33 29 11 262 261 260 259 218 217 216 215 255 256 257 258 617 618 619 620 621 622 
 12 26 33 175 176 177 178 263 264 265 266 270 269 268 267 623 624 625 626 627 628 
 33 11 12 258 257 256 255 82 81 80 79 267 268 269 270 629 630 631 632 633 634 
 19 27 34 191 192 193 194 275 276 277 278 274 273 272 271 635 636 637 638 639 640 
 34 20 19 286 285 284 283 122 121 120 119 271 272 273 274 641 642 643 644 645 646 
 34 30 20 282 281 280 279 230 229 228 227 283 284 285 286 647 648 649 650 651 652 
 35 31 15 294 293 292 291 242 241 240 239 287 288 289 290 653 654 655 656 657 658 
 16 25 35 163 164 165 166 295 296 297 298 302 301 300 299 659 660 661 662 663 664 
 35 15 16 290 289 288 287 102 101 100 99 299 300 301 302 665 666 667 668 669 670 
 17 31 36 243 244 245 246 307 308 309 310 306 305 304 303 671 672 673 674 675 676 
 36 33 26 318 317 316 315 266 265 264 263 311 312 313 314 677 678 679 680 681 682 
 36 18 17 322 321 320 319 110 109 108 107 303 304 305 306 683 684 685 686 687 688 
 36 26 18 314 313 312 311 182 181 180 179 319 320 321 322 689 690 691 692 693 694 
 23 32 37 251 252 253 254 327 328 329 330 326 325 324 323 695 696 697 698 699 700 
 39 35 25 342 341 340 339 298 297 296 295 335 336 337 338 701 702 703 704 705 706 
 25 30 39 235 236 237 238 343 344 345 346 338 337 336 335 707 708 709 710 711 712 
 27 37 40 331 332 333 334 351 352 353 354 350 349 348 347 713 714 715 716 717 718 
 40 34 27 358 357 356 355 278 277 276 275 347 348 349 350 719 720 721 722 723 724 
 41 37 32 366 365 364 363 330 329 328 327 359 360 361 362 725 726 727 728 729 730 
 41 40 37 370 369 368 367 354 353 352 351 363 364 365 366 731 732 733 734 735 736 
 42 36 31 382 381 380 379 310 309 308 307 375 376 377 378 737 738 739 740 741 742 
 29 33 43 259 260 261 262 395 396 397 398 394 393 392 391 743 744 745 746 747 748 
 43 42 38 406 405 404 403 386 385 384 383 399 400 401 402 749 750 751 752 753 754 
 36 42 43 379 380 381 382 403 404 405 406 410 409 408 407 755 756 757 758 759 760 
 33 36 43 315 316 317 318 407 408 409 410 398 397 396 395 761 762 763 764 765 766 
 34 40 44 355 356 357 358 415 416 417 418 414 413 412 411 767 768 769 770 771 772 
 44 39 30 426 425 424 423 346 345 344 343 419 420 421 422 773 774 775 776 777 778 
 30 34 44 279 280 281 282 411 412 413 414 422 421 420 419 779 780 781 782 783 784 
 38 42 44 383 384 385 386 431 432 433 434 430 429 428 427 785 786 787 788 789 790 
 44 42 39 434 433 432 431 390 389 388 387 423 424 425 426 791 792 793 794 795 796 
 45 28 24 442 441 440 439 214 213 212 211 435 436 437 438 797 798 799 800 801 802 
 45 32 28 446 445 444 443 250 249 248 247 439 440 441 442 803 804 805 806 807 808 
 45 41 32 450 449 448 447 362 361 360 359 443 444 445 446 809 810 811 812 813 814 
 38 41 45 371 372 373 374 447 448 449 450 454 453 452 451 815 816 817 818 819 820 
 29 43 46 391 392 393 394 455 456 457 458 466 465 464 463 821 822 823 824 825 826 
 46 45 24 462 461 460 459 438 437 436 435 467 468 469 470 827 828 829 830 831 832 
 27 6 22 198 197 196 195 139 140 141 142 471 472 473 474 833 834 835 836 837 838 
 37 27 22 334 333 332 331 474 473 472 471 478 477 476 475 839 840 841 842 843 844 
 22 23 37 143 144 145 146 323 324 325 326 475 476 477 478 845 846 847 848 849 850 
 14 29 46 223 224 225 226 463 464 465 466 482 481 480 479 851 852 853 854 855 856 
 46 24 14 470 469 468 467 158 157 156 155 479 480 481 482 857 858 859 860 861 862 
 23 10 9 150 149 148 147 70 69 68 67 483 484 485 486 863 864 865 866 867 868 
 39 42 31 387 388 389 390 378 377 376 375 490 489 488 487 869 870 871 872 873 874 
 31 35 39 291 292 293 294 339 340 341 342 487 488 489 490 875 876 877 878 879 880 
 38 44 40 427 428 429 430 418 417 416 415 494 493 492 491 881 882 883 884 885 886 
 40 41 38 367 368 369 370 374 373 372 371 491 492 493 494 887 888 889 890 891 892 
 38 45 46 451 452 453 454 459 460 461 462 498 497 496 495 893 894 895 896 897 898 
 46 43 38 458 457 456 455 402 401 400 399 495 496 497 498 899 900 901 902 903 904 
 32 23 9 254 253 252 251 486 485 484 483 502 501 500 499 905 906 907 908 909 910 
 9 28 32 203 204 205 206 247 248 249 250 499 500 501 502 911 912 913 914 915 916 
 solutionOrder
5 5 5 5 
 5 5 5 5 
 5 5 5 5 
 5 5 5 5 
 5 5 5 5 
 5 5 5 5 
 5 5 5 5 
 5 5 5 5 
 5 5 5 5 
 5 5 5 5 
 5 5 5 5 
 5 5 5 5 
 5 5 5 5 
 5 5 5 5 
 5 5 5 5 
 5 5 5 5 
 5 5 5 5 
 5 5 5 5 
 5 5 5 5 
 5 5 5 5 
 5 5 5 5 
 5 5 5 5 
 5 5 5 5 
 5 5 5 5 
 5 5 5 5 
 5 5 5 5 
 5 5 5 5 
 5 5 5 5 
 5 5 5 5 
 5 5 5 5 
 5 5 5 5 
 5 5 5 5 
 5 5 5 5 
 5 5 5 5 
 5 5 5 5 
 5 5 5 5 
 5 5 5 5 
 5 5 5 5 
 5 5 5 5 
 5 5 5 5 
 5 5 5 5 
 5 5 5 5 
 5 5 5 5 
 5 5 5 5 
 5 5 5 5 
 5 5 5 5 
 5 5 5 5 
 5 5 5 5 
 5 5 5 5 
 5 5 5 5 
 5 5 5 5 
 5 5 5 5 
 5 5 5 5 
 5 5 5 5 
 5 5 5 5 
 5 5 5 5 
 5 5 5 5 
 5 5 5 5 
 5 5 5 5 
 5 5 5 5 
 5 5 5 5 
 5 5 5 5 
 5 5 5 5 
 5 5 5 5 
 5 5 5 5 
 5 5 5 5 
 5 5 5 5 
 5 5 5 5 
 5 5 5 5 
 vertexCoord 
0.000000 0.000000 
 1.000000 0.000000 
 1.000000 1.000000 
 0.000000 1.000000 
 -0.000000 0.300000 
 0.000000 0.150000 
 0.599799 0.000000 
 0.799805 0.000000 
 0.399794 0.000000 
 0.199897 0.000000 
 1.000000 0.599837 
 1.000000 0.799805 
 1.000000 0.399885 
 1.000000 0.199934 
 0.400167 1.000000 
 0.200195 1.000000 
 0.600121 1.000000 
 0.800061 1.000000 
 -0.000000 0.475707 
 -0.000000 0.650606 
 -0.000000 0.825303 
 0.149138 0.124855 
 0.289763 0.102080 
 0.789673 0.151147 
 0.165673 0.853770 
 0.865923 0.849935 
 0.117873 0.300765 
 0.600328 0.092732 
 0.863002 0.418777 
 0.158498 0.686326 
 0.469676 0.839210 
 0.430136 0.164666 
 0.847360 0.663721 
 0.148929 0.508007 
 0.311446 0.885238 
 0.680546 0.788832 
 0.269851 0.220881 
 0.506444 0.421320 
 0.320804 0.742703 
 0.296646 0.381949 
 0.417231 0.285286 
 0.496286 0.646702 
 0.680699 0.532717 
 0.321268 0.564501 
 0.581840 0.239155 
 0.747230 0.319778 
 bc_tag 
93 
 15 
 10 
 5 
 2 
 101 
 21 
 21 
 21 
 21 
 16 
 16 
 16 
 16 
 11 
 11 
 11 
 11 
 6 
 6 
 6 
 39 
 39 
 39 
 39 
 39 
 39 
 39 
 39 
 39 
 39 
 39 
 39 
 39 
 39 
 39 
 39 
 39 
 39 
 39 
 39 
 39 
 39 
 39 
 39 
 39 
 101 
 101 
 101 
 101 
 101 
 101 
 101 
 101 
 21 
 21 
 21 
 21 
 21 
 21 
 21 
 21 
 21 
 21 
 21 
 21 
 21 
 21 
 21 
 21 
 21 
 21 
 21 
 21 
 16 
 16 
 16 
 16 
 16 
 16 
 16 
 16 
 16 
 16 
 16 
 16 
 16 
 16 
 16 
 16 
 16 
 16 
 16 
 16 
 11 
 11 
 11 
 11 
 11 
 11 
 11 
 11 
 11 
 11 
 11 
 11 
 11 
 11 
 11 
 11 
 11 
 11 
 11 
 11 
 6 
 6 
 6 
 6 
 6 
 6 
 6 
 6 
 6 
 6 
 6 
 6 
 6 
 6 
 6 
 6 
 39 
 39 
 39 
 39 
 39 
 39 
 39 
 39 
 39 
 39 
 39 
 39 
 39 
 39 
 39 
 39 
 39 
 39 
 39 
 39 
 39 
 39 
 39 
 39 
 39 
 39 
 39 
 39 
 39 
 39 
 39 
 39 
 39 
 39 
 39 
 39 
 39 
 39 
 39 
 39 
 39 
 39 
 39 
 39 
 39 
 39 
 39 
 39 
 39 
 39 
 39 
 39 
 39 
 39 
 39 
 39 
 39 
 39 
 39 
 39 
 39 
 39 
 39 
 39 
 39 
 39 
 39 
 39 
 39 
 39 
 39 
 39 
 39 
 39 
 39 
 39 
 39 
 39 
 39 
 39 
 39 
 39 
 39 
 39 
 39 
 39 
 39 
 39 
 39 
 39 
 39 
 39 
 39 
 39 
 39 
 39 
 39 
 39 
 39 
 39 
 39 
 39 
 39 
 39 
 39 
 39 
 39 
 39 
 39 
 39 
 39 
 39 
 39 
 39 
 39 
 39 
 39 
 39 
 39 
 39 
 39 
 39 
 39 
 39 
 39 
 39 
 39 
 39 
 39 
 39 
 39 
 39 
 39 
 39 
 39 
 39 
 39 
 39 
 39 
 39 
 39 
 39 
 39 
 39 
 39 
 39 
 39 
 39 
 39 
 39 
 39 
 39 
 39 
 39 
 39 
 39 
 39 
 39 
 39 
 39 
 39 
 39 
 39 
 39 
 39 
 39 
 39 
 39 
 39 
 39 
 39 
 39 
 39 
 39 
 39 
 39 
 39 
 39 
 39 
 39 
 39 
 39 
 39 
 39 
 39 
 39 
 39 
 39 
 39 
 39 
 39 
 39 
 39 
 39 
 39 
 39 
 39 
 39 
 39 
 39 
 39 
 39 
 39 
 39 
 39 
 39 
 39 
 39 
 39 
 39 
 39 
 39 
 39 
 39 
 39 
 39 
 39 
 39 
 39 
 39 
 39 
 39 
 39 
 39 
 39 
 39 
 39 
 39 
 39 
 39 
 39 
 39 
 39 
 39 
 39 
 39 
 39 
 39 
 39 
 39 
 39 
 39 
 39 
 39 
 39 
 39 
 39 
 39 
 39 
 39 
 39 
 39 
 39 
 39 
 39 
 39 
 39 
 39 
 39 
 39 
 39 
 39 
 39 
 39 
 39 
 39 
 39 
 39 
 39 
 39 
 39 
 39 
 39 
 39 
 39 
 39 
 39 
 39 
 39 
 39 
 39 
 39 
 39 
 39 
 39 
 39 
 39 
 39 
 39 
 39 
 39 
 39 
 39 
 39 
 39 
 39 
 39 
 39 
 39 
 39 
 39 
 39 
 39 
 39 
 39 
 39 
 39 
 39 
 39 
 39 
 39 
 39 
 39 
 39 
 39 
 39 
 39 
 39 
 39 
 39 
 39 
 39 
 39 
 39 
 39 
 39 
 39 
 39 
 39 
 39 
 39 
 39 
 39 
 39 
 39 
 39 
 39 
 39 
 39 
 39 
 39 
 39 
 39 
 39 
 39 
 39 
 39 
 39 
 39 
 39 
 39 
 39 
 39 
 39 
 39 
 39 
 39 
 39 
 39 
 39 
 39 
 39 
 39 
 39 
 39 
 39 
 39 
 39 
 39 
 39 
 39 
 39 
 39 
 39 
 39 
 39 
 39 
 39 
 39 
 39 
 39 
 39 
 39 
 39 
 39 
 39 
 39 
 39 
 39 
 39 
 39 
 39 
 39 
 39 
 39 
 39 
 39 
 39 
 39 
 39 
 39 
 39 
 39 
 39 
 39 
 39 
 39 
 39 
 39 
 39 
 39 
 39 
 39 
 39 
 39 
 39 
 39 
 39 
 39 
 39 
 39 
 39 
 39 
 39 
 39 
 39 
 39 
 39 
 39 
 39 
 39 
 39 
 39 
 39 
 39 
 39 
 39 
 39 
 39 
 39 
 39 
 39 
 39 
 39 
 39 
 39 
 39 
 39 
 39 
 39 
 39 
 39 
 39 
 39 
 39 
 39 
 39 
 39 
 39 
 39 
 39 
 39 
 39 
 39 
 39 
 39 
 39 
 39 
 39 
 39 
 39 
 39 
 39 
 39 
 39 
 39 
 39 
 39 
 39 
 39 
 39 
 39 
 39 
 39 
 39 
 39 
 39 
 39 
 39 
 39 
 39 
 39 
 39 
 39 
 39 
 39 
 39 
 39 
 39 
 39 
 39 
 39 
 39 
 39 
 39 
 39 
 39 
 39 
 39 
 39 
 39 
 39 
 39 
 39 
 39 
 39 
 39 
 39 
 39 
 39 
 39 
 39 
 39 
 39 
 39 
 39 
 39 
 39 
 39 
 39 
 39 
 39 
 39 
 39 
 39 
 39 
 39 
 39 
 39 
 39 
 39 
 39 
 39 
 39 
 39 
 39 
 39 
 39 
 39 
 39 
 39 
 39 
 39 
 39 
 39 
 39 
 39 
 39 
 39 
 39 
 39 
 39 
 39 
 39 
 39 
 39 
 39 
 39 
 39 
 39 
 39 
 39 
 39 
 39 
 39 
 39 
 39 
 39 
 39 
 39 
 39 
 39 
 39 
 39 
 39 
 39 
 39 
 39 
 39 
 39 
 39 
 39 
 39 
 39 
 39 
 39 
 39 
 39 
 39 
 39 
 39 
 39 
 39 
 39 
 39 
 39 
 39 
 39 
 39 
 39 
 39 
 39 
 39 
 39 
 39 
 39 
 39 
 39 
 39 
 39 
 39 
 39 
 39 
 39 
 39 
 39 
 39 
 39 
 39 
 39 
 39 
 39 
 39 
 39 
 39 
 39 
 39 
 39 
 39 
 39 
 39 
 39 
 39 
 39 
 39 
 39 
 39 
 39 
 39 
 39 
 39 
 39 
 39 
 39 
 39 
 39 
 39 
 39 
 39 
 39 
 39 
 39 
 39 
 39 
 39 
 39 
 39 
 39 
 39 
 39 
 39 
 39 
 39 
 39 
 39 
 39 
 39 
 39 
 39 
 39 
 39 
 39 
 39 
 39 
 39 
 39 
 39 
 39 
 39 
 39 
 39 
 39 
 39 
 39 
 39 
 39 
 39 
 39 
 39 
 39 
 39 
 39 
 39 
 39 
 39 
 39 
 39 
 39 
 39 
 39 
 39 
 39 
 39 
 39 
 39 
 39 
 39 
 39 
 39 
 39 
 39 
 39 
 39 
 39 
 39 
 39 
 39 
 39 
 39 
 39 
 39 
 39 
 39 
 39 
 39 
 39 
 39 
 39 
 39 
 39 
 39 
 39 
 39 
 39 
 39 
 39 
 39 
 39 
 39 
 39 
 39 
 39 
 39 
 39 
 39 
 39 
 39 
 39 
 39 
 39 
 39 
 39 
 39 
 39 
 39 
 39 
 39 
 39 
 39 
 39 
 39 
 39 
 39 
 39 
 39 
 39 
 39 
 39 
 39 
 39 
 39 
 39 
 39 
 39 
 39 
 39 
 edgeUsage
1 1 0 
 1 1 0 
 1 1 0 
 1 1 0 
 1 1 0 
 1 1 0 
 1 1 0 
 1 1 0 
 1 1 0 
 1 1 0 
 1 1 0 
 1 1 0 
 0 0 1 
 1 1 0 
 1 1 0 
 1 1 0 
 1 1 0 
 1 1 0 
 1 1 0 
 1 1 0 
 0 0 1 
 1 1 0 
 0 0 1 
 1 1 0 
 1 1 0 
 1 1 0 
 0 0 1 
 1 1 0 
 0 0 1 
 1 1 0 
 1 1 0 
 1 1 0 
 0 0 1 
 1 1 0 
 0 0 1 
 0 0 1 
 1 1 0 
 1 1 0 
 1 1 0 
 1 1 0 
 0 0 1 
 1 1 0 
 0 0 1 
 0 0 1 
 0 0 1 
 1 1 0 
 0 0 1 
 0 0 1 
 1 1 0 
 1 1 0 
 1 1 0 
 1 1 0 
 0 0 1 
 0 0 1 
 1 1 0 
 1 0 0 
 1 1 1 
 0 0 0 
 0 0 1 
 1 1 0 
 1 1 0 
 0 1 1 
 0 0 0 
 0 1 1 
 0 1 0 
 0 0 1 
 1 1 0 
 1 1 1 
 0 0 0 
 EdgeNode 
1 6 47 48 49 50 
 6 5 51 52 53 54 
 2 8 55 56 57 58 
 8 7 59 60 61 62 
 7 9 63 64 65 66 
 9 10 67 68 69 70 
 10 1 71 72 73 74 
 3 12 75 76 77 78 
 12 11 79 80 81 82 
 11 13 83 84 85 86 
 13 14 87 88 89 90 
 14 2 91 92 93 94 
 4 16 95 96 97 98 
 16 15 99 100 101 102 
 15 17 103 104 105 106 
 17 18 107 108 109 110 
 18 3 111 112 113 114 
 5 19 115 116 117 118 
 19 20 119 120 121 122 
 20 21 123 124 125 126 
 21 4 127 128 129 130 
 10 22 131 132 133 134 
 1 22 135 136 137 138 
 6 22 139 140 141 142 
 22 23 143 144 145 146 
 10 23 147 148 149 150 
 8 24 151 152 153 154 
 14 24 155 156 157 158 
 2 24 159 160 161 162 
 16 25 163 164 165 166 
 21 25 167 168 169 170 
 4 25 171 172 173 174 
 12 26 175 176 177 178 
 18 26 179 180 181 182 
 3 26 183 184 185 186 
 5 27 187 188 189 190 
 19 27 191 192 193 194 
 6 27 195 196 197 198 
 7 28 199 200 201 202 
 9 28 203 204 205 206 
 8 28 207 208 209 210 
 24 28 211 212 213 214 
 11 29 215 216 217 218 
 13 29 219 220 221 222 
 14 29 223 224 225 226 
 20 30 227 228 229 230 
 21 30 231 232 233 234 
 25 30 235 236 237 238 
 15 31 239 240 241 242 
 17 31 243 244 245 246 
 28 32 247 248 249 250 
 23 32 251 252 253 254 
 11 33 255 256 257 258 
 29 33 259 260 261 262 
 26 33 263 264 265 266 
 12 33 267 268 269 270 
 19 34 271 272 273 274 
 27 34 275 276 277 278 
 30 34 279 280 281 282 
 20 34 283 284 285 286 
 15 35 287 288 289 290 
 31 35 291 292 293 294 
 25 35 295 296 297 298 
 16 35 299 300 301 302 
 17 36 303 304 305 306 
 31 36 307 308 309 310 
 26 36 311 312 313 314 
 33 36 315 316 317 318 
 18 36 319 320 321 322 
 23 37 323 324 325 326 
 32 37 327 328 329 330 
 27 37 331 332 333 334 
 25 39 335 336 337 338 
 35 39 339 340 341 342 
 30 39 343 344 345 346 
 27 40 347 348 349 350 
 37 40 351 352 353 354 
 34 40 355 356 357 358 
 32 41 359 360 361 362 
 37 41 363 364 365 366 
 40 41 367 368 369 370 
 38 41 371 372 373 374 
 31 42 375 376 377 378 
 36 42 379 380 381 382 
 38 42 383 384 385 386 
 39 42 387 388 389 390 
 29 43 391 392 393 394 
 33 43 395 396 397 398 
 38 43 399 400 401 402 
 42 43 403 404 405 406 
 36 43 407 408 409 410 
 34 44 411 412 413 414 
 40 44 415 416 417 418 
 30 44 419 420 421 422 
 39 44 423 424 425 426 
 38 44 427 428 429 430 
 42 44 431 432 433 434 
 24 45 435 436 437 438 
 28 45 439 440 441 442 
 32 45 443 444 445 446 
 41 45 447 448 449 450 
 38 45 451 452 453 454 
 43 46 455 456 457 458 
 45 46 459 460 461 462 
 29 46 463 464 465 466 
 24 46 467 468 469 470 
 22 27 471 472 473 474 
 37 22 475 476 477 478 
 14 46 479 480 481 482 
 9 23 483 484 485 486 
 39 31 487 488 489 490 
 38 40 491 492 493 494 
 38 46 495 496 497 498 
 32 9 499 500 501 502 
 bcElement 21
2 101 1 
11 101 1 
10 6 1 
24 6 1 
17 6 1 
7 6 1 
6 11 1 
28 11 1 
19 11 1 
31 11 1 
9 11 1 
8 16 1 
22 16 1 
15 16 1 
16 16 1 
4 16 1 
5 21 1 
14 21 1 
12 21 1 
61 21 1 
1 21 1 
