Edge min = 0.092734, max=0.279742, average=0.186911;
Grid_size 69
Node_size 46
Total_DOF 1765
edge_Size 114
maxDOF 36
Solution_Order
7 
 meshIEN 
22 1 10 
 22 6 1 
 23 22 10 
 24 2 14 
 24 8 2 
 25 16 4 
 25 4 21 
 26 12 3 
 26 3 18 
 27 19 5 
 27 5 6 
 28 9 7 
 8 24 28 
 28 7 8 
 29 13 11 
 29 14 13 
 30 21 20 
 30 25 21 
 31 17 15 
 33 29 11 
 12 26 33 
 33 11 12 
 19 27 34 
 34 20 19 
 34 30 20 
 35 31 15 
 16 25 35 
 35 15 16 
 17 31 36 
 36 33 26 
 36 18 17 
 36 26 18 
 23 32 37 
 39 35 25 
 25 30 39 
 27 37 40 
 40 34 27 
 41 37 32 
 41 40 37 
 42 36 31 
 29 33 43 
 43 42 38 
 36 42 43 
 33 36 43 
 34 40 44 
 44 39 30 
 30 34 44 
 38 42 44 
 44 42 39 
 45 28 24 
 45 32 28 
 45 41 32 
 38 41 45 
 29 43 46 
 46 45 24 
 27 6 22 
 37 27 22 
 22 23 37 
 14 29 46 
 46 24 14 
 23 10 9 
 39 42 31 
 31 35 39 
 38 44 40 
 40 41 38 
 38 45 46 
 46 43 38 
 32 23 9 
 9 28 32 
 solutionIEN 
22 1 10 184 183 182 181 180 179 88 87 86 85 84 83 173 174 175 176 177 178 731 732 733 734 735 736 737 738 739 740 741 742 743 744 745 
 22 6 1 190 189 188 187 186 185 52 51 50 49 48 47 179 180 181 182 183 184 746 747 748 749 750 751 752 753 754 755 756 757 758 759 760 
 23 22 10 196 195 194 193 192 191 178 177 176 175 174 173 197 198 199 200 201 202 761 762 763 764 765 766 767 768 769 770 771 772 773 774 775 
 24 2 14 220 219 218 217 216 215 118 117 116 115 114 113 209 210 211 212 213 214 776 777 778 779 780 781 782 783 784 785 786 787 788 789 790 
 24 8 2 208 207 206 205 204 203 64 63 62 61 60 59 215 216 217 218 219 220 791 792 793 794 795 796 797 798 799 800 801 802 803 804 805 
 25 16 4 226 225 224 223 222 221 124 123 122 121 120 119 233 234 235 236 237 238 806 807 808 809 810 811 812 813 814 815 816 817 818 819 820 
 25 4 21 238 237 236 235 234 233 172 171 170 169 168 167 227 228 229 230 231 232 821 822 823 824 825 826 827 828 829 830 831 832 833 834 835 
 26 12 3 244 243 242 241 240 239 94 93 92 91 90 89 251 252 253 254 255 256 836 837 838 839 840 841 842 843 844 845 846 847 848 849 850 
 26 3 18 256 255 254 253 252 251 148 147 146 145 144 143 245 246 247 248 249 250 851 852 853 854 855 856 857 858 859 860 861 862 863 864 865 
 27 19 5 268 267 266 265 264 263 154 153 152 151 150 149 257 258 259 260 261 262 866 867 868 869 870 871 872 873 874 875 876 877 878 879 880 
 27 5 6 262 261 260 259 258 257 58 57 56 55 54 53 269 270 271 272 273 274 881 882 883 884 885 886 887 888 889 890 891 892 893 894 895 
 28 9 7 286 285 284 283 282 281 76 75 74 73 72 71 275 276 277 278 279 280 896 897 898 899 900 901 902 903 904 905 906 907 908 909 910 
 8 24 28 203 204 205 206 207 208 293 294 295 296 297 298 292 291 290 289 288 287 911 912 913 914 915 916 917 918 919 920 921 922 923 924 925 
 28 7 8 280 279 278 277 276 275 70 69 68 67 66 65 287 288 289 290 291 292 926 927 928 929 930 931 932 933 934 935 936 937 938 939 940 
 29 13 11 310 309 308 307 306 305 106 105 104 103 102 101 299 300 301 302 303 304 941 942 943 944 945 946 947 948 949 950 951 952 953 954 955 
 29 14 13 316 315 314 313 312 311 112 111 110 109 108 107 305 306 307 308 309 310 956 957 958 959 960 961 962 963 964 965 966 967 968 969 970 
 30 21 20 328 327 326 325 324 323 166 165 164 163 162 161 317 318 319 320 321 322 971 972 973 974 975 976 977 978 979 980 981 982 983 984 985 
 30 25 21 334 333 332 331 330 329 232 231 230 229 228 227 323 324 325 326 327 328 986 987 988 989 990 991 992 993 994 995 996 997 998 999 1000 
 31 17 15 346 345 344 343 342 341 136 135 134 133 132 131 335 336 337 338 339 340 1001 1002 1003 1004 1005 1006 1007 1008 1009 1010 1011 1012 1013 1014 1015 
 33 29 11 370 369 368 367 366 365 304 303 302 301 300 299 359 360 361 362 363 364 1016 1017 1018 1019 1020 1021 1022 1023 1024 1025 1026 1027 1028 1029 1030 
 12 26 33 239 240 241 242 243 244 371 372 373 374 375 376 382 381 380 379 378 377 1031 1032 1033 1034 1035 1036 1037 1038 1039 1040 1041 1042 1043 1044 1045 
 33 11 12 364 363 362 361 360 359 100 99 98 97 96 95 377 378 379 380 381 382 1046 1047 1048 1049 1050 1051 1052 1053 1054 1055 1056 1057 1058 1059 1060 
 19 27 34 263 264 265 266 267 268 389 390 391 392 393 394 388 387 386 385 384 383 1061 1062 1063 1064 1065 1066 1067 1068 1069 1070 1071 1072 1073 1074 1075 
 34 20 19 406 405 404 403 402 401 160 159 158 157 156 155 383 384 385 386 387 388 1076 1077 1078 1079 1080 1081 1082 1083 1084 1085 1086 1087 1088 1089 1090 
 34 30 20 400 399 398 397 396 395 322 321 320 319 318 317 401 402 403 404 405 406 1091 1092 1093 1094 1095 1096 1097 1098 1099 1100 1101 1102 1103 1104 1105 
 35 31 15 418 417 416 415 414 413 340 339 338 337 336 335 407 408 409 410 411 412 1106 1107 1108 1109 1110 1111 1112 1113 1114 1115 1116 1117 1118 1119 1120 
 16 25 35 221 222 223 224 225 226 419 420 421 422 423 424 430 429 428 427 426 425 1121 1122 1123 1124 1125 1126 1127 1128 1129 1130 1131 1132 1133 1134 1135 
 35 15 16 412 411 410 409 408 407 130 129 128 127 126 125 425 426 427 428 429 430 1136 1137 1138 1139 1140 1141 1142 1143 1144 1145 1146 1147 1148 1149 1150 
 17 31 36 341 342 343 344 345 346 437 438 439 440 441 442 436 435 434 433 432 431 1151 1152 1153 1154 1155 1156 1157 1158 1159 1160 1161 1162 1163 1164 1165 
 36 33 26 454 453 452 451 450 449 376 375 374 373 372 371 443 444 445 446 447 448 1166 1167 1168 1169 1170 1171 1172 1173 1174 1175 1176 1177 1178 1179 1180 
 36 18 17 460 459 458 457 456 455 142 141 140 139 138 137 431 432 433 434 435 436 1181 1182 1183 1184 1185 1186 1187 1188 1189 1190 1191 1192 1193 1194 1195 
 36 26 18 448 447 446 445 444 443 250 249 248 247 246 245 455 456 457 458 459 460 1196 1197 1198 1199 1200 1201 1202 1203 1204 1205 1206 1207 1208 1209 1210 
 23 32 37 353 354 355 356 357 358 467 468 469 470 471 472 466 465 464 463 462 461 1211 1212 1213 1214 1215 1216 1217 1218 1219 1220 1221 1222 1223 1224 1225 
 39 35 25 490 489 488 487 486 485 424 423 422 421 420 419 479 480 481 482 483 484 1226 1227 1228 1229 1230 1231 1232 1233 1234 1235 1236 1237 1238 1239 1240 
 25 30 39 329 330 331 332 333 334 491 492 493 494 495 496 484 483 482 481 480 479 1241 1242 1243 1244 1245 1246 1247 1248 1249 1250 1251 1252 1253 1254 1255 
 27 37 40 473 474 475 476 477 478 503 504 505 506 507 508 502 501 500 499 498 497 1256 1257 1258 1259 1260 1261 1262 1263 1264 1265 1266 1267 1268 1269 1270 
 40 34 27 514 513 512 511 510 509 394 393 392 391 390 389 497 498 499 500 501 502 1271 1272 1273 1274 1275 1276 1277 1278 1279 1280 1281 1282 1283 1284 1285 
 41 37 32 526 525 524 523 522 521 472 471 470 469 468 467 515 516 517 518 519 520 1286 1287 1288 1289 1290 1291 1292 1293 1294 1295 1296 1297 1298 1299 1300 
 41 40 37 532 531 530 529 528 527 508 507 506 505 504 503 521 522 523 524 525 526 1301 1302 1303 1304 1305 1306 1307 1308 1309 1310 1311 1312 1313 1314 1315 
 42 36 31 550 549 548 547 546 545 442 441 440 439 438 437 539 540 541 542 543 544 1316 1317 1318 1319 1320 1321 1322 1323 1324 1325 1326 1327 1328 1329 1330 
 29 33 43 365 366 367 368 369 370 569 570 571 572 573 574 568 567 566 565 564 563 1331 1332 1333 1334 1335 1336 1337 1338 1339 1340 1341 1342 1343 1344 1345 
 43 42 38 586 585 584 583 582 581 556 555 554 553 552 551 575 576 577 578 579 580 1346 1347 1348 1349 1350 1351 1352 1353 1354 1355 1356 1357 1358 1359 1360 
 36 42 43 545 546 547 548 549 550 581 582 583 584 585 586 592 591 590 589 588 587 1361 1362 1363 1364 1365 1366 1367 1368 1369 1370 1371 1372 1373 1374 1375 
 33 36 43 449 450 451 452 453 454 587 588 589 590 591 592 574 573 572 571 570 569 1376 1377 1378 1379 1380 1381 1382 1383 1384 1385 1386 1387 1388 1389 1390 
 34 40 44 509 510 511 512 513 514 599 600 601 602 603 604 598 597 596 595 594 593 1391 1392 1393 1394 1395 1396 1397 1398 1399 1400 1401 1402 1403 1404 1405 
 44 39 30 616 615 614 613 612 611 496 495 494 493 492 491 605 606 607 608 609 610 1406 1407 1408 1409 1410 1411 1412 1413 1414 1415 1416 1417 1418 1419 1420 
 30 34 44 395 396 397 398 399 400 593 594 595 596 597 598 610 609 608 607 606 605 1421 1422 1423 1424 1425 1426 1427 1428 1429 1430 1431 1432 1433 1434 1435 
 38 42 44 551 552 553 554 555 556 623 624 625 626 627 628 622 621 620 619 618 617 1436 1437 1438 1439 1440 1441 1442 1443 1444 1445 1446 1447 1448 1449 1450 
 44 42 39 628 627 626 625 624 623 562 561 560 559 558 557 611 612 613 614 615 616 1451 1452 1453 1454 1455 1456 1457 1458 1459 1460 1461 1462 1463 1464 1465 
 45 28 24 640 639 638 637 636 635 298 297 296 295 294 293 629 630 631 632 633 634 1466 1467 1468 1469 1470 1471 1472 1473 1474 1475 1476 1477 1478 1479 1480 
 45 32 28 646 645 644 643 642 641 352 351 350 349 348 347 635 636 637 638 639 640 1481 1482 1483 1484 1485 1486 1487 1488 1489 1490 1491 1492 1493 1494 1495 
 45 41 32 652 651 650 649 648 647 520 519 518 517 516 515 641 642 643 644 645 646 1496 1497 1498 1499 1500 1501 1502 1503 1504 1505 1506 1507 1508 1509 1510 
 38 41 45 533 534 535 536 537 538 647 648 649 650 651 652 658 657 656 655 654 653 1511 1512 1513 1514 1515 1516 1517 1518 1519 1520 1521 1522 1523 1524 1525 
 29 43 46 563 564 565 566 567 568 659 660 661 662 663 664 676 675 674 673 672 671 1526 1527 1528 1529 1530 1531 1532 1533 1534 1535 1536 1537 1538 1539 1540 
 46 45 24 670 669 668 667 666 665 634 633 632 631 630 629 677 678 679 680 681 682 1541 1542 1543 1544 1545 1546 1547 1548 1549 1550 1551 1552 1553 1554 1555 
 27 6 22 274 273 272 271 270 269 185 186 187 188 189 190 683 684 685 686 687 688 1556 1557 1558 1559 1560 1561 1562 1563 1564 1565 1566 1567 1568 1569 1570 
 37 27 22 478 477 476 475 474 473 688 687 686 685 684 683 694 693 692 691 690 689 1571 1572 1573 1574 1575 1576 1577 1578 1579 1580 1581 1582 1583 1584 1585 
 22 23 37 191 192 193 194 195 196 461 462 463 464 465 466 689 690 691 692 693 694 1586 1587 1588 1589 1590 1591 1592 1593 1594 1595 1596 1597 1598 1599 1600 
 14 29 46 311 312 313 314 315 316 671 672 673 674 675 676 700 699 698 697 696 695 1601 1602 1603 1604 1605 1606 1607 1608 1609 1610 1611 1612 1613 1614 1615 
 46 24 14 682 681 680 679 678 677 214 213 212 211 210 209 695 696 697 698 699 700 1616 1617 1618 1619 1620 1621 1622 1623 1624 1625 1626 1627 1628 1629 1630 
 23 10 9 202 201 200 199 198 197 82 81 80 79 78 77 701 702 703 704 705 706 1631 1632 1633 1634 1635 1636 1637 1638 1639 1640 1641 1642 1643 1644 1645 
 39 42 31 557 558 559 560 561 562 544 543 542 541 540 539 712 711 710 709 708 707 1646 1647 1648 1649 1650 1651 1652 1653 1654 1655 1656 1657 1658 1659 1660 
 31 35 39 413 414 415 416 417 418 485 486 487 488 489 490 707 708 709 710 711 712 1661 1662 1663 1664 1665 1666 1667 1668 1669 1670 1671 1672 1673 1674 1675 
 38 44 40 617 618 619 620 621 622 604 603 602 601 600 599 718 717 716 715 714 713 1676 1677 1678 1679 1680 1681 1682 1683 1684 1685 1686 1687 1688 1689 1690 
 40 41 38 527 528 529 530 531 532 538 537 536 535 534 533 713 714 715 716 717 718 1691 1692 1693 1694 1695 1696 1697 1698 1699 1700 1701 1702 1703 1704 1705 
 38 45 46 653 654 655 656 657 658 665 666 667 668 669 670 724 723 722 721 720 719 1706 1707 1708 1709 1710 1711 1712 1713 1714 1715 1716 1717 1718 1719 1720 
 46 43 38 664 663 662 661 660 659 580 579 578 577 576 575 719 720 721 722 723 724 1721 1722 1723 1724 1725 1726 1727 1728 1729 1730 1731 1732 1733 1734 1735 
 32 23 9 358 357 356 355 354 353 706 705 704 703 702 701 730 729 728 727 726 725 1736 1737 1738 1739 1740 1741 1742 1743 1744 1745 1746 1747 1748 1749 1750 
 9 28 32 281 282 283 284 285 286 347 348 349 350 351 352 725 726 727 728 729 730 1751 1752 1753 1754 1755 1756 1757 1758 1759 1760 1761 1762 1763 1764 1765 
 solutionOrder
7 7 7 7 
 7 7 7 7 
 7 7 7 7 
 7 7 7 7 
 7 7 7 7 
 7 7 7 7 
 7 7 7 7 
 7 7 7 7 
 7 7 7 7 
 7 7 7 7 
 7 7 7 7 
 7 7 7 7 
 7 7 7 7 
 7 7 7 7 
 7 7 7 7 
 7 7 7 7 
 7 7 7 7 
 7 7 7 7 
 7 7 7 7 
 7 7 7 7 
 7 7 7 7 
 7 7 7 7 
 7 7 7 7 
 7 7 7 7 
 7 7 7 7 
 7 7 7 7 
 7 7 7 7 
 7 7 7 7 
 7 7 7 7 
 7 7 7 7 
 7 7 7 7 
 7 7 7 7 
 7 7 7 7 
 7 7 7 7 
 7 7 7 7 
 7 7 7 7 
 7 7 7 7 
 7 7 7 7 
 7 7 7 7 
 7 7 7 7 
 7 7 7 7 
 7 7 7 7 
 7 7 7 7 
 7 7 7 7 
 7 7 7 7 
 7 7 7 7 
 7 7 7 7 
 7 7 7 7 
 7 7 7 7 
 7 7 7 7 
 7 7 7 7 
 7 7 7 7 
 7 7 7 7 
 7 7 7 7 
 7 7 7 7 
 7 7 7 7 
 7 7 7 7 
 7 7 7 7 
 7 7 7 7 
 7 7 7 7 
 7 7 7 7 
 7 7 7 7 
 7 7 7 7 
 7 7 7 7 
 7 7 7 7 
 7 7 7 7 
 7 7 7 7 
 7 7 7 7 
 7 7 7 7 
 vertexCoord 
0.000000 0.000000 
 1.000000 0.000000 
 1.000000 1.000000 
 0.000000 1.000000 
 -0.000000 0.300000 
 0.000000 0.150000 
 0.599799 0.000000 
 0.799805 0.000000 
 0.399794 0.000000 
 0.199897 0.000000 
 1.000000 0.599837 
 1.000000 0.799805 
 1.000000 0.399885 
 1.000000 0.199934 
 0.400167 1.000000 
 0.200195 1.000000 
 0.600121 1.000000 
 0.800061 1.000000 
 -0.000000 0.475707 
 -0.000000 0.650606 
 -0.000000 0.825303 
 0.149138 0.124855 
 0.289763 0.102080 
 0.789673 0.151147 
 0.165673 0.853770 
 0.865923 0.849935 
 0.117873 0.300765 
 0.600328 0.092732 
 0.863002 0.418777 
 0.158498 0.686326 
 0.469676 0.839210 
 0.430136 0.164666 
 0.847360 0.663721 
 0.148929 0.508007 
 0.311446 0.885238 
 0.680546 0.788832 
 0.269851 0.220881 
 0.506444 0.421320 
 0.320804 0.742703 
 0.296646 0.381949 
 0.417231 0.285286 
 0.496286 0.646702 
 0.680699 0.532717 
 0.321268 0.564501 
 0.581840 0.239155 
 0.747230 0.319778 
 bc_tag 
93 
 15 
 10 
 5 
 2 
 101 
 21 
 21 
 21 
 21 
 16 
 16 
 16 
 16 
 11 
 11 
 11 
 11 
 6 
 6 
 6 
 39 
 39 
 39 
 39 
 39 
 39 
 39 
 39 
 39 
 39 
 39 
 39 
 39 
 39 
 39 
 39 
 39 
 39 
 39 
 39 
 39 
 39 
 39 
 39 
 39 
 101 
 101 
 101 
 101 
 101 
 101 
 101 
 101 
 101 
 101 
 101 
 101 
 21 
 21 
 21 
 21 
 21 
 21 
 21 
 21 
 21 
 21 
 21 
 21 
 21 
 21 
 21 
 21 
 21 
 21 
 21 
 21 
 21 
 21 
 21 
 21 
 21 
 21 
 21 
 21 
 21 
 21 
 16 
 16 
 16 
 16 
 16 
 16 
 16 
 16 
 16 
 16 
 16 
 16 
 16 
 16 
 16 
 16 
 16 
 16 
 16 
 16 
 16 
 16 
 16 
 16 
 16 
 16 
 16 
 16 
 16 
 16 
 11 
 11 
 11 
 11 
 11 
 11 
 11 
 11 
 11 
 11 
 11 
 11 
 11 
 11 
 11 
 11 
 11 
 11 
 11 
 11 
 11 
 11 
 11 
 11 
 11 
 11 
 11 
 11 
 11 
 11 
 6 
 6 
 6 
 6 
 6 
 6 
 6 
 6 
 6 
 6 
 6 
 6 
 6 
 6 
 6 
 6 
 6 
 6 
 6 
 6 
 6 
 6 
 6 
 6 
 39 
 39 
 39 
 39 
 39 
 39 
 39 
 39 
 39 
 39 
 39 
 39 
 39 
 39 
 39 
 39 
 39 
 39 
 39 
 39 
 39 
 39 
 39 
 39 
 39 
 39 
 39 
 39 
 39 
 39 
 39 
 39 
 39 
 39 
 39 
 39 
 39 
 39 
 39 
 39 
 39 
 39 
 39 
 39 
 39 
 39 
 39 
 39 
 39 
 39 
 39 
 39 
 39 
 39 
 39 
 39 
 39 
 39 
 39 
 39 
 39 
 39 
 39 
 39 
 39 
 39 
 39 
 39 
 39 
 39 
 39 
 39 
 39 
 39 
 39 
 39 
 39 
 39 
 39 
 39 
 39 
 39 
 39 
 39 
 39 
 39 
 39 
 39 
 39 
 39 
 39 
 39 
 39 
 39 
 39 
 39 
 39 
 39 
 39 
 39 
 39 
 39 
 39 
 39 
 39 
 39 
 39 
 39 
 39 
 39 
 39 
 39 
 39 
 39 
 39 
 39 
 39 
 39 
 39 
 39 
 39 
 39 
 39 
 39 
 39 
 39 
 39 
 39 
 39 
 39 
 39 
 39 
 39 
 39 
 39 
 39 
 39 
 39 
 39 
 39 
 39 
 39 
 39 
 39 
 39 
 39 
 39 
 39 
 39 
 39 
 39 
 39 
 39 
 39 
 39 
 39 
 39 
 39 
 39 
 39 
 39 
 39 
 39 
 39 
 39 
 39 
 39 
 39 
 39 
 39 
 39 
 39 
 39 
 39 
 39 
 39 
 39 
 39 
 39 
 39 
 39 
 39 
 39 
 39 
 39 
 39 
 39 
 39 
 39 
 39 
 39 
 39 
 39 
 39 
 39 
 39 
 39 
 39 
 39 
 39 
 39 
 39 
 39 
 39 
 39 
 39 
 39 
 39 
 39 
 39 
 39 
 39 
 39 
 39 
 39 
 39 
 39 
 39 
 39 
 39 
 39 
 39 
 39 
 39 
 39 
 39 
 39 
 39 
 39 
 39 
 39 
 39 
 39 
 39 
 39 
 39 
 39 
 39 
 39 
 39 
 39 
 39 
 39 
 39 
 39 
 39 
 39 
 39 
 39 
 39 
 39 
 39 
 39 
 39 
 39 
 39 
 39 
 39 
 39 
 39 
 39 
 39 
 39 
 39 
 39 
 39 
 39 
 39 
 39 
 39 
 39 
 39 
 39 
 39 
 39 
 39 
 39 
 39 
 39 
 39 
 39 
 39 
 39 
 39 
 39 
 39 
 39 
 39 
 39 
 39 
 39 
 39 
 39 
 39 
 39 
 39 
 39 
 39 
 39 
 39 
 39 
 39 
 39 
 39 
 39 
 39 
 39 
 39 
 39 
 39 
 39 
 39 
 39 
 39 
 39 
 39 
 39 
 39 
 39 
 39 
 39 
 39 
 39 
 39 
 39 
 39 
 39 
 39 
 39 
 39 
 39 
 39 
 39 
 39 
 39 
 39 
 39 
 39 
 39 
 39 
 39 
 39 
 39 
 39 
 39 
 39 
 39 
 39 
 39 
 39 
 39 
 39 
 39 
 39 
 39 
 39 
 39 
 39 
 39 
 39 
 39 
 39 
 39 
 39 
 39 
 39 
 39 
 39 
 39 
 39 
 39 
 39 
 39 
 39 
 39 
 39 
 39 
 39 
 39 
 39 
 39 
 39 
 39 
 39 
 39 
 39 
 39 
 39 
 39 
 39 
 39 
 39 
 39 
 39 
 39 
 39 
 39 
 39 
 39 
 39 
 39 
 39 
 39 
 39 
 39 
 39 
 39 
 39 
 39 
 39 
 39 
 39 
 39 
 39 
 39 
 39 
 39 
 39 
 39 
 39 
 39 
 39 
 39 
 39 
 39 
 39 
 39 
 39 
 39 
 39 
 39 
 39 
 39 
 39 
 39 
 39 
 39 
 39 
 39 
 39 
 39 
 39 
 39 
 39 
 39 
 39 
 39 
 39 
 39 
 39 
 39 
 39 
 39 
 39 
 39 
 39 
 39 
 39 
 39 
 39 
 39 
 39 
 39 
 39 
 39 
 39 
 39 
 39 
 39 
 39 
 39 
 39 
 39 
 39 
 39 
 39 
 39 
 39 
 39 
 39 
 39 
 39 
 39 
 39 
 39 
 39 
 39 
 39 
 39 
 39 
 39 
 39 
 39 
 39 
 39 
 39 
 39 
 39 
 39 
 39 
 39 
 39 
 39 
 39 
 39 
 39 
 39 
 39 
 39 
 39 
 39 
 39 
 39 
 39 
 39 
 39 
 39 
 39 
 39 
 39 
 39 
 39 
 39 
 39 
 39 
 39 
 39 
 39 
 39 
 39 
 39 
 39 
 39 
 39 
 39 
 39 
 39 
 39 
 39 
 39 
 39 
 39 
 39 
 39 
 39 
 39 
 39 
 39 
 39 
 39 
 39 
 39 
 39 
 39 
 39 
 39 
 39 
 39 
 39 
 39 
 39 
 39 
 39 
 39 
 39 
 39 
 39 
 39 
 39 
 39 
 39 
 39 
 39 
 39 
 39 
 39 
 39 
 39 
 39 
 39 
 39 
 39 
 39 
 39 
 39 
 39 
 39 
 39 
 39 
 39 
 39 
 39 
 39 
 39 
 39 
 39 
 39 
 39 
 39 
 39 
 39 
 39 
 39 
 39 
 39 
 39 
 39 
 39 
 39 
 39 
 39 
 39 
 39 
 39 
 39 
 39 
 39 
 39 
 39 
 39 
 39 
 39 
 39 
 39 
 39 
 39 
 39 
 39 
 39 
 39 
 39 
 39 
 39 
 39 
 39 
 39 
 39 
 39 
 39 
 39 
 39 
 39 
 39 
 39 
 39 
 39 
 39 
 39 
 39 
 39 
 39 
 39 
 39 
 39 
 39 
 39 
 39 
 39 
 39 
 39 
 39 
 39 
 39 
 39 
 39 
 39 
 39 
 39 
 39 
 39 
 39 
 39 
 39 
 39 
 39 
 39 
 39 
 39 
 39 
 39 
 39 
 39 
 39 
 39 
 39 
 39 
 39 
 39 
 39 
 39 
 39 
 39 
 39 
 39 
 39 
 39 
 39 
 39 
 39 
 39 
 39 
 39 
 39 
 39 
 39 
 39 
 39 
 39 
 39 
 39 
 39 
 39 
 39 
 39 
 39 
 39 
 39 
 39 
 39 
 39 
 39 
 39 
 39 
 39 
 39 
 39 
 39 
 39 
 39 
 39 
 39 
 39 
 39 
 39 
 39 
 39 
 39 
 39 
 39 
 39 
 39 
 39 
 39 
 39 
 39 
 39 
 39 
 39 
 39 
 39 
 39 
 39 
 39 
 39 
 39 
 39 
 39 
 39 
 39 
 39 
 39 
 39 
 39 
 39 
 39 
 39 
 39 
 39 
 39 
 39 
 39 
 39 
 39 
 39 
 39 
 39 
 39 
 39 
 39 
 39 
 39 
 39 
 39 
 39 
 39 
 39 
 39 
 39 
 39 
 39 
 39 
 39 
 39 
 39 
 39 
 39 
 39 
 39 
 39 
 39 
 39 
 39 
 39 
 39 
 39 
 39 
 39 
 39 
 39 
 39 
 39 
 39 
 39 
 39 
 39 
 39 
 39 
 39 
 39 
 39 
 39 
 39 
 39 
 39 
 39 
 39 
 39 
 39 
 39 
 39 
 39 
 39 
 39 
 39 
 39 
 39 
 39 
 39 
 39 
 39 
 39 
 39 
 39 
 39 
 39 
 39 
 39 
 39 
 39 
 39 
 39 
 39 
 39 
 39 
 39 
 39 
 39 
 39 
 39 
 39 
 39 
 39 
 39 
 39 
 39 
 39 
 39 
 39 
 39 
 39 
 39 
 39 
 39 
 39 
 39 
 39 
 39 
 39 
 39 
 39 
 39 
 39 
 39 
 39 
 39 
 39 
 39 
 39 
 39 
 39 
 39 
 39 
 39 
 39 
 39 
 39 
 39 
 39 
 39 
 39 
 39 
 39 
 39 
 39 
 39 
 39 
 39 
 39 
 39 
 39 
 39 
 39 
 39 
 39 
 39 
 39 
 39 
 39 
 39 
 39 
 39 
 39 
 39 
 39 
 39 
 39 
 39 
 39 
 39 
 39 
 39 
 39 
 39 
 39 
 39 
 39 
 39 
 39 
 39 
 39 
 39 
 39 
 39 
 39 
 39 
 39 
 39 
 39 
 39 
 39 
 39 
 39 
 39 
 39 
 39 
 39 
 39 
 39 
 39 
 39 
 39 
 39 
 39 
 39 
 39 
 39 
 39 
 39 
 39 
 39 
 39 
 39 
 39 
 39 
 39 
 39 
 39 
 39 
 39 
 39 
 39 
 39 
 39 
 39 
 39 
 39 
 39 
 39 
 39 
 39 
 39 
 39 
 39 
 39 
 39 
 39 
 39 
 39 
 39 
 39 
 39 
 39 
 39 
 39 
 39 
 39 
 39 
 39 
 39 
 39 
 39 
 39 
 39 
 39 
 39 
 39 
 39 
 39 
 39 
 39 
 39 
 39 
 39 
 39 
 39 
 39 
 39 
 39 
 39 
 39 
 39 
 39 
 39 
 39 
 39 
 39 
 39 
 39 
 39 
 39 
 39 
 39 
 39 
 39 
 39 
 39 
 39 
 39 
 39 
 39 
 39 
 39 
 39 
 39 
 39 
 39 
 39 
 39 
 39 
 39 
 39 
 39 
 39 
 39 
 39 
 39 
 39 
 39 
 39 
 39 
 39 
 39 
 39 
 39 
 39 
 39 
 39 
 39 
 39 
 39 
 39 
 39 
 39 
 39 
 39 
 39 
 39 
 39 
 39 
 39 
 39 
 39 
 39 
 39 
 39 
 39 
 39 
 39 
 39 
 39 
 39 
 39 
 39 
 39 
 39 
 39 
 39 
 39 
 39 
 39 
 39 
 39 
 39 
 39 
 39 
 39 
 39 
 39 
 39 
 39 
 39 
 39 
 39 
 39 
 39 
 39 
 39 
 39 
 39 
 39 
 39 
 39 
 39 
 39 
 39 
 39 
 39 
 39 
 39 
 39 
 39 
 39 
 39 
 39 
 39 
 39 
 39 
 39 
 39 
 39 
 39 
 39 
 39 
 39 
 39 
 39 
 39 
 39 
 39 
 39 
 39 
 39 
 39 
 39 
 39 
 39 
 39 
 39 
 39 
 39 
 39 
 39 
 39 
 39 
 39 
 39 
 39 
 39 
 39 
 39 
 39 
 39 
 39 
 39 
 39 
 39 
 39 
 39 
 39 
 39 
 39 
 39 
 39 
 39 
 39 
 39 
 39 
 39 
 39 
 39 
 39 
 39 
 39 
 39 
 39 
 39 
 39 
 39 
 39 
 39 
 39 
 39 
 39 
 39 
 39 
 39 
 39 
 39 
 39 
 39 
 39 
 39 
 39 
 39 
 39 
 39 
 39 
 39 
 39 
 39 
 39 
 39 
 39 
 39 
 39 
 39 
 39 
 39 
 39 
 39 
 39 
 39 
 39 
 39 
 39 
 39 
 39 
 39 
 39 
 39 
 39 
 39 
 39 
 39 
 39 
 39 
 39 
 39 
 39 
 39 
 39 
 39 
 39 
 39 
 39 
 39 
 39 
 39 
 39 
 39 
 39 
 39 
 39 
 39 
 39 
 39 
 39 
 39 
 39 
 39 
 39 
 39 
 39 
 39 
 39 
 39 
 39 
 39 
 39 
 39 
 39 
 39 
 39 
 39 
 39 
 39 
 39 
 39 
 39 
 39 
 39 
 39 
 39 
 39 
 39 
 39 
 39 
 39 
 39 
 39 
 39 
 39 
 39 
 39 
 39 
 39 
 39 
 39 
 39 
 39 
 39 
 39 
 39 
 39 
 39 
 39 
 39 
 39 
 39 
 39 
 39 
 39 
 39 
 39 
 39 
 39 
 39 
 39 
 39 
 39 
 39 
 39 
 39 
 39 
 39 
 39 
 39 
 39 
 39 
 39 
 39 
 39 
 39 
 39 
 39 
 39 
 39 
 39 
 39 
 39 
 39 
 39 
 39 
 39 
 39 
 39 
 39 
 39 
 39 
 39 
 39 
 39 
 39 
 39 
 39 
 39 
 39 
 39 
 39 
 39 
 39 
 39 
 39 
 39 
 39 
 39 
 39 
 39 
 39 
 39 
 39 
 39 
 39 
 39 
 39 
 39 
 39 
 39 
 39 
 39 
 39 
 39 
 39 
 39 
 39 
 39 
 39 
 39 
 39 
 39 
 39 
 39 
 39 
 39 
 39 
 39 
 39 
 39 
 39 
 39 
 39 
 39 
 39 
 39 
 39 
 39 
 39 
 39 
 39 
 39 
 39 
 39 
 39 
 39 
 39 
 39 
 39 
 39 
 39 
 39 
 39 
 39 
 39 
 39 
 39 
 39 
 39 
 39 
 39 
 39 
 39 
 39 
 39 
 39 
 39 
 39 
 39 
 39 
 39 
 39 
 39 
 39 
 39 
 39 
 39 
 39 
 39 
 39 
 39 
 39 
 39 
 39 
 39 
 39 
 39 
 39 
 39 
 39 
 39 
 39 
 39 
 39 
 39 
 39 
 39 
 39 
 39 
 39 
 39 
 39 
 39 
 39 
 39 
 39 
 39 
 39 
 39 
 39 
 39 
 39 
 39 
 39 
 39 
 39 
 39 
 39 
 39 
 39 
 39 
 39 
 39 
 39 
 39 
 39 
 39 
 39 
 39 
 39 
 39 
 39 
 39 
 39 
 39 
 39 
 39 
 39 
 39 
 39 
 39 
 39 
 39 
 39 
 39 
 39 
 39 
 39 
 39 
 39 
 39 
 39 
 39 
 39 
 39 
 39 
 39 
 39 
 39 
 39 
 39 
 39 
 39 
 39 
 39 
 39 
 39 
 39 
 39 
 39 
 39 
 39 
 39 
 39 
 39 
 39 
 39 
 39 
 39 
 39 
 39 
 39 
 39 
 39 
 39 
 39 
 39 
 39 
 39 
 39 
 39 
 39 
 39 
 39 
 39 
 39 
 39 
 39 
 39 
 39 
 39 
 39 
 39 
 39 
 39 
 edgeUsage
1 1 0 
 1 1 0 
 1 1 0 
 1 1 0 
 1 1 0 
 1 1 0 
 1 1 0 
 1 1 0 
 1 1 0 
 1 1 0 
 1 1 0 
 1 1 0 
 0 0 1 
 1 1 0 
 1 1 0 
 1 1 0 
 1 1 0 
 1 1 0 
 1 1 0 
 1 1 0 
 0 0 1 
 1 1 0 
 0 0 1 
 1 1 0 
 1 1 0 
 1 1 0 
 0 0 1 
 1 1 0 
 0 0 1 
 1 1 0 
 1 1 0 
 1 1 0 
 0 0 1 
 1 1 0 
 0 0 1 
 0 0 1 
 1 1 0 
 1 1 0 
 1 1 0 
 1 1 0 
 0 0 1 
 1 1 0 
 0 0 1 
 0 0 1 
 0 0 1 
 1 1 0 
 0 0 1 
 0 0 1 
 1 1 0 
 1 1 0 
 1 1 0 
 1 1 0 
 0 0 1 
 0 0 1 
 1 1 0 
 1 0 0 
 1 1 1 
 0 0 0 
 0 0 1 
 1 1 0 
 1 1 0 
 0 1 1 
 0 0 0 
 0 1 1 
 0 1 0 
 0 0 1 
 1 1 0 
 1 1 1 
 0 0 0 
 EdgeNode 
1 6 47 48 49 50 51 52 
 6 5 53 54 55 56 57 58 
 2 8 59 60 61 62 63 64 
 8 7 65 66 67 68 69 70 
 7 9 71 72 73 74 75 76 
 9 10 77 78 79 80 81 82 
 10 1 83 84 85 86 87 88 
 3 12 89 90 91 92 93 94 
 12 11 95 96 97 98 99 100 
 11 13 101 102 103 104 105 106 
 13 14 107 108 109 110 111 112 
 14 2 113 114 115 116 117 118 
 4 16 119 120 121 122 123 124 
 16 15 125 126 127 128 129 130 
 15 17 131 132 133 134 135 136 
 17 18 137 138 139 140 141 142 
 18 3 143 144 145 146 147 148 
 5 19 149 150 151 152 153 154 
 19 20 155 156 157 158 159 160 
 20 21 161 162 163 164 165 166 
 21 4 167 168 169 170 171 172 
 10 22 173 174 175 176 177 178 
 1 22 179 180 181 182 183 184 
 6 22 185 186 187 188 189 190 
 22 23 191 192 193 194 195 196 
 10 23 197 198 199 200 201 202 
 8 24 203 204 205 206 207 208 
 14 24 209 210 211 212 213 214 
 2 24 215 216 217 218 219 220 
 16 25 221 222 223 224 225 226 
 21 25 227 228 229 230 231 232 
 4 25 233 234 235 236 237 238 
 12 26 239 240 241 242 243 244 
 18 26 245 246 247 248 249 250 
 3 26 251 252 253 254 255 256 
 5 27 257 258 259 260 261 262 
 19 27 263 264 265 266 267 268 
 6 27 269 270 271 272 273 274 
 7 28 275 276 277 278 279 280 
 9 28 281 282 283 284 285 286 
 8 28 287 288 289 290 291 292 
 24 28 293 294 295 296 297 298 
 11 29 299 300 301 302 303 304 
 13 29 305 306 307 308 309 310 
 14 29 311 312 313 314 315 316 
 20 30 317 318 319 320 321 322 
 21 30 323 324 325 326 327 328 
 25 30 329 330 331 332 333 334 
 15 31 335 336 337 338 339 340 
 17 31 341 342 343 344 345 346 
 28 32 347 348 349 350 351 352 
 23 32 353 354 355 356 357 358 
 11 33 359 360 361 362 363 364 
 29 33 365 366 367 368 369 370 
 26 33 371 372 373 374 375 376 
 12 33 377 378 379 380 381 382 
 19 34 383 384 385 386 387 388 
 27 34 389 390 391 392 393 394 
 30 34 395 396 397 398 399 400 
 20 34 401 402 403 404 405 406 
 15 35 407 408 409 410 411 412 
 31 35 413 414 415 416 417 418 
 25 35 419 420 421 422 423 424 
 16 35 425 426 427 428 429 430 
 17 36 431 432 433 434 435 436 
 31 36 437 438 439 440 441 442 
 26 36 443 444 445 446 447 448 
 33 36 449 450 451 452 453 454 
 18 36 455 456 457 458 459 460 
 23 37 461 462 463 464 465 466 
 32 37 467 468 469 470 471 472 
 27 37 473 474 475 476 477 478 
 25 39 479 480 481 482 483 484 
 35 39 485 486 487 488 489 490 
 30 39 491 492 493 494 495 496 
 27 40 497 498 499 500 501 502 
 37 40 503 504 505 506 507 508 
 34 40 509 510 511 512 513 514 
 32 41 515 516 517 518 519 520 
 37 41 521 522 523 524 525 526 
 40 41 527 528 529 530 531 532 
 38 41 533 534 535 536 537 538 
 31 42 539 540 541 542 543 544 
 36 42 545 546 547 548 549 550 
 38 42 551 552 553 554 555 556 
 39 42 557 558 559 560 561 562 
 29 43 563 564 565 566 567 568 
 33 43 569 570 571 572 573 574 
 38 43 575 576 577 578 579 580 
 42 43 581 582 583 584 585 586 
 36 43 587 588 589 590 591 592 
 34 44 593 594 595 596 597 598 
 40 44 599 600 601 602 603 604 
 30 44 605 606 607 608 609 610 
 39 44 611 612 613 614 615 616 
 38 44 617 618 619 620 621 622 
 42 44 623 624 625 626 627 628 
 24 45 629 630 631 632 633 634 
 28 45 635 636 637 638 639 640 
 32 45 641 642 643 644 645 646 
 41 45 647 648 649 650 651 652 
 38 45 653 654 655 656 657 658 
 43 46 659 660 661 662 663 664 
 45 46 665 666 667 668 669 670 
 29 46 671 672 673 674 675 676 
 24 46 677 678 679 680 681 682 
 22 27 683 684 685 686 687 688 
 37 22 689 690 691 692 693 694 
 14 46 695 696 697 698 699 700 
 9 23 701 702 703 704 705 706 
 39 31 707 708 709 710 711 712 
 38 40 713 714 715 716 717 718 
 38 46 719 720 721 722 723 724 
 32 9 725 726 727 728 729 730 
 bcElement 21
2 101 1 
11 101 1 
10 6 1 
24 6 1 
17 6 1 
7 6 1 
6 11 1 
28 11 1 
19 11 1 
31 11 1 
9 11 1 
8 16 1 
22 16 1 
15 16 1 
16 16 1 
4 16 1 
5 21 1 
14 21 1 
12 21 1 
61 21 1 
1 21 1 
