Edge min = 0.054605, max=0.141563, average=0.090650;
Grid_size 290
Node_size 166
Total_DOF 621
maxDOF 6
Solution_Order
2 
 meshIEN 
41 6 1 
 41 1 16 
 47 28 4 
 47 4 40 
 48 2 25 
 48 10 2 
 49 3 34 
 49 19 3 
 51 5 7 
 7 42 51 
 52 43 42 
 15 50 52 
 52 16 15 
 44 55 56 
 57 11 9 
 11 57 59 
 59 12 11 
 61 58 45 
 22 58 61 
 61 24 22 
 62 20 18 
 65 13 14 
 43 52 66 
 66 52 50 
 5 51 67 
 67 36 5 
 68 35 37 
 69 39 35 
 35 68 69 
 69 68 53 
 44 56 70 
 71 30 29 
 30 71 72 
 72 26 30 
 73 55 44 
 54 55 73 
 28 47 74 
 74 27 28 
 75 29 27 
 75 55 54 
 27 74 75 
 75 74 55 
 75 71 29 
 54 71 75 
 76 38 39 
 39 69 76 
 77 47 40 
 77 74 47 
 77 40 38 
 55 74 77 
 77 56 55 
 38 76 77 
 77 76 56 
 78 9 10 
 78 57 9 
 10 48 78 
 79 23 17 
 12 59 80 
 80 8 12 
 81 59 57 
 86 48 25 
 86 78 48 
 24 61 86 
 86 25 24 
 20 62 87 
 87 21 20 
 88 18 19 
 88 62 18 
 19 49 88 
 89 31 32 
 89 63 31 
 90 49 34 
 90 88 49 
 33 64 90 
 90 34 33 
 91 37 36 
 91 68 37 
 57 78 92 
 78 86 92 
 45 81 92 
 92 81 57 
 92 61 45 
 92 86 61 
 93 81 45 
 94 93 45 
 45 58 94 
 95 93 82 
 81 93 95 
 59 81 95 
 97 73 44 
 54 73 100 
 104 66 50 
 105 96 60 
 43 66 106 
 62 88 108 
 88 90 108 
 108 64 46 
 108 90 64 
 26 72 109 
 109 32 26 
 109 89 32 
 111 94 58 
 58 79 111 
 112 70 53 
 112 98 70 
 97 98 113 
 83 97 113 
 114 97 83 
 54 100 115 
 115 71 54 
 115 72 71 
 46 101 116 
 116 108 46 
 62 108 116 
 118 79 17 
 118 17 21 
 94 111 119 
 122 105 60 
 60 99 122 
 123 95 82 
 96 105 123 
 82 96 123 
 43 106 124 
 125 104 85 
 85 104 126 
 59 95 127 
 127 80 59 
 8 80 128 
 128 14 8 
 84 101 129 
 63 89 131 
 131 130 147 
 147 129 132 
 63 131 132 
 132 131 147 
 46 64 132 
 132 64 63 
 133 110 67 
 51 124 133 
 133 67 51 
 68 91 134 
 134 112 53 
 53 68 134 
 135 113 98 
 98 112 135 
 136 114 83 
 83 99 136 
 79 118 137 
 137 111 79 
 137 119 111 
 103 119 137 
 94 119 138 
 93 94 138 
 82 93 138 
 102 117 139 
 139 120 84 
 84 102 139 
 140 116 101 
 103 121 140 
 140 120 103 
 62 116 141 
 141 87 62 
 141 121 87 
 116 140 141 
 141 140 121 
 142 122 99 
 83 113 142 
 142 99 83 
 107 127 143 
 85 126 143 
 143 126 107 
 144 125 85 
 145 126 104 
 145 104 50 
 50 65 145 
 84 129 146 
 146 102 84 
 147 146 129 
 130 131 148 
 148 131 89 
 89 109 148 
 149 130 100 
 150 124 106 
 150 133 124 
 151 134 91 
 91 110 151 
 152 136 99 
 102 146 152 
 60 102 152 
 152 99 60 
 153 138 119 
 153 139 117 
 153 119 103 
 120 139 153 
 103 120 153 
 154 142 113 
 113 135 154 
 85 143 155 
 155 123 105 
 155 143 123 
 155 144 85 
 105 122 156 
 125 144 157 
 157 150 106 
 106 125 157 
 133 150 158 
 134 151 159 
 112 134 159 
 136 152 160 
 160 152 146 
 146 147 160 
 130 149 160 
 160 147 130 
 142 154 161 
 161 156 122 
 122 142 161 
 162 158 150 
 150 157 162 
 163 159 151 
 151 158 163 
 158 162 163 
 164 154 135 
 156 161 165 
 165 162 157 
 165 157 144 
 144 156 165 
 166 165 161 
 154 164 166 
 166 161 154 
 162 165 166 
 166 163 162 
 41 42 7 
 7 6 41 
 52 42 41 
 41 16 52 
 65 50 15 
 15 13 65 
 124 51 42 
 42 43 124 
 63 64 33 
 33 31 63 
 76 69 53 
 56 76 53 
 53 70 56 
 23 79 58 
 58 22 23 
 98 97 44 
 44 70 98 
 73 97 114 
 125 106 66 
 66 104 125 
 73 114 149 
 149 100 73 
 87 121 118 
 118 21 87 
 107 128 80 
 80 127 107 
 100 130 148 
 148 115 100 
 120 140 101 
 101 84 120 
 123 143 127 
 127 95 123 
 156 144 155 
 155 105 156 
 128 145 65 
 65 14 128 
 115 148 109 
 109 72 115 
 158 151 110 
 110 133 158 
 117 96 82 
 138 153 117 
 117 82 138 
 136 160 149 
 149 114 136 
 163 166 164 
 164 159 163 
 159 164 135 
 135 112 159 
 96 117 102 
 102 60 96 
 137 118 121 
 121 103 137 
 145 128 107 
 107 126 145 
 46 132 129 
 129 101 46 
 110 91 36 
 36 67 110 
 solutionIEN 
41 6 1 207 167 208 
 41 1 16 208 179 209 
 47 28 4 214 190 213 
 47 4 40 213 206 215 
 48 2 25 217 189 216 
 48 10 2 218 170 217 
 49 3 34 220 199 219 
 49 19 3 221 180 220 
 51 5 7 223 169 224 
 7 42 51 210 225 224 
 52 43 42 227 212 226 
 15 50 52 222 229 228 
 52 16 15 230 178 228 
 44 55 56 231 234 233 
 57 11 9 235 172 236 
 11 57 59 235 239 241 
 59 12 11 240 173 241 
 61 58 45 243 238 242 
 22 58 61 237 243 245 
 61 24 22 244 187 245 
 62 20 18 246 182 247 
 65 13 14 253 176 252 
 43 52 66 227 256 255 
 66 52 50 256 229 257 
 5 51 67 223 259 258 
 67 36 5 260 200 258 
 68 35 37 262 202 261 
 69 39 35 265 203 264 
 35 68 69 262 267 264 
 69 68 53 267 263 266 
 44 56 70 233 269 268 
 71 30 29 271 193 273 
 30 71 72 271 275 276 
 72 26 30 274 194 276 
 73 55 44 278 231 277 
 54 55 73 232 278 279 
 28 47 74 214 281 280 
 74 27 28 282 191 280 
 75 29 27 285 192 284 
 75 55 54 287 232 286 
 27 74 75 282 288 284 
 75 74 55 288 283 287 
 75 71 29 289 273 285 
 54 71 75 272 289 286 
 76 38 39 291 204 290 
 39 69 76 265 293 290 
 77 47 40 295 215 294 
 77 74 47 296 281 295 
 77 40 38 294 205 297 
 55 74 77 283 296 298 
 77 56 55 299 234 298 
 38 76 77 291 300 297 
 77 76 56 300 292 299 
 78 9 10 302 171 301 
 78 57 9 303 236 302 
 10 48 78 218 304 301 
 79 23 17 306 185 305 
 12 59 80 240 309 308 
 80 8 12 310 174 308 
 81 59 57 313 239 312 
 86 48 25 315 216 314 
 86 78 48 316 304 315 
 24 61 86 244 318 317 
 86 25 24 314 188 317 
 20 62 87 246 320 319 
 87 21 20 321 183 319 
 88 18 19 323 181 322 
 88 62 18 324 247 323 
 19 49 88 221 325 322 
 89 31 32 327 196 326 
 89 63 31 328 248 327 
 90 49 34 330 219 329 
 90 88 49 331 325 330 
 33 64 90 251 333 332 
 90 34 33 329 198 332 
 91 37 36 335 201 334 
 91 68 37 336 261 335 
 57 78 92 303 338 337 
 78 86 92 316 339 338 
 45 81 92 311 341 340 
 92 81 57 341 312 337 
 92 61 45 342 242 340 
 92 86 61 339 318 342 
 93 81 45 345 311 344 
 94 93 45 347 344 348 
 45 58 94 238 346 348 
 95 93 82 350 343 349 
 81 93 95 345 350 352 
 59 81 95 313 352 351 
 97 73 44 356 277 355 
 54 73 100 279 363 362 
 104 66 50 369 257 368 
 105 96 60 372 353 371 
 43 66 106 255 374 373 
 62 88 108 324 376 375 
 88 90 108 331 378 376 
 108 64 46 379 249 377 
 108 90 64 378 333 379 
 26 72 109 274 381 380 
 109 32 26 383 195 380 
 109 89 32 382 326 383 
 111 94 58 387 346 386 
 58 79 111 307 388 386 
 112 70 53 390 270 389 
 112 98 70 391 359 390 
 97 98 113 358 394 393 
 83 97 113 357 393 392 
 114 97 83 396 357 395 
 54 100 115 362 398 397 
 115 71 54 400 272 397 
 115 72 71 399 275 400 
 46 101 116 364 402 401 
 116 108 46 404 377 401 
 62 108 116 375 404 403 
 118 79 17 408 305 407 
 118 17 21 407 184 409 
 94 111 119 387 411 410 
 122 105 60 419 371 418 
 60 99 122 360 420 418 
 123 95 82 422 349 421 
 96 105 123 372 424 423 
 82 96 123 354 423 421 
 43 106 124 373 427 426 
 125 104 85 429 370 428 
 85 104 126 370 433 431 
 59 95 127 351 435 434 
 127 80 59 436 309 434 
 8 80 128 310 439 438 
 128 14 8 440 175 438 
 84 101 129 365 442 443 
 63 89 131 328 447 445 
 131 130 147 448 511 446 
 147 129 132 512 450 451 
 63 131 132 445 453 452 
 132 131 147 453 446 451 
 46 64 132 249 454 449 
 132 64 63 454 250 452 
 133 110 67 456 385 457 
 51 124 133 425 455 458 
 133 67 51 457 259 458 
 68 91 134 336 460 459 
 134 112 53 461 389 462 
 53 68 134 263 459 462 
 135 113 98 464 394 463 
 98 112 135 391 465 463 
 136 114 83 468 395 467 
 83 99 136 361 466 467 
 79 118 137 408 470 469 
 137 111 79 471 388 469 
 137 119 111 472 411 471 
 103 119 137 412 472 473 
 94 119 138 410 475 474 
 93 94 138 347 474 477 
 82 93 138 343 477 476 
 102 117 139 405 479 478 
 139 120 84 481 413 480 
 84 102 139 367 478 480 
 140 116 101 483 402 482 
 103 121 140 415 484 486 
 140 120 103 485 414 486 
 62 116 141 403 488 487 
 141 87 62 489 320 487 
 141 121 87 490 417 489 
 116 140 141 483 491 488 
 141 140 121 491 484 490 
 142 122 99 493 420 492 
 83 113 142 392 494 495 
 142 99 83 492 361 495 
 107 127 143 437 497 496 
 85 126 143 431 500 498 
 143 126 107 500 432 496 
 144 125 85 502 428 501 
 145 126 104 504 433 503 
 145 104 50 503 368 506 
 50 65 145 254 505 506 
 84 129 146 443 509 508 
 146 102 84 510 367 508 
 147 146 129 513 509 512 
 130 131 148 448 516 515 
 148 131 89 516 447 518 
 89 109 148 382 517 518 
 149 130 100 520 444 519 
 150 124 106 523 427 522 
 150 133 124 524 455 523 
 151 134 91 527 460 526 
 91 110 151 384 525 526 
 152 136 99 529 466 528 
 102 146 152 510 531 530 
 60 102 152 366 530 532 
 152 99 60 528 360 532 
 153 138 119 534 475 533 
 153 139 117 536 479 535 
 153 119 103 533 412 537 
 120 139 153 481 536 538 
 103 120 153 414 538 537 
 154 142 113 540 494 539 
 113 135 154 464 541 539 
 85 143 155 498 543 542 
 155 123 105 545 424 544 
 155 143 123 543 499 545 
 155 144 85 546 501 542 
 105 122 156 419 547 548 
 125 144 157 502 551 550 
 157 150 106 553 522 552 
 106 125 157 430 550 552 
 133 150 158 524 556 554 
 134 151 159 527 558 559 
 112 134 159 461 559 557 
 136 152 160 529 561 560 
 160 152 146 561 531 563 
 146 147 160 513 564 563 
 130 149 160 520 562 565 
 160 147 130 564 511 565 
 142 154 161 540 567 566 
 161 156 122 568 547 569 
 122 142 161 493 566 569 
 162 158 150 571 556 570 
 150 157 162 553 572 570 
 163 159 151 574 558 573 
 151 158 163 555 575 573 
 158 162 163 571 576 575 
 164 154 135 579 541 577 
 156 161 165 568 581 580 
 165 162 157 583 572 582 
 165 157 144 582 551 584 
 144 156 165 549 580 584 
 166 165 161 586 581 585 
 154 164 166 579 588 587 
 166 161 154 585 567 587 
 162 165 166 583 586 589 
 166 163 162 590 576 589 
 41 42 7 211 210 591 
 7 6 41 168 207 591 
 52 42 41 226 211 592 
 41 16 52 209 230 592 
 65 50 15 254 222 593 
 15 13 65 177 253 593 
 124 51 42 425 225 594 
 42 43 124 212 426 594 
 63 64 33 250 251 595 
 33 31 63 197 248 595 
 76 69 53 293 266 596 
 56 76 53 292 596 597 
 53 70 56 270 269 597 
 23 79 58 306 307 598 
 58 22 23 237 186 598 
 98 97 44 358 355 599 
 44 70 98 268 359 599 
 73 97 114 356 396 600 
 125 106 66 430 374 601 
 66 104 125 369 429 601 
 73 114 149 600 521 602 
 149 100 73 519 363 602 
 87 121 118 417 416 603 
 118 21 87 409 321 603 
 107 128 80 441 439 604 
 80 127 107 436 437 604 
 100 130 148 444 515 605 
 148 115 100 514 398 605 
 120 140 101 485 482 606 
 101 84 120 365 413 606 
 123 143 127 499 497 607 
 127 95 123 435 422 607 
 156 144 155 549 546 608 
 155 105 156 544 548 608 
 128 145 65 507 505 609 
 65 14 128 252 440 609 
 115 148 109 514 517 610 
 109 72 115 381 399 610 
 158 151 110 555 525 611 
 110 133 158 456 554 611 
 117 96 82 406 354 612 
 138 153 117 534 535 613 
 117 82 138 612 476 613 
 136 160 149 560 562 614 
 149 114 136 521 468 614 
 163 166 164 590 588 615 
 164 159 163 578 574 615 
 159 164 135 578 577 616 
 135 112 159 465 557 616 
 96 117 102 406 405 617 
 102 60 96 366 353 617 
 137 118 121 470 416 618 
 121 103 137 415 473 618 
 145 128 107 507 441 619 
 107 126 145 432 504 619 
 46 132 129 449 450 620 
 129 101 46 442 364 620 
 110 91 36 384 334 621 
 36 67 110 260 385 621 
 solutionOrder
2 2 2 2 
 2 2 2 2 
 2 2 2 2 
 2 2 2 2 
 2 2 2 2 
 2 2 2 2 
 2 2 2 2 
 2 2 2 2 
 2 2 2 2 
 2 2 2 2 
 2 2 2 2 
 2 2 2 2 
 2 2 2 2 
 2 2 2 2 
 2 2 2 2 
 2 2 2 2 
 2 2 2 2 
 2 2 2 2 
 2 2 2 2 
 2 2 2 2 
 2 2 2 2 
 2 2 2 2 
 2 2 2 2 
 2 2 2 2 
 2 2 2 2 
 2 2 2 2 
 2 2 2 2 
 2 2 2 2 
 2 2 2 2 
 2 2 2 2 
 2 2 2 2 
 2 2 2 2 
 2 2 2 2 
 2 2 2 2 
 2 2 2 2 
 2 2 2 2 
 2 2 2 2 
 2 2 2 2 
 2 2 2 2 
 2 2 2 2 
 2 2 2 2 
 2 2 2 2 
 2 2 2 2 
 2 2 2 2 
 2 2 2 2 
 2 2 2 2 
 2 2 2 2 
 2 2 2 2 
 2 2 2 2 
 2 2 2 2 
 2 2 2 2 
 2 2 2 2 
 2 2 2 2 
 2 2 2 2 
 2 2 2 2 
 2 2 2 2 
 2 2 2 2 
 2 2 2 2 
 2 2 2 2 
 2 2 2 2 
 2 2 2 2 
 2 2 2 2 
 2 2 2 2 
 2 2 2 2 
 2 2 2 2 
 2 2 2 2 
 2 2 2 2 
 2 2 2 2 
 2 2 2 2 
 2 2 2 2 
 2 2 2 2 
 2 2 2 2 
 2 2 2 2 
 2 2 2 2 
 2 2 2 2 
 2 2 2 2 
 2 2 2 2 
 2 2 2 2 
 2 2 2 2 
 2 2 2 2 
 2 2 2 2 
 2 2 2 2 
 2 2 2 2 
 2 2 2 2 
 2 2 2 2 
 2 2 2 2 
 2 2 2 2 
 2 2 2 2 
 2 2 2 2 
 2 2 2 2 
 2 2 2 2 
 2 2 2 2 
 2 2 2 2 
 2 2 2 2 
 2 2 2 2 
 2 2 2 2 
 2 2 2 2 
 2 2 2 2 
 2 2 2 2 
 2 2 2 2 
 2 2 2 2 
 2 2 2 2 
 2 2 2 2 
 2 2 2 2 
 2 2 2 2 
 2 2 2 2 
 2 2 2 2 
 2 2 2 2 
 2 2 2 2 
 2 2 2 2 
 2 2 2 2 
 2 2 2 2 
 2 2 2 2 
 2 2 2 2 
 2 2 2 2 
 2 2 2 2 
 2 2 2 2 
 2 2 2 2 
 2 2 2 2 
 2 2 2 2 
 2 2 2 2 
 2 2 2 2 
 2 2 2 2 
 2 2 2 2 
 2 2 2 2 
 2 2 2 2 
 2 2 2 2 
 2 2 2 2 
 2 2 2 2 
 2 2 2 2 
 2 2 2 2 
 2 2 2 2 
 2 2 2 2 
 2 2 2 2 
 2 2 2 2 
 2 2 2 2 
 2 2 2 2 
 2 2 2 2 
 2 2 2 2 
 2 2 2 2 
 2 2 2 2 
 2 2 2 2 
 2 2 2 2 
 2 2 2 2 
 2 2 2 2 
 2 2 2 2 
 2 2 2 2 
 2 2 2 2 
 2 2 2 2 
 2 2 2 2 
 2 2 2 2 
 2 2 2 2 
 2 2 2 2 
 2 2 2 2 
 2 2 2 2 
 2 2 2 2 
 2 2 2 2 
 2 2 2 2 
 2 2 2 2 
 2 2 2 2 
 2 2 2 2 
 2 2 2 2 
 2 2 2 2 
 2 2 2 2 
 2 2 2 2 
 2 2 2 2 
 2 2 2 2 
 2 2 2 2 
 2 2 2 2 
 2 2 2 2 
 2 2 2 2 
 2 2 2 2 
 2 2 2 2 
 2 2 2 2 
 2 2 2 2 
 2 2 2 2 
 2 2 2 2 
 2 2 2 2 
 2 2 2 2 
 2 2 2 2 
 2 2 2 2 
 2 2 2 2 
 2 2 2 2 
 2 2 2 2 
 2 2 2 2 
 2 2 2 2 
 2 2 2 2 
 2 2 2 2 
 2 2 2 2 
 2 2 2 2 
 2 2 2 2 
 2 2 2 2 
 2 2 2 2 
 2 2 2 2 
 2 2 2 2 
 2 2 2 2 
 2 2 2 2 
 2 2 2 2 
 2 2 2 2 
 2 2 2 2 
 2 2 2 2 
 2 2 2 2 
 2 2 2 2 
 2 2 2 2 
 2 2 2 2 
 2 2 2 2 
 2 2 2 2 
 2 2 2 2 
 2 2 2 2 
 2 2 2 2 
 2 2 2 2 
 2 2 2 2 
 2 2 2 2 
 2 2 2 2 
 2 2 2 2 
 2 2 2 2 
 2 2 2 2 
 2 2 2 2 
 2 2 2 2 
 2 2 2 2 
 2 2 2 2 
 2 2 2 2 
 2 2 2 2 
 2 2 2 2 
 2 2 2 2 
 2 2 2 2 
 2 2 2 2 
 2 2 2 2 
 2 2 2 2 
 2 2 2 2 
 2 2 2 2 
 2 2 2 2 
 2 2 2 2 
 2 2 2 2 
 2 2 2 2 
 2 2 2 2 
 2 2 2 2 
 2 2 2 2 
 2 2 2 2 
 2 2 2 2 
 2 2 2 2 
 2 2 2 2 
 2 2 2 2 
 2 2 2 2 
 2 2 2 2 
 2 2 2 2 
 2 2 2 2 
 2 2 2 2 
 2 2 2 2 
 2 2 2 2 
 2 2 2 2 
 2 2 2 2 
 2 2 2 2 
 2 2 2 2 
 2 2 2 2 
 2 2 2 2 
 2 2 2 2 
 2 2 2 2 
 2 2 2 2 
 2 2 2 2 
 2 2 2 2 
 2 2 2 2 
 2 2 2 2 
 2 2 2 2 
 2 2 2 2 
 2 2 2 2 
 2 2 2 2 
 2 2 2 2 
 2 2 2 2 
 2 2 2 2 
 2 2 2 2 
 2 2 2 2 
 2 2 2 2 
 2 2 2 2 
 2 2 2 2 
 2 2 2 2 
 2 2 2 2 
 2 2 2 2 
 2 2 2 2 
 2 2 2 2 
 2 2 2 2 
 2 2 2 2 
 2 2 2 2 
 2 2 2 2 
 2 2 2 2 
 2 2 2 2 
 2 2 2 2 
 2 2 2 2 
 2 2 2 2 
 2 2 2 2 
 vertexCoord 
0.000000 0.000000 
 1.000000 0.000000 
 1.000000 1.000000 
 0.000000 1.000000 
 -0.000000 0.300000 
 0.000000 0.099902 
 0.000000 0.199951 
 0.499925 0.000000 
 0.799946 0.000000 
 0.899973 0.000000 
 0.699934 0.000000 
 0.599948 0.000000 
 0.299919 0.000000 
 0.399922 0.000000 
 0.199897 0.000000 
 0.099948 0.000000 
 1.000000 0.500000 
 1.000000 0.799928 
 1.000000 0.899964 
 1.000000 0.699897 
 1.000000 0.599948 
 1.000000 0.299900 
 1.000000 0.399902 
 1.000000 0.199897 
 1.000000 0.099948 
 0.500000 1.000000 
 0.200100 1.000000 
 0.100098 1.000000 
 0.300103 1.000000 
 0.400052 1.000000 
 0.700081 1.000000 
 0.600041 1.000000 
 0.800103 1.000000 
 0.900052 1.000000 
 -0.000000 0.599939 
 -0.000000 0.399976 
 -0.000000 0.499957 
 -0.000000 0.799945 
 -0.000000 0.699917 
 -0.000000 0.899972 
 0.062106 0.095237 
 0.105374 0.175214 
 0.182834 0.179215 
 0.250350 0.715492 
 0.824466 0.240517 
 0.761501 0.767765 
 0.067403 0.933364 
 0.934971 0.060564 
 0.939679 0.932493 
 0.279305 0.098796 
 0.073725 0.258928 
 0.168959 0.101053 
 0.118281 0.644319 
 0.340969 0.855245 
 0.229560 0.821040 
 0.156629 0.741931 
 0.764962 0.084262 
 0.918658 0.302220 
 0.651928 0.105069 
 0.519130 0.489087 
 0.917168 0.219956 
 0.922308 0.745031 
 0.711096 0.918807 
 0.782448 0.874433 
 0.329304 0.057393 
 0.253246 0.158909 
 0.058536 0.332728 
 0.061358 0.568025 
 0.051430 0.650161 
 0.195773 0.666822 
 0.359845 0.933781 
 0.437824 0.944565 
 0.344862 0.753093 
 0.161428 0.920502 
 0.265334 0.921761 
 0.077509 0.738608 
 0.098035 0.836998 
 0.859908 0.071751 
 0.930081 0.409519 
 0.539356 0.078196 
 0.743223 0.180163 
 0.651422 0.336910 
 0.391981 0.608748 
 0.666618 0.617904 
 0.402887 0.231996 
 0.923091 0.133220 
 0.940272 0.638914 
 0.929837 0.850642 
 0.608251 0.927680 
 0.868350 0.911835 
 0.070780 0.474665 
 0.838803 0.154978 
 0.731363 0.274851 
 0.800647 0.315739 
 0.650114 0.223822 
 0.581736 0.413243 
 0.328134 0.663508 
 0.258792 0.630955 
 0.455417 0.552906 
 0.432841 0.811441 
 0.744762 0.670904 
 0.603124 0.532674 
 0.800177 0.526586 
 0.343139 0.167919 
 0.498996 0.389599 
 0.234408 0.235383 
 0.473280 0.135249 
 0.848687 0.814603 
 0.510689 0.929946 
 0.095691 0.392222 
 0.862029 0.384311 
 0.193267 0.592720 
 0.326116 0.586880 
 0.393307 0.677539 
 0.433486 0.890132 
 0.825082 0.715522 
 0.658801 0.443844 
 0.933625 0.532617 
 0.795599 0.419497 
 0.737160 0.576210 
 0.868968 0.577622 
 0.442200 0.465691 
 0.558481 0.289966 
 0.154653 0.244587 
 0.317332 0.234013 
 0.418312 0.172638 
 0.566725 0.171329 
 0.437393 0.064039 
 0.676659 0.712918 
 0.519752 0.783265 
 0.608243 0.842843 
 0.690082 0.810626 
 0.127170 0.318421 
 0.131311 0.541668 
 0.259648 0.558321 
 0.459153 0.638699 
 0.865080 0.475025 
 0.728422 0.378264 
 0.677111 0.530832 
 0.801592 0.632289 
 0.871644 0.661876 
 0.384303 0.530114 
 0.480580 0.216990 
 0.372912 0.305200 
 0.380122 0.116006 
 0.594998 0.645972 
 0.600544 0.746992 
 0.518750 0.865815 
 0.442403 0.723646 
 0.205987 0.308624 
 0.145681 0.454557 
 0.523475 0.587837 
 0.732878 0.479205 
 0.319785 0.514785 
 0.455761 0.302488 
 0.413691 0.382245 
 0.287916 0.305603 
 0.175033 0.381726 
 0.198498 0.515722 
 0.514621 0.677395 
 0.366513 0.452327 
 0.254899 0.371576 
 0.220769 0.444956 
 0.259047 0.495562 
 0.341958 0.378824 
 0.297138 0.442302 
 bc_tag 
93 
 15 
 10 
 5 
 2 
 101 
 101 
 21 
 21 
 21 
 21 
 21 
 21 
 21 
 21 
 21 
 16 
 16 
 16 
 16 
 16 
 16 
 16 
 16 
 16 
 11 
 11 
 11 
 11 
 11 
 11 
 11 
 11 
 11 
 6 
 6 
 6 
 6 
 6 
 6 
 39 
 39 
 39 
 39 
 39 
 39 
 39 
 39 
 39 
 39 
 39 
 39 
 39 
 39 
 39 
 39 
 39 
 39 
 39 
 39 
 39 
 39 
 39 
 39 
 39 
 39 
 39 
 39 
 39 
 39 
 39 
 39 
 39 
 39 
 39 
 39 
 39 
 39 
 39 
 39 
 39 
 39 
 39 
 39 
 39 
 39 
 39 
 39 
 39 
 39 
 39 
 39 
 39 
 39 
 39 
 39 
 39 
 39 
 39 
 39 
 39 
 39 
 39 
 39 
 39 
 39 
 39 
 39 
 39 
 39 
 39 
 39 
 39 
 39 
 39 
 39 
 39 
 39 
 39 
 39 
 39 
 39 
 39 
 39 
 39 
 39 
 39 
 39 
 39 
 39 
 39 
 39 
 39 
 39 
 39 
 39 
 39 
 39 
 39 
 39 
 39 
 39 
 39 
 39 
 39 
 39 
 39 
 39 
 39 
 39 
 39 
 39 
 39 
 39 
 39 
 39 
 39 
 39 
 39 
 39 
 39 
 39 
 39 
 39 
 39 
 39 
 101 
 101 
 101 
 21 
 21 
 21 
 21 
 21 
 21 
 21 
 21 
 21 
 21 
 16 
 16 
 16 
 16 
 16 
 16 
 16 
 16 
 16 
 16 
 11 
 11 
 11 
 11 
 11 
 11 
 11 
 11 
 11 
 11 
 6 
 6 
 6 
 6 
 6 
 6 
 6 
 39 
 39 
 39 
 39 
 39 
 39 
 39 
 39 
 39 
 39 
 39 
 39 
 39 
 39 
 39 
 39 
 39 
 39 
 39 
 39 
 39 
 39 
 39 
 39 
 39 
 39 
 39 
 39 
 39 
 39 
 39 
 39 
 39 
 39 
 39 
 39 
 39 
 39 
 39 
 39 
 39 
 39 
 39 
 39 
 39 
 39 
 39 
 39 
 39 
 39 
 39 
 39 
 39 
 39 
 39 
 39 
 39 
 39 
 39 
 39 
 39 
 39 
 39 
 39 
 39 
 39 
 39 
 39 
 39 
 39 
 39 
 39 
 39 
 39 
 39 
 39 
 39 
 39 
 39 
 39 
 39 
 39 
 39 
 39 
 39 
 39 
 39 
 39 
 39 
 39 
 39 
 39 
 39 
 39 
 39 
 39 
 39 
 39 
 39 
 39 
 39 
 39 
 39 
 39 
 39 
 39 
 39 
 39 
 39 
 39 
 39 
 39 
 39 
 39 
 39 
 39 
 39 
 39 
 39 
 39 
 39 
 39 
 39 
 39 
 39 
 39 
 39 
 39 
 39 
 39 
 39 
 39 
 39 
 39 
 39 
 39 
 39 
 39 
 39 
 39 
 39 
 39 
 39 
 39 
 39 
 39 
 39 
 39 
 39 
 39 
 39 
 39 
 39 
 39 
 39 
 39 
 39 
 39 
 39 
 39 
 39 
 39 
 39 
 39 
 39 
 39 
 39 
 39 
 39 
 39 
 39 
 39 
 39 
 39 
 39 
 39 
 39 
 39 
 39 
 39 
 39 
 39 
 39 
 39 
 39 
 39 
 39 
 39 
 39 
 39 
 39 
 39 
 39 
 39 
 39 
 39 
 39 
 39 
 39 
 39 
 39 
 39 
 39 
 39 
 39 
 39 
 39 
 39 
 39 
 39 
 39 
 39 
 39 
 39 
 39 
 39 
 39 
 39 
 39 
 39 
 39 
 39 
 39 
 39 
 39 
 39 
 39 
 39 
 39 
 39 
 39 
 39 
 39 
 39 
 39 
 39 
 39 
 39 
 39 
 39 
 39 
 39 
 39 
 39 
 39 
 39 
 39 
 39 
 39 
 39 
 39 
 39 
 39 
 39 
 39 
 39 
 39 
 39 
 39 
 39 
 39 
 39 
 39 
 39 
 39 
 39 
 39 
 39 
 39 
 39 
 39 
 39 
 39 
 39 
 39 
 39 
 39 
 39 
 39 
 39 
 39 
 39 
 39 
 39 
 39 
 39 
 39 
 39 
 39 
 39 
 39 
 39 
 39 
 39 
 39 
 39 
 39 
 39 
 39 
 39 
 39 
 39 
 39 
 39 
 39 
 39 
 39 
 39 
 39 
 39 
 39 
 39 
 39 
 39 
 39 
 39 
 39 
 39 
 39 
 39 
 39 
 39 
 39 
 39 
 39 
 39 
 39 
 39 
 39 
 39 
 39 
 39 
 39 
 39 
 39 
 39 
 39 
 39 
 39 
 39 
 39 
 39 
 39 
 39 
 39 
 39 
 39 
 39 
 39 
 39 
 39 
 39 
 39 
 39 
 39 
 39 
 39 
 39 
 39 
 39 
 39 
 39 
 39 
 39 
 39 
 39 
 39 
 39 
 39 
 39 
 39 
 39 
 39 
 39 
 39 
 39 
 39 
 39 
 39 
 39 
 39 
 39 
 39 
 39 
 39 
 39 
 39 
 39 
 39 
 39 
 39 
 39 
 39 
 39 
 39 
 39 
 39 
 39 
 39 
 39 
 39 
 39 
 39 
 39 
 39 
 39 
 39 
 39 
 39 
 39 
 39 
 39 
 39 
 39 
 39 
 bcElement 40
1 101 1 
233 101 3 
9 101 1 
26 6 1 
76 6 1 
27 6 1 
28 6 1 
45 6 1 
49 6 1 
4 6 1 
3 11 1 
38 11 1 
39 11 1 
32 11 1 
34 11 1 
100 11 1 
70 11 1 
241 11 3 
75 11 1 
7 11 1 
8 16 1 
67 16 1 
21 16 1 
66 16 1 
116 16 1 
57 16 1 
246 16 1 
20 16 1 
64 16 1 
5 16 1 
6 21 1 
54 21 1 
15 21 1 
17 21 1 
59 21 1 
129 21 1 
22 21 1 
237 21 3 
13 21 1 
2 21 1 
