Edge min = 0.099948, max=0.100098, average=0.100000;
Grid_size 500
Node_size 561
Total_DOF 561
edge_Size 1060
maxDOF 4
Solution_Order
1 
 meshIEN 
3 53 121 112 
 53 52 122 121 
 52 51 123 122 
 51 50 124 123 
 50 49 125 124 
 49 48 126 125 
 48 47 127 126 
 47 46 128 127 
 46 45 129 128 
 45 44 130 129 
 44 43 131 130 
 43 42 132 131 
 42 41 133 132 
 41 40 134 133 
 40 39 135 134 
 39 38 136 135 
 38 37 137 136 
 37 36 138 137 
 36 35 139 138 
 35 34 140 139 
 34 33 141 140 
 33 32 142 141 
 32 31 143 142 
 31 30 144 143 
 30 29 145 144 
 29 28 146 145 
 28 27 147 146 
 27 26 148 147 
 26 25 149 148 
 25 24 150 149 
 24 23 151 150 
 23 22 152 151 
 22 21 153 152 
 21 20 154 153 
 20 19 155 154 
 19 18 156 155 
 18 17 157 156 
 17 16 158 157 
 16 15 159 158 
 15 14 160 159 
 14 13 161 160 
 13 12 162 161 
 12 11 163 162 
 11 10 164 163 
 10 9 165 164 
 9 8 166 165 
 8 7 167 166 
 7 6 168 167 
 6 5 169 168 
 5 1 62 169 
 112 121 170 113 
 121 122 171 170 
 122 123 172 171 
 123 124 173 172 
 124 125 174 173 
 125 126 175 174 
 126 127 176 175 
 127 128 177 176 
 128 129 178 177 
 129 130 179 178 
 130 131 180 179 
 131 132 181 180 
 132 133 182 181 
 133 134 183 182 
 134 135 184 183 
 135 136 185 184 
 136 137 186 185 
 137 138 187 186 
 138 139 188 187 
 139 140 189 188 
 140 141 190 189 
 141 142 191 190 
 142 143 192 191 
 143 144 193 192 
 144 145 194 193 
 145 146 195 194 
 146 147 196 195 
 147 148 197 196 
 148 149 198 197 
 149 150 199 198 
 150 151 200 199 
 151 152 201 200 
 152 153 202 201 
 153 154 203 202 
 154 155 204 203 
 155 156 205 204 
 156 157 206 205 
 157 158 207 206 
 158 159 208 207 
 159 160 209 208 
 160 161 210 209 
 161 162 211 210 
 162 163 212 211 
 163 164 213 212 
 164 165 214 213 
 165 166 215 214 
 166 167 216 215 
 167 168 217 216 
 168 169 218 217 
 169 62 61 218 
 113 170 219 114 
 170 171 220 219 
 171 172 221 220 
 172 173 222 221 
 173 174 223 222 
 174 175 224 223 
 175 176 225 224 
 176 177 226 225 
 177 178 227 226 
 178 179 228 227 
 179 180 229 228 
 180 181 230 229 
 181 182 231 230 
 182 183 232 231 
 183 184 233 232 
 184 185 234 233 
 185 186 235 234 
 186 187 236 235 
 187 188 237 236 
 188 189 238 237 
 189 190 239 238 
 190 191 240 239 
 191 192 241 240 
 192 193 242 241 
 193 194 243 242 
 194 195 244 243 
 195 196 245 244 
 196 197 246 245 
 197 198 247 246 
 198 199 248 247 
 199 200 249 248 
 200 201 250 249 
 201 202 251 250 
 202 203 252 251 
 203 204 253 252 
 204 205 254 253 
 205 206 255 254 
 206 207 256 255 
 207 208 257 256 
 208 209 258 257 
 209 210 259 258 
 210 211 260 259 
 211 212 261 260 
 212 213 262 261 
 213 214 263 262 
 214 215 264 263 
 215 216 265 264 
 216 217 266 265 
 217 218 267 266 
 218 61 59 267 
 114 219 268 115 
 219 220 269 268 
 220 221 270 269 
 221 222 271 270 
 222 223 272 271 
 223 224 273 272 
 224 225 274 273 
 225 226 275 274 
 226 227 276 275 
 227 228 277 276 
 228 229 278 277 
 229 230 279 278 
 230 231 280 279 
 231 232 281 280 
 232 233 282 281 
 233 234 283 282 
 234 235 284 283 
 235 236 285 284 
 236 237 286 285 
 237 238 287 286 
 238 239 288 287 
 239 240 289 288 
 240 241 290 289 
 241 242 291 290 
 242 243 292 291 
 243 244 293 292 
 244 245 294 293 
 245 246 295 294 
 246 247 296 295 
 247 248 297 296 
 248 249 298 297 
 249 250 299 298 
 250 251 300 299 
 251 252 301 300 
 252 253 302 301 
 253 254 303 302 
 254 255 304 303 
 255 256 305 304 
 256 257 306 305 
 257 258 307 306 
 258 259 308 307 
 259 260 309 308 
 260 261 310 309 
 261 262 311 310 
 262 263 312 311 
 263 264 313 312 
 264 265 314 313 
 265 266 315 314 
 266 267 316 315 
 267 59 60 316 
 115 268 317 116 
 268 269 318 317 
 269 270 319 318 
 270 271 320 319 
 271 272 321 320 
 272 273 322 321 
 273 274 323 322 
 274 275 324 323 
 275 276 325 324 
 276 277 326 325 
 277 278 327 326 
 278 279 328 327 
 279 280 329 328 
 280 281 330 329 
 281 282 331 330 
 282 283 332 331 
 283 284 333 332 
 284 285 334 333 
 285 286 335 334 
 286 287 336 335 
 287 288 337 336 
 288 289 338 337 
 289 290 339 338 
 290 291 340 339 
 291 292 341 340 
 292 293 342 341 
 293 294 343 342 
 294 295 344 343 
 295 296 345 344 
 296 297 346 345 
 297 298 347 346 
 298 299 348 347 
 299 300 349 348 
 300 301 350 349 
 301 302 351 350 
 302 303 352 351 
 303 304 353 352 
 304 305 354 353 
 305 306 355 354 
 306 307 356 355 
 307 308 357 356 
 308 309 358 357 
 309 310 359 358 
 310 311 360 359 
 311 312 361 360 
 312 313 362 361 
 313 314 363 362 
 314 315 364 363 
 315 316 365 364 
 316 60 54 365 
 116 317 366 117 
 317 318 367 366 
 318 319 368 367 
 319 320 369 368 
 320 321 370 369 
 321 322 371 370 
 322 323 372 371 
 323 324 373 372 
 324 325 374 373 
 325 326 375 374 
 326 327 376 375 
 327 328 377 376 
 328 329 378 377 
 329 330 379 378 
 330 331 380 379 
 331 332 381 380 
 332 333 382 381 
 333 334 383 382 
 334 335 384 383 
 335 336 385 384 
 336 337 386 385 
 337 338 387 386 
 338 339 388 387 
 339 340 389 388 
 340 341 390 389 
 341 342 391 390 
 342 343 392 391 
 343 344 393 392 
 344 345 394 393 
 345 346 395 394 
 346 347 396 395 
 347 348 397 396 
 348 349 398 397 
 349 350 399 398 
 350 351 400 399 
 351 352 401 400 
 352 353 402 401 
 353 354 403 402 
 354 355 404 403 
 355 356 405 404 
 356 357 406 405 
 357 358 407 406 
 358 359 408 407 
 359 360 409 408 
 360 361 410 409 
 361 362 411 410 
 362 363 412 411 
 363 364 413 412 
 364 365 414 413 
 365 54 58 414 
 117 366 415 118 
 366 367 416 415 
 367 368 417 416 
 368 369 418 417 
 369 370 419 418 
 370 371 420 419 
 371 372 421 420 
 372 373 422 421 
 373 374 423 422 
 374 375 424 423 
 375 376 425 424 
 376 377 426 425 
 377 378 427 426 
 378 379 428 427 
 379 380 429 428 
 380 381 430 429 
 381 382 431 430 
 382 383 432 431 
 383 384 433 432 
 384 385 434 433 
 385 386 435 434 
 386 387 436 435 
 387 388 437 436 
 388 389 438 437 
 389 390 439 438 
 390 391 440 439 
 391 392 441 440 
 392 393 442 441 
 393 394 443 442 
 394 395 444 443 
 395 396 445 444 
 396 397 446 445 
 397 398 447 446 
 398 399 448 447 
 399 400 449 448 
 400 401 450 449 
 401 402 451 450 
 402 403 452 451 
 403 404 453 452 
 404 405 454 453 
 405 406 455 454 
 406 407 456 455 
 407 408 457 456 
 408 409 458 457 
 409 410 459 458 
 410 411 460 459 
 411 412 461 460 
 412 413 462 461 
 413 414 463 462 
 414 58 57 463 
 118 415 464 119 
 415 416 465 464 
 416 417 466 465 
 417 418 467 466 
 418 419 468 467 
 419 420 469 468 
 420 421 470 469 
 421 422 471 470 
 422 423 472 471 
 423 424 473 472 
 424 425 474 473 
 425 426 475 474 
 426 427 476 475 
 427 428 477 476 
 428 429 478 477 
 429 430 479 478 
 430 431 480 479 
 431 432 481 480 
 432 433 482 481 
 433 434 483 482 
 434 435 484 483 
 435 436 485 484 
 436 437 486 485 
 437 438 487 486 
 438 439 488 487 
 439 440 489 488 
 440 441 490 489 
 441 442 491 490 
 442 443 492 491 
 443 444 493 492 
 444 445 494 493 
 445 446 495 494 
 446 447 496 495 
 447 448 497 496 
 448 449 498 497 
 449 450 499 498 
 450 451 500 499 
 451 452 501 500 
 452 453 502 501 
 453 454 503 502 
 454 455 504 503 
 455 456 505 504 
 456 457 506 505 
 457 458 507 506 
 458 459 508 507 
 459 460 509 508 
 460 461 510 509 
 461 462 511 510 
 462 463 512 511 
 463 57 55 512 
 119 464 513 120 
 464 465 514 513 
 465 466 515 514 
 466 467 516 515 
 467 468 517 516 
 468 469 518 517 
 469 470 519 518 
 470 471 520 519 
 471 472 521 520 
 472 473 522 521 
 473 474 523 522 
 474 475 524 523 
 475 476 525 524 
 476 477 526 525 
 477 478 527 526 
 478 479 528 527 
 479 480 529 528 
 480 481 530 529 
 481 482 531 530 
 482 483 532 531 
 483 484 533 532 
 484 485 534 533 
 485 486 535 534 
 486 487 536 535 
 487 488 537 536 
 488 489 538 537 
 489 490 539 538 
 490 491 540 539 
 491 492 541 540 
 492 493 542 541 
 493 494 543 542 
 494 495 544 543 
 495 496 545 544 
 496 497 546 545 
 497 498 547 546 
 498 499 548 547 
 499 500 549 548 
 500 501 550 549 
 501 502 551 550 
 502 503 552 551 
 503 504 553 552 
 504 505 554 553 
 505 506 555 554 
 506 507 556 555 
 507 508 557 556 
 508 509 558 557 
 509 510 559 558 
 510 511 560 559 
 511 512 561 560 
 512 55 56 561 
 120 513 63 4 
 513 514 64 63 
 514 515 65 64 
 515 516 66 65 
 516 517 67 66 
 517 518 68 67 
 518 519 69 68 
 519 520 70 69 
 520 521 71 70 
 521 522 72 71 
 522 523 73 72 
 523 524 74 73 
 524 525 75 74 
 525 526 76 75 
 526 527 77 76 
 527 528 78 77 
 528 529 79 78 
 529 530 80 79 
 530 531 81 80 
 531 532 82 81 
 532 533 83 82 
 533 534 84 83 
 534 535 85 84 
 535 536 86 85 
 536 537 87 86 
 537 538 88 87 
 538 539 89 88 
 539 540 90 89 
 540 541 91 90 
 541 542 92 91 
 542 543 93 92 
 543 544 94 93 
 544 545 95 94 
 545 546 96 95 
 546 547 97 96 
 547 548 98 97 
 548 549 99 98 
 549 550 100 99 
 550 551 101 100 
 551 552 102 101 
 552 553 103 102 
 553 554 104 103 
 554 555 105 104 
 555 556 106 105 
 556 557 107 106 
 557 558 108 107 
 558 559 109 108 
 559 560 110 109 
 560 561 111 110 
 561 56 2 111 
 solutionIEN 
3 53 121 112 
 53 52 122 121 
 52 51 123 122 
 51 50 124 123 
 50 49 125 124 
 49 48 126 125 
 48 47 127 126 
 47 46 128 127 
 46 45 129 128 
 45 44 130 129 
 44 43 131 130 
 43 42 132 131 
 42 41 133 132 
 41 40 134 133 
 40 39 135 134 
 39 38 136 135 
 38 37 137 136 
 37 36 138 137 
 36 35 139 138 
 35 34 140 139 
 34 33 141 140 
 33 32 142 141 
 32 31 143 142 
 31 30 144 143 
 30 29 145 144 
 29 28 146 145 
 28 27 147 146 
 27 26 148 147 
 26 25 149 148 
 25 24 150 149 
 24 23 151 150 
 23 22 152 151 
 22 21 153 152 
 21 20 154 153 
 20 19 155 154 
 19 18 156 155 
 18 17 157 156 
 17 16 158 157 
 16 15 159 158 
 15 14 160 159 
 14 13 161 160 
 13 12 162 161 
 12 11 163 162 
 11 10 164 163 
 10 9 165 164 
 9 8 166 165 
 8 7 167 166 
 7 6 168 167 
 6 5 169 168 
 5 1 62 169 
 112 121 170 113 
 121 122 171 170 
 122 123 172 171 
 123 124 173 172 
 124 125 174 173 
 125 126 175 174 
 126 127 176 175 
 127 128 177 176 
 128 129 178 177 
 129 130 179 178 
 130 131 180 179 
 131 132 181 180 
 132 133 182 181 
 133 134 183 182 
 134 135 184 183 
 135 136 185 184 
 136 137 186 185 
 137 138 187 186 
 138 139 188 187 
 139 140 189 188 
 140 141 190 189 
 141 142 191 190 
 142 143 192 191 
 143 144 193 192 
 144 145 194 193 
 145 146 195 194 
 146 147 196 195 
 147 148 197 196 
 148 149 198 197 
 149 150 199 198 
 150 151 200 199 
 151 152 201 200 
 152 153 202 201 
 153 154 203 202 
 154 155 204 203 
 155 156 205 204 
 156 157 206 205 
 157 158 207 206 
 158 159 208 207 
 159 160 209 208 
 160 161 210 209 
 161 162 211 210 
 162 163 212 211 
 163 164 213 212 
 164 165 214 213 
 165 166 215 214 
 166 167 216 215 
 167 168 217 216 
 168 169 218 217 
 169 62 61 218 
 113 170 219 114 
 170 171 220 219 
 171 172 221 220 
 172 173 222 221 
 173 174 223 222 
 174 175 224 223 
 175 176 225 224 
 176 177 226 225 
 177 178 227 226 
 178 179 228 227 
 179 180 229 228 
 180 181 230 229 
 181 182 231 230 
 182 183 232 231 
 183 184 233 232 
 184 185 234 233 
 185 186 235 234 
 186 187 236 235 
 187 188 237 236 
 188 189 238 237 
 189 190 239 238 
 190 191 240 239 
 191 192 241 240 
 192 193 242 241 
 193 194 243 242 
 194 195 244 243 
 195 196 245 244 
 196 197 246 245 
 197 198 247 246 
 198 199 248 247 
 199 200 249 248 
 200 201 250 249 
 201 202 251 250 
 202 203 252 251 
 203 204 253 252 
 204 205 254 253 
 205 206 255 254 
 206 207 256 255 
 207 208 257 256 
 208 209 258 257 
 209 210 259 258 
 210 211 260 259 
 211 212 261 260 
 212 213 262 261 
 213 214 263 262 
 214 215 264 263 
 215 216 265 264 
 216 217 266 265 
 217 218 267 266 
 218 61 59 267 
 114 219 268 115 
 219 220 269 268 
 220 221 270 269 
 221 222 271 270 
 222 223 272 271 
 223 224 273 272 
 224 225 274 273 
 225 226 275 274 
 226 227 276 275 
 227 228 277 276 
 228 229 278 277 
 229 230 279 278 
 230 231 280 279 
 231 232 281 280 
 232 233 282 281 
 233 234 283 282 
 234 235 284 283 
 235 236 285 284 
 236 237 286 285 
 237 238 287 286 
 238 239 288 287 
 239 240 289 288 
 240 241 290 289 
 241 242 291 290 
 242 243 292 291 
 243 244 293 292 
 244 245 294 293 
 245 246 295 294 
 246 247 296 295 
 247 248 297 296 
 248 249 298 297 
 249 250 299 298 
 250 251 300 299 
 251 252 301 300 
 252 253 302 301 
 253 254 303 302 
 254 255 304 303 
 255 256 305 304 
 256 257 306 305 
 257 258 307 306 
 258 259 308 307 
 259 260 309 308 
 260 261 310 309 
 261 262 311 310 
 262 263 312 311 
 263 264 313 312 
 264 265 314 313 
 265 266 315 314 
 266 267 316 315 
 267 59 60 316 
 115 268 317 116 
 268 269 318 317 
 269 270 319 318 
 270 271 320 319 
 271 272 321 320 
 272 273 322 321 
 273 274 323 322 
 274 275 324 323 
 275 276 325 324 
 276 277 326 325 
 277 278 327 326 
 278 279 328 327 
 279 280 329 328 
 280 281 330 329 
 281 282 331 330 
 282 283 332 331 
 283 284 333 332 
 284 285 334 333 
 285 286 335 334 
 286 287 336 335 
 287 288 337 336 
 288 289 338 337 
 289 290 339 338 
 290 291 340 339 
 291 292 341 340 
 292 293 342 341 
 293 294 343 342 
 294 295 344 343 
 295 296 345 344 
 296 297 346 345 
 297 298 347 346 
 298 299 348 347 
 299 300 349 348 
 300 301 350 349 
 301 302 351 350 
 302 303 352 351 
 303 304 353 352 
 304 305 354 353 
 305 306 355 354 
 306 307 356 355 
 307 308 357 356 
 308 309 358 357 
 309 310 359 358 
 310 311 360 359 
 311 312 361 360 
 312 313 362 361 
 313 314 363 362 
 314 315 364 363 
 315 316 365 364 
 316 60 54 365 
 116 317 366 117 
 317 318 367 366 
 318 319 368 367 
 319 320 369 368 
 320 321 370 369 
 321 322 371 370 
 322 323 372 371 
 323 324 373 372 
 324 325 374 373 
 325 326 375 374 
 326 327 376 375 
 327 328 377 376 
 328 329 378 377 
 329 330 379 378 
 330 331 380 379 
 331 332 381 380 
 332 333 382 381 
 333 334 383 382 
 334 335 384 383 
 335 336 385 384 
 336 337 386 385 
 337 338 387 386 
 338 339 388 387 
 339 340 389 388 
 340 341 390 389 
 341 342 391 390 
 342 343 392 391 
 343 344 393 392 
 344 345 394 393 
 345 346 395 394 
 346 347 396 395 
 347 348 397 396 
 348 349 398 397 
 349 350 399 398 
 350 351 400 399 
 351 352 401 400 
 352 353 402 401 
 353 354 403 402 
 354 355 404 403 
 355 356 405 404 
 356 357 406 405 
 357 358 407 406 
 358 359 408 407 
 359 360 409 408 
 360 361 410 409 
 361 362 411 410 
 362 363 412 411 
 363 364 413 412 
 364 365 414 413 
 365 54 58 414 
 117 366 415 118 
 366 367 416 415 
 367 368 417 416 
 368 369 418 417 
 369 370 419 418 
 370 371 420 419 
 371 372 421 420 
 372 373 422 421 
 373 374 423 422 
 374 375 424 423 
 375 376 425 424 
 376 377 426 425 
 377 378 427 426 
 378 379 428 427 
 379 380 429 428 
 380 381 430 429 
 381 382 431 430 
 382 383 432 431 
 383 384 433 432 
 384 385 434 433 
 385 386 435 434 
 386 387 436 435 
 387 388 437 436 
 388 389 438 437 
 389 390 439 438 
 390 391 440 439 
 391 392 441 440 
 392 393 442 441 
 393 394 443 442 
 394 395 444 443 
 395 396 445 444 
 396 397 446 445 
 397 398 447 446 
 398 399 448 447 
 399 400 449 448 
 400 401 450 449 
 401 402 451 450 
 402 403 452 451 
 403 404 453 452 
 404 405 454 453 
 405 406 455 454 
 406 407 456 455 
 407 408 457 456 
 408 409 458 457 
 409 410 459 458 
 410 411 460 459 
 411 412 461 460 
 412 413 462 461 
 413 414 463 462 
 414 58 57 463 
 118 415 464 119 
 415 416 465 464 
 416 417 466 465 
 417 418 467 466 
 418 419 468 467 
 419 420 469 468 
 420 421 470 469 
 421 422 471 470 
 422 423 472 471 
 423 424 473 472 
 424 425 474 473 
 425 426 475 474 
 426 427 476 475 
 427 428 477 476 
 428 429 478 477 
 429 430 479 478 
 430 431 480 479 
 431 432 481 480 
 432 433 482 481 
 433 434 483 482 
 434 435 484 483 
 435 436 485 484 
 436 437 486 485 
 437 438 487 486 
 438 439 488 487 
 439 440 489 488 
 440 441 490 489 
 441 442 491 490 
 442 443 492 491 
 443 444 493 492 
 444 445 494 493 
 445 446 495 494 
 446 447 496 495 
 447 448 497 496 
 448 449 498 497 
 449 450 499 498 
 450 451 500 499 
 451 452 501 500 
 452 453 502 501 
 453 454 503 502 
 454 455 504 503 
 455 456 505 504 
 456 457 506 505 
 457 458 507 506 
 458 459 508 507 
 459 460 509 508 
 460 461 510 509 
 461 462 511 510 
 462 463 512 511 
 463 57 55 512 
 119 464 513 120 
 464 465 514 513 
 465 466 515 514 
 466 467 516 515 
 467 468 517 516 
 468 469 518 517 
 469 470 519 518 
 470 471 520 519 
 471 472 521 520 
 472 473 522 521 
 473 474 523 522 
 474 475 524 523 
 475 476 525 524 
 476 477 526 525 
 477 478 527 526 
 478 479 528 527 
 479 480 529 528 
 480 481 530 529 
 481 482 531 530 
 482 483 532 531 
 483 484 533 532 
 484 485 534 533 
 485 486 535 534 
 486 487 536 535 
 487 488 537 536 
 488 489 538 537 
 489 490 539 538 
 490 491 540 539 
 491 492 541 540 
 492 493 542 541 
 493 494 543 542 
 494 495 544 543 
 495 496 545 544 
 496 497 546 545 
 497 498 547 546 
 498 499 548 547 
 499 500 549 548 
 500 501 550 549 
 501 502 551 550 
 502 503 552 551 
 503 504 553 552 
 504 505 554 553 
 505 506 555 554 
 506 507 556 555 
 507 508 557 556 
 508 509 558 557 
 509 510 559 558 
 510 511 560 559 
 511 512 561 560 
 512 55 56 561 
 120 513 63 4 
 513 514 64 63 
 514 515 65 64 
 515 516 66 65 
 516 517 67 66 
 517 518 68 67 
 518 519 69 68 
 519 520 70 69 
 520 521 71 70 
 521 522 72 71 
 522 523 73 72 
 523 524 74 73 
 524 525 75 74 
 525 526 76 75 
 526 527 77 76 
 527 528 78 77 
 528 529 79 78 
 529 530 80 79 
 530 531 81 80 
 531 532 82 81 
 532 533 83 82 
 533 534 84 83 
 534 535 85 84 
 535 536 86 85 
 536 537 87 86 
 537 538 88 87 
 538 539 89 88 
 539 540 90 89 
 540 541 91 90 
 541 542 92 91 
 542 543 93 92 
 543 544 94 93 
 544 545 95 94 
 545 546 96 95 
 546 547 97 96 
 547 548 98 97 
 548 549 99 98 
 549 550 100 99 
 550 551 101 100 
 551 552 102 101 
 552 553 103 102 
 553 554 104 103 
 554 555 105 104 
 555 556 106 105 
 556 557 107 106 
 557 558 108 107 
 558 559 109 108 
 559 560 110 109 
 560 561 111 110 
 561 56 2 111 
 solutionOrder
1 1 1 1 1 
 1 1 1 1 1 
 1 1 1 1 1 
 1 1 1 1 1 
 1 1 1 1 1 
 1 1 1 1 1 
 1 1 1 1 1 
 1 1 1 1 1 
 1 1 1 1 1 
 1 1 1 1 1 
 1 1 1 1 1 
 1 1 1 1 1 
 1 1 1 1 1 
 1 1 1 1 1 
 1 1 1 1 1 
 1 1 1 1 1 
 1 1 1 1 1 
 1 1 1 1 1 
 1 1 1 1 1 
 1 1 1 1 1 
 1 1 1 1 1 
 1 1 1 1 1 
 1 1 1 1 1 
 1 1 1 1 1 
 1 1 1 1 1 
 1 1 1 1 1 
 1 1 1 1 1 
 1 1 1 1 1 
 1 1 1 1 1 
 1 1 1 1 1 
 1 1 1 1 1 
 1 1 1 1 1 
 1 1 1 1 1 
 1 1 1 1 1 
 1 1 1 1 1 
 1 1 1 1 1 
 1 1 1 1 1 
 1 1 1 1 1 
 1 1 1 1 1 
 1 1 1 1 1 
 1 1 1 1 1 
 1 1 1 1 1 
 1 1 1 1 1 
 1 1 1 1 1 
 1 1 1 1 1 
 1 1 1 1 1 
 1 1 1 1 1 
 1 1 1 1 1 
 1 1 1 1 1 
 1 1 1 1 1 
 1 1 1 1 1 
 1 1 1 1 1 
 1 1 1 1 1 
 1 1 1 1 1 
 1 1 1 1 1 
 1 1 1 1 1 
 1 1 1 1 1 
 1 1 1 1 1 
 1 1 1 1 1 
 1 1 1 1 1 
 1 1 1 1 1 
 1 1 1 1 1 
 1 1 1 1 1 
 1 1 1 1 1 
 1 1 1 1 1 
 1 1 1 1 1 
 1 1 1 1 1 
 1 1 1 1 1 
 1 1 1 1 1 
 1 1 1 1 1 
 1 1 1 1 1 
 1 1 1 1 1 
 1 1 1 1 1 
 1 1 1 1 1 
 1 1 1 1 1 
 1 1 1 1 1 
 1 1 1 1 1 
 1 1 1 1 1 
 1 1 1 1 1 
 1 1 1 1 1 
 1 1 1 1 1 
 1 1 1 1 1 
 1 1 1 1 1 
 1 1 1 1 1 
 1 1 1 1 1 
 1 1 1 1 1 
 1 1 1 1 1 
 1 1 1 1 1 
 1 1 1 1 1 
 1 1 1 1 1 
 1 1 1 1 1 
 1 1 1 1 1 
 1 1 1 1 1 
 1 1 1 1 1 
 1 1 1 1 1 
 1 1 1 1 1 
 1 1 1 1 1 
 1 1 1 1 1 
 1 1 1 1 1 
 1 1 1 1 1 
 1 1 1 1 1 
 1 1 1 1 1 
 1 1 1 1 1 
 1 1 1 1 1 
 1 1 1 1 1 
 1 1 1 1 1 
 1 1 1 1 1 
 1 1 1 1 1 
 1 1 1 1 1 
 1 1 1 1 1 
 1 1 1 1 1 
 1 1 1 1 1 
 1 1 1 1 1 
 1 1 1 1 1 
 1 1 1 1 1 
 1 1 1 1 1 
 1 1 1 1 1 
 1 1 1 1 1 
 1 1 1 1 1 
 1 1 1 1 1 
 1 1 1 1 1 
 1 1 1 1 1 
 1 1 1 1 1 
 1 1 1 1 1 
 1 1 1 1 1 
 1 1 1 1 1 
 1 1 1 1 1 
 1 1 1 1 1 
 1 1 1 1 1 
 1 1 1 1 1 
 1 1 1 1 1 
 1 1 1 1 1 
 1 1 1 1 1 
 1 1 1 1 1 
 1 1 1 1 1 
 1 1 1 1 1 
 1 1 1 1 1 
 1 1 1 1 1 
 1 1 1 1 1 
 1 1 1 1 1 
 1 1 1 1 1 
 1 1 1 1 1 
 1 1 1 1 1 
 1 1 1 1 1 
 1 1 1 1 1 
 1 1 1 1 1 
 1 1 1 1 1 
 1 1 1 1 1 
 1 1 1 1 1 
 1 1 1 1 1 
 1 1 1 1 1 
 1 1 1 1 1 
 1 1 1 1 1 
 1 1 1 1 1 
 1 1 1 1 1 
 1 1 1 1 1 
 1 1 1 1 1 
 1 1 1 1 1 
 1 1 1 1 1 
 1 1 1 1 1 
 1 1 1 1 1 
 1 1 1 1 1 
 1 1 1 1 1 
 1 1 1 1 1 
 1 1 1 1 1 
 1 1 1 1 1 
 1 1 1 1 1 
 1 1 1 1 1 
 1 1 1 1 1 
 1 1 1 1 1 
 1 1 1 1 1 
 1 1 1 1 1 
 1 1 1 1 1 
 1 1 1 1 1 
 1 1 1 1 1 
 1 1 1 1 1 
 1 1 1 1 1 
 1 1 1 1 1 
 1 1 1 1 1 
 1 1 1 1 1 
 1 1 1 1 1 
 1 1 1 1 1 
 1 1 1 1 1 
 1 1 1 1 1 
 1 1 1 1 1 
 1 1 1 1 1 
 1 1 1 1 1 
 1 1 1 1 1 
 1 1 1 1 1 
 1 1 1 1 1 
 1 1 1 1 1 
 1 1 1 1 1 
 1 1 1 1 1 
 1 1 1 1 1 
 1 1 1 1 1 
 1 1 1 1 1 
 1 1 1 1 1 
 1 1 1 1 1 
 1 1 1 1 1 
 1 1 1 1 1 
 1 1 1 1 1 
 1 1 1 1 1 
 1 1 1 1 1 
 1 1 1 1 1 
 1 1 1 1 1 
 1 1 1 1 1 
 1 1 1 1 1 
 1 1 1 1 1 
 1 1 1 1 1 
 1 1 1 1 1 
 1 1 1 1 1 
 1 1 1 1 1 
 1 1 1 1 1 
 1 1 1 1 1 
 1 1 1 1 1 
 1 1 1 1 1 
 1 1 1 1 1 
 1 1 1 1 1 
 1 1 1 1 1 
 1 1 1 1 1 
 1 1 1 1 1 
 1 1 1 1 1 
 1 1 1 1 1 
 1 1 1 1 1 
 1 1 1 1 1 
 1 1 1 1 1 
 1 1 1 1 1 
 1 1 1 1 1 
 1 1 1 1 1 
 1 1 1 1 1 
 1 1 1 1 1 
 1 1 1 1 1 
 1 1 1 1 1 
 1 1 1 1 1 
 1 1 1 1 1 
 1 1 1 1 1 
 1 1 1 1 1 
 1 1 1 1 1 
 1 1 1 1 1 
 1 1 1 1 1 
 1 1 1 1 1 
 1 1 1 1 1 
 1 1 1 1 1 
 1 1 1 1 1 
 1 1 1 1 1 
 1 1 1 1 1 
 1 1 1 1 1 
 1 1 1 1 1 
 1 1 1 1 1 
 1 1 1 1 1 
 1 1 1 1 1 
 1 1 1 1 1 
 1 1 1 1 1 
 1 1 1 1 1 
 1 1 1 1 1 
 1 1 1 1 1 
 1 1 1 1 1 
 1 1 1 1 1 
 1 1 1 1 1 
 1 1 1 1 1 
 1 1 1 1 1 
 1 1 1 1 1 
 1 1 1 1 1 
 1 1 1 1 1 
 1 1 1 1 1 
 1 1 1 1 1 
 1 1 1 1 1 
 1 1 1 1 1 
 1 1 1 1 1 
 1 1 1 1 1 
 1 1 1 1 1 
 1 1 1 1 1 
 1 1 1 1 1 
 1 1 1 1 1 
 1 1 1 1 1 
 1 1 1 1 1 
 1 1 1 1 1 
 1 1 1 1 1 
 1 1 1 1 1 
 1 1 1 1 1 
 1 1 1 1 1 
 1 1 1 1 1 
 1 1 1 1 1 
 1 1 1 1 1 
 1 1 1 1 1 
 1 1 1 1 1 
 1 1 1 1 1 
 1 1 1 1 1 
 1 1 1 1 1 
 1 1 1 1 1 
 1 1 1 1 1 
 1 1 1 1 1 
 1 1 1 1 1 
 1 1 1 1 1 
 1 1 1 1 1 
 1 1 1 1 1 
 1 1 1 1 1 
 1 1 1 1 1 
 1 1 1 1 1 
 1 1 1 1 1 
 1 1 1 1 1 
 1 1 1 1 1 
 1 1 1 1 1 
 1 1 1 1 1 
 1 1 1 1 1 
 1 1 1 1 1 
 1 1 1 1 1 
 1 1 1 1 1 
 1 1 1 1 1 
 1 1 1 1 1 
 1 1 1 1 1 
 1 1 1 1 1 
 1 1 1 1 1 
 1 1 1 1 1 
 1 1 1 1 1 
 1 1 1 1 1 
 1 1 1 1 1 
 1 1 1 1 1 
 1 1 1 1 1 
 1 1 1 1 1 
 1 1 1 1 1 
 1 1 1 1 1 
 1 1 1 1 1 
 1 1 1 1 1 
 1 1 1 1 1 
 1 1 1 1 1 
 1 1 1 1 1 
 1 1 1 1 1 
 1 1 1 1 1 
 1 1 1 1 1 
 1 1 1 1 1 
 1 1 1 1 1 
 1 1 1 1 1 
 1 1 1 1 1 
 1 1 1 1 1 
 1 1 1 1 1 
 1 1 1 1 1 
 1 1 1 1 1 
 1 1 1 1 1 
 1 1 1 1 1 
 1 1 1 1 1 
 1 1 1 1 1 
 1 1 1 1 1 
 1 1 1 1 1 
 1 1 1 1 1 
 1 1 1 1 1 
 1 1 1 1 1 
 1 1 1 1 1 
 1 1 1 1 1 
 1 1 1 1 1 
 1 1 1 1 1 
 1 1 1 1 1 
 1 1 1 1 1 
 1 1 1 1 1 
 1 1 1 1 1 
 1 1 1 1 1 
 1 1 1 1 1 
 1 1 1 1 1 
 1 1 1 1 1 
 1 1 1 1 1 
 1 1 1 1 1 
 1 1 1 1 1 
 1 1 1 1 1 
 1 1 1 1 1 
 1 1 1 1 1 
 1 1 1 1 1 
 1 1 1 1 1 
 1 1 1 1 1 
 1 1 1 1 1 
 1 1 1 1 1 
 1 1 1 1 1 
 1 1 1 1 1 
 1 1 1 1 1 
 1 1 1 1 1 
 1 1 1 1 1 
 1 1 1 1 1 
 1 1 1 1 1 
 1 1 1 1 1 
 1 1 1 1 1 
 1 1 1 1 1 
 1 1 1 1 1 
 1 1 1 1 1 
 1 1 1 1 1 
 1 1 1 1 1 
 1 1 1 1 1 
 1 1 1 1 1 
 1 1 1 1 1 
 1 1 1 1 1 
 1 1 1 1 1 
 1 1 1 1 1 
 1 1 1 1 1 
 1 1 1 1 1 
 1 1 1 1 1 
 1 1 1 1 1 
 1 1 1 1 1 
 1 1 1 1 1 
 1 1 1 1 1 
 1 1 1 1 1 
 1 1 1 1 1 
 1 1 1 1 1 
 1 1 1 1 1 
 1 1 1 1 1 
 1 1 1 1 1 
 1 1 1 1 1 
 1 1 1 1 1 
 1 1 1 1 1 
 1 1 1 1 1 
 1 1 1 1 1 
 1 1 1 1 1 
 1 1 1 1 1 
 1 1 1 1 1 
 1 1 1 1 1 
 1 1 1 1 1 
 1 1 1 1 1 
 1 1 1 1 1 
 1 1 1 1 1 
 1 1 1 1 1 
 1 1 1 1 1 
 1 1 1 1 1 
 1 1 1 1 1 
 1 1 1 1 1 
 1 1 1 1 1 
 1 1 1 1 1 
 1 1 1 1 1 
 1 1 1 1 1 
 1 1 1 1 1 
 1 1 1 1 1 
 1 1 1 1 1 
 1 1 1 1 1 
 1 1 1 1 1 
 1 1 1 1 1 
 1 1 1 1 1 
 1 1 1 1 1 
 1 1 1 1 1 
 1 1 1 1 1 
 1 1 1 1 1 
 1 1 1 1 1 
 1 1 1 1 1 
 1 1 1 1 1 
 1 1 1 1 1 
 1 1 1 1 1 
 1 1 1 1 1 
 1 1 1 1 1 
 1 1 1 1 1 
 1 1 1 1 1 
 1 1 1 1 1 
 1 1 1 1 1 
 1 1 1 1 1 
 1 1 1 1 1 
 1 1 1 1 1 
 1 1 1 1 1 
 1 1 1 1 1 
 1 1 1 1 1 
 1 1 1 1 1 
 1 1 1 1 1 
 1 1 1 1 1 
 1 1 1 1 1 
 1 1 1 1 1 
 1 1 1 1 1 
 1 1 1 1 1 
 1 1 1 1 1 
 1 1 1 1 1 
 1 1 1 1 1 
 1 1 1 1 1 
 1 1 1 1 1 
 1 1 1 1 1 
 1 1 1 1 1 
 1 1 1 1 1 
 1 1 1 1 1 
 1 1 1 1 1 
 1 1 1 1 1 
 1 1 1 1 1 
 1 1 1 1 1 
 1 1 1 1 1 
 1 1 1 1 1 
 1 1 1 1 1 
 1 1 1 1 1 
 1 1 1 1 1 
 1 1 1 1 1 
 1 1 1 1 1 
 1 1 1 1 1 
 1 1 1 1 1 
 1 1 1 1 1 
 1 1 1 1 1 
 1 1 1 1 1 
 1 1 1 1 1 
 1 1 1 1 1 
 1 1 1 1 1 
 1 1 1 1 1 
 1 1 1 1 1 
 1 1 1 1 1 
 1 1 1 1 1 
 1 1 1 1 1 
 1 1 1 1 1 
 1 1 1 1 1 
 1 1 1 1 1 
 1 1 1 1 1 
 1 1 1 1 1 
 1 1 1 1 1 
 1 1 1 1 1 
 vertexCoord 
0.000000 1.000000 
 0.000000 0.000000 
 5.000000 1.000000 
 5.000000 0.000000 
 0.100000 1.000000 
 0.200000 1.000000 
 0.300000 1.000000 
 0.400000 1.000000 
 0.500000 1.000000 
 0.600000 1.000000 
 0.700000 1.000000 
 0.800000 1.000000 
 0.900000 1.000000 
 1.000000 1.000000 
 1.100000 1.000000 
 1.200000 1.000000 
 1.300000 1.000000 
 1.400000 1.000000 
 1.500000 1.000000 
 1.600000 1.000000 
 1.700000 1.000000 
 1.800000 1.000000 
 1.900000 1.000000 
 2.000000 1.000000 
 2.100000 1.000000 
 2.200000 1.000000 
 2.300000 1.000000 
 2.400000 1.000000 
 2.500000 1.000000 
 2.600000 1.000000 
 2.700000 1.000000 
 2.800000 1.000000 
 2.900000 1.000000 
 3.000000 1.000000 
 3.100000 1.000000 
 3.200000 1.000000 
 3.300000 1.000000 
 3.400000 1.000000 
 3.500000 1.000000 
 3.600000 1.000000 
 3.700000 1.000000 
 3.800000 1.000000 
 3.900000 1.000000 
 4.000000 1.000000 
 4.100000 1.000000 
 4.200000 1.000000 
 4.300000 1.000000 
 4.400000 1.000000 
 4.500000 1.000000 
 4.600000 1.000000 
 4.700000 1.000000 
 4.800000 1.000000 
 4.900000 1.000000 
 0.000000 0.500000 
 0.000000 0.200081 
 0.000000 0.100098 
 0.000000 0.300103 
 0.000000 0.400052 
 0.000000 0.700081 
 0.000000 0.600098 
 0.000000 0.800103 
 0.000000 0.900052 
 4.900000 0.000000 
 4.800000 0.000000 
 4.700000 0.000000 
 4.600000 0.000000 
 4.500000 0.000000 
 4.400000 0.000000 
 4.300000 0.000000 
 4.200000 0.000000 
 4.100000 0.000000 
 4.000000 0.000000 
 3.900000 0.000000 
 3.800000 0.000000 
 3.700000 0.000000 
 3.600000 0.000000 
 3.500000 0.000000 
 3.400000 0.000000 
 3.300000 0.000000 
 3.200000 0.000000 
 3.100000 0.000000 
 3.000000 0.000000 
 2.900000 0.000000 
 2.800000 0.000000 
 2.700000 0.000000 
 2.600000 0.000000 
 2.500000 0.000000 
 2.400000 0.000000 
 2.300000 0.000000 
 2.200000 0.000000 
 2.100000 0.000000 
 2.000000 0.000000 
 1.900000 0.000000 
 1.800000 0.000000 
 1.700000 0.000000 
 1.600000 0.000000 
 1.500000 0.000000 
 1.400000 0.000000 
 1.300000 0.000000 
 1.200000 0.000000 
 1.100000 0.000000 
 1.000000 0.000000 
 0.900000 0.000000 
 0.800000 0.000000 
 0.700000 0.000000 
 0.600000 0.000000 
 0.500000 0.000000 
 0.400000 0.000000 
 0.300000 0.000000 
 0.200000 0.000000 
 0.100000 0.000000 
 5.000000 0.900052 
 5.000000 0.800103 
 5.000000 0.700081 
 5.000000 0.600098 
 5.000000 0.500000 
 5.000000 0.400052 
 5.000000 0.300103 
 5.000000 0.200081 
 5.000000 0.100098 
 4.900000 0.900052 
 4.800000 0.900052 
 4.700000 0.900052 
 4.600000 0.900052 
 4.500000 0.900052 
 4.400000 0.900052 
 4.300000 0.900052 
 4.200000 0.900052 
 4.100000 0.900052 
 4.000000 0.900052 
 3.900000 0.900052 
 3.800000 0.900052 
 3.700000 0.900052 
 3.600000 0.900052 
 3.500000 0.900052 
 3.400000 0.900052 
 3.300000 0.900052 
 3.200000 0.900052 
 3.100000 0.900052 
 3.000000 0.900052 
 2.900000 0.900052 
 2.800000 0.900052 
 2.700000 0.900052 
 2.600000 0.900052 
 2.500000 0.900052 
 2.400000 0.900052 
 2.300000 0.900052 
 2.200000 0.900052 
 2.100000 0.900052 
 2.000000 0.900052 
 1.900000 0.900052 
 1.800000 0.900052 
 1.700000 0.900052 
 1.600000 0.900052 
 1.500000 0.900052 
 1.400000 0.900052 
 1.300000 0.900052 
 1.200000 0.900052 
 1.100000 0.900052 
 1.000000 0.900052 
 0.900000 0.900052 
 0.800000 0.900052 
 0.700000 0.900052 
 0.600000 0.900052 
 0.500000 0.900052 
 0.400000 0.900052 
 0.300000 0.900052 
 0.200000 0.900052 
 0.100000 0.900052 
 4.900000 0.800103 
 4.800000 0.800103 
 4.700000 0.800103 
 4.600000 0.800103 
 4.500000 0.800103 
 4.400000 0.800103 
 4.300000 0.800103 
 4.200000 0.800103 
 4.100000 0.800103 
 4.000000 0.800103 
 3.900000 0.800103 
 3.800000 0.800103 
 3.700000 0.800103 
 3.600000 0.800103 
 3.500000 0.800103 
 3.400000 0.800103 
 3.300000 0.800103 
 3.200000 0.800103 
 3.100000 0.800103 
 3.000000 0.800103 
 2.900000 0.800103 
 2.800000 0.800103 
 2.700000 0.800103 
 2.600000 0.800103 
 2.500000 0.800103 
 2.400000 0.800103 
 2.300000 0.800103 
 2.200000 0.800103 
 2.100000 0.800103 
 2.000000 0.800103 
 1.900000 0.800103 
 1.800000 0.800103 
 1.700000 0.800103 
 1.600000 0.800103 
 1.500000 0.800103 
 1.400000 0.800103 
 1.300000 0.800103 
 1.200000 0.800103 
 1.100000 0.800103 
 1.000000 0.800103 
 0.900000 0.800103 
 0.800000 0.800103 
 0.700000 0.800103 
 0.600000 0.800103 
 0.500000 0.800103 
 0.400000 0.800103 
 0.300000 0.800103 
 0.200000 0.800103 
 0.100000 0.800103 
 4.900000 0.700081 
 4.800000 0.700081 
 4.700000 0.700081 
 4.600000 0.700081 
 4.500000 0.700081 
 4.400000 0.700081 
 4.300000 0.700081 
 4.200000 0.700081 
 4.100000 0.700081 
 4.000000 0.700081 
 3.900000 0.700081 
 3.800000 0.700081 
 3.700000 0.700081 
 3.600000 0.700081 
 3.500000 0.700081 
 3.400000 0.700081 
 3.300000 0.700081 
 3.200000 0.700081 
 3.100000 0.700081 
 3.000000 0.700081 
 2.900000 0.700081 
 2.800000 0.700081 
 2.700000 0.700081 
 2.600000 0.700081 
 2.500000 0.700081 
 2.400000 0.700081 
 2.300000 0.700081 
 2.200000 0.700081 
 2.100000 0.700081 
 2.000000 0.700081 
 1.900000 0.700081 
 1.800000 0.700081 
 1.700000 0.700081 
 1.600000 0.700081 
 1.500000 0.700081 
 1.400000 0.700081 
 1.300000 0.700081 
 1.200000 0.700081 
 1.100000 0.700081 
 1.000000 0.700081 
 0.900000 0.700081 
 0.800000 0.700081 
 0.700000 0.700081 
 0.600000 0.700081 
 0.500000 0.700081 
 0.400000 0.700081 
 0.300000 0.700081 
 0.200000 0.700081 
 0.100000 0.700081 
 4.900000 0.600098 
 4.800000 0.600098 
 4.700000 0.600098 
 4.600000 0.600098 
 4.500000 0.600098 
 4.400000 0.600098 
 4.300000 0.600098 
 4.200000 0.600098 
 4.100000 0.600098 
 4.000000 0.600098 
 3.900000 0.600098 
 3.800000 0.600098 
 3.700000 0.600098 
 3.600000 0.600098 
 3.500000 0.600098 
 3.400000 0.600098 
 3.300000 0.600098 
 3.200000 0.600098 
 3.100000 0.600098 
 3.000000 0.600098 
 2.900000 0.600098 
 2.800000 0.600098 
 2.700000 0.600098 
 2.600000 0.600098 
 2.500000 0.600098 
 2.400000 0.600098 
 2.300000 0.600098 
 2.200000 0.600098 
 2.100000 0.600098 
 2.000000 0.600098 
 1.900000 0.600098 
 1.800000 0.600098 
 1.700000 0.600098 
 1.600000 0.600098 
 1.500000 0.600098 
 1.400000 0.600098 
 1.300000 0.600098 
 1.200000 0.600098 
 1.100000 0.600098 
 1.000000 0.600098 
 0.900000 0.600098 
 0.800000 0.600098 
 0.700000 0.600098 
 0.600000 0.600098 
 0.500000 0.600098 
 0.400000 0.600098 
 0.300000 0.600098 
 0.200000 0.600098 
 0.100000 0.600098 
 4.900000 0.500000 
 4.800000 0.500000 
 4.700000 0.500000 
 4.600000 0.500000 
 4.500000 0.500000 
 4.400000 0.500000 
 4.300000 0.500000 
 4.200000 0.500000 
 4.100000 0.500000 
 4.000000 0.500000 
 3.900000 0.500000 
 3.800000 0.500000 
 3.700000 0.500000 
 3.600000 0.500000 
 3.500000 0.500000 
 3.400000 0.500000 
 3.300000 0.500000 
 3.200000 0.500000 
 3.100000 0.500000 
 3.000000 0.500000 
 2.900000 0.500000 
 2.800000 0.500000 
 2.700000 0.500000 
 2.600000 0.500000 
 2.500000 0.500000 
 2.400000 0.500000 
 2.300000 0.500000 
 2.200000 0.500000 
 2.100000 0.500000 
 2.000000 0.500000 
 1.900000 0.500000 
 1.800000 0.500000 
 1.700000 0.500000 
 1.600000 0.500000 
 1.500000 0.500000 
 1.400000 0.500000 
 1.300000 0.500000 
 1.200000 0.500000 
 1.100000 0.500000 
 1.000000 0.500000 
 0.900000 0.500000 
 0.800000 0.500000 
 0.700000 0.500000 
 0.600000 0.500000 
 0.500000 0.500000 
 0.400000 0.500000 
 0.300000 0.500000 
 0.200000 0.500000 
 0.100000 0.500000 
 4.900000 0.400052 
 4.800000 0.400052 
 4.700000 0.400052 
 4.600000 0.400052 
 4.500000 0.400052 
 4.400000 0.400052 
 4.300000 0.400052 
 4.200000 0.400052 
 4.100000 0.400052 
 4.000000 0.400052 
 3.900000 0.400052 
 3.800000 0.400052 
 3.700000 0.400052 
 3.600000 0.400052 
 3.500000 0.400052 
 3.400000 0.400052 
 3.300000 0.400052 
 3.200000 0.400052 
 3.100000 0.400052 
 3.000000 0.400052 
 2.900000 0.400052 
 2.800000 0.400052 
 2.700000 0.400052 
 2.600000 0.400052 
 2.500000 0.400052 
 2.400000 0.400052 
 2.300000 0.400052 
 2.200000 0.400052 
 2.100000 0.400052 
 2.000000 0.400052 
 1.900000 0.400052 
 1.800000 0.400052 
 1.700000 0.400052 
 1.600000 0.400052 
 1.500000 0.400052 
 1.400000 0.400052 
 1.300000 0.400052 
 1.200000 0.400052 
 1.100000 0.400052 
 1.000000 0.400052 
 0.900000 0.400052 
 0.800000 0.400052 
 0.700000 0.400052 
 0.600000 0.400052 
 0.500000 0.400052 
 0.400000 0.400052 
 0.300000 0.400052 
 0.200000 0.400052 
 0.100000 0.400052 
 4.900000 0.300103 
 4.800000 0.300103 
 4.700000 0.300103 
 4.600000 0.300103 
 4.500000 0.300103 
 4.400000 0.300103 
 4.300000 0.300103 
 4.200000 0.300103 
 4.100000 0.300103 
 4.000000 0.300103 
 3.900000 0.300103 
 3.800000 0.300103 
 3.700000 0.300103 
 3.600000 0.300103 
 3.500000 0.300103 
 3.400000 0.300103 
 3.300000 0.300103 
 3.200000 0.300103 
 3.100000 0.300103 
 3.000000 0.300103 
 2.900000 0.300103 
 2.800000 0.300103 
 2.700000 0.300103 
 2.600000 0.300103 
 2.500000 0.300103 
 2.400000 0.300103 
 2.300000 0.300103 
 2.200000 0.300103 
 2.100000 0.300103 
 2.000000 0.300103 
 1.900000 0.300103 
 1.800000 0.300103 
 1.700000 0.300103 
 1.600000 0.300103 
 1.500000 0.300103 
 1.400000 0.300103 
 1.300000 0.300103 
 1.200000 0.300103 
 1.100000 0.300103 
 1.000000 0.300103 
 0.900000 0.300103 
 0.800000 0.300103 
 0.700000 0.300103 
 0.600000 0.300103 
 0.500000 0.300103 
 0.400000 0.300103 
 0.300000 0.300103 
 0.200000 0.300103 
 0.100000 0.300103 
 4.900000 0.200081 
 4.800000 0.200081 
 4.700000 0.200081 
 4.600000 0.200081 
 4.500000 0.200081 
 4.400000 0.200081 
 4.300000 0.200081 
 4.200000 0.200081 
 4.100000 0.200081 
 4.000000 0.200081 
 3.900000 0.200081 
 3.800000 0.200081 
 3.700000 0.200081 
 3.600000 0.200081 
 3.500000 0.200081 
 3.400000 0.200081 
 3.300000 0.200081 
 3.200000 0.200081 
 3.100000 0.200081 
 3.000000 0.200081 
 2.900000 0.200081 
 2.800000 0.200081 
 2.700000 0.200081 
 2.600000 0.200081 
 2.500000 0.200081 
 2.400000 0.200081 
 2.300000 0.200081 
 2.200000 0.200081 
 2.100000 0.200081 
 2.000000 0.200081 
 1.900000 0.200081 
 1.800000 0.200081 
 1.700000 0.200081 
 1.600000 0.200081 
 1.500000 0.200081 
 1.400000 0.200081 
 1.300000 0.200081 
 1.200000 0.200081 
 1.100000 0.200081 
 1.000000 0.200081 
 0.900000 0.200081 
 0.800000 0.200081 
 0.700000 0.200081 
 0.600000 0.200081 
 0.500000 0.200081 
 0.400000 0.200081 
 0.300000 0.200081 
 0.200000 0.200081 
 0.100000 0.200081 
 4.900000 0.100098 
 4.800000 0.100098 
 4.700000 0.100098 
 4.600000 0.100098 
 4.500000 0.100098 
 4.400000 0.100098 
 4.300000 0.100098 
 4.200000 0.100098 
 4.100000 0.100098 
 4.000000 0.100098 
 3.900000 0.100098 
 3.800000 0.100098 
 3.700000 0.100098 
 3.600000 0.100098 
 3.500000 0.100098 
 3.400000 0.100098 
 3.300000 0.100098 
 3.200000 0.100098 
 3.100000 0.100098 
 3.000000 0.100098 
 2.900000 0.100098 
 2.800000 0.100098 
 2.700000 0.100098 
 2.600000 0.100098 
 2.500000 0.100098 
 2.400000 0.100098 
 2.300000 0.100098 
 2.200000 0.100098 
 2.100000 0.100098 
 2.000000 0.100098 
 1.900000 0.100098 
 1.800000 0.100098 
 1.700000 0.100098 
 1.600000 0.100098 
 1.500000 0.100098 
 1.400000 0.100098 
 1.300000 0.100098 
 1.200000 0.100098 
 1.100000 0.100098 
 1.000000 0.100098 
 0.900000 0.100098 
 0.800000 0.100098 
 0.700000 0.100098 
 0.600000 0.100098 
 0.500000 0.100098 
 0.400000 0.100098 
 0.300000 0.100098 
 0.200000 0.100098 
 0.100000 0.100098 
 bc_tag 
5 
 2 
 16 
 18 
 23 
 23 
 23 
 23 
 23 
 23 
 23 
 23 
 23 
 23 
 23 
 23 
 23 
 23 
 23 
 23 
 23 
 23 
 23 
 23 
 23 
 23 
 23 
 23 
 23 
 23 
 23 
 23 
 23 
 23 
 23 
 23 
 23 
 23 
 23 
 23 
 23 
 23 
 23 
 23 
 23 
 23 
 23 
 23 
 23 
 23 
 23 
 23 
 23 
 6 
 6 
 6 
 6 
 6 
 6 
 6 
 6 
 6 
 24 
 24 
 24 
 24 
 24 
 24 
 24 
 24 
 24 
 24 
 24 
 24 
 24 
 24 
 24 
 24 
 24 
 24 
 24 
 24 
 24 
 24 
 24 
 24 
 24 
 24 
 24 
 24 
 24 
 24 
 24 
 24 
 24 
 24 
 24 
 24 
 24 
 24 
 24 
 24 
 24 
 24 
 24 
 24 
 24 
 24 
 24 
 24 
 24 
 14 
 14 
 14 
 14 
 14 
 14 
 14 
 14 
 14 
 26 
 26 
 26 
 26 
 26 
 26 
 26 
 26 
 26 
 26 
 26 
 26 
 26 
 26 
 26 
 26 
 26 
 26 
 26 
 26 
 26 
 26 
 26 
 26 
 26 
 26 
 26 
 26 
 26 
 26 
 26 
 26 
 26 
 26 
 26 
 26 
 26 
 26 
 26 
 26 
 26 
 26 
 26 
 26 
 26 
 26 
 26 
 26 
 26 
 26 
 26 
 26 
 26 
 26 
 26 
 26 
 26 
 26 
 26 
 26 
 26 
 26 
 26 
 26 
 26 
 26 
 26 
 26 
 26 
 26 
 26 
 26 
 26 
 26 
 26 
 26 
 26 
 26 
 26 
 26 
 26 
 26 
 26 
 26 
 26 
 26 
 26 
 26 
 26 
 26 
 26 
 26 
 26 
 26 
 26 
 26 
 26 
 26 
 26 
 26 
 26 
 26 
 26 
 26 
 26 
 26 
 26 
 26 
 26 
 26 
 26 
 26 
 26 
 26 
 26 
 26 
 26 
 26 
 26 
 26 
 26 
 26 
 26 
 26 
 26 
 26 
 26 
 26 
 26 
 26 
 26 
 26 
 26 
 26 
 26 
 26 
 26 
 26 
 26 
 26 
 26 
 26 
 26 
 26 
 26 
 26 
 26 
 26 
 26 
 26 
 26 
 26 
 26 
 26 
 26 
 26 
 26 
 26 
 26 
 26 
 26 
 26 
 26 
 26 
 26 
 26 
 26 
 26 
 26 
 26 
 26 
 26 
 26 
 26 
 26 
 26 
 26 
 26 
 26 
 26 
 26 
 26 
 26 
 26 
 26 
 26 
 26 
 26 
 26 
 26 
 26 
 26 
 26 
 26 
 26 
 26 
 26 
 26 
 26 
 26 
 26 
 26 
 26 
 26 
 26 
 26 
 26 
 26 
 26 
 26 
 26 
 26 
 26 
 26 
 26 
 26 
 26 
 26 
 26 
 26 
 26 
 26 
 26 
 26 
 26 
 26 
 26 
 26 
 26 
 26 
 26 
 26 
 26 
 26 
 26 
 26 
 26 
 26 
 26 
 26 
 26 
 26 
 26 
 26 
 26 
 26 
 26 
 26 
 26 
 26 
 26 
 26 
 26 
 26 
 26 
 26 
 26 
 26 
 26 
 26 
 26 
 26 
 26 
 26 
 26 
 26 
 26 
 26 
 26 
 26 
 26 
 26 
 26 
 26 
 26 
 26 
 26 
 26 
 26 
 26 
 26 
 26 
 26 
 26 
 26 
 26 
 26 
 26 
 26 
 26 
 26 
 26 
 26 
 26 
 26 
 26 
 26 
 26 
 26 
 26 
 26 
 26 
 26 
 26 
 26 
 26 
 26 
 26 
 26 
 26 
 26 
 26 
 26 
 26 
 26 
 26 
 26 
 26 
 26 
 26 
 26 
 26 
 26 
 26 
 26 
 26 
 26 
 26 
 26 
 26 
 26 
 26 
 26 
 26 
 26 
 26 
 26 
 26 
 26 
 26 
 26 
 26 
 26 
 26 
 26 
 26 
 26 
 26 
 26 
 26 
 26 
 26 
 26 
 26 
 26 
 26 
 26 
 26 
 26 
 26 
 26 
 26 
 26 
 26 
 26 
 26 
 26 
 26 
 26 
 26 
 26 
 26 
 26 
 26 
 26 
 26 
 26 
 26 
 26 
 26 
 26 
 26 
 26 
 26 
 26 
 26 
 26 
 26 
 26 
 26 
 26 
 26 
 26 
 26 
 26 
 26 
 26 
 26 
 26 
 26 
 26 
 26 
 26 
 26 
 26 
 26 
 26 
 26 
 26 
 26 
 26 
 26 
 26 
 26 
 26 
 26 
 26 
 26 
 26 
 26 
 26 
 26 
 26 
 26 
 26 
 26 
 26 
 26 
 26 
 26 
 26 
 26 
 26 
 26 
 26 
 26 
 26 
 26 
 26 
 26 
 26 
 edgeUsage
1 0 1 
 1 0 1 
 1 0 1 
 1 0 1 
 1 0 1 
 1 0 1 
 1 0 1 
 1 0 1 
 1 0 1 
 1 0 1 
 1 0 1 
 1 0 1 
 1 0 1 
 1 0 1 
 1 0 1 
 1 0 1 
 1 0 1 
 1 0 1 
 1 0 1 
 1 0 1 
 1 0 1 
 1 0 1 
 1 0 1 
 1 0 1 
 1 0 1 
 1 0 1 
 1 0 1 
 1 0 1 
 1 0 1 
 1 0 1 
 1 0 1 
 1 0 1 
 1 0 1 
 1 0 1 
 1 0 1 
 1 0 1 
 1 0 1 
 1 0 1 
 1 0 1 
 1 0 1 
 1 0 1 
 1 0 1 
 1 0 1 
 1 0 1 
 1 0 1 
 1 0 1 
 1 0 1 
 1 0 1 
 1 0 1 
 1 1 1 
 0 0 1 
 0 0 1 
 0 0 1 
 0 0 1 
 0 0 1 
 0 0 1 
 0 0 1 
 0 0 1 
 0 0 1 
 0 0 1 
 0 0 1 
 0 0 1 
 0 0 1 
 0 0 1 
 0 0 1 
 0 0 1 
 0 0 1 
 0 0 1 
 0 0 1 
 0 0 1 
 0 0 1 
 0 0 1 
 0 0 1 
 0 0 1 
 0 0 1 
 0 0 1 
 0 0 1 
 0 0 1 
 0 0 1 
 0 0 1 
 0 0 1 
 0 0 1 
 0 0 1 
 0 0 1 
 0 0 1 
 0 0 1 
 0 0 1 
 0 0 1 
 0 0 1 
 0 0 1 
 0 0 1 
 0 0 1 
 0 0 1 
 0 0 1 
 0 0 1 
 0 0 1 
 0 0 1 
 0 0 1 
 0 0 1 
 0 1 1 
 0 0 1 
 0 0 1 
 0 0 1 
 0 0 1 
 0 0 1 
 0 0 1 
 0 0 1 
 0 0 1 
 0 0 1 
 0 0 1 
 0 0 1 
 0 0 1 
 0 0 1 
 0 0 1 
 0 0 1 
 0 0 1 
 0 0 1 
 0 0 1 
 0 0 1 
 0 0 1 
 0 0 1 
 0 0 1 
 0 0 1 
 0 0 1 
 0 0 1 
 0 0 1 
 0 0 1 
 0 0 1 
 0 0 1 
 0 0 1 
 0 0 1 
 0 0 1 
 0 0 1 
 0 0 1 
 0 0 1 
 0 0 1 
 0 0 1 
 0 0 1 
 0 0 1 
 0 0 1 
 0 0 1 
 0 0 1 
 0 0 1 
 0 0 1 
 0 0 1 
 0 0 1 
 0 0 1 
 0 0 1 
 0 0 1 
 0 1 1 
 0 0 1 
 0 0 1 
 0 0 1 
 0 0 1 
 0 0 1 
 0 0 1 
 0 0 1 
 0 0 1 
 0 0 1 
 0 0 1 
 0 0 1 
 0 0 1 
 0 0 1 
 0 0 1 
 0 0 1 
 0 0 1 
 0 0 1 
 0 0 1 
 0 0 1 
 0 0 1 
 0 0 1 
 0 0 1 
 0 0 1 
 0 0 1 
 0 0 1 
 0 0 1 
 0 0 1 
 0 0 1 
 0 0 1 
 0 0 1 
 0 0 1 
 0 0 1 
 0 0 1 
 0 0 1 
 0 0 1 
 0 0 1 
 0 0 1 
 0 0 1 
 0 0 1 
 0 0 1 
 0 0 1 
 0 0 1 
 0 0 1 
 0 0 1 
 0 0 1 
 0 0 1 
 0 0 1 
 0 0 1 
 0 0 1 
 0 1 1 
 0 0 1 
 0 0 1 
 0 0 1 
 0 0 1 
 0 0 1 
 0 0 1 
 0 0 1 
 0 0 1 
 0 0 1 
 0 0 1 
 0 0 1 
 0 0 1 
 0 0 1 
 0 0 1 
 0 0 1 
 0 0 1 
 0 0 1 
 0 0 1 
 0 0 1 
 0 0 1 
 0 0 1 
 0 0 1 
 0 0 1 
 0 0 1 
 0 0 1 
 0 0 1 
 0 0 1 
 0 0 1 
 0 0 1 
 0 0 1 
 0 0 1 
 0 0 1 
 0 0 1 
 0 0 1 
 0 0 1 
 0 0 1 
 0 0 1 
 0 0 1 
 0 0 1 
 0 0 1 
 0 0 1 
 0 0 1 
 0 0 1 
 0 0 1 
 0 0 1 
 0 0 1 
 0 0 1 
 0 0 1 
 0 0 1 
 0 1 1 
 0 0 1 
 0 0 1 
 0 0 1 
 0 0 1 
 0 0 1 
 0 0 1 
 0 0 1 
 0 0 1 
 0 0 1 
 0 0 1 
 0 0 1 
 0 0 1 
 0 0 1 
 0 0 1 
 0 0 1 
 0 0 1 
 0 0 1 
 0 0 1 
 0 0 1 
 0 0 1 
 0 0 1 
 0 0 1 
 0 0 1 
 0 0 1 
 0 0 1 
 0 0 1 
 0 0 1 
 0 0 1 
 0 0 1 
 0 0 1 
 0 0 1 
 0 0 1 
 0 0 1 
 0 0 1 
 0 0 1 
 0 0 1 
 0 0 1 
 0 0 1 
 0 0 1 
 0 0 1 
 0 0 1 
 0 0 1 
 0 0 1 
 0 0 1 
 0 0 1 
 0 0 1 
 0 0 1 
 0 0 1 
 0 0 1 
 0 1 1 
 0 0 1 
 0 0 1 
 0 0 1 
 0 0 1 
 0 0 1 
 0 0 1 
 0 0 1 
 0 0 1 
 0 0 1 
 0 0 1 
 0 0 1 
 0 0 1 
 0 0 1 
 0 0 1 
 0 0 1 
 0 0 1 
 0 0 1 
 0 0 1 
 0 0 1 
 0 0 1 
 0 0 1 
 0 0 1 
 0 0 1 
 0 0 1 
 0 0 1 
 0 0 1 
 0 0 1 
 0 0 1 
 0 0 1 
 0 0 1 
 0 0 1 
 0 0 1 
 0 0 1 
 0 0 1 
 0 0 1 
 0 0 1 
 0 0 1 
 0 0 1 
 0 0 1 
 0 0 1 
 0 0 1 
 0 0 1 
 0 0 1 
 0 0 1 
 0 0 1 
 0 0 1 
 0 0 1 
 0 0 1 
 0 0 1 
 0 1 1 
 0 0 1 
 0 0 1 
 0 0 1 
 0 0 1 
 0 0 1 
 0 0 1 
 0 0 1 
 0 0 1 
 0 0 1 
 0 0 1 
 0 0 1 
 0 0 1 
 0 0 1 
 0 0 1 
 0 0 1 
 0 0 1 
 0 0 1 
 0 0 1 
 0 0 1 
 0 0 1 
 0 0 1 
 0 0 1 
 0 0 1 
 0 0 1 
 0 0 1 
 0 0 1 
 0 0 1 
 0 0 1 
 0 0 1 
 0 0 1 
 0 0 1 
 0 0 1 
 0 0 1 
 0 0 1 
 0 0 1 
 0 0 1 
 0 0 1 
 0 0 1 
 0 0 1 
 0 0 1 
 0 0 1 
 0 0 1 
 0 0 1 
 0 0 1 
 0 0 1 
 0 0 1 
 0 0 1 
 0 0 1 
 0 0 1 
 0 1 1 
 0 0 1 
 0 0 1 
 0 0 1 
 0 0 1 
 0 0 1 
 0 0 1 
 0 0 1 
 0 0 1 
 0 0 1 
 0 0 1 
 0 0 1 
 0 0 1 
 0 0 1 
 0 0 1 
 0 0 1 
 0 0 1 
 0 0 1 
 0 0 1 
 0 0 1 
 0 0 1 
 0 0 1 
 0 0 1 
 0 0 1 
 0 0 1 
 0 0 1 
 0 0 1 
 0 0 1 
 0 0 1 
 0 0 1 
 0 0 1 
 0 0 1 
 0 0 1 
 0 0 1 
 0 0 1 
 0 0 1 
 0 0 1 
 0 0 1 
 0 0 1 
 0 0 1 
 0 0 1 
 0 0 1 
 0 0 1 
 0 0 1 
 0 0 1 
 0 0 1 
 0 0 1 
 0 0 1 
 0 0 1 
 0 0 1 
 0 1 1 
 0 0 1 
 0 0 1 
 0 0 1 
 0 0 1 
 0 0 1 
 0 0 1 
 0 0 1 
 0 0 1 
 0 0 1 
 0 0 1 
 0 0 1 
 0 0 1 
 0 0 1 
 0 0 1 
 0 0 1 
 0 0 1 
 0 0 1 
 0 0 1 
 0 0 1 
 0 0 1 
 0 0 1 
 0 0 1 
 0 0 1 
 0 0 1 
 0 0 1 
 0 0 1 
 0 0 1 
 0 0 1 
 0 0 1 
 0 0 1 
 0 0 1 
 0 0 1 
 0 0 1 
 0 0 1 
 0 0 1 
 0 0 1 
 0 0 1 
 0 0 1 
 0 0 1 
 0 0 1 
 0 0 1 
 0 0 1 
 0 0 1 
 0 0 1 
 0 0 1 
 0 0 1 
 0 0 1 
 0 0 1 
 0 0 1 
 0 1 1 
 EdgeNode 
1 5 
 5 6 
 6 7 
 7 8 
 8 9 
 9 10 
 10 11 
 11 12 
 12 13 
 13 14 
 14 15 
 15 16 
 16 17 
 17 18 
 18 19 
 19 20 
 20 21 
 21 22 
 22 23 
 23 24 
 24 25 
 25 26 
 26 27 
 27 28 
 28 29 
 29 30 
 30 31 
 31 32 
 32 33 
 33 34 
 34 35 
 35 36 
 36 37 
 37 38 
 38 39 
 39 40 
 40 41 
 41 42 
 42 43 
 43 44 
 44 45 
 45 46 
 46 47 
 47 48 
 48 49 
 49 50 
 50 51 
 51 52 
 52 53 
 53 3 
 2 56 
 56 55 
 55 57 
 57 58 
 58 54 
 54 60 
 60 59 
 59 61 
 61 62 
 62 1 
 4 63 
 63 64 
 64 65 
 65 66 
 66 67 
 67 68 
 68 69 
 69 70 
 70 71 
 71 72 
 72 73 
 73 74 
 74 75 
 75 76 
 76 77 
 77 78 
 78 79 
 79 80 
 80 81 
 81 82 
 82 83 
 83 84 
 84 85 
 85 86 
 86 87 
 87 88 
 88 89 
 89 90 
 90 91 
 91 92 
 92 93 
 93 94 
 94 95 
 95 96 
 96 97 
 97 98 
 98 99 
 99 100 
 100 101 
 101 102 
 102 103 
 103 104 
 104 105 
 105 106 
 106 107 
 107 108 
 108 109 
 109 110 
 110 111 
 111 2 
 3 112 
 112 113 
 113 114 
 114 115 
 115 116 
 116 117 
 117 118 
 118 119 
 119 120 
 120 4 
 53 121 
 52 122 
 51 123 
 50 124 
 49 125 
 48 126 
 47 127 
 46 128 
 45 129 
 44 130 
 43 131 
 42 132 
 41 133 
 40 134 
 39 135 
 38 136 
 37 137 
 36 138 
 35 139 
 34 140 
 33 141 
 32 142 
 31 143 
 30 144 
 29 145 
 28 146 
 27 147 
 26 148 
 25 149 
 24 150 
 23 151 
 22 152 
 21 153 
 20 154 
 19 155 
 18 156 
 17 157 
 16 158 
 15 159 
 14 160 
 13 161 
 12 162 
 11 163 
 10 164 
 9 165 
 8 166 
 7 167 
 6 168 
 5 169 
 121 170 
 122 171 
 123 172 
 124 173 
 125 174 
 126 175 
 127 176 
 128 177 
 129 178 
 130 179 
 131 180 
 132 181 
 133 182 
 134 183 
 135 184 
 136 185 
 137 186 
 138 187 
 139 188 
 140 189 
 141 190 
 142 191 
 143 192 
 144 193 
 145 194 
 146 195 
 147 196 
 148 197 
 149 198 
 150 199 
 151 200 
 152 201 
 153 202 
 154 203 
 155 204 
 156 205 
 157 206 
 158 207 
 159 208 
 160 209 
 161 210 
 162 211 
 163 212 
 164 213 
 165 214 
 166 215 
 167 216 
 168 217 
 169 218 
 170 219 
 171 220 
 172 221 
 173 222 
 174 223 
 175 224 
 176 225 
 177 226 
 178 227 
 179 228 
 180 229 
 181 230 
 182 231 
 183 232 
 184 233 
 185 234 
 186 235 
 187 236 
 188 237 
 189 238 
 190 239 
 191 240 
 192 241 
 193 242 
 194 243 
 195 244 
 196 245 
 197 246 
 198 247 
 199 248 
 200 249 
 201 250 
 202 251 
 203 252 
 204 253 
 205 254 
 206 255 
 207 256 
 208 257 
 209 258 
 210 259 
 211 260 
 212 261 
 213 262 
 214 263 
 215 264 
 216 265 
 217 266 
 218 267 
 219 268 
 220 269 
 221 270 
 222 271 
 223 272 
 224 273 
 225 274 
 226 275 
 227 276 
 228 277 
 229 278 
 230 279 
 231 280 
 232 281 
 233 282 
 234 283 
 235 284 
 236 285 
 237 286 
 238 287 
 239 288 
 240 289 
 241 290 
 242 291 
 243 292 
 244 293 
 245 294 
 246 295 
 247 296 
 248 297 
 249 298 
 250 299 
 251 300 
 252 301 
 253 302 
 254 303 
 255 304 
 256 305 
 257 306 
 258 307 
 259 308 
 260 309 
 261 310 
 262 311 
 263 312 
 264 313 
 265 314 
 266 315 
 267 316 
 268 317 
 269 318 
 270 319 
 271 320 
 272 321 
 273 322 
 274 323 
 275 324 
 276 325 
 277 326 
 278 327 
 279 328 
 280 329 
 281 330 
 282 331 
 283 332 
 284 333 
 285 334 
 286 335 
 287 336 
 288 337 
 289 338 
 290 339 
 291 340 
 292 341 
 293 342 
 294 343 
 295 344 
 296 345 
 297 346 
 298 347 
 299 348 
 300 349 
 301 350 
 302 351 
 303 352 
 304 353 
 305 354 
 306 355 
 307 356 
 308 357 
 309 358 
 310 359 
 311 360 
 312 361 
 313 362 
 314 363 
 315 364 
 316 365 
 317 366 
 318 367 
 319 368 
 320 369 
 321 370 
 322 371 
 323 372 
 324 373 
 325 374 
 326 375 
 327 376 
 328 377 
 329 378 
 330 379 
 331 380 
 332 381 
 333 382 
 334 383 
 335 384 
 336 385 
 337 386 
 338 387 
 339 388 
 340 389 
 341 390 
 342 391 
 343 392 
 344 393 
 345 394 
 346 395 
 347 396 
 348 397 
 349 398 
 350 399 
 351 400 
 352 401 
 353 402 
 354 403 
 355 404 
 356 405 
 357 406 
 358 407 
 359 408 
 360 409 
 361 410 
 362 411 
 363 412 
 364 413 
 365 414 
 366 415 
 367 416 
 368 417 
 369 418 
 370 419 
 371 420 
 372 421 
 373 422 
 374 423 
 375 424 
 376 425 
 377 426 
 378 427 
 379 428 
 380 429 
 381 430 
 382 431 
 383 432 
 384 433 
 385 434 
 386 435 
 387 436 
 388 437 
 389 438 
 390 439 
 391 440 
 392 441 
 393 442 
 394 443 
 395 444 
 396 445 
 397 446 
 398 447 
 399 448 
 400 449 
 401 450 
 402 451 
 403 452 
 404 453 
 405 454 
 406 455 
 407 456 
 408 457 
 409 458 
 410 459 
 411 460 
 412 461 
 413 462 
 414 463 
 415 464 
 416 465 
 417 466 
 418 467 
 419 468 
 420 469 
 421 470 
 422 471 
 423 472 
 424 473 
 425 474 
 426 475 
 427 476 
 428 477 
 429 478 
 430 479 
 431 480 
 432 481 
 433 482 
 434 483 
 435 484 
 436 485 
 437 486 
 438 487 
 439 488 
 440 489 
 441 490 
 442 491 
 443 492 
 444 493 
 445 494 
 446 495 
 447 496 
 448 497 
 449 498 
 450 499 
 451 500 
 452 501 
 453 502 
 454 503 
 455 504 
 456 505 
 457 506 
 458 507 
 459 508 
 460 509 
 461 510 
 462 511 
 463 512 
 464 513 
 465 514 
 466 515 
 467 516 
 468 517 
 469 518 
 470 519 
 471 520 
 472 521 
 473 522 
 474 523 
 475 524 
 476 525 
 477 526 
 478 527 
 479 528 
 480 529 
 481 530 
 482 531 
 483 532 
 484 533 
 485 534 
 486 535 
 487 536 
 488 537 
 489 538 
 490 539 
 491 540 
 492 541 
 493 542 
 494 543 
 495 544 
 496 545 
 497 546 
 498 547 
 499 548 
 500 549 
 501 550 
 502 551 
 503 552 
 504 553 
 505 554 
 506 555 
 507 556 
 508 557 
 509 558 
 510 559 
 511 560 
 512 561 
 513 63 
 514 64 
 515 65 
 516 66 
 517 67 
 518 68 
 519 69 
 520 70 
 521 71 
 522 72 
 523 73 
 524 74 
 525 75 
 526 76 
 527 77 
 528 78 
 529 79 
 530 80 
 531 81 
 532 82 
 533 83 
 534 84 
 535 85 
 536 86 
 537 87 
 538 88 
 539 89 
 540 90 
 541 91 
 542 92 
 543 93 
 544 94 
 545 95 
 546 96 
 547 97 
 548 98 
 549 99 
 550 100 
 551 101 
 552 102 
 553 103 
 554 104 
 555 105 
 556 106 
 557 107 
 558 108 
 559 109 
 560 110 
 561 111 
 112 121 
 121 122 
 122 123 
 123 124 
 124 125 
 125 126 
 126 127 
 127 128 
 128 129 
 129 130 
 130 131 
 131 132 
 132 133 
 133 134 
 134 135 
 135 136 
 136 137 
 137 138 
 138 139 
 139 140 
 140 141 
 141 142 
 142 143 
 143 144 
 144 145 
 145 146 
 146 147 
 147 148 
 148 149 
 149 150 
 150 151 
 151 152 
 152 153 
 153 154 
 154 155 
 155 156 
 156 157 
 157 158 
 158 159 
 159 160 
 160 161 
 161 162 
 162 163 
 163 164 
 164 165 
 165 166 
 166 167 
 167 168 
 168 169 
 169 62 
 113 170 
 170 171 
 171 172 
 172 173 
 173 174 
 174 175 
 175 176 
 176 177 
 177 178 
 178 179 
 179 180 
 180 181 
 181 182 
 182 183 
 183 184 
 184 185 
 185 186 
 186 187 
 187 188 
 188 189 
 189 190 
 190 191 
 191 192 
 192 193 
 193 194 
 194 195 
 195 196 
 196 197 
 197 198 
 198 199 
 199 200 
 200 201 
 201 202 
 202 203 
 203 204 
 204 205 
 205 206 
 206 207 
 207 208 
 208 209 
 209 210 
 210 211 
 211 212 
 212 213 
 213 214 
 214 215 
 215 216 
 216 217 
 217 218 
 218 61 
 114 219 
 219 220 
 220 221 
 221 222 
 222 223 
 223 224 
 224 225 
 225 226 
 226 227 
 227 228 
 228 229 
 229 230 
 230 231 
 231 232 
 232 233 
 233 234 
 234 235 
 235 236 
 236 237 
 237 238 
 238 239 
 239 240 
 240 241 
 241 242 
 242 243 
 243 244 
 244 245 
 245 246 
 246 247 
 247 248 
 248 249 
 249 250 
 250 251 
 251 252 
 252 253 
 253 254 
 254 255 
 255 256 
 256 257 
 257 258 
 258 259 
 259 260 
 260 261 
 261 262 
 262 263 
 263 264 
 264 265 
 265 266 
 266 267 
 267 59 
 115 268 
 268 269 
 269 270 
 270 271 
 271 272 
 272 273 
 273 274 
 274 275 
 275 276 
 276 277 
 277 278 
 278 279 
 279 280 
 280 281 
 281 282 
 282 283 
 283 284 
 284 285 
 285 286 
 286 287 
 287 288 
 288 289 
 289 290 
 290 291 
 291 292 
 292 293 
 293 294 
 294 295 
 295 296 
 296 297 
 297 298 
 298 299 
 299 300 
 300 301 
 301 302 
 302 303 
 303 304 
 304 305 
 305 306 
 306 307 
 307 308 
 308 309 
 309 310 
 310 311 
 311 312 
 312 313 
 313 314 
 314 315 
 315 316 
 316 60 
 116 317 
 317 318 
 318 319 
 319 320 
 320 321 
 321 322 
 322 323 
 323 324 
 324 325 
 325 326 
 326 327 
 327 328 
 328 329 
 329 330 
 330 331 
 331 332 
 332 333 
 333 334 
 334 335 
 335 336 
 336 337 
 337 338 
 338 339 
 339 340 
 340 341 
 341 342 
 342 343 
 343 344 
 344 345 
 345 346 
 346 347 
 347 348 
 348 349 
 349 350 
 350 351 
 351 352 
 352 353 
 353 354 
 354 355 
 355 356 
 356 357 
 357 358 
 358 359 
 359 360 
 360 361 
 361 362 
 362 363 
 363 364 
 364 365 
 365 54 
 117 366 
 366 367 
 367 368 
 368 369 
 369 370 
 370 371 
 371 372 
 372 373 
 373 374 
 374 375 
 375 376 
 376 377 
 377 378 
 378 379 
 379 380 
 380 381 
 381 382 
 382 383 
 383 384 
 384 385 
 385 386 
 386 387 
 387 388 
 388 389 
 389 390 
 390 391 
 391 392 
 392 393 
 393 394 
 394 395 
 395 396 
 396 397 
 397 398 
 398 399 
 399 400 
 400 401 
 401 402 
 402 403 
 403 404 
 404 405 
 405 406 
 406 407 
 407 408 
 408 409 
 409 410 
 410 411 
 411 412 
 412 413 
 413 414 
 414 58 
 118 415 
 415 416 
 416 417 
 417 418 
 418 419 
 419 420 
 420 421 
 421 422 
 422 423 
 423 424 
 424 425 
 425 426 
 426 427 
 427 428 
 428 429 
 429 430 
 430 431 
 431 432 
 432 433 
 433 434 
 434 435 
 435 436 
 436 437 
 437 438 
 438 439 
 439 440 
 440 441 
 441 442 
 442 443 
 443 444 
 444 445 
 445 446 
 446 447 
 447 448 
 448 449 
 449 450 
 450 451 
 451 452 
 452 453 
 453 454 
 454 455 
 455 456 
 456 457 
 457 458 
 458 459 
 459 460 
 460 461 
 461 462 
 462 463 
 463 57 
 119 464 
 464 465 
 465 466 
 466 467 
 467 468 
 468 469 
 469 470 
 470 471 
 471 472 
 472 473 
 473 474 
 474 475 
 475 476 
 476 477 
 477 478 
 478 479 
 479 480 
 480 481 
 481 482 
 482 483 
 483 484 
 484 485 
 485 486 
 486 487 
 487 488 
 488 489 
 489 490 
 490 491 
 491 492 
 492 493 
 493 494 
 494 495 
 495 496 
 496 497 
 497 498 
 498 499 
 499 500 
 500 501 
 501 502 
 502 503 
 503 504 
 504 505 
 505 506 
 506 507 
 507 508 
 508 509 
 509 510 
 510 511 
 511 512 
 512 55 
 120 513 
 513 514 
 514 515 
 515 516 
 516 517 
 517 518 
 518 519 
 519 520 
 520 521 
 521 522 
 522 523 
 523 524 
 524 525 
 525 526 
 526 527 
 527 528 
 528 529 
 529 530 
 530 531 
 531 532 
 532 533 
 533 534 
 534 535 
 535 536 
 536 537 
 537 538 
 538 539 
 539 540 
 540 541 
 541 542 
 542 543 
 543 544 
 544 545 
 545 546 
 546 547 
 547 548 
 548 549 
 549 550 
 550 551 
 551 552 
 552 553 
 553 554 
 554 555 
 555 556 
 556 557 
 557 558 
 558 559 
 559 560 
 560 561 
 561 56 
 bcElement 120
1 14 0 
51 14 0 
101 14 0 
151 14 0 
201 14 0 
251 14 0 
301 14 0 
351 14 0 
401 14 0 
451 14 0 
451 24 0 
452 24 0 
453 24 0 
454 24 0 
455 24 0 
456 24 0 
457 24 0 
458 24 0 
459 24 0 
460 24 0 
461 24 0 
462 24 0 
463 24 0 
464 24 0 
465 24 0 
466 24 0 
467 24 0 
468 24 0 
469 24 0 
470 24 0 
471 24 0 
472 24 0 
473 24 0 
474 24 0 
475 24 0 
476 24 0 
477 24 0 
478 24 0 
479 24 0 
480 24 0 
481 24 0 
482 24 0 
483 24 0 
484 24 0 
485 24 0 
486 24 0 
487 24 0 
488 24 0 
489 24 0 
490 24 0 
491 24 0 
492 24 0 
493 24 0 
494 24 0 
495 24 0 
496 24 0 
497 24 0 
498 24 0 
499 24 0 
500 24 0 
500 6 1 
450 6 1 
400 6 1 
350 6 1 
300 6 1 
250 6 1 
200 6 1 
150 6 1 
100 6 1 
50 6 1 
50 23 3 
49 23 3 
48 23 3 
47 23 3 
46 23 3 
45 23 3 
44 23 3 
43 23 3 
42 23 3 
41 23 3 
40 23 3 
39 23 3 
38 23 3 
37 23 3 
36 23 3 
35 23 3 
34 23 3 
33 23 3 
32 23 3 
31 23 3 
30 23 3 
29 23 3 
28 23 3 
27 23 3 
26 23 3 
25 23 3 
24 23 3 
23 23 3 
22 23 3 
21 23 3 
20 23 3 
19 23 3 
18 23 3 
17 23 3 
16 23 3 
15 23 3 
14 23 3 
13 23 3 
12 23 3 
11 23 3 
10 23 3 
9 23 3 
8 23 3 
7 23 3 
6 23 3 
5 23 3 
4 23 3 
3 23 3 
2 23 3 
1 23 3 
