Edge min = 0.029269, max=0.057971, average=0.052712;
Grid_size 168
Node_size 109
Total_DOF 3169
maxDOF 28
Solution_Order
6 
 meshIEN 
59 49 60 
 8 3 59 
 60 7 8 
 60 8 59 
 61 49 62 
 12 10 61 
 62 6 12 
 62 12 61 
 63 51 64 
 9 7 63 
 64 1 9 
 64 9 63 
 64 51 65 
 14 1 64 
 65 13 14 
 65 14 64 
 63 7 60 
 66 51 63 
 60 49 66 
 60 66 63 
 67 50 68 
 29 20 67 
 68 22 29 
 68 29 67 
 65 51 69 
 15 13 65 
 69 2 15 
 69 15 65 
 69 51 70 
 11 2 69 
 70 10 11 
 70 11 69 
 70 51 66 
 61 10 70 
 66 49 61 
 66 61 70 
 71 52 72 
 28 21 71 
 72 20 28 
 72 28 71 
 72 52 73 
 67 20 72 
 73 50 67 
 73 67 72 
 74 35 75 
 73 52 74 
 75 50 73 
 75 73 74 
 74 52 76 
 43 35 74 
 76 37 43 
 76 43 74 
 77 37 76 
 78 53 77 
 76 52 78 
 76 78 77 
 77 53 79 
 44 37 77 
 79 34 44 
 79 44 77 
 80 53 81 
 27 16 80 
 81 21 27 
 81 27 80 
 81 53 78 
 71 21 81 
 78 52 71 
 78 71 81 
 82 54 83 
 26 19 82 
 83 16 26 
 83 26 82 
 83 54 84 
 80 16 83 
 84 53 80 
 84 80 83 
 85 34 79 
 84 54 85 
 79 53 84 
 79 84 85 
 85 54 86 
 45 34 85 
 86 39 45 
 86 45 85 
 87 39 86 
 88 55 87 
 86 54 88 
 86 88 87 
 87 55 89 
 46 39 87 
 89 38 46 
 89 46 87 
 90 55 91 
 25 17 90 
 91 19 25 
 91 25 90 
 91 55 88 
 82 19 91 
 88 54 82 
 88 82 91 
 92 56 93 
 33 31 92 
 93 4 33 
 93 33 92 
 93 56 94 
 23 4 93 
 94 18 23 
 94 23 93 
 95 56 96 
 48 40 95 
 96 5 48 
 96 48 95 
 96 56 92 
 32 5 96 
 92 31 32 
 92 32 96 
 97 6 62 
 98 57 97 
 62 49 98 
 62 98 97 
 99 57 98 
 59 3 99 
 98 49 59 
 98 59 99 
 97 57 100 
 41 6 97 
 100 36 41 
 100 41 97 
 100 57 102 
 101 36 100 
 102 50 101 
 102 101 100 
 103 22 68 
 102 57 103 
 68 50 102 
 68 102 103 
 103 57 99 
 30 22 103 
 99 3 30 
 99 30 103 
 104 18 94 
 105 58 104 
 94 56 105 
 94 105 104 
 104 58 106 
 24 18 104 
 106 17 24 
 106 24 104 
 106 58 107 
 90 17 106 
 107 55 90 
 107 90 106 
 108 58 105 
 95 40 108 
 105 56 95 
 105 95 108 
 75 35 42 
 101 50 75 
 42 36 101 
 42 101 75 
 109 38 89 
 107 58 109 
 89 55 107 
 89 107 109 
 109 58 108 
 47 38 109 
 108 40 47 
 108 47 109 
 solutionIEN 
59 49 60 355 356 357 358 359 369 368 367 366 365 380 381 382 383 384 1490 1491 1492 1493 1494 1495 1496 1497 1498 1499 
 8 3 59 114 113 112 111 110 350 351 352 353 354 370 371 372 373 374 1500 1501 1502 1503 1504 1505 1506 1507 1508 1509 
 60 7 8 364 363 362 361 360 119 118 117 116 115 375 376 377 378 379 1510 1511 1512 1513 1514 1515 1516 1517 1518 1519 
 60 8 59 379 378 377 376 375 374 373 372 371 370 384 383 382 381 380 1520 1521 1522 1523 1524 1525 1526 1527 1528 1529 
 61 49 62 390 391 392 393 394 404 403 402 401 400 415 416 417 418 419 1530 1531 1532 1533 1534 1535 1536 1537 1538 1539 
 12 10 61 144 143 142 141 140 385 386 387 388 389 405 406 407 408 409 1540 1541 1542 1543 1544 1545 1546 1547 1548 1549 
 62 6 12 399 398 397 396 395 149 148 147 146 145 410 411 412 413 414 1550 1551 1552 1553 1554 1555 1556 1557 1558 1559 
 62 12 61 414 413 412 411 410 409 408 407 406 405 419 418 417 416 415 1560 1561 1562 1563 1564 1565 1566 1567 1568 1569 
 63 51 64 425 426 427 428 429 439 438 437 436 435 450 451 452 453 454 1570 1571 1572 1573 1574 1575 1576 1577 1578 1579 
 9 7 63 124 123 122 121 120 420 421 422 423 424 440 441 442 443 444 1580 1581 1582 1583 1584 1585 1586 1587 1588 1589 
 64 1 9 434 433 432 431 430 129 128 127 126 125 445 446 447 448 449 1590 1591 1592 1593 1594 1595 1596 1597 1598 1599 
 64 9 63 449 448 447 446 445 444 443 442 441 440 454 453 452 451 450 1600 1601 1602 1603 1604 1605 1606 1607 1608 1609 
 64 51 65 435 436 437 438 439 464 463 462 461 460 475 476 477 478 479 1610 1611 1612 1613 1614 1615 1616 1617 1618 1619 
 14 1 64 154 153 152 151 150 430 431 432 433 434 465 466 467 468 469 1620 1621 1622 1623 1624 1625 1626 1627 1628 1629 
 65 13 14 459 458 457 456 455 159 158 157 156 155 470 471 472 473 474 1630 1631 1632 1633 1634 1635 1636 1637 1638 1639 
 65 14 64 474 473 472 471 470 469 468 467 466 465 479 478 477 476 475 1640 1641 1642 1643 1644 1645 1646 1647 1648 1649 
 63 7 60 424 423 422 421 420 360 361 362 363 364 500 501 502 503 504 1650 1651 1652 1653 1654 1655 1656 1657 1658 1659 
 66 51 63 485 486 487 488 489 429 428 427 426 425 490 491 492 493 494 1660 1661 1662 1663 1664 1665 1666 1667 1668 1669 
 60 49 66 365 366 367 368 369 480 481 482 483 484 495 496 497 498 499 1670 1671 1672 1673 1674 1675 1676 1677 1678 1679 
 60 66 63 499 498 497 496 495 494 493 492 491 490 504 503 502 501 500 1680 1681 1682 1683 1684 1685 1686 1687 1688 1689 
 67 50 68 510 511 512 513 514 524 523 522 521 520 535 536 537 538 539 1690 1691 1692 1693 1694 1695 1696 1697 1698 1699 
 29 20 67 234 233 232 231 230 505 506 507 508 509 525 526 527 528 529 1700 1701 1702 1703 1704 1705 1706 1707 1708 1709 
 68 22 29 519 518 517 516 515 239 238 237 236 235 530 531 532 533 534 1710 1711 1712 1713 1714 1715 1716 1717 1718 1719 
 68 29 67 534 533 532 531 530 529 528 527 526 525 539 538 537 536 535 1720 1721 1722 1723 1724 1725 1726 1727 1728 1729 
 65 51 69 460 461 462 463 464 549 548 547 546 545 560 561 562 563 564 1730 1731 1732 1733 1734 1735 1736 1737 1738 1739 
 15 13 65 164 163 162 161 160 455 456 457 458 459 550 551 552 553 554 1740 1741 1742 1743 1744 1745 1746 1747 1748 1749 
 69 2 15 544 543 542 541 540 169 168 167 166 165 555 556 557 558 559 1750 1751 1752 1753 1754 1755 1756 1757 1758 1759 
 69 15 65 559 558 557 556 555 554 553 552 551 550 564 563 562 561 560 1760 1761 1762 1763 1764 1765 1766 1767 1768 1769 
 69 51 70 545 546 547 548 549 574 573 572 571 570 585 586 587 588 589 1770 1771 1772 1773 1774 1775 1776 1777 1778 1779 
 11 2 69 134 133 132 131 130 540 541 542 543 544 575 576 577 578 579 1780 1781 1782 1783 1784 1785 1786 1787 1788 1789 
 70 10 11 569 568 567 566 565 139 138 137 136 135 580 581 582 583 584 1790 1791 1792 1793 1794 1795 1796 1797 1798 1799 
 70 11 69 584 583 582 581 580 579 578 577 576 575 589 588 587 586 585 1800 1801 1802 1803 1804 1805 1806 1807 1808 1809 
 70 51 66 570 571 572 573 574 489 488 487 486 485 600 601 602 603 604 1810 1811 1812 1813 1814 1815 1816 1817 1818 1819 
 61 10 70 389 388 387 386 385 565 566 567 568 569 590 591 592 593 594 1820 1821 1822 1823 1824 1825 1826 1827 1828 1829 
 66 49 61 484 483 482 481 480 394 393 392 391 390 595 596 597 598 599 1830 1831 1832 1833 1834 1835 1836 1837 1838 1839 
 66 61 70 599 598 597 596 595 594 593 592 591 590 604 603 602 601 600 1840 1841 1842 1843 1844 1845 1846 1847 1848 1849 
 71 52 72 610 611 612 613 614 624 623 622 621 620 635 636 637 638 639 1850 1851 1852 1853 1854 1855 1856 1857 1858 1859 
 28 21 71 224 223 222 221 220 605 606 607 608 609 625 626 627 628 629 1860 1861 1862 1863 1864 1865 1866 1867 1868 1869 
 72 20 28 619 618 617 616 615 229 228 227 226 225 630 631 632 633 634 1870 1871 1872 1873 1874 1875 1876 1877 1878 1879 
 72 28 71 634 633 632 631 630 629 628 627 626 625 639 638 637 636 635 1880 1881 1882 1883 1884 1885 1886 1887 1888 1889 
 72 52 73 620 621 622 623 624 649 648 647 646 645 660 661 662 663 664 1890 1891 1892 1893 1894 1895 1896 1897 1898 1899 
 67 20 72 509 508 507 506 505 615 616 617 618 619 650 651 652 653 654 1900 1901 1902 1903 1904 1905 1906 1907 1908 1909 
 73 50 67 644 643 642 641 640 514 513 512 511 510 655 656 657 658 659 1910 1911 1912 1913 1914 1915 1916 1917 1918 1919 
 73 67 72 659 658 657 656 655 654 653 652 651 650 664 663 662 661 660 1920 1921 1922 1923 1924 1925 1926 1927 1928 1929 
 74 35 75 669 668 667 666 665 675 676 677 678 679 695 696 697 698 699 1930 1931 1932 1933 1934 1935 1936 1937 1938 1939 
 73 52 74 645 646 647 648 649 674 673 672 671 670 685 686 687 688 689 1940 1941 1942 1943 1944 1945 1946 1947 1948 1949 
 75 50 73 680 681 682 683 684 640 641 642 643 644 690 691 692 693 694 1950 1951 1952 1953 1954 1955 1956 1957 1958 1959 
 75 73 74 694 693 692 691 690 689 688 687 686 685 699 698 697 696 695 1960 1961 1962 1963 1964 1965 1966 1967 1968 1969 
 74 52 76 670 671 672 673 674 709 708 707 706 705 720 721 722 723 724 1970 1971 1972 1973 1974 1975 1976 1977 1978 1979 
 43 35 74 294 293 292 291 290 665 666 667 668 669 710 711 712 713 714 1980 1981 1982 1983 1984 1985 1986 1987 1988 1989 
 76 37 43 704 703 702 701 700 299 298 297 296 295 715 716 717 718 719 1990 1991 1992 1993 1994 1995 1996 1997 1998 1999 
 76 43 74 719 718 717 716 715 714 713 712 711 710 724 723 722 721 720 2000 2001 2002 2003 2004 2005 2006 2007 2008 2009 
 77 37 76 729 728 727 726 725 700 701 702 703 704 755 756 757 758 759 2010 2011 2012 2013 2014 2015 2016 2017 2018 2019 
 78 53 77 740 741 742 743 744 734 733 732 731 730 745 746 747 748 749 2020 2021 2022 2023 2024 2025 2026 2027 2028 2029 
 76 52 78 705 706 707 708 709 735 736 737 738 739 750 751 752 753 754 2030 2031 2032 2033 2034 2035 2036 2037 2038 2039 
 76 78 77 754 753 752 751 750 749 748 747 746 745 759 758 757 756 755 2040 2041 2042 2043 2044 2045 2046 2047 2048 2049 
 77 53 79 730 731 732 733 734 769 768 767 766 765 780 781 782 783 784 2050 2051 2052 2053 2054 2055 2056 2057 2058 2059 
 44 37 77 304 303 302 301 300 725 726 727 728 729 770 771 772 773 774 2060 2061 2062 2063 2064 2065 2066 2067 2068 2069 
 79 34 44 764 763 762 761 760 309 308 307 306 305 775 776 777 778 779 2070 2071 2072 2073 2074 2075 2076 2077 2078 2079 
 79 44 77 779 778 777 776 775 774 773 772 771 770 784 783 782 781 780 2080 2081 2082 2083 2084 2085 2086 2087 2088 2089 
 80 53 81 790 791 792 793 794 804 803 802 801 800 815 816 817 818 819 2090 2091 2092 2093 2094 2095 2096 2097 2098 2099 
 27 16 80 214 213 212 211 210 785 786 787 788 789 805 806 807 808 809 2100 2101 2102 2103 2104 2105 2106 2107 2108 2109 
 81 21 27 799 798 797 796 795 219 218 217 216 215 810 811 812 813 814 2110 2111 2112 2113 2114 2115 2116 2117 2118 2119 
 81 27 80 814 813 812 811 810 809 808 807 806 805 819 818 817 816 815 2120 2121 2122 2123 2124 2125 2126 2127 2128 2129 
 81 53 78 800 801 802 803 804 744 743 742 741 740 830 831 832 833 834 2130 2131 2132 2133 2134 2135 2136 2137 2138 2139 
 71 21 81 609 608 607 606 605 795 796 797 798 799 820 821 822 823 824 2140 2141 2142 2143 2144 2145 2146 2147 2148 2149 
 78 52 71 739 738 737 736 735 614 613 612 611 610 825 826 827 828 829 2150 2151 2152 2153 2154 2155 2156 2157 2158 2159 
 78 71 81 829 828 827 826 825 824 823 822 821 820 834 833 832 831 830 2160 2161 2162 2163 2164 2165 2166 2167 2168 2169 
 82 54 83 840 841 842 843 844 854 853 852 851 850 865 866 867 868 869 2170 2171 2172 2173 2174 2175 2176 2177 2178 2179 
 26 19 82 204 203 202 201 200 835 836 837 838 839 855 856 857 858 859 2180 2181 2182 2183 2184 2185 2186 2187 2188 2189 
 83 16 26 849 848 847 846 845 209 208 207 206 205 860 861 862 863 864 2190 2191 2192 2193 2194 2195 2196 2197 2198 2199 
 83 26 82 864 863 862 861 860 859 858 857 856 855 869 868 867 866 865 2200 2201 2202 2203 2204 2205 2206 2207 2208 2209 
 83 54 84 850 851 852 853 854 879 878 877 876 875 890 891 892 893 894 2210 2211 2212 2213 2214 2215 2216 2217 2218 2219 
 80 16 83 789 788 787 786 785 845 846 847 848 849 880 881 882 883 884 2220 2221 2222 2223 2224 2225 2226 2227 2228 2229 
 84 53 80 874 873 872 871 870 794 793 792 791 790 885 886 887 888 889 2230 2231 2232 2233 2234 2235 2236 2237 2238 2239 
 84 80 83 889 888 887 886 885 884 883 882 881 880 894 893 892 891 890 2240 2241 2242 2243 2244 2245 2246 2247 2248 2249 
 85 34 79 899 898 897 896 895 760 761 762 763 764 915 916 917 918 919 2250 2251 2252 2253 2254 2255 2256 2257 2258 2259 
 84 54 85 875 876 877 878 879 904 903 902 901 900 905 906 907 908 909 2260 2261 2262 2263 2264 2265 2266 2267 2268 2269 
 79 53 84 765 766 767 768 769 870 871 872 873 874 910 911 912 913 914 2270 2271 2272 2273 2274 2275 2276 2277 2278 2279 
 79 84 85 914 913 912 911 910 909 908 907 906 905 919 918 917 916 915 2280 2281 2282 2283 2284 2285 2286 2287 2288 2289 
 85 54 86 900 901 902 903 904 929 928 927 926 925 940 941 942 943 944 2290 2291 2292 2293 2294 2295 2296 2297 2298 2299 
 45 34 85 314 313 312 311 310 895 896 897 898 899 930 931 932 933 934 2300 2301 2302 2303 2304 2305 2306 2307 2308 2309 
 86 39 45 924 923 922 921 920 319 318 317 316 315 935 936 937 938 939 2310 2311 2312 2313 2314 2315 2316 2317 2318 2319 
 86 45 85 939 938 937 936 935 934 933 932 931 930 944 943 942 941 940 2320 2321 2322 2323 2324 2325 2326 2327 2328 2329 
 87 39 86 949 948 947 946 945 920 921 922 923 924 975 976 977 978 979 2330 2331 2332 2333 2334 2335 2336 2337 2338 2339 
 88 55 87 960 961 962 963 964 954 953 952 951 950 965 966 967 968 969 2340 2341 2342 2343 2344 2345 2346 2347 2348 2349 
 86 54 88 925 926 927 928 929 955 956 957 958 959 970 971 972 973 974 2350 2351 2352 2353 2354 2355 2356 2357 2358 2359 
 86 88 87 974 973 972 971 970 969 968 967 966 965 979 978 977 976 975 2360 2361 2362 2363 2364 2365 2366 2367 2368 2369 
 87 55 89 950 951 952 953 954 989 988 987 986 985 1000 1001 1002 1003 1004 2370 2371 2372 2373 2374 2375 2376 2377 2378 2379 
 46 39 87 324 323 322 321 320 945 946 947 948 949 990 991 992 993 994 2380 2381 2382 2383 2384 2385 2386 2387 2388 2389 
 89 38 46 984 983 982 981 980 329 328 327 326 325 995 996 997 998 999 2390 2391 2392 2393 2394 2395 2396 2397 2398 2399 
 89 46 87 999 998 997 996 995 994 993 992 991 990 1004 1003 1002 1001 1000 2400 2401 2402 2403 2404 2405 2406 2407 2408 2409 
 90 55 91 1010 1011 1012 1013 1014 1024 1023 1022 1021 1020 1035 1036 1037 1038 1039 2410 2411 2412 2413 2414 2415 2416 2417 2418 2419 
 25 17 90 194 193 192 191 190 1005 1006 1007 1008 1009 1025 1026 1027 1028 1029 2420 2421 2422 2423 2424 2425 2426 2427 2428 2429 
 91 19 25 1019 1018 1017 1016 1015 199 198 197 196 195 1030 1031 1032 1033 1034 2430 2431 2432 2433 2434 2435 2436 2437 2438 2439 
 91 25 90 1034 1033 1032 1031 1030 1029 1028 1027 1026 1025 1039 1038 1037 1036 1035 2440 2441 2442 2443 2444 2445 2446 2447 2448 2449 
 91 55 88 1020 1021 1022 1023 1024 964 963 962 961 960 1050 1051 1052 1053 1054 2450 2451 2452 2453 2454 2455 2456 2457 2458 2459 
 82 19 91 839 838 837 836 835 1015 1016 1017 1018 1019 1040 1041 1042 1043 1044 2460 2461 2462 2463 2464 2465 2466 2467 2468 2469 
 88 54 82 959 958 957 956 955 844 843 842 841 840 1045 1046 1047 1048 1049 2470 2471 2472 2473 2474 2475 2476 2477 2478 2479 
 88 82 91 1049 1048 1047 1046 1045 1044 1043 1042 1041 1040 1054 1053 1052 1051 1050 2480 2481 2482 2483 2484 2485 2486 2487 2488 2489 
 92 56 93 1060 1061 1062 1063 1064 1074 1073 1072 1071 1070 1085 1086 1087 1088 1089 2490 2491 2492 2493 2494 2495 2496 2497 2498 2499 
 33 31 92 264 263 262 261 260 1055 1056 1057 1058 1059 1075 1076 1077 1078 1079 2500 2501 2502 2503 2504 2505 2506 2507 2508 2509 
 93 4 33 1069 1068 1067 1066 1065 269 268 267 266 265 1080 1081 1082 1083 1084 2510 2511 2512 2513 2514 2515 2516 2517 2518 2519 
 93 33 92 1084 1083 1082 1081 1080 1079 1078 1077 1076 1075 1089 1088 1087 1086 1085 2520 2521 2522 2523 2524 2525 2526 2527 2528 2529 
 93 56 94 1070 1071 1072 1073 1074 1099 1098 1097 1096 1095 1110 1111 1112 1113 1114 2530 2531 2532 2533 2534 2535 2536 2537 2538 2539 
 23 4 93 174 173 172 171 170 1065 1066 1067 1068 1069 1100 1101 1102 1103 1104 2540 2541 2542 2543 2544 2545 2546 2547 2548 2549 
 94 18 23 1094 1093 1092 1091 1090 179 178 177 176 175 1105 1106 1107 1108 1109 2550 2551 2552 2553 2554 2555 2556 2557 2558 2559 
 94 23 93 1109 1108 1107 1106 1105 1104 1103 1102 1101 1100 1114 1113 1112 1111 1110 2560 2561 2562 2563 2564 2565 2566 2567 2568 2569 
 95 56 96 1120 1121 1122 1123 1124 1134 1133 1132 1131 1130 1145 1146 1147 1148 1149 2570 2571 2572 2573 2574 2575 2576 2577 2578 2579 
 48 40 95 344 343 342 341 340 1115 1116 1117 1118 1119 1135 1136 1137 1138 1139 2580 2581 2582 2583 2584 2585 2586 2587 2588 2589 
 96 5 48 1129 1128 1127 1126 1125 349 348 347 346 345 1140 1141 1142 1143 1144 2590 2591 2592 2593 2594 2595 2596 2597 2598 2599 
 96 48 95 1144 1143 1142 1141 1140 1139 1138 1137 1136 1135 1149 1148 1147 1146 1145 2600 2601 2602 2603 2604 2605 2606 2607 2608 2609 
 96 56 92 1130 1131 1132 1133 1134 1064 1063 1062 1061 1060 1160 1161 1162 1163 1164 2610 2611 2612 2613 2614 2615 2616 2617 2618 2619 
 32 5 96 254 253 252 251 250 1125 1126 1127 1128 1129 1150 1151 1152 1153 1154 2620 2621 2622 2623 2624 2625 2626 2627 2628 2629 
 92 31 32 1059 1058 1057 1056 1055 259 258 257 256 255 1155 1156 1157 1158 1159 2630 2631 2632 2633 2634 2635 2636 2637 2638 2639 
 92 32 96 1159 1158 1157 1156 1155 1154 1153 1152 1151 1150 1164 1163 1162 1161 1160 2640 2641 2642 2643 2644 2645 2646 2647 2648 2649 
 97 6 62 1169 1168 1167 1166 1165 395 396 397 398 399 1195 1196 1197 1198 1199 2650 2651 2652 2653 2654 2655 2656 2657 2658 2659 
 98 57 97 1180 1181 1182 1183 1184 1174 1173 1172 1171 1170 1185 1186 1187 1188 1189 2660 2661 2662 2663 2664 2665 2666 2667 2668 2669 
 62 49 98 400 401 402 403 404 1175 1176 1177 1178 1179 1190 1191 1192 1193 1194 2670 2671 2672 2673 2674 2675 2676 2677 2678 2679 
 62 98 97 1194 1193 1192 1191 1190 1189 1188 1187 1186 1185 1199 1198 1197 1196 1195 2680 2681 2682 2683 2684 2685 2686 2687 2688 2689 
 99 57 98 1205 1206 1207 1208 1209 1184 1183 1182 1181 1180 1220 1221 1222 1223 1224 2690 2691 2692 2693 2694 2695 2696 2697 2698 2699 
 59 3 99 354 353 352 351 350 1200 1201 1202 1203 1204 1210 1211 1212 1213 1214 2700 2701 2702 2703 2704 2705 2706 2707 2708 2709 
 98 49 59 1179 1178 1177 1176 1175 359 358 357 356 355 1215 1216 1217 1218 1219 2710 2711 2712 2713 2714 2715 2716 2717 2718 2719 
 98 59 99 1219 1218 1217 1216 1215 1214 1213 1212 1211 1210 1224 1223 1222 1221 1220 2720 2721 2722 2723 2724 2725 2726 2727 2728 2729 
 97 57 100 1170 1171 1172 1173 1174 1234 1233 1232 1231 1230 1245 1246 1247 1248 1249 2730 2731 2732 2733 2734 2735 2736 2737 2738 2739 
 41 6 97 274 273 272 271 270 1165 1166 1167 1168 1169 1235 1236 1237 1238 1239 2740 2741 2742 2743 2744 2745 2746 2747 2748 2749 
 100 36 41 1229 1228 1227 1226 1225 279 278 277 276 275 1240 1241 1242 1243 1244 2750 2751 2752 2753 2754 2755 2756 2757 2758 2759 
 100 41 97 1244 1243 1242 1241 1240 1239 1238 1237 1236 1235 1249 1248 1247 1246 1245 2760 2761 2762 2763 2764 2765 2766 2767 2768 2769 
 100 57 102 1230 1231 1232 1233 1234 1269 1268 1267 1266 1265 1280 1281 1282 1283 1284 2770 2771 2772 2773 2774 2775 2776 2777 2778 2779 
 101 36 100 1254 1253 1252 1251 1250 1225 1226 1227 1228 1229 1270 1271 1272 1273 1274 2780 2781 2782 2783 2784 2785 2786 2787 2788 2789 
 102 50 101 1264 1263 1262 1261 1260 1259 1258 1257 1256 1255 1275 1276 1277 1278 1279 2790 2791 2792 2793 2794 2795 2796 2797 2798 2799 
 102 101 100 1279 1278 1277 1276 1275 1274 1273 1272 1271 1270 1284 1283 1282 1281 1280 2800 2801 2802 2803 2804 2805 2806 2807 2808 2809 
 103 22 68 1289 1288 1287 1286 1285 515 516 517 518 519 1305 1306 1307 1308 1309 2810 2811 2812 2813 2814 2815 2816 2817 2818 2819 
 102 57 103 1265 1266 1267 1268 1269 1294 1293 1292 1291 1290 1295 1296 1297 1298 1299 2820 2821 2822 2823 2824 2825 2826 2827 2828 2829 
 68 50 102 520 521 522 523 524 1260 1261 1262 1263 1264 1300 1301 1302 1303 1304 2830 2831 2832 2833 2834 2835 2836 2837 2838 2839 
 68 102 103 1304 1303 1302 1301 1300 1299 1298 1297 1296 1295 1309 1308 1307 1306 1305 2840 2841 2842 2843 2844 2845 2846 2847 2848 2849 
 103 57 99 1290 1291 1292 1293 1294 1209 1208 1207 1206 1205 1320 1321 1322 1323 1324 2850 2851 2852 2853 2854 2855 2856 2857 2858 2859 
 30 22 103 244 243 242 241 240 1285 1286 1287 1288 1289 1310 1311 1312 1313 1314 2860 2861 2862 2863 2864 2865 2866 2867 2868 2869 
 99 3 30 1204 1203 1202 1201 1200 249 248 247 246 245 1315 1316 1317 1318 1319 2870 2871 2872 2873 2874 2875 2876 2877 2878 2879 
 99 30 103 1319 1318 1317 1316 1315 1314 1313 1312 1311 1310 1324 1323 1322 1321 1320 2880 2881 2882 2883 2884 2885 2886 2887 2888 2889 
 104 18 94 1329 1328 1327 1326 1325 1090 1091 1092 1093 1094 1355 1356 1357 1358 1359 2890 2891 2892 2893 2894 2895 2896 2897 2898 2899 
 105 58 104 1340 1341 1342 1343 1344 1334 1333 1332 1331 1330 1345 1346 1347 1348 1349 2900 2901 2902 2903 2904 2905 2906 2907 2908 2909 
 94 56 105 1095 1096 1097 1098 1099 1335 1336 1337 1338 1339 1350 1351 1352 1353 1354 2910 2911 2912 2913 2914 2915 2916 2917 2918 2919 
 94 105 104 1354 1353 1352 1351 1350 1349 1348 1347 1346 1345 1359 1358 1357 1356 1355 2920 2921 2922 2923 2924 2925 2926 2927 2928 2929 
 104 58 106 1330 1331 1332 1333 1334 1369 1368 1367 1366 1365 1380 1381 1382 1383 1384 2930 2931 2932 2933 2934 2935 2936 2937 2938 2939 
 24 18 104 184 183 182 181 180 1325 1326 1327 1328 1329 1370 1371 1372 1373 1374 2940 2941 2942 2943 2944 2945 2946 2947 2948 2949 
 106 17 24 1364 1363 1362 1361 1360 189 188 187 186 185 1375 1376 1377 1378 1379 2950 2951 2952 2953 2954 2955 2956 2957 2958 2959 
 106 24 104 1379 1378 1377 1376 1375 1374 1373 1372 1371 1370 1384 1383 1382 1381 1380 2960 2961 2962 2963 2964 2965 2966 2967 2968 2969 
 106 58 107 1365 1366 1367 1368 1369 1394 1393 1392 1391 1390 1405 1406 1407 1408 1409 2970 2971 2972 2973 2974 2975 2976 2977 2978 2979 
 90 17 106 1009 1008 1007 1006 1005 1360 1361 1362 1363 1364 1395 1396 1397 1398 1399 2980 2981 2982 2983 2984 2985 2986 2987 2988 2989 
 107 55 90 1389 1388 1387 1386 1385 1014 1013 1012 1011 1010 1400 1401 1402 1403 1404 2990 2991 2992 2993 2994 2995 2996 2997 2998 2999 
 107 90 106 1404 1403 1402 1401 1400 1399 1398 1397 1396 1395 1409 1408 1407 1406 1405 3000 3001 3002 3003 3004 3005 3006 3007 3008 3009 
 108 58 105 1415 1416 1417 1418 1419 1344 1343 1342 1341 1340 1430 1431 1432 1433 1434 3010 3011 3012 3013 3014 3015 3016 3017 3018 3019 
 95 40 108 1119 1118 1117 1116 1115 1410 1411 1412 1413 1414 1420 1421 1422 1423 1424 3020 3021 3022 3023 3024 3025 3026 3027 3028 3029 
 105 56 95 1339 1338 1337 1336 1335 1124 1123 1122 1121 1120 1425 1426 1427 1428 1429 3030 3031 3032 3033 3034 3035 3036 3037 3038 3039 
 105 95 108 1429 1428 1427 1426 1425 1424 1423 1422 1421 1420 1434 1433 1432 1431 1430 3040 3041 3042 3043 3044 3045 3046 3047 3048 3049 
 75 35 42 679 678 677 676 675 289 288 287 286 285 1445 1446 1447 1448 1449 3050 3051 3052 3053 3054 3055 3056 3057 3058 3059 
 101 50 75 1255 1256 1257 1258 1259 684 683 682 681 680 1435 1436 1437 1438 1439 3060 3061 3062 3063 3064 3065 3066 3067 3068 3069 
 42 36 101 284 283 282 281 280 1250 1251 1252 1253 1254 1440 1441 1442 1443 1444 3070 3071 3072 3073 3074 3075 3076 3077 3078 3079 
 42 101 75 1444 1443 1442 1441 1440 1439 1438 1437 1436 1435 1449 1448 1447 1446 1445 3080 3081 3082 3083 3084 3085 3086 3087 3088 3089 
 109 38 89 1454 1453 1452 1451 1450 980 981 982 983 984 1470 1471 1472 1473 1474 3090 3091 3092 3093 3094 3095 3096 3097 3098 3099 
 107 58 109 1390 1391 1392 1393 1394 1459 1458 1457 1456 1455 1460 1461 1462 1463 1464 3100 3101 3102 3103 3104 3105 3106 3107 3108 3109 
 89 55 107 985 986 987 988 989 1385 1386 1387 1388 1389 1465 1466 1467 1468 1469 3110 3111 3112 3113 3114 3115 3116 3117 3118 3119 
 89 107 109 1469 1468 1467 1466 1465 1464 1463 1462 1461 1460 1474 1473 1472 1471 1470 3120 3121 3122 3123 3124 3125 3126 3127 3128 3129 
 109 58 108 1455 1456 1457 1458 1459 1419 1418 1417 1416 1415 1485 1486 1487 1488 1489 3130 3131 3132 3133 3134 3135 3136 3137 3138 3139 
 47 38 109 334 333 332 331 330 1450 1451 1452 1453 1454 1475 1476 1477 1478 1479 3140 3141 3142 3143 3144 3145 3146 3147 3148 3149 
 108 40 47 1414 1413 1412 1411 1410 339 338 337 336 335 1480 1481 1482 1483 1484 3150 3151 3152 3153 3154 3155 3156 3157 3158 3159 
 108 47 109 1484 1483 1482 1481 1480 1479 1478 1477 1476 1475 1489 1488 1487 1486 1485 3160 3161 3162 3163 3164 3165 3166 3167 3168 3169 
 solutionOrder
6 6 6 6 
 6 6 6 6 
 6 6 6 6 
 6 6 6 6 
 6 6 6 6 
 6 6 6 6 
 6 6 6 6 
 6 6 6 6 
 6 6 6 6 
 6 6 6 6 
 6 6 6 6 
 6 6 6 6 
 6 6 6 6 
 6 6 6 6 
 6 6 6 6 
 6 6 6 6 
 6 6 6 6 
 6 6 6 6 
 6 6 6 6 
 6 6 6 6 
 6 6 6 6 
 6 6 6 6 
 6 6 6 6 
 6 6 6 6 
 6 6 6 6 
 6 6 6 6 
 6 6 6 6 
 6 6 6 6 
 6 6 6 6 
 6 6 6 6 
 6 6 6 6 
 6 6 6 6 
 6 6 6 6 
 6 6 6 6 
 6 6 6 6 
 6 6 6 6 
 6 6 6 6 
 6 6 6 6 
 6 6 6 6 
 6 6 6 6 
 6 6 6 6 
 6 6 6 6 
 6 6 6 6 
 6 6 6 6 
 6 6 6 6 
 6 6 6 6 
 6 6 6 6 
 6 6 6 6 
 6 6 6 6 
 6 6 6 6 
 6 6 6 6 
 6 6 6 6 
 6 6 6 6 
 6 6 6 6 
 6 6 6 6 
 6 6 6 6 
 6 6 6 6 
 6 6 6 6 
 6 6 6 6 
 6 6 6 6 
 6 6 6 6 
 6 6 6 6 
 6 6 6 6 
 6 6 6 6 
 6 6 6 6 
 6 6 6 6 
 6 6 6 6 
 6 6 6 6 
 6 6 6 6 
 6 6 6 6 
 6 6 6 6 
 6 6 6 6 
 6 6 6 6 
 6 6 6 6 
 6 6 6 6 
 6 6 6 6 
 6 6 6 6 
 6 6 6 6 
 6 6 6 6 
 6 6 6 6 
 6 6 6 6 
 6 6 6 6 
 6 6 6 6 
 6 6 6 6 
 6 6 6 6 
 6 6 6 6 
 6 6 6 6 
 6 6 6 6 
 6 6 6 6 
 6 6 6 6 
 6 6 6 6 
 6 6 6 6 
 6 6 6 6 
 6 6 6 6 
 6 6 6 6 
 6 6 6 6 
 6 6 6 6 
 6 6 6 6 
 6 6 6 6 
 6 6 6 6 
 6 6 6 6 
 6 6 6 6 
 6 6 6 6 
 6 6 6 6 
 6 6 6 6 
 6 6 6 6 
 6 6 6 6 
 6 6 6 6 
 6 6 6 6 
 6 6 6 6 
 6 6 6 6 
 6 6 6 6 
 6 6 6 6 
 6 6 6 6 
 6 6 6 6 
 6 6 6 6 
 6 6 6 6 
 6 6 6 6 
 6 6 6 6 
 6 6 6 6 
 6 6 6 6 
 6 6 6 6 
 6 6 6 6 
 6 6 6 6 
 6 6 6 6 
 6 6 6 6 
 6 6 6 6 
 6 6 6 6 
 6 6 6 6 
 6 6 6 6 
 6 6 6 6 
 6 6 6 6 
 6 6 6 6 
 6 6 6 6 
 6 6 6 6 
 6 6 6 6 
 6 6 6 6 
 6 6 6 6 
 6 6 6 6 
 6 6 6 6 
 6 6 6 6 
 6 6 6 6 
 6 6 6 6 
 6 6 6 6 
 6 6 6 6 
 6 6 6 6 
 6 6 6 6 
 6 6 6 6 
 6 6 6 6 
 6 6 6 6 
 6 6 6 6 
 6 6 6 6 
 6 6 6 6 
 6 6 6 6 
 6 6 6 6 
 6 6 6 6 
 6 6 6 6 
 6 6 6 6 
 6 6 6 6 
 6 6 6 6 
 6 6 6 6 
 6 6 6 6 
 6 6 6 6 
 6 6 6 6 
 6 6 6 6 
 6 6 6 6 
 6 6 6 6 
 6 6 6 6 
 vertexCoord 
0.000000 0.000000 
 -0.000000 0.200000 
 0.200000 0.000000 
 1.000000 0.000000 
 1.000000 0.200000 
 0.200000 0.200000 
 0.100000 0.000000 
 0.150000 0.000000 
 0.050000 0.000000 
 0.100000 0.200000 
 0.050000 0.200000 
 0.150000 0.200000 
 -0.000000 0.100000 
 0.000000 0.050000 
 -0.000000 0.150000 
 0.600000 0.000000 
 0.800000 0.000000 
 0.900000 0.000000 
 0.700000 0.000000 
 0.400000 0.000000 
 0.500000 0.000000 
 0.300000 0.000000 
 0.950000 0.000000 
 0.850000 0.000000 
 0.750000 0.000000 
 0.650000 0.000000 
 0.550000 0.000000 
 0.450000 0.000000 
 0.350000 0.000000 
 0.250000 0.000000 
 1.000000 0.100000 
 1.000000 0.150000 
 1.000000 0.050000 
 0.600000 0.200000 
 0.400000 0.200000 
 0.300000 0.200000 
 0.500000 0.200000 
 0.800000 0.200000 
 0.700000 0.200000 
 0.900000 0.200000 
 0.250000 0.200000 
 0.350000 0.200000 
 0.450000 0.200000 
 0.550000 0.200000 
 0.650000 0.200000 
 0.750000 0.200000 
 0.850000 0.200000 
 0.950000 0.200000 
 0.151536 0.100293 
 0.350187 0.100115 
 0.058589 0.100049 
 0.450322 0.100000 
 0.550102 0.099995 
 0.650017 0.099988 
 0.750000 0.099936 
 0.941461 0.099976 
 0.250287 0.100068 
 0.848577 0.099985 
 0.175768 0.050146 
 0.125768 0.050146 
 0.125768 0.150146 
 0.175768 0.150146 
 0.079295 0.050024 
 0.029295 0.050024 
 0.029295 0.100024 
 0.105063 0.100171 
 0.375093 0.050058 
 0.325093 0.050058 
 0.029295 0.150024 
 0.079295 0.150024 
 0.475161 0.050000 
 0.425161 0.050000 
 0.400254 0.100058 
 0.425161 0.150000 
 0.375093 0.150058 
 0.475161 0.150000 
 0.525051 0.149998 
 0.500212 0.099998 
 0.575051 0.149998 
 0.575051 0.049998 
 0.525051 0.049998 
 0.675009 0.049994 
 0.625009 0.049994 
 0.600060 0.099992 
 0.625009 0.149994 
 0.675009 0.149994 
 0.725000 0.149968 
 0.700009 0.099962 
 0.775000 0.149968 
 0.775000 0.049968 
 0.725000 0.049968 
 0.970731 0.099988 
 0.970731 0.049988 
 0.920731 0.049988 
 0.920731 0.149988 
 0.970731 0.149988 
 0.225144 0.150034 
 0.200912 0.100180 
 0.225144 0.050034 
 0.275144 0.150034 
 0.325093 0.150058 
 0.300237 0.100092 
 0.275144 0.050034 
 0.874288 0.049993 
 0.895019 0.099981 
 0.824288 0.049993 
 0.799289 0.099960 
 0.874288 0.149993 
 0.824288 0.149993 
 bc_tag 
184 
 110 
 15 
 10 
 5 
 2 
 190 
 190 
 190 
 117 
 117 
 117 
 185 
 185 
 185 
 16 
 16 
 16 
 16 
 16 
 16 
 16 
 16 
 16 
 16 
 16 
 16 
 16 
 16 
 16 
 11 
 11 
 11 
 6 
 6 
 6 
 6 
 6 
 6 
 6 
 6 
 6 
 6 
 6 
 6 
 6 
 6 
 6 
 120 
 120 
 120 
 120 
 120 
 120 
 120 
 120 
 120 
 120 
 120 
 120 
 120 
 120 
 120 
 120 
 120 
 120 
 120 
 120 
 120 
 120 
 120 
 120 
 120 
 120 
 120 
 120 
 120 
 120 
 120 
 120 
 120 
 120 
 120 
 120 
 120 
 120 
 120 
 120 
 120 
 120 
 120 
 120 
 120 
 120 
 120 
 120 
 120 
 120 
 120 
 120 
 120 
 120 
 120 
 120 
 120 
 120 
 120 
 120 
 120 
 190 
 190 
 190 
 190 
 190 
 190 
 190 
 190 
 190 
 190 
 190 
 190 
 190 
 190 
 190 
 190 
 190 
 190 
 190 
 190 
 117 
 117 
 117 
 117 
 117 
 117 
 117 
 117 
 117 
 117 
 117 
 117 
 117 
 117 
 117 
 117 
 117 
 117 
 117 
 117 
 185 
 185 
 185 
 185 
 185 
 185 
 185 
 185 
 185 
 185 
 185 
 185 
 185 
 185 
 185 
 185 
 185 
 185 
 185 
 185 
 16 
 16 
 16 
 16 
 16 
 16 
 16 
 16 
 16 
 16 
 16 
 16 
 16 
 16 
 16 
 16 
 16 
 16 
 16 
 16 
 16 
 16 
 16 
 16 
 16 
 16 
 16 
 16 
 16 
 16 
 16 
 16 
 16 
 16 
 16 
 16 
 16 
 16 
 16 
 16 
 16 
 16 
 16 
 16 
 16 
 16 
 16 
 16 
 16 
 16 
 16 
 16 
 16 
 16 
 16 
 16 
 16 
 16 
 16 
 16 
 16 
 16 
 16 
 16 
 16 
 16 
 16 
 16 
 16 
 16 
 16 
 16 
 16 
 16 
 16 
 16 
 16 
 16 
 16 
 16 
 11 
 11 
 11 
 11 
 11 
 11 
 11 
 11 
 11 
 11 
 11 
 11 
 11 
 11 
 11 
 11 
 11 
 11 
 11 
 11 
 6 
 6 
 6 
 6 
 6 
 6 
 6 
 6 
 6 
 6 
 6 
 6 
 6 
 6 
 6 
 6 
 6 
 6 
 6 
 6 
 6 
 6 
 6 
 6 
 6 
 6 
 6 
 6 
 6 
 6 
 6 
 6 
 6 
 6 
 6 
 6 
 6 
 6 
 6 
 6 
 6 
 6 
 6 
 6 
 6 
 6 
 6 
 6 
 6 
 6 
 6 
 6 
 6 
 6 
 6 
 6 
 6 
 6 
 6 
 6 
 6 
 6 
 6 
 6 
 6 
 6 
 6 
 6 
 6 
 6 
 6 
 6 
 6 
 6 
 6 
 6 
 6 
 6 
 6 
 6 
 120 
 120 
 120 
 120 
 120 
 120 
 120 
 120 
 120 
 120 
 120 
 120 
 120 
 120 
 120 
 120 
 120 
 120 
 120 
 120 
 120 
 120 
 120 
 120 
 120 
 120 
 120 
 120 
 120 
 120 
 120 
 120 
 120 
 120 
 120 
 120 
 120 
 120 
 120 
 120 
 120 
 120 
 120 
 120 
 120 
 120 
 120 
 120 
 120 
 120 
 120 
 120 
 120 
 120 
 120 
 120 
 120 
 120 
 120 
 120 
 120 
 120 
 120 
 120 
 120 
 120 
 120 
 120 
 120 
 120 
 120 
 120 
 120 
 120 
 120 
 120 
 120 
 120 
 120 
 120 
 120 
 120 
 120 
 120 
 120 
 120 
 120 
 120 
 120 
 120 
 120 
 120 
 120 
 120 
 120 
 120 
 120 
 120 
 120 
 120 
 120 
 120 
 120 
 120 
 120 
 120 
 120 
 120 
 120 
 120 
 120 
 120 
 120 
 120 
 120 
 120 
 120 
 120 
 120 
 120 
 120 
 120 
 120 
 120 
 120 
 120 
 120 
 120 
 120 
 120 
 120 
 120 
 120 
 120 
 120 
 120 
 120 
 120 
 120 
 120 
 120 
 120 
 120 
 120 
 120 
 120 
 120 
 120 
 120 
 120 
 120 
 120 
 120 
 120 
 120 
 120 
 120 
 120 
 120 
 120 
 120 
 120 
 120 
 120 
 120 
 120 
 120 
 120 
 120 
 120 
 120 
 120 
 120 
 120 
 120 
 120 
 120 
 120 
 120 
 120 
 120 
 120 
 120 
 120 
 120 
 120 
 120 
 120 
 120 
 120 
 120 
 120 
 120 
 120 
 120 
 120 
 120 
 120 
 120 
 120 
 120 
 120 
 120 
 120 
 120 
 120 
 120 
 120 
 120 
 120 
 120 
 120 
 120 
 120 
 120 
 120 
 120 
 120 
 120 
 120 
 120 
 120 
 120 
 120 
 120 
 120 
 120 
 120 
 120 
 120 
 120 
 120 
 120 
 120 
 120 
 120 
 120 
 120 
 120 
 120 
 120 
 120 
 120 
 120 
 120 
 120 
 120 
 120 
 120 
 120 
 120 
 120 
 120 
 120 
 120 
 120 
 120 
 120 
 120 
 120 
 120 
 120 
 120 
 120 
 120 
 120 
 120 
 120 
 120 
 120 
 120 
 120 
 120 
 120 
 120 
 120 
 120 
 120 
 120 
 120 
 120 
 120 
 120 
 120 
 120 
 120 
 120 
 120 
 120 
 120 
 120 
 120 
 120 
 120 
 120 
 120 
 120 
 120 
 120 
 120 
 120 
 120 
 120 
 120 
 120 
 120 
 120 
 120 
 120 
 120 
 120 
 120 
 120 
 120 
 120 
 120 
 120 
 120 
 120 
 120 
 120 
 120 
 120 
 120 
 120 
 120 
 120 
 120 
 120 
 120 
 120 
 120 
 120 
 120 
 120 
 120 
 120 
 120 
 120 
 120 
 120 
 120 
 120 
 120 
 120 
 120 
 120 
 120 
 120 
 120 
 120 
 120 
 120 
 120 
 120 
 120 
 120 
 120 
 120 
 120 
 120 
 120 
 120 
 120 
 120 
 120 
 120 
 120 
 120 
 120 
 120 
 120 
 120 
 120 
 120 
 120 
 120 
 120 
 120 
 120 
 120 
 120 
 120 
 120 
 120 
 120 
 120 
 120 
 120 
 120 
 120 
 120 
 120 
 120 
 120 
 120 
 120 
 120 
 120 
 120 
 120 
 120 
 120 
 120 
 120 
 120 
 120 
 120 
 120 
 120 
 120 
 120 
 120 
 120 
 120 
 120 
 120 
 120 
 120 
 120 
 120 
 120 
 120 
 120 
 120 
 120 
 120 
 120 
 120 
 120 
 120 
 120 
 120 
 120 
 120 
 120 
 120 
 120 
 120 
 120 
 120 
 120 
 120 
 120 
 120 
 120 
 120 
 120 
 120 
 120 
 120 
 120 
 120 
 120 
 120 
 120 
 120 
 120 
 120 
 120 
 120 
 120 
 120 
 120 
 120 
 120 
 120 
 120 
 120 
 120 
 120 
 120 
 120 
 120 
 120 
 120 
 120 
 120 
 120 
 120 
 120 
 120 
 120 
 120 
 120 
 120 
 120 
 120 
 120 
 120 
 120 
 120 
 120 
 120 
 120 
 120 
 120 
 120 
 120 
 120 
 120 
 120 
 120 
 120 
 120 
 120 
 120 
 120 
 120 
 120 
 120 
 120 
 120 
 120 
 120 
 120 
 120 
 120 
 120 
 120 
 120 
 120 
 120 
 120 
 120 
 120 
 120 
 120 
 120 
 120 
 120 
 120 
 120 
 120 
 120 
 120 
 120 
 120 
 120 
 120 
 120 
 120 
 120 
 120 
 120 
 120 
 120 
 120 
 120 
 120 
 120 
 120 
 120 
 120 
 120 
 120 
 120 
 120 
 120 
 120 
 120 
 120 
 120 
 120 
 120 
 120 
 120 
 120 
 120 
 120 
 120 
 120 
 120 
 120 
 120 
 120 
 120 
 120 
 120 
 120 
 120 
 120 
 120 
 120 
 120 
 120 
 120 
 120 
 120 
 120 
 120 
 120 
 120 
 120 
 120 
 120 
 120 
 120 
 120 
 120 
 120 
 120 
 120 
 120 
 120 
 120 
 120 
 120 
 120 
 120 
 120 
 120 
 120 
 120 
 120 
 120 
 120 
 120 
 120 
 120 
 120 
 120 
 120 
 120 
 120 
 120 
 120 
 120 
 120 
 120 
 120 
 120 
 120 
 120 
 120 
 120 
 120 
 120 
 120 
 120 
 120 
 120 
 120 
 120 
 120 
 120 
 120 
 120 
 120 
 120 
 120 
 120 
 120 
 120 
 120 
 120 
 120 
 120 
 120 
 120 
 120 
 120 
 120 
 120 
 120 
 120 
 120 
 120 
 120 
 120 
 120 
 120 
 120 
 120 
 120 
 120 
 120 
 120 
 120 
 120 
 120 
 120 
 120 
 120 
 120 
 120 
 120 
 120 
 120 
 120 
 120 
 120 
 120 
 120 
 120 
 120 
 120 
 120 
 120 
 120 
 120 
 120 
 120 
 120 
 120 
 120 
 120 
 120 
 120 
 120 
 120 
 120 
 120 
 120 
 120 
 120 
 120 
 120 
 120 
 120 
 120 
 120 
 120 
 120 
 120 
 120 
 120 
 120 
 120 
 120 
 120 
 120 
 120 
 120 
 120 
 120 
 120 
 120 
 120 
 120 
 120 
 120 
 120 
 120 
 120 
 120 
 120 
 120 
 120 
 120 
 120 
 120 
 120 
 120 
 120 
 120 
 120 
 120 
 120 
 120 
 120 
 120 
 120 
 120 
 120 
 120 
 120 
 120 
 120 
 120 
 120 
 120 
 120 
 120 
 120 
 120 
 120 
 120 
 120 
 120 
 120 
 120 
 120 
 120 
 120 
 120 
 120 
 120 
 120 
 120 
 120 
 120 
 120 
 120 
 120 
 120 
 120 
 120 
 120 
 120 
 120 
 120 
 120 
 120 
 120 
 120 
 120 
 120 
 120 
 120 
 120 
 120 
 120 
 120 
 120 
 120 
 120 
 120 
 120 
 120 
 120 
 120 
 120 
 120 
 120 
 120 
 120 
 120 
 120 
 120 
 120 
 120 
 120 
 120 
 120 
 120 
 120 
 120 
 120 
 120 
 120 
 120 
 120 
 120 
 120 
 120 
 120 
 120 
 120 
 120 
 120 
 120 
 120 
 120 
 120 
 120 
 120 
 120 
 120 
 120 
 120 
 120 
 120 
 120 
 120 
 120 
 120 
 120 
 120 
 120 
 120 
 120 
 120 
 120 
 120 
 120 
 120 
 120 
 120 
 120 
 120 
 120 
 120 
 120 
 120 
 120 
 120 
 120 
 120 
 120 
 120 
 120 
 120 
 120 
 120 
 120 
 120 
 120 
 120 
 120 
 120 
 120 
 120 
 120 
 120 
 120 
 120 
 120 
 120 
 120 
 120 
 120 
 120 
 120 
 120 
 120 
 120 
 120 
 120 
 120 
 120 
 120 
 120 
 120 
 120 
 120 
 120 
 120 
 120 
 120 
 120 
 120 
 120 
 120 
 120 
 120 
 120 
 120 
 120 
 120 
 120 
 120 
 120 
 120 
 120 
 120 
 120 
 120 
 120 
 120 
 120 
 120 
 120 
 120 
 120 
 120 
 120 
 120 
 120 
 120 
 120 
 120 
 120 
 120 
 120 
 120 
 120 
 120 
 120 
 120 
 120 
 120 
 120 
 120 
 120 
 120 
 120 
 120 
 120 
 120 
 120 
 120 
 120 
 120 
 120 
 120 
 120 
 120 
 120 
 120 
 120 
 120 
 120 
 120 
 120 
 120 
 120 
 120 
 120 
 120 
 120 
 120 
 120 
 120 
 120 
 120 
 120 
 120 
 120 
 120 
 120 
 120 
 120 
 120 
 120 
 120 
 120 
 120 
 120 
 120 
 120 
 120 
 120 
 120 
 120 
 120 
 120 
 120 
 120 
 120 
 120 
 120 
 120 
 120 
 120 
 120 
 120 
 120 
 120 
 120 
 120 
 120 
 120 
 120 
 120 
 120 
 120 
 120 
 120 
 120 
 120 
 120 
 120 
 120 
 120 
 120 
 120 
 120 
 120 
 120 
 120 
 120 
 120 
 120 
 120 
 120 
 120 
 120 
 120 
 120 
 120 
 120 
 120 
 120 
 120 
 120 
 120 
 120 
 120 
 120 
 120 
 120 
 120 
 120 
 120 
 120 
 120 
 120 
 120 
 120 
 120 
 120 
 120 
 120 
 120 
 120 
 120 
 120 
 120 
 120 
 120 
 120 
 120 
 120 
 120 
 120 
 120 
 120 
 120 
 120 
 120 
 120 
 120 
 120 
 120 
 120 
 120 
 120 
 120 
 120 
 120 
 120 
 120 
 120 
 120 
 120 
 120 
 120 
 120 
 120 
 120 
 120 
 120 
 120 
 120 
 120 
 120 
 120 
 120 
 120 
 120 
 120 
 120 
 120 
 120 
 120 
 120 
 120 
 120 
 120 
 120 
 120 
 120 
 120 
 120 
 120 
 120 
 120 
 120 
 120 
 120 
 120 
 120 
 120 
 120 
 120 
 120 
 120 
 120 
 120 
 120 
 120 
 120 
 120 
 120 
 120 
 120 
 120 
 120 
 120 
 120 
 120 
 120 
 120 
 120 
 120 
 120 
 120 
 120 
 120 
 120 
 120 
 120 
 120 
 120 
 120 
 120 
 120 
 120 
 120 
 120 
 120 
 120 
 120 
 120 
 120 
 120 
 120 
 120 
 120 
 120 
 120 
 120 
 120 
 120 
 120 
 120 
 120 
 120 
 120 
 120 
 120 
 120 
 120 
 120 
 120 
 120 
 120 
 120 
 120 
 120 
 120 
 120 
 120 
 120 
 120 
 120 
 120 
 120 
 120 
 120 
 120 
 120 
 120 
 120 
 120 
 120 
 120 
 120 
 120 
 120 
 120 
 120 
 120 
 120 
 120 
 120 
 120 
 120 
 120 
 120 
 120 
 120 
 120 
 120 
 120 
 120 
 120 
 120 
 120 
 120 
 120 
 120 
 120 
 120 
 120 
 120 
 120 
 120 
 120 
 120 
 120 
 120 
 120 
 120 
 120 
 120 
 120 
 120 
 120 
 120 
 120 
 120 
 120 
 120 
 120 
 120 
 120 
 120 
 120 
 120 
 120 
 120 
 120 
 120 
 120 
 120 
 120 
 120 
 120 
 120 
 120 
 120 
 120 
 120 
 120 
 120 
 120 
 120 
 120 
 120 
 120 
 120 
 120 
 120 
 120 
 120 
 120 
 120 
 120 
 120 
 120 
 120 
 120 
 120 
 120 
 120 
 120 
 120 
 120 
 120 
 120 
 120 
 120 
 120 
 120 
 120 
 120 
 120 
 120 
 120 
 120 
 120 
 120 
 120 
 120 
 120 
 120 
 120 
 120 
 120 
 120 
 120 
 120 
 120 
 120 
 120 
 120 
 120 
 120 
 120 
 120 
 120 
 120 
 120 
 120 
 120 
 120 
 120 
 120 
 120 
 120 
 120 
 120 
 120 
 120 
 120 
 120 
 120 
 120 
 120 
 120 
 120 
 120 
 120 
 120 
 120 
 120 
 120 
 120 
 120 
 120 
 120 
 120 
 120 
 120 
 120 
 120 
 120 
 120 
 120 
 120 
 120 
 120 
 120 
 120 
 120 
 120 
 120 
 120 
 120 
 120 
 120 
 120 
 120 
 120 
 120 
 120 
 120 
 120 
 120 
 120 
 120 
 120 
 120 
 120 
 120 
 120 
 120 
 120 
 120 
 120 
 120 
 120 
 120 
 120 
 120 
 120 
 120 
 120 
 120 
 120 
 120 
 120 
 120 
 120 
 120 
 120 
 120 
 120 
 120 
 120 
 120 
 120 
 120 
 120 
 120 
 120 
 120 
 120 
 120 
 120 
 120 
 120 
 120 
 120 
 120 
 120 
 120 
 120 
 120 
 120 
 120 
 120 
 120 
 120 
 120 
 120 
 120 
 120 
 120 
 120 
 120 
 120 
 120 
 120 
 120 
 120 
 120 
 120 
 120 
 120 
 120 
 120 
 120 
 120 
 120 
 120 
 120 
 120 
 120 
 120 
 120 
 120 
 120 
 120 
 120 
 120 
 120 
 120 
 120 
 120 
 120 
 120 
 120 
 120 
 120 
 120 
 120 
 120 
 120 
 120 
 120 
 120 
 120 
 120 
 120 
 120 
 120 
 120 
 120 
 120 
 120 
 120 
 120 
 120 
 120 
 120 
 120 
 120 
 120 
 120 
 120 
 120 
 120 
 120 
 120 
 120 
 120 
 120 
 120 
 120 
 120 
 120 
 120 
 120 
 120 
 120 
 120 
 120 
 120 
 120 
 120 
 120 
 120 
 120 
 120 
 120 
 120 
 120 
 120 
 120 
 120 
 120 
 120 
 120 
 120 
 120 
 120 
 120 
 120 
 120 
 120 
 120 
 120 
 120 
 120 
 120 
 120 
 120 
 120 
 120 
 120 
 120 
 120 
 120 
 120 
 120 
 120 
 120 
 120 
 120 
 120 
 120 
 120 
 120 
 120 
 120 
 120 
 120 
 120 
 120 
 120 
 120 
 120 
 120 
 120 
 120 
 120 
 120 
 120 
 120 
 120 
 120 
 120 
 120 
 120 
 120 
 120 
 120 
 120 
 120 
 120 
 120 
 120 
 120 
 120 
 120 
 120 
 120 
 120 
 120 
 120 
 120 
 120 
 120 
 120 
 120 
 120 
 120 
 120 
 120 
 120 
 120 
 120 
 120 
 120 
 120 
 120 
 120 
 120 
 120 
 120 
 120 
 120 
 120 
 120 
 120 
 120 
 120 
 120 
 120 
 120 
 120 
 120 
 120 
 120 
 120 
 120 
 120 
 120 
 120 
 120 
 120 
 120 
 120 
 120 
 120 
 120 
 120 
 120 
 120 
 120 
 120 
 120 
 120 
 120 
 120 
 120 
 120 
 120 
 120 
 120 
 120 
 120 
 120 
 120 
 120 
 120 
 120 
 120 
 120 
 120 
 120 
 120 
 120 
 120 
 120 
 120 
 120 
 120 
 120 
 120 
 120 
 120 
 120 
 120 
 120 
 120 
 120 
 120 
 120 
 120 
 120 
 120 
 120 
 120 
 120 
 120 
 120 
 120 
 120 
 120 
 120 
 120 
 120 
 120 
 120 
 120 
 120 
 120 
 120 
 120 
 120 
 120 
 120 
 120 
 120 
 120 
 120 
 120 
 120 
 120 
 120 
 120 
 120 
 120 
 120 
 120 
 120 
 120 
 120 
 120 
 120 
 120 
 120 
 120 
 120 
 120 
 120 
 120 
 120 
 120 
 120 
 120 
 120 
 120 
 120 
 120 
 120 
 120 
 120 
 120 
 120 
 120 
 120 
 120 
 120 
 120 
 120 
 120 
 120 
 120 
 120 
 120 
 120 
 120 
 120 
 120 
 120 
 120 
 120 
 120 
 120 
 120 
 120 
 120 
 120 
 120 
 120 
 120 
 120 
 120 
 120 
 120 
 120 
 120 
 120 
 120 
 120 
 120 
 120 
 120 
 120 
 120 
 120 
 120 
 120 
 120 
 120 
 120 
 120 
 120 
 120 
 120 
 120 
 120 
 120 
 120 
 120 
 120 
 120 
 120 
 120 
 120 
 120 
 120 
 120 
 120 
 120 
 120 
 120 
 120 
 120 
 120 
 120 
 120 
 120 
 120 
 120 
 120 
 120 
 120 
 120 
 120 
 120 
 120 
 120 
 120 
 120 
 120 
 120 
 120 
 120 
 120 
 120 
 120 
 120 
 120 
 120 
 120 
 120 
 120 
 120 
 120 
 120 
 120 
 120 
 120 
 120 
 120 
 120 
 120 
 120 
 120 
 120 
 120 
 120 
 120 
 120 
 120 
 120 
 120 
 120 
 120 
 120 
 120 
 120 
 120 
 120 
 120 
 120 
 120 
 120 
 120 
 120 
 120 
 120 
 120 
 120 
 120 
 120 
 120 
 120 
 120 
 120 
 120 
 120 
 120 
 120 
 120 
 120 
 120 
 120 
 120 
 120 
 120 
 120 
 120 
 120 
 120 
 120 
 120 
 120 
 120 
 120 
 120 
 120 
 120 
 120 
 120 
 120 
 120 
 120 
 120 
 120 
 120 
 120 
 120 
 120 
 120 
 120 
 120 
 120 
 120 
 120 
 120 
 120 
 120 
 120 
 120 
 120 
 120 
 120 
 120 
 120 
 120 
 120 
 120 
 120 
 120 
 120 
 120 
 120 
 120 
 120 
 120 
 120 
 120 
 120 
 120 
 120 
 120 
 120 
 120 
 120 
 120 
 120 
 120 
 120 
 120 
 120 
 120 
 120 
 120 
 120 
 120 
 120 
 120 
 120 
 120 
 120 
 120 
 120 
 120 
 120 
 120 
 120 
 120 
 120 
 120 
 120 
 120 
 120 
 120 
 120 
 120 
 120 
 120 
 120 
 120 
 120 
 120 
 120 
 120 
 120 
 120 
 120 
 120 
 120 
 120 
 120 
 120 
 120 
 120 
 120 
 120 
 120 
 120 
 120 
 120 
 120 
 120 
 120 
 120 
 120 
 120 
 120 
 120 
 120 
 120 
 120 
 120 
 120 
 120 
 120 
 120 
 120 
 120 
 120 
 120 
 120 
 120 
 120 
 120 
 120 
 120 
 120 
 120 
 120 
 120 
 120 
 120 
 120 
 120 
 120 
 120 
 120 
 120 
 120 
 120 
 120 
 120 
 120 
 120 
 120 
 120 
 120 
 120 
 120 
 120 
 120 
 120 
 120 
 120 
 120 
 120 
 120 
 120 
 120 
 120 
 120 
 120 
 120 
 120 
 120 
 120 
 120 
 120 
 120 
 120 
 120 
 120 
 120 
 120 
 120 
 120 
 120 
 120 
 120 
 120 
 120 
 120 
 120 
 120 
 120 
 120 
 120 
 120 
 120 
 120 
 120 
 120 
 120 
 120 
 120 
 120 
 120 
 120 
 120 
 120 
 120 
 120 
 120 
 120 
 120 
 120 
 120 
 120 
 120 
 120 
 120 
 120 
 120 
 120 
 120 
 120 
 120 
 120 
 120 
 120 
 120 
 120 
 120 
 120 
 120 
 120 
 120 
 120 
 120 
 120 
 120 
 120 
 120 
 120 
 120 
 120 
 120 
 120 
 120 
 120 
 120 
 120 
 120 
 120 
 120 
 120 
 120 
 120 
 120 
 120 
 120 
 120 
 120 
 120 
 120 
 120 
 120 
 120 
 120 
 120 
 120 
 120 
 120 
 120 
 120 
 120 
 120 
 120 
 120 
 120 
 120 
 120 
 120 
 120 
 120 
 120 
 120 
 120 
 120 
 120 
 120 
 120 
 120 
 120 
 120 
 120 
 120 
 120 
 120 
 120 
 120 
 120 
 120 
 120 
 120 
 120 
 120 
 120 
 120 
 120 
 120 
 120 
 120 
 120 
 120 
 120 
 120 
 120 
 120 
 120 
 120 
 120 
 120 
 120 
 120 
 120 
 120 
 120 
 120 
 120 
 120 
 120 
 120 
 120 
 120 
 120 
 120 
 120 
 120 
 120 
 120 
 120 
 120 
 120 
 120 
 120 
 120 
 120 
 120 
 120 
 120 
 120 
 120 
 120 
 120 
 120 
 120 
 120 
 120 
 120 
 120 
 120 
 120 
 120 
 120 
 120 
 120 
 120 
 120 
 120 
 120 
 120 
 120 
 120 
 120 
 120 
 120 
 120 
 120 
 120 
 120 
 120 
 120 
 120 
 120 
 120 
 120 
 120 
 120 
 120 
 120 
 120 
 120 
 120 
 120 
 120 
 120 
 120 
 120 
 120 
 120 
 120 
 120 
 120 
 120 
 120 
 120 
 120 
 120 
 120 
 120 
 120 
 120 
 120 
 120 
 120 
 120 
 120 
 120 
 120 
 120 
 120 
 120 
 120 
 120 
 120 
 120 
 120 
 120 
 120 
 120 
 120 
 120 
 120 
 120 
 120 
 120 
 120 
 120 
 120 
 120 
 120 
 120 
 120 
 120 
 120 
 120 
 120 
 120 
 120 
 120 
 120 
 120 
 120 
 120 
 120 
 120 
 120 
 120 
 120 
 120 
 120 
 120 
 120 
 120 
 120 
 120 
 120 
 120 
 120 
 120 
 120 
 120 
 120 
 120 
 120 
 120 
 120 
 120 
 120 
 120 
 120 
 120 
 120 
 120 
 120 
 120 
 120 
 120 
 120 
 120 
 120 
 120 
 120 
 120 
 120 
 120 
 120 
 120 
 120 
 120 
 120 
 120 
 120 
 120 
 120 
 120 
 120 
 120 
 120 
 120 
 120 
 120 
 120 
 120 
 120 
 120 
 120 
 120 
 120 
 120 
 120 
 120 
 120 
 120 
 120 
 120 
 120 
 120 
 120 
 120 
 120 
 120 
 120 
 120 
 120 
 120 
 120 
 120 
 120 
 120 
 120 
 120 
 120 
 120 
 120 
 120 
 120 
 120 
 120 
 120 
 120 
 120 
 120 
 120 
 120 
 120 
 120 
 120 
 120 
 120 
 120 
 120 
 120 
 120 
 120 
 120 
 120 
 120 
 120 
 120 
 120 
 120 
 120 
 120 
 120 
 120 
 120 
 120 
 120 
 120 
 120 
 120 
 120 
 120 
 120 
 120 
 120 
 120 
 120 
 120 
 120 
 120 
 120 
 120 
 120 
 120 
 120 
 120 
 120 
 120 
 120 
 120 
 120 
 120 
 120 
 120 
 120 
 120 
 120 
 120 
 120 
 120 
 120 
 120 
 120 
 120 
 120 
 120 
 120 
 120 
 120 
 120 
 120 
 120 
 120 
 120 
 120 
 120 
 120 
 120 
 120 
 120 
 120 
 120 
 120 
 120 
 120 
 120 
 120 
 120 
 120 
 120 
 120 
 120 
 120 
 120 
 120 
 120 
 120 
 120 
 120 
 120 
 120 
 120 
 120 
 120 
 120 
 120 
 120 
 120 
 120 
 120 
 120 
 120 
 120 
 120 
 120 
 120 
 120 
 120 
 120 
 120 
 120 
 120 
 120 
 120 
 120 
 120 
 120 
 120 
 120 
 120 
 120 
 120 
 120 
 120 
 120 
 120 
 120 
 120 
 120 
 120 
 120 
 120 
 120 
 120 
 120 
 120 
 120 
 120 
 120 
 120 
 120 
 120 
 120 
 120 
 120 
 120 
 120 
 120 
 120 
 120 
 120 
 120 
 120 
 120 
 120 
 120 
 120 
 120 
 120 
 120 
 120 
 120 
 120 
 120 
 120 
 120 
 120 
 120 
 120 
 120 
 120 
 120 
 120 
 120 
 120 
 120 
 120 
 120 
 120 
 120 
 120 
 120 
 120 
 120 
 120 
 120 
 120 
 120 
 120 
 120 
 120 
 120 
 120 
 120 
 120 
 120 
 120 
 120 
 120 
 120 
 120 
 120 
 120 
 120 
 120 
 120 
 120 
 120 
 120 
 120 
 120 
 120 
 120 
 120 
 120 
 120 
 120 
 120 
 120 
 120 
 120 
 120 
 120 
 120 
 120 
 120 
 120 
 120 
 120 
 120 
 120 
 120 
 120 
 120 
 120 
 120 
 120 
 120 
 120 
 120 
 120 
 120 
 120 
 120 
 120 
 120 
 120 
 120 
 120 
 120 
 120 
 120 
 120 
 120 
 120 
 120 
 120 
 120 
 120 
 120 
 120 
 120 
 120 
 120 
 120 
 120 
 120 
 120 
 120 
 120 
 120 
 120 
 120 
 120 
 120 
 120 
 120 
 120 
 120 
 120 
 120 
 120 
 120 
 120 
 120 
 120 
 120 
 120 
 120 
 120 
 120 
 120 
 120 
 120 
 120 
 120 
 edgeUsage
0 1 0 
 1 0 0 
 1 1 0 
 1 1 1 
 0 1 0 
 1 0 0 
 1 1 0 
 1 1 1 
 0 1 0 
 1 0 0 
 1 1 0 
 1 1 1 
 0 1 0 
 1 0 0 
 1 1 0 
 1 1 1 
 1 0 0 
 0 1 0 
 0 0 0 
 1 1 1 
 0 1 0 
 1 0 0 
 1 1 0 
 1 1 1 
 0 1 0 
 1 0 0 
 1 1 0 
 1 1 1 
 0 1 0 
 1 0 0 
 1 1 0 
 1 1 1 
 0 1 0 
 1 0 0 
 1 1 0 
 1 1 1 
 0 1 0 
 1 0 0 
 1 1 0 
 1 1 1 
 0 1 0 
 1 0 0 
 1 1 0 
 1 1 1 
 1 0 0 
 0 1 0 
 0 0 0 
 1 1 1 
 0 1 0 
 1 0 0 
 1 1 0 
 1 1 1 
 1 0 0 
 0 1 0 
 0 0 0 
 1 1 1 
 0 1 0 
 1 0 0 
 1 1 0 
 1 1 1 
 0 1 0 
 1 0 0 
 1 1 0 
 1 1 1 
 0 1 0 
 1 0 0 
 1 1 0 
 1 1 1 
 0 1 0 
 1 0 0 
 1 1 0 
 1 1 1 
 0 1 0 
 1 0 0 
 1 1 0 
 1 1 1 
 1 0 0 
 0 1 0 
 0 0 0 
 1 1 1 
 0 1 0 
 1 0 0 
 1 1 0 
 1 1 1 
 1 0 0 
 0 1 0 
 0 0 0 
 1 1 1 
 0 1 0 
 1 0 0 
 1 1 0 
 1 1 1 
 0 1 0 
 1 0 0 
 1 1 0 
 1 1 1 
 0 1 0 
 1 0 0 
 1 1 0 
 1 1 1 
 0 1 0 
 1 0 0 
 1 1 0 
 1 1 1 
 0 1 0 
 1 0 0 
 1 1 0 
 1 1 1 
 0 1 0 
 1 0 0 
 1 1 0 
 1 1 1 
 0 1 0 
 1 0 0 
 1 1 0 
 1 1 1 
 1 0 0 
 0 1 0 
 0 0 0 
 1 1 1 
 0 1 0 
 1 0 0 
 1 1 0 
 1 1 1 
 0 1 0 
 1 0 0 
 1 1 0 
 1 1 1 
 0 1 0 
 1 0 0 
 1 1 0 
 1 1 1 
 1 0 0 
 0 1 0 
 0 0 0 
 1 1 1 
 0 1 0 
 1 0 0 
 1 1 0 
 1 1 1 
 1 0 0 
 0 1 0 
 0 0 0 
 1 1 1 
 0 1 0 
 1 0 0 
 1 1 0 
 1 1 1 
 0 1 0 
 1 0 0 
 1 1 0 
 1 1 1 
 0 1 0 
 1 0 0 
 1 1 0 
 1 1 1 
 1 1 0 
 0 1 0 
 1 0 0 
 1 1 1 
 1 0 0 
 0 1 0 
 0 0 0 
 1 1 1 
 0 1 0 
 1 0 0 
 1 1 0 
 1 1 1 
 bcElement 48
2 190 3 
3 190 1 
10 190 3 
11 190 1 
14 185 3 
15 185 1 
26 185 3 
27 185 1 
30 117 3 
31 117 1 
6 117 3 
7 117 1 
126 6 3 
127 6 1 
159 6 3 
157 6 1 
50 6 3 
51 6 1 
58 6 3 
59 6 1 
82 6 3 
83 6 1 
90 6 3 
91 6 1 
166 6 3 
167 6 1 
110 6 3 
111 6 1 
114 11 3 
115 11 1 
102 11 3 
103 11 1 
106 16 3 
107 16 1 
146 16 3 
147 16 1 
94 16 3 
95 16 1 
70 16 3 
71 16 1 
62 16 3 
63 16 1 
38 16 3 
39 16 1 
22 16 3 
23 16 1 
138 16 3 
139 16 1 
