Edge min = 0.029269, max=0.057971, average=0.052712;
Grid_size 168
Node_size 109
Total_DOF 4285
edge_Size 276
maxDOF 36
Solution_Order
7 
 meshIEN 
59 49 60 
 8 3 59 
 60 7 8 
 60 8 59 
 61 49 62 
 12 10 61 
 62 6 12 
 62 12 61 
 63 51 64 
 9 7 63 
 64 1 9 
 64 9 63 
 64 51 65 
 14 1 64 
 65 13 14 
 65 14 64 
 63 7 60 
 66 51 63 
 60 49 66 
 60 66 63 
 67 50 68 
 29 20 67 
 68 22 29 
 68 29 67 
 65 51 69 
 15 13 65 
 69 2 15 
 69 15 65 
 69 51 70 
 11 2 69 
 70 10 11 
 70 11 69 
 70 51 66 
 61 10 70 
 66 49 61 
 66 61 70 
 71 52 72 
 28 21 71 
 72 20 28 
 72 28 71 
 72 52 73 
 67 20 72 
 73 50 67 
 73 67 72 
 74 35 75 
 73 52 74 
 75 50 73 
 75 73 74 
 74 52 76 
 43 35 74 
 76 37 43 
 76 43 74 
 77 37 76 
 78 53 77 
 76 52 78 
 76 78 77 
 77 53 79 
 44 37 77 
 79 34 44 
 79 44 77 
 80 53 81 
 27 16 80 
 81 21 27 
 81 27 80 
 81 53 78 
 71 21 81 
 78 52 71 
 78 71 81 
 82 54 83 
 26 19 82 
 83 16 26 
 83 26 82 
 83 54 84 
 80 16 83 
 84 53 80 
 84 80 83 
 85 34 79 
 84 54 85 
 79 53 84 
 79 84 85 
 85 54 86 
 45 34 85 
 86 39 45 
 86 45 85 
 87 39 86 
 88 55 87 
 86 54 88 
 86 88 87 
 87 55 89 
 46 39 87 
 89 38 46 
 89 46 87 
 90 55 91 
 25 17 90 
 91 19 25 
 91 25 90 
 91 55 88 
 82 19 91 
 88 54 82 
 88 82 91 
 92 56 93 
 33 31 92 
 93 4 33 
 93 33 92 
 93 56 94 
 23 4 93 
 94 18 23 
 94 23 93 
 95 56 96 
 48 40 95 
 96 5 48 
 96 48 95 
 96 56 92 
 32 5 96 
 92 31 32 
 92 32 96 
 97 6 62 
 98 57 97 
 62 49 98 
 62 98 97 
 99 57 98 
 59 3 99 
 98 49 59 
 98 59 99 
 97 57 100 
 41 6 97 
 100 36 41 
 100 41 97 
 100 57 102 
 101 36 100 
 102 50 101 
 102 101 100 
 103 22 68 
 102 57 103 
 68 50 102 
 68 102 103 
 103 57 99 
 30 22 103 
 99 3 30 
 99 30 103 
 104 18 94 
 105 58 104 
 94 56 105 
 94 105 104 
 104 58 106 
 24 18 104 
 106 17 24 
 106 24 104 
 106 58 107 
 90 17 106 
 107 55 90 
 107 90 106 
 108 58 105 
 95 40 108 
 105 56 95 
 105 95 108 
 75 35 42 
 101 50 75 
 42 36 101 
 42 101 75 
 109 38 89 
 107 58 109 
 89 55 107 
 89 107 109 
 109 58 108 
 47 38 109 
 108 40 47 
 108 47 109 
 solutionIEN 
59 49 60 404 405 406 407 408 409 421 420 419 418 417 416 434 435 436 437 438 439 1766 1767 1768 1769 1770 1771 1772 1773 1774 1775 1776 1777 1778 1779 1780 
 8 3 59 115 114 113 112 111 110 398 399 400 401 402 403 422 423 424 425 426 427 1781 1782 1783 1784 1785 1786 1787 1788 1789 1790 1791 1792 1793 1794 1795 
 60 7 8 415 414 413 412 411 410 121 120 119 118 117 116 428 429 430 431 432 433 1796 1797 1798 1799 1800 1801 1802 1803 1804 1805 1806 1807 1808 1809 1810 
 60 8 59 433 432 431 430 429 428 427 426 425 424 423 422 439 438 437 436 435 434 1811 1812 1813 1814 1815 1816 1817 1818 1819 1820 1821 1822 1823 1824 1825 
 61 49 62 446 447 448 449 450 451 463 462 461 460 459 458 476 477 478 479 480 481 1826 1827 1828 1829 1830 1831 1832 1833 1834 1835 1836 1837 1838 1839 1840 
 12 10 61 151 150 149 148 147 146 440 441 442 443 444 445 464 465 466 467 468 469 1841 1842 1843 1844 1845 1846 1847 1848 1849 1850 1851 1852 1853 1854 1855 
 62 6 12 457 456 455 454 453 452 157 156 155 154 153 152 470 471 472 473 474 475 1856 1857 1858 1859 1860 1861 1862 1863 1864 1865 1866 1867 1868 1869 1870 
 62 12 61 475 474 473 472 471 470 469 468 467 466 465 464 481 480 479 478 477 476 1871 1872 1873 1874 1875 1876 1877 1878 1879 1880 1881 1882 1883 1884 1885 
 63 51 64 488 489 490 491 492 493 505 504 503 502 501 500 518 519 520 521 522 523 1886 1887 1888 1889 1890 1891 1892 1893 1894 1895 1896 1897 1898 1899 1900 
 9 7 63 127 126 125 124 123 122 482 483 484 485 486 487 506 507 508 509 510 511 1901 1902 1903 1904 1905 1906 1907 1908 1909 1910 1911 1912 1913 1914 1915 
 64 1 9 499 498 497 496 495 494 133 132 131 130 129 128 512 513 514 515 516 517 1916 1917 1918 1919 1920 1921 1922 1923 1924 1925 1926 1927 1928 1929 1930 
 64 9 63 517 516 515 514 513 512 511 510 509 508 507 506 523 522 521 520 519 518 1931 1932 1933 1934 1935 1936 1937 1938 1939 1940 1941 1942 1943 1944 1945 
 64 51 65 500 501 502 503 504 505 535 534 533 532 531 530 548 549 550 551 552 553 1946 1947 1948 1949 1950 1951 1952 1953 1954 1955 1956 1957 1958 1959 1960 
 14 1 64 163 162 161 160 159 158 494 495 496 497 498 499 536 537 538 539 540 541 1961 1962 1963 1964 1965 1966 1967 1968 1969 1970 1971 1972 1973 1974 1975 
 65 13 14 529 528 527 526 525 524 169 168 167 166 165 164 542 543 544 545 546 547 1976 1977 1978 1979 1980 1981 1982 1983 1984 1985 1986 1987 1988 1989 1990 
 65 14 64 547 546 545 544 543 542 541 540 539 538 537 536 553 552 551 550 549 548 1991 1992 1993 1994 1995 1996 1997 1998 1999 2000 2001 2002 2003 2004 2005 
 63 7 60 487 486 485 484 483 482 410 411 412 413 414 415 578 579 580 581 582 583 2006 2007 2008 2009 2010 2011 2012 2013 2014 2015 2016 2017 2018 2019 2020 
 66 51 63 560 561 562 563 564 565 493 492 491 490 489 488 566 567 568 569 570 571 2021 2022 2023 2024 2025 2026 2027 2028 2029 2030 2031 2032 2033 2034 2035 
 60 49 66 416 417 418 419 420 421 554 555 556 557 558 559 572 573 574 575 576 577 2036 2037 2038 2039 2040 2041 2042 2043 2044 2045 2046 2047 2048 2049 2050 
 60 66 63 577 576 575 574 573 572 571 570 569 568 567 566 583 582 581 580 579 578 2051 2052 2053 2054 2055 2056 2057 2058 2059 2060 2061 2062 2063 2064 2065 
 67 50 68 590 591 592 593 594 595 607 606 605 604 603 602 620 621 622 623 624 625 2066 2067 2068 2069 2070 2071 2072 2073 2074 2075 2076 2077 2078 2079 2080 
 29 20 67 259 258 257 256 255 254 584 585 586 587 588 589 608 609 610 611 612 613 2081 2082 2083 2084 2085 2086 2087 2088 2089 2090 2091 2092 2093 2094 2095 
 68 22 29 601 600 599 598 597 596 265 264 263 262 261 260 614 615 616 617 618 619 2096 2097 2098 2099 2100 2101 2102 2103 2104 2105 2106 2107 2108 2109 2110 
 68 29 67 619 618 617 616 615 614 613 612 611 610 609 608 625 624 623 622 621 620 2111 2112 2113 2114 2115 2116 2117 2118 2119 2120 2121 2122 2123 2124 2125 
 65 51 69 530 531 532 533 534 535 637 636 635 634 633 632 650 651 652 653 654 655 2126 2127 2128 2129 2130 2131 2132 2133 2134 2135 2136 2137 2138 2139 2140 
 15 13 65 175 174 173 172 171 170 524 525 526 527 528 529 638 639 640 641 642 643 2141 2142 2143 2144 2145 2146 2147 2148 2149 2150 2151 2152 2153 2154 2155 
 69 2 15 631 630 629 628 627 626 181 180 179 178 177 176 644 645 646 647 648 649 2156 2157 2158 2159 2160 2161 2162 2163 2164 2165 2166 2167 2168 2169 2170 
 69 15 65 649 648 647 646 645 644 643 642 641 640 639 638 655 654 653 652 651 650 2171 2172 2173 2174 2175 2176 2177 2178 2179 2180 2181 2182 2183 2184 2185 
 69 51 70 632 633 634 635 636 637 667 666 665 664 663 662 680 681 682 683 684 685 2186 2187 2188 2189 2190 2191 2192 2193 2194 2195 2196 2197 2198 2199 2200 
 11 2 69 139 138 137 136 135 134 626 627 628 629 630 631 668 669 670 671 672 673 2201 2202 2203 2204 2205 2206 2207 2208 2209 2210 2211 2212 2213 2214 2215 
 70 10 11 661 660 659 658 657 656 145 144 143 142 141 140 674 675 676 677 678 679 2216 2217 2218 2219 2220 2221 2222 2223 2224 2225 2226 2227 2228 2229 2230 
 70 11 69 679 678 677 676 675 674 673 672 671 670 669 668 685 684 683 682 681 680 2231 2232 2233 2234 2235 2236 2237 2238 2239 2240 2241 2242 2243 2244 2245 
 70 51 66 662 663 664 665 666 667 565 564 563 562 561 560 698 699 700 701 702 703 2246 2247 2248 2249 2250 2251 2252 2253 2254 2255 2256 2257 2258 2259 2260 
 61 10 70 445 444 443 442 441 440 656 657 658 659 660 661 686 687 688 689 690 691 2261 2262 2263 2264 2265 2266 2267 2268 2269 2270 2271 2272 2273 2274 2275 
 66 49 61 559 558 557 556 555 554 451 450 449 448 447 446 692 693 694 695 696 697 2276 2277 2278 2279 2280 2281 2282 2283 2284 2285 2286 2287 2288 2289 2290 
 66 61 70 697 696 695 694 693 692 691 690 689 688 687 686 703 702 701 700 699 698 2291 2292 2293 2294 2295 2296 2297 2298 2299 2300 2301 2302 2303 2304 2305 
 71 52 72 710 711 712 713 714 715 727 726 725 724 723 722 740 741 742 743 744 745 2306 2307 2308 2309 2310 2311 2312 2313 2314 2315 2316 2317 2318 2319 2320 
 28 21 71 247 246 245 244 243 242 704 705 706 707 708 709 728 729 730 731 732 733 2321 2322 2323 2324 2325 2326 2327 2328 2329 2330 2331 2332 2333 2334 2335 
 72 20 28 721 720 719 718 717 716 253 252 251 250 249 248 734 735 736 737 738 739 2336 2337 2338 2339 2340 2341 2342 2343 2344 2345 2346 2347 2348 2349 2350 
 72 28 71 739 738 737 736 735 734 733 732 731 730 729 728 745 744 743 742 741 740 2351 2352 2353 2354 2355 2356 2357 2358 2359 2360 2361 2362 2363 2364 2365 
 72 52 73 722 723 724 725 726 727 757 756 755 754 753 752 770 771 772 773 774 775 2366 2367 2368 2369 2370 2371 2372 2373 2374 2375 2376 2377 2378 2379 2380 
 67 20 72 589 588 587 586 585 584 716 717 718 719 720 721 758 759 760 761 762 763 2381 2382 2383 2384 2385 2386 2387 2388 2389 2390 2391 2392 2393 2394 2395 
 73 50 67 751 750 749 748 747 746 595 594 593 592 591 590 764 765 766 767 768 769 2396 2397 2398 2399 2400 2401 2402 2403 2404 2405 2406 2407 2408 2409 2410 
 73 67 72 769 768 767 766 765 764 763 762 761 760 759 758 775 774 773 772 771 770 2411 2412 2413 2414 2415 2416 2417 2418 2419 2420 2421 2422 2423 2424 2425 
 74 35 75 781 780 779 778 777 776 788 789 790 791 792 793 812 813 814 815 816 817 2426 2427 2428 2429 2430 2431 2432 2433 2434 2435 2436 2437 2438 2439 2440 
 73 52 74 752 753 754 755 756 757 787 786 785 784 783 782 800 801 802 803 804 805 2441 2442 2443 2444 2445 2446 2447 2448 2449 2450 2451 2452 2453 2454 2455 
 75 50 73 794 795 796 797 798 799 746 747 748 749 750 751 806 807 808 809 810 811 2456 2457 2458 2459 2460 2461 2462 2463 2464 2465 2466 2467 2468 2469 2470 
 75 73 74 811 810 809 808 807 806 805 804 803 802 801 800 817 816 815 814 813 812 2471 2472 2473 2474 2475 2476 2477 2478 2479 2480 2481 2482 2483 2484 2485 
 74 52 76 782 783 784 785 786 787 829 828 827 826 825 824 842 843 844 845 846 847 2486 2487 2488 2489 2490 2491 2492 2493 2494 2495 2496 2497 2498 2499 2500 
 43 35 74 331 330 329 328 327 326 776 777 778 779 780 781 830 831 832 833 834 835 2501 2502 2503 2504 2505 2506 2507 2508 2509 2510 2511 2512 2513 2514 2515 
 76 37 43 823 822 821 820 819 818 337 336 335 334 333 332 836 837 838 839 840 841 2516 2517 2518 2519 2520 2521 2522 2523 2524 2525 2526 2527 2528 2529 2530 
 76 43 74 841 840 839 838 837 836 835 834 833 832 831 830 847 846 845 844 843 842 2531 2532 2533 2534 2535 2536 2537 2538 2539 2540 2541 2542 2543 2544 2545 
 77 37 76 853 852 851 850 849 848 818 819 820 821 822 823 884 885 886 887 888 889 2546 2547 2548 2549 2550 2551 2552 2553 2554 2555 2556 2557 2558 2559 2560 
 78 53 77 866 867 868 869 870 871 859 858 857 856 855 854 872 873 874 875 876 877 2561 2562 2563 2564 2565 2566 2567 2568 2569 2570 2571 2572 2573 2574 2575 
 76 52 78 824 825 826 827 828 829 860 861 862 863 864 865 878 879 880 881 882 883 2576 2577 2578 2579 2580 2581 2582 2583 2584 2585 2586 2587 2588 2589 2590 
 76 78 77 883 882 881 880 879 878 877 876 875 874 873 872 889 888 887 886 885 884 2591 2592 2593 2594 2595 2596 2597 2598 2599 2600 2601 2602 2603 2604 2605 
 77 53 79 854 855 856 857 858 859 901 900 899 898 897 896 914 915 916 917 918 919 2606 2607 2608 2609 2610 2611 2612 2613 2614 2615 2616 2617 2618 2619 2620 
 44 37 77 343 342 341 340 339 338 848 849 850 851 852 853 902 903 904 905 906 907 2621 2622 2623 2624 2625 2626 2627 2628 2629 2630 2631 2632 2633 2634 2635 
 79 34 44 895 894 893 892 891 890 349 348 347 346 345 344 908 909 910 911 912 913 2636 2637 2638 2639 2640 2641 2642 2643 2644 2645 2646 2647 2648 2649 2650 
 79 44 77 913 912 911 910 909 908 907 906 905 904 903 902 919 918 917 916 915 914 2651 2652 2653 2654 2655 2656 2657 2658 2659 2660 2661 2662 2663 2664 2665 
 80 53 81 926 927 928 929 930 931 943 942 941 940 939 938 956 957 958 959 960 961 2666 2667 2668 2669 2670 2671 2672 2673 2674 2675 2676 2677 2678 2679 2680 
 27 16 80 235 234 233 232 231 230 920 921 922 923 924 925 944 945 946 947 948 949 2681 2682 2683 2684 2685 2686 2687 2688 2689 2690 2691 2692 2693 2694 2695 
 81 21 27 937 936 935 934 933 932 241 240 239 238 237 236 950 951 952 953 954 955 2696 2697 2698 2699 2700 2701 2702 2703 2704 2705 2706 2707 2708 2709 2710 
 81 27 80 955 954 953 952 951 950 949 948 947 946 945 944 961 960 959 958 957 956 2711 2712 2713 2714 2715 2716 2717 2718 2719 2720 2721 2722 2723 2724 2725 
 81 53 78 938 939 940 941 942 943 871 870 869 868 867 866 974 975 976 977 978 979 2726 2727 2728 2729 2730 2731 2732 2733 2734 2735 2736 2737 2738 2739 2740 
 71 21 81 709 708 707 706 705 704 932 933 934 935 936 937 962 963 964 965 966 967 2741 2742 2743 2744 2745 2746 2747 2748 2749 2750 2751 2752 2753 2754 2755 
 78 52 71 865 864 863 862 861 860 715 714 713 712 711 710 968 969 970 971 972 973 2756 2757 2758 2759 2760 2761 2762 2763 2764 2765 2766 2767 2768 2769 2770 
 78 71 81 973 972 971 970 969 968 967 966 965 964 963 962 979 978 977 976 975 974 2771 2772 2773 2774 2775 2776 2777 2778 2779 2780 2781 2782 2783 2784 2785 
 82 54 83 986 987 988 989 990 991 1003 1002 1001 1000 999 998 1016 1017 1018 1019 1020 1021 2786 2787 2788 2789 2790 2791 2792 2793 2794 2795 2796 2797 2798 2799 2800 
 26 19 82 223 222 221 220 219 218 980 981 982 983 984 985 1004 1005 1006 1007 1008 1009 2801 2802 2803 2804 2805 2806 2807 2808 2809 2810 2811 2812 2813 2814 2815 
 83 16 26 997 996 995 994 993 992 229 228 227 226 225 224 1010 1011 1012 1013 1014 1015 2816 2817 2818 2819 2820 2821 2822 2823 2824 2825 2826 2827 2828 2829 2830 
 83 26 82 1015 1014 1013 1012 1011 1010 1009 1008 1007 1006 1005 1004 1021 1020 1019 1018 1017 1016 2831 2832 2833 2834 2835 2836 2837 2838 2839 2840 2841 2842 2843 2844 2845 
 83 54 84 998 999 1000 1001 1002 1003 1033 1032 1031 1030 1029 1028 1046 1047 1048 1049 1050 1051 2846 2847 2848 2849 2850 2851 2852 2853 2854 2855 2856 2857 2858 2859 2860 
 80 16 83 925 924 923 922 921 920 992 993 994 995 996 997 1034 1035 1036 1037 1038 1039 2861 2862 2863 2864 2865 2866 2867 2868 2869 2870 2871 2872 2873 2874 2875 
 84 53 80 1027 1026 1025 1024 1023 1022 931 930 929 928 927 926 1040 1041 1042 1043 1044 1045 2876 2877 2878 2879 2880 2881 2882 2883 2884 2885 2886 2887 2888 2889 2890 
 84 80 83 1045 1044 1043 1042 1041 1040 1039 1038 1037 1036 1035 1034 1051 1050 1049 1048 1047 1046 2891 2892 2893 2894 2895 2896 2897 2898 2899 2900 2901 2902 2903 2904 2905 
 85 34 79 1057 1056 1055 1054 1053 1052 890 891 892 893 894 895 1076 1077 1078 1079 1080 1081 2906 2907 2908 2909 2910 2911 2912 2913 2914 2915 2916 2917 2918 2919 2920 
 84 54 85 1028 1029 1030 1031 1032 1033 1063 1062 1061 1060 1059 1058 1064 1065 1066 1067 1068 1069 2921 2922 2923 2924 2925 2926 2927 2928 2929 2930 2931 2932 2933 2934 2935 
 79 53 84 896 897 898 899 900 901 1022 1023 1024 1025 1026 1027 1070 1071 1072 1073 1074 1075 2936 2937 2938 2939 2940 2941 2942 2943 2944 2945 2946 2947 2948 2949 2950 
 79 84 85 1075 1074 1073 1072 1071 1070 1069 1068 1067 1066 1065 1064 1081 1080 1079 1078 1077 1076 2951 2952 2953 2954 2955 2956 2957 2958 2959 2960 2961 2962 2963 2964 2965 
 85 54 86 1058 1059 1060 1061 1062 1063 1093 1092 1091 1090 1089 1088 1106 1107 1108 1109 1110 1111 2966 2967 2968 2969 2970 2971 2972 2973 2974 2975 2976 2977 2978 2979 2980 
 45 34 85 355 354 353 352 351 350 1052 1053 1054 1055 1056 1057 1094 1095 1096 1097 1098 1099 2981 2982 2983 2984 2985 2986 2987 2988 2989 2990 2991 2992 2993 2994 2995 
 86 39 45 1087 1086 1085 1084 1083 1082 361 360 359 358 357 356 1100 1101 1102 1103 1104 1105 2996 2997 2998 2999 3000 3001 3002 3003 3004 3005 3006 3007 3008 3009 3010 
 86 45 85 1105 1104 1103 1102 1101 1100 1099 1098 1097 1096 1095 1094 1111 1110 1109 1108 1107 1106 3011 3012 3013 3014 3015 3016 3017 3018 3019 3020 3021 3022 3023 3024 3025 
 87 39 86 1117 1116 1115 1114 1113 1112 1082 1083 1084 1085 1086 1087 1148 1149 1150 1151 1152 1153 3026 3027 3028 3029 3030 3031 3032 3033 3034 3035 3036 3037 3038 3039 3040 
 88 55 87 1130 1131 1132 1133 1134 1135 1123 1122 1121 1120 1119 1118 1136 1137 1138 1139 1140 1141 3041 3042 3043 3044 3045 3046 3047 3048 3049 3050 3051 3052 3053 3054 3055 
 86 54 88 1088 1089 1090 1091 1092 1093 1124 1125 1126 1127 1128 1129 1142 1143 1144 1145 1146 1147 3056 3057 3058 3059 3060 3061 3062 3063 3064 3065 3066 3067 3068 3069 3070 
 86 88 87 1147 1146 1145 1144 1143 1142 1141 1140 1139 1138 1137 1136 1153 1152 1151 1150 1149 1148 3071 3072 3073 3074 3075 3076 3077 3078 3079 3080 3081 3082 3083 3084 3085 
 87 55 89 1118 1119 1120 1121 1122 1123 1165 1164 1163 1162 1161 1160 1178 1179 1180 1181 1182 1183 3086 3087 3088 3089 3090 3091 3092 3093 3094 3095 3096 3097 3098 3099 3100 
 46 39 87 367 366 365 364 363 362 1112 1113 1114 1115 1116 1117 1166 1167 1168 1169 1170 1171 3101 3102 3103 3104 3105 3106 3107 3108 3109 3110 3111 3112 3113 3114 3115 
 89 38 46 1159 1158 1157 1156 1155 1154 373 372 371 370 369 368 1172 1173 1174 1175 1176 1177 3116 3117 3118 3119 3120 3121 3122 3123 3124 3125 3126 3127 3128 3129 3130 
 89 46 87 1177 1176 1175 1174 1173 1172 1171 1170 1169 1168 1167 1166 1183 1182 1181 1180 1179 1178 3131 3132 3133 3134 3135 3136 3137 3138 3139 3140 3141 3142 3143 3144 3145 
 90 55 91 1190 1191 1192 1193 1194 1195 1207 1206 1205 1204 1203 1202 1220 1221 1222 1223 1224 1225 3146 3147 3148 3149 3150 3151 3152 3153 3154 3155 3156 3157 3158 3159 3160 
 25 17 90 211 210 209 208 207 206 1184 1185 1186 1187 1188 1189 1208 1209 1210 1211 1212 1213 3161 3162 3163 3164 3165 3166 3167 3168 3169 3170 3171 3172 3173 3174 3175 
 91 19 25 1201 1200 1199 1198 1197 1196 217 216 215 214 213 212 1214 1215 1216 1217 1218 1219 3176 3177 3178 3179 3180 3181 3182 3183 3184 3185 3186 3187 3188 3189 3190 
 91 25 90 1219 1218 1217 1216 1215 1214 1213 1212 1211 1210 1209 1208 1225 1224 1223 1222 1221 1220 3191 3192 3193 3194 3195 3196 3197 3198 3199 3200 3201 3202 3203 3204 3205 
 91 55 88 1202 1203 1204 1205 1206 1207 1135 1134 1133 1132 1131 1130 1238 1239 1240 1241 1242 1243 3206 3207 3208 3209 3210 3211 3212 3213 3214 3215 3216 3217 3218 3219 3220 
 82 19 91 985 984 983 982 981 980 1196 1197 1198 1199 1200 1201 1226 1227 1228 1229 1230 1231 3221 3222 3223 3224 3225 3226 3227 3228 3229 3230 3231 3232 3233 3234 3235 
 88 54 82 1129 1128 1127 1126 1125 1124 991 990 989 988 987 986 1232 1233 1234 1235 1236 1237 3236 3237 3238 3239 3240 3241 3242 3243 3244 3245 3246 3247 3248 3249 3250 
 88 82 91 1237 1236 1235 1234 1233 1232 1231 1230 1229 1228 1227 1226 1243 1242 1241 1240 1239 1238 3251 3252 3253 3254 3255 3256 3257 3258 3259 3260 3261 3262 3263 3264 3265 
 92 56 93 1250 1251 1252 1253 1254 1255 1267 1266 1265 1264 1263 1262 1280 1281 1282 1283 1284 1285 3266 3267 3268 3269 3270 3271 3272 3273 3274 3275 3276 3277 3278 3279 3280 
 33 31 92 295 294 293 292 291 290 1244 1245 1246 1247 1248 1249 1268 1269 1270 1271 1272 1273 3281 3282 3283 3284 3285 3286 3287 3288 3289 3290 3291 3292 3293 3294 3295 
 93 4 33 1261 1260 1259 1258 1257 1256 301 300 299 298 297 296 1274 1275 1276 1277 1278 1279 3296 3297 3298 3299 3300 3301 3302 3303 3304 3305 3306 3307 3308 3309 3310 
 93 33 92 1279 1278 1277 1276 1275 1274 1273 1272 1271 1270 1269 1268 1285 1284 1283 1282 1281 1280 3311 3312 3313 3314 3315 3316 3317 3318 3319 3320 3321 3322 3323 3324 3325 
 93 56 94 1262 1263 1264 1265 1266 1267 1297 1296 1295 1294 1293 1292 1310 1311 1312 1313 1314 1315 3326 3327 3328 3329 3330 3331 3332 3333 3334 3335 3336 3337 3338 3339 3340 
 23 4 93 187 186 185 184 183 182 1256 1257 1258 1259 1260 1261 1298 1299 1300 1301 1302 1303 3341 3342 3343 3344 3345 3346 3347 3348 3349 3350 3351 3352 3353 3354 3355 
 94 18 23 1291 1290 1289 1288 1287 1286 193 192 191 190 189 188 1304 1305 1306 1307 1308 1309 3356 3357 3358 3359 3360 3361 3362 3363 3364 3365 3366 3367 3368 3369 3370 
 94 23 93 1309 1308 1307 1306 1305 1304 1303 1302 1301 1300 1299 1298 1315 1314 1313 1312 1311 1310 3371 3372 3373 3374 3375 3376 3377 3378 3379 3380 3381 3382 3383 3384 3385 
 95 56 96 1322 1323 1324 1325 1326 1327 1339 1338 1337 1336 1335 1334 1352 1353 1354 1355 1356 1357 3386 3387 3388 3389 3390 3391 3392 3393 3394 3395 3396 3397 3398 3399 3400 
 48 40 95 391 390 389 388 387 386 1316 1317 1318 1319 1320 1321 1340 1341 1342 1343 1344 1345 3401 3402 3403 3404 3405 3406 3407 3408 3409 3410 3411 3412 3413 3414 3415 
 96 5 48 1333 1332 1331 1330 1329 1328 397 396 395 394 393 392 1346 1347 1348 1349 1350 1351 3416 3417 3418 3419 3420 3421 3422 3423 3424 3425 3426 3427 3428 3429 3430 
 96 48 95 1351 1350 1349 1348 1347 1346 1345 1344 1343 1342 1341 1340 1357 1356 1355 1354 1353 1352 3431 3432 3433 3434 3435 3436 3437 3438 3439 3440 3441 3442 3443 3444 3445 
 96 56 92 1334 1335 1336 1337 1338 1339 1255 1254 1253 1252 1251 1250 1370 1371 1372 1373 1374 1375 3446 3447 3448 3449 3450 3451 3452 3453 3454 3455 3456 3457 3458 3459 3460 
 32 5 96 283 282 281 280 279 278 1328 1329 1330 1331 1332 1333 1358 1359 1360 1361 1362 1363 3461 3462 3463 3464 3465 3466 3467 3468 3469 3470 3471 3472 3473 3474 3475 
 92 31 32 1249 1248 1247 1246 1245 1244 289 288 287 286 285 284 1364 1365 1366 1367 1368 1369 3476 3477 3478 3479 3480 3481 3482 3483 3484 3485 3486 3487 3488 3489 3490 
 92 32 96 1369 1368 1367 1366 1365 1364 1363 1362 1361 1360 1359 1358 1375 1374 1373 1372 1371 1370 3491 3492 3493 3494 3495 3496 3497 3498 3499 3500 3501 3502 3503 3504 3505 
 97 6 62 1381 1380 1379 1378 1377 1376 452 453 454 455 456 457 1412 1413 1414 1415 1416 1417 3506 3507 3508 3509 3510 3511 3512 3513 3514 3515 3516 3517 3518 3519 3520 
 98 57 97 1394 1395 1396 1397 1398 1399 1387 1386 1385 1384 1383 1382 1400 1401 1402 1403 1404 1405 3521 3522 3523 3524 3525 3526 3527 3528 3529 3530 3531 3532 3533 3534 3535 
 62 49 98 458 459 460 461 462 463 1388 1389 1390 1391 1392 1393 1406 1407 1408 1409 1410 1411 3536 3537 3538 3539 3540 3541 3542 3543 3544 3545 3546 3547 3548 3549 3550 
 62 98 97 1411 1410 1409 1408 1407 1406 1405 1404 1403 1402 1401 1400 1417 1416 1415 1414 1413 1412 3551 3552 3553 3554 3555 3556 3557 3558 3559 3560 3561 3562 3563 3564 3565 
 99 57 98 1424 1425 1426 1427 1428 1429 1399 1398 1397 1396 1395 1394 1442 1443 1444 1445 1446 1447 3566 3567 3568 3569 3570 3571 3572 3573 3574 3575 3576 3577 3578 3579 3580 
 59 3 99 403 402 401 400 399 398 1418 1419 1420 1421 1422 1423 1430 1431 1432 1433 1434 1435 3581 3582 3583 3584 3585 3586 3587 3588 3589 3590 3591 3592 3593 3594 3595 
 98 49 59 1393 1392 1391 1390 1389 1388 409 408 407 406 405 404 1436 1437 1438 1439 1440 1441 3596 3597 3598 3599 3600 3601 3602 3603 3604 3605 3606 3607 3608 3609 3610 
 98 59 99 1441 1440 1439 1438 1437 1436 1435 1434 1433 1432 1431 1430 1447 1446 1445 1444 1443 1442 3611 3612 3613 3614 3615 3616 3617 3618 3619 3620 3621 3622 3623 3624 3625 
 97 57 100 1382 1383 1384 1385 1386 1387 1459 1458 1457 1456 1455 1454 1472 1473 1474 1475 1476 1477 3626 3627 3628 3629 3630 3631 3632 3633 3634 3635 3636 3637 3638 3639 3640 
 41 6 97 307 306 305 304 303 302 1376 1377 1378 1379 1380 1381 1460 1461 1462 1463 1464 1465 3641 3642 3643 3644 3645 3646 3647 3648 3649 3650 3651 3652 3653 3654 3655 
 100 36 41 1453 1452 1451 1450 1449 1448 313 312 311 310 309 308 1466 1467 1468 1469 1470 1471 3656 3657 3658 3659 3660 3661 3662 3663 3664 3665 3666 3667 3668 3669 3670 
 100 41 97 1471 1470 1469 1468 1467 1466 1465 1464 1463 1462 1461 1460 1477 1476 1475 1474 1473 1472 3671 3672 3673 3674 3675 3676 3677 3678 3679 3680 3681 3682 3683 3684 3685 
 100 57 102 1454 1455 1456 1457 1458 1459 1501 1500 1499 1498 1497 1496 1514 1515 1516 1517 1518 1519 3686 3687 3688 3689 3690 3691 3692 3693 3694 3695 3696 3697 3698 3699 3700 
 101 36 100 1483 1482 1481 1480 1479 1478 1448 1449 1450 1451 1452 1453 1502 1503 1504 1505 1506 1507 3701 3702 3703 3704 3705 3706 3707 3708 3709 3710 3711 3712 3713 3714 3715 
 102 50 101 1495 1494 1493 1492 1491 1490 1489 1488 1487 1486 1485 1484 1508 1509 1510 1511 1512 1513 3716 3717 3718 3719 3720 3721 3722 3723 3724 3725 3726 3727 3728 3729 3730 
 102 101 100 1513 1512 1511 1510 1509 1508 1507 1506 1505 1504 1503 1502 1519 1518 1517 1516 1515 1514 3731 3732 3733 3734 3735 3736 3737 3738 3739 3740 3741 3742 3743 3744 3745 
 103 22 68 1525 1524 1523 1522 1521 1520 596 597 598 599 600 601 1544 1545 1546 1547 1548 1549 3746 3747 3748 3749 3750 3751 3752 3753 3754 3755 3756 3757 3758 3759 3760 
 102 57 103 1496 1497 1498 1499 1500 1501 1531 1530 1529 1528 1527 1526 1532 1533 1534 1535 1536 1537 3761 3762 3763 3764 3765 3766 3767 3768 3769 3770 3771 3772 3773 3774 3775 
 68 50 102 602 603 604 605 606 607 1490 1491 1492 1493 1494 1495 1538 1539 1540 1541 1542 1543 3776 3777 3778 3779 3780 3781 3782 3783 3784 3785 3786 3787 3788 3789 3790 
 68 102 103 1543 1542 1541 1540 1539 1538 1537 1536 1535 1534 1533 1532 1549 1548 1547 1546 1545 1544 3791 3792 3793 3794 3795 3796 3797 3798 3799 3800 3801 3802 3803 3804 3805 
 103 57 99 1526 1527 1528 1529 1530 1531 1429 1428 1427 1426 1425 1424 1562 1563 1564 1565 1566 1567 3806 3807 3808 3809 3810 3811 3812 3813 3814 3815 3816 3817 3818 3819 3820 
 30 22 103 271 270 269 268 267 266 1520 1521 1522 1523 1524 1525 1550 1551 1552 1553 1554 1555 3821 3822 3823 3824 3825 3826 3827 3828 3829 3830 3831 3832 3833 3834 3835 
 99 3 30 1423 1422 1421 1420 1419 1418 277 276 275 274 273 272 1556 1557 1558 1559 1560 1561 3836 3837 3838 3839 3840 3841 3842 3843 3844 3845 3846 3847 3848 3849 3850 
 99 30 103 1561 1560 1559 1558 1557 1556 1555 1554 1553 1552 1551 1550 1567 1566 1565 1564 1563 1562 3851 3852 3853 3854 3855 3856 3857 3858 3859 3860 3861 3862 3863 3864 3865 
 104 18 94 1573 1572 1571 1570 1569 1568 1286 1287 1288 1289 1290 1291 1604 1605 1606 1607 1608 1609 3866 3867 3868 3869 3870 3871 3872 3873 3874 3875 3876 3877 3878 3879 3880 
 105 58 104 1586 1587 1588 1589 1590 1591 1579 1578 1577 1576 1575 1574 1592 1593 1594 1595 1596 1597 3881 3882 3883 3884 3885 3886 3887 3888 3889 3890 3891 3892 3893 3894 3895 
 94 56 105 1292 1293 1294 1295 1296 1297 1580 1581 1582 1583 1584 1585 1598 1599 1600 1601 1602 1603 3896 3897 3898 3899 3900 3901 3902 3903 3904 3905 3906 3907 3908 3909 3910 
 94 105 104 1603 1602 1601 1600 1599 1598 1597 1596 1595 1594 1593 1592 1609 1608 1607 1606 1605 1604 3911 3912 3913 3914 3915 3916 3917 3918 3919 3920 3921 3922 3923 3924 3925 
 104 58 106 1574 1575 1576 1577 1578 1579 1621 1620 1619 1618 1617 1616 1634 1635 1636 1637 1638 1639 3926 3927 3928 3929 3930 3931 3932 3933 3934 3935 3936 3937 3938 3939 3940 
 24 18 104 199 198 197 196 195 194 1568 1569 1570 1571 1572 1573 1622 1623 1624 1625 1626 1627 3941 3942 3943 3944 3945 3946 3947 3948 3949 3950 3951 3952 3953 3954 3955 
 106 17 24 1615 1614 1613 1612 1611 1610 205 204 203 202 201 200 1628 1629 1630 1631 1632 1633 3956 3957 3958 3959 3960 3961 3962 3963 3964 3965 3966 3967 3968 3969 3970 
 106 24 104 1633 1632 1631 1630 1629 1628 1627 1626 1625 1624 1623 1622 1639 1638 1637 1636 1635 1634 3971 3972 3973 3974 3975 3976 3977 3978 3979 3980 3981 3982 3983 3984 3985 
 106 58 107 1616 1617 1618 1619 1620 1621 1651 1650 1649 1648 1647 1646 1664 1665 1666 1667 1668 1669 3986 3987 3988 3989 3990 3991 3992 3993 3994 3995 3996 3997 3998 3999 4000 
 90 17 106 1189 1188 1187 1186 1185 1184 1610 1611 1612 1613 1614 1615 1652 1653 1654 1655 1656 1657 4001 4002 4003 4004 4005 4006 4007 4008 4009 4010 4011 4012 4013 4014 4015 
 107 55 90 1645 1644 1643 1642 1641 1640 1195 1194 1193 1192 1191 1190 1658 1659 1660 1661 1662 1663 4016 4017 4018 4019 4020 4021 4022 4023 4024 4025 4026 4027 4028 4029 4030 
 107 90 106 1663 1662 1661 1660 1659 1658 1657 1656 1655 1654 1653 1652 1669 1668 1667 1666 1665 1664 4031 4032 4033 4034 4035 4036 4037 4038 4039 4040 4041 4042 4043 4044 4045 
 108 58 105 1676 1677 1678 1679 1680 1681 1591 1590 1589 1588 1587 1586 1694 1695 1696 1697 1698 1699 4046 4047 4048 4049 4050 4051 4052 4053 4054 4055 4056 4057 4058 4059 4060 
 95 40 108 1321 1320 1319 1318 1317 1316 1670 1671 1672 1673 1674 1675 1682 1683 1684 1685 1686 1687 4061 4062 4063 4064 4065 4066 4067 4068 4069 4070 4071 4072 4073 4074 4075 
 105 56 95 1585 1584 1583 1582 1581 1580 1327 1326 1325 1324 1323 1322 1688 1689 1690 1691 1692 1693 4076 4077 4078 4079 4080 4081 4082 4083 4084 4085 4086 4087 4088 4089 4090 
 105 95 108 1693 1692 1691 1690 1689 1688 1687 1686 1685 1684 1683 1682 1699 1698 1697 1696 1695 1694 4091 4092 4093 4094 4095 4096 4097 4098 4099 4100 4101 4102 4103 4104 4105 
 75 35 42 793 792 791 790 789 788 325 324 323 322 321 320 1712 1713 1714 1715 1716 1717 4106 4107 4108 4109 4110 4111 4112 4113 4114 4115 4116 4117 4118 4119 4120 
 101 50 75 1484 1485 1486 1487 1488 1489 799 798 797 796 795 794 1700 1701 1702 1703 1704 1705 4121 4122 4123 4124 4125 4126 4127 4128 4129 4130 4131 4132 4133 4134 4135 
 42 36 101 319 318 317 316 315 314 1478 1479 1480 1481 1482 1483 1706 1707 1708 1709 1710 1711 4136 4137 4138 4139 4140 4141 4142 4143 4144 4145 4146 4147 4148 4149 4150 
 42 101 75 1711 1710 1709 1708 1707 1706 1705 1704 1703 1702 1701 1700 1717 1716 1715 1714 1713 1712 4151 4152 4153 4154 4155 4156 4157 4158 4159 4160 4161 4162 4163 4164 4165 
 109 38 89 1723 1722 1721 1720 1719 1718 1154 1155 1156 1157 1158 1159 1742 1743 1744 1745 1746 1747 4166 4167 4168 4169 4170 4171 4172 4173 4174 4175 4176 4177 4178 4179 4180 
 107 58 109 1646 1647 1648 1649 1650 1651 1729 1728 1727 1726 1725 1724 1730 1731 1732 1733 1734 1735 4181 4182 4183 4184 4185 4186 4187 4188 4189 4190 4191 4192 4193 4194 4195 
 89 55 107 1160 1161 1162 1163 1164 1165 1640 1641 1642 1643 1644 1645 1736 1737 1738 1739 1740 1741 4196 4197 4198 4199 4200 4201 4202 4203 4204 4205 4206 4207 4208 4209 4210 
 89 107 109 1741 1740 1739 1738 1737 1736 1735 1734 1733 1732 1731 1730 1747 1746 1745 1744 1743 1742 4211 4212 4213 4214 4215 4216 4217 4218 4219 4220 4221 4222 4223 4224 4225 
 109 58 108 1724 1725 1726 1727 1728 1729 1681 1680 1679 1678 1677 1676 1760 1761 1762 1763 1764 1765 4226 4227 4228 4229 4230 4231 4232 4233 4234 4235 4236 4237 4238 4239 4240 
 47 38 109 379 378 377 376 375 374 1718 1719 1720 1721 1722 1723 1748 1749 1750 1751 1752 1753 4241 4242 4243 4244 4245 4246 4247 4248 4249 4250 4251 4252 4253 4254 4255 
 108 40 47 1675 1674 1673 1672 1671 1670 385 384 383 382 381 380 1754 1755 1756 1757 1758 1759 4256 4257 4258 4259 4260 4261 4262 4263 4264 4265 4266 4267 4268 4269 4270 
 108 47 109 1759 1758 1757 1756 1755 1754 1753 1752 1751 1750 1749 1748 1765 1764 1763 1762 1761 1760 4271 4272 4273 4274 4275 4276 4277 4278 4279 4280 4281 4282 4283 4284 4285 
 solutionOrder
7 7 7 7 
 7 7 7 7 
 7 7 7 7 
 7 7 7 7 
 7 7 7 7 
 7 7 7 7 
 7 7 7 7 
 7 7 7 7 
 7 7 7 7 
 7 7 7 7 
 7 7 7 7 
 7 7 7 7 
 7 7 7 7 
 7 7 7 7 
 7 7 7 7 
 7 7 7 7 
 7 7 7 7 
 7 7 7 7 
 7 7 7 7 
 7 7 7 7 
 7 7 7 7 
 7 7 7 7 
 7 7 7 7 
 7 7 7 7 
 7 7 7 7 
 7 7 7 7 
 7 7 7 7 
 7 7 7 7 
 7 7 7 7 
 7 7 7 7 
 7 7 7 7 
 7 7 7 7 
 7 7 7 7 
 7 7 7 7 
 7 7 7 7 
 7 7 7 7 
 7 7 7 7 
 7 7 7 7 
 7 7 7 7 
 7 7 7 7 
 7 7 7 7 
 7 7 7 7 
 7 7 7 7 
 7 7 7 7 
 7 7 7 7 
 7 7 7 7 
 7 7 7 7 
 7 7 7 7 
 7 7 7 7 
 7 7 7 7 
 7 7 7 7 
 7 7 7 7 
 7 7 7 7 
 7 7 7 7 
 7 7 7 7 
 7 7 7 7 
 7 7 7 7 
 7 7 7 7 
 7 7 7 7 
 7 7 7 7 
 7 7 7 7 
 7 7 7 7 
 7 7 7 7 
 7 7 7 7 
 7 7 7 7 
 7 7 7 7 
 7 7 7 7 
 7 7 7 7 
 7 7 7 7 
 7 7 7 7 
 7 7 7 7 
 7 7 7 7 
 7 7 7 7 
 7 7 7 7 
 7 7 7 7 
 7 7 7 7 
 7 7 7 7 
 7 7 7 7 
 7 7 7 7 
 7 7 7 7 
 7 7 7 7 
 7 7 7 7 
 7 7 7 7 
 7 7 7 7 
 7 7 7 7 
 7 7 7 7 
 7 7 7 7 
 7 7 7 7 
 7 7 7 7 
 7 7 7 7 
 7 7 7 7 
 7 7 7 7 
 7 7 7 7 
 7 7 7 7 
 7 7 7 7 
 7 7 7 7 
 7 7 7 7 
 7 7 7 7 
 7 7 7 7 
 7 7 7 7 
 7 7 7 7 
 7 7 7 7 
 7 7 7 7 
 7 7 7 7 
 7 7 7 7 
 7 7 7 7 
 7 7 7 7 
 7 7 7 7 
 7 7 7 7 
 7 7 7 7 
 7 7 7 7 
 7 7 7 7 
 7 7 7 7 
 7 7 7 7 
 7 7 7 7 
 7 7 7 7 
 7 7 7 7 
 7 7 7 7 
 7 7 7 7 
 7 7 7 7 
 7 7 7 7 
 7 7 7 7 
 7 7 7 7 
 7 7 7 7 
 7 7 7 7 
 7 7 7 7 
 7 7 7 7 
 7 7 7 7 
 7 7 7 7 
 7 7 7 7 
 7 7 7 7 
 7 7 7 7 
 7 7 7 7 
 7 7 7 7 
 7 7 7 7 
 7 7 7 7 
 7 7 7 7 
 7 7 7 7 
 7 7 7 7 
 7 7 7 7 
 7 7 7 7 
 7 7 7 7 
 7 7 7 7 
 7 7 7 7 
 7 7 7 7 
 7 7 7 7 
 7 7 7 7 
 7 7 7 7 
 7 7 7 7 
 7 7 7 7 
 7 7 7 7 
 7 7 7 7 
 7 7 7 7 
 7 7 7 7 
 7 7 7 7 
 7 7 7 7 
 7 7 7 7 
 7 7 7 7 
 7 7 7 7 
 7 7 7 7 
 7 7 7 7 
 7 7 7 7 
 7 7 7 7 
 7 7 7 7 
 7 7 7 7 
 7 7 7 7 
 7 7 7 7 
 7 7 7 7 
 vertexCoord 
0.000000 0.000000 
 -0.000000 0.200000 
 0.200000 0.000000 
 1.000000 0.000000 
 1.000000 0.200000 
 0.200000 0.200000 
 0.100000 0.000000 
 0.150000 0.000000 
 0.050000 0.000000 
 0.100000 0.200000 
 0.050000 0.200000 
 0.150000 0.200000 
 -0.000000 0.100000 
 0.000000 0.050000 
 -0.000000 0.150000 
 0.600000 0.000000 
 0.800000 0.000000 
 0.900000 0.000000 
 0.700000 0.000000 
 0.400000 0.000000 
 0.500000 0.000000 
 0.300000 0.000000 
 0.950000 0.000000 
 0.850000 0.000000 
 0.750000 0.000000 
 0.650000 0.000000 
 0.550000 0.000000 
 0.450000 0.000000 
 0.350000 0.000000 
 0.250000 0.000000 
 1.000000 0.100000 
 1.000000 0.150000 
 1.000000 0.050000 
 0.600000 0.200000 
 0.400000 0.200000 
 0.300000 0.200000 
 0.500000 0.200000 
 0.800000 0.200000 
 0.700000 0.200000 
 0.900000 0.200000 
 0.250000 0.200000 
 0.350000 0.200000 
 0.450000 0.200000 
 0.550000 0.200000 
 0.650000 0.200000 
 0.750000 0.200000 
 0.850000 0.200000 
 0.950000 0.200000 
 0.151536 0.100293 
 0.350187 0.100115 
 0.058589 0.100049 
 0.450322 0.100000 
 0.550102 0.099995 
 0.650017 0.099988 
 0.750000 0.099936 
 0.941461 0.099976 
 0.250287 0.100068 
 0.848577 0.099985 
 0.175768 0.050146 
 0.125768 0.050146 
 0.125768 0.150146 
 0.175768 0.150146 
 0.079295 0.050024 
 0.029295 0.050024 
 0.029295 0.100024 
 0.105063 0.100171 
 0.375093 0.050058 
 0.325093 0.050058 
 0.029295 0.150024 
 0.079295 0.150024 
 0.475161 0.050000 
 0.425161 0.050000 
 0.400254 0.100058 
 0.425161 0.150000 
 0.375093 0.150058 
 0.475161 0.150000 
 0.525051 0.149998 
 0.500212 0.099998 
 0.575051 0.149998 
 0.575051 0.049998 
 0.525051 0.049998 
 0.675009 0.049994 
 0.625009 0.049994 
 0.600060 0.099992 
 0.625009 0.149994 
 0.675009 0.149994 
 0.725000 0.149968 
 0.700009 0.099962 
 0.775000 0.149968 
 0.775000 0.049968 
 0.725000 0.049968 
 0.970731 0.099988 
 0.970731 0.049988 
 0.920731 0.049988 
 0.920731 0.149988 
 0.970731 0.149988 
 0.225144 0.150034 
 0.200912 0.100180 
 0.225144 0.050034 
 0.275144 0.150034 
 0.325093 0.150058 
 0.300237 0.100092 
 0.275144 0.050034 
 0.874288 0.049993 
 0.895019 0.099981 
 0.824288 0.049993 
 0.799289 0.099960 
 0.874288 0.149993 
 0.824288 0.149993 
 bc_tag 
184 
 110 
 15 
 10 
 5 
 2 
 190 
 190 
 190 
 117 
 117 
 117 
 185 
 185 
 185 
 16 
 16 
 16 
 16 
 16 
 16 
 16 
 16 
 16 
 16 
 16 
 16 
 16 
 16 
 16 
 11 
 11 
 11 
 6 
 6 
 6 
 6 
 6 
 6 
 6 
 6 
 6 
 6 
 6 
 6 
 6 
 6 
 6 
 120 
 120 
 120 
 120 
 120 
 120 
 120 
 120 
 120 
 120 
 120 
 120 
 120 
 120 
 120 
 120 
 120 
 120 
 120 
 120 
 120 
 120 
 120 
 120 
 120 
 120 
 120 
 120 
 120 
 120 
 120 
 120 
 120 
 120 
 120 
 120 
 120 
 120 
 120 
 120 
 120 
 120 
 120 
 120 
 120 
 120 
 120 
 120 
 120 
 120 
 120 
 120 
 120 
 120 
 120 
 120 
 120 
 120 
 120 
 120 
 120 
 190 
 190 
 190 
 190 
 190 
 190 
 190 
 190 
 190 
 190 
 190 
 190 
 190 
 190 
 190 
 190 
 190 
 190 
 190 
 190 
 190 
 190 
 190 
 190 
 117 
 117 
 117 
 117 
 117 
 117 
 117 
 117 
 117 
 117 
 117 
 117 
 117 
 117 
 117 
 117 
 117 
 117 
 117 
 117 
 117 
 117 
 117 
 117 
 185 
 185 
 185 
 185 
 185 
 185 
 185 
 185 
 185 
 185 
 185 
 185 
 185 
 185 
 185 
 185 
 185 
 185 
 185 
 185 
 185 
 185 
 185 
 185 
 16 
 16 
 16 
 16 
 16 
 16 
 16 
 16 
 16 
 16 
 16 
 16 
 16 
 16 
 16 
 16 
 16 
 16 
 16 
 16 
 16 
 16 
 16 
 16 
 16 
 16 
 16 
 16 
 16 
 16 
 16 
 16 
 16 
 16 
 16 
 16 
 16 
 16 
 16 
 16 
 16 
 16 
 16 
 16 
 16 
 16 
 16 
 16 
 16 
 16 
 16 
 16 
 16 
 16 
 16 
 16 
 16 
 16 
 16 
 16 
 16 
 16 
 16 
 16 
 16 
 16 
 16 
 16 
 16 
 16 
 16 
 16 
 16 
 16 
 16 
 16 
 16 
 16 
 16 
 16 
 16 
 16 
 16 
 16 
 16 
 16 
 16 
 16 
 16 
 16 
 16 
 16 
 16 
 16 
 16 
 16 
 11 
 11 
 11 
 11 
 11 
 11 
 11 
 11 
 11 
 11 
 11 
 11 
 11 
 11 
 11 
 11 
 11 
 11 
 11 
 11 
 11 
 11 
 11 
 11 
 6 
 6 
 6 
 6 
 6 
 6 
 6 
 6 
 6 
 6 
 6 
 6 
 6 
 6 
 6 
 6 
 6 
 6 
 6 
 6 
 6 
 6 
 6 
 6 
 6 
 6 
 6 
 6 
 6 
 6 
 6 
 6 
 6 
 6 
 6 
 6 
 6 
 6 
 6 
 6 
 6 
 6 
 6 
 6 
 6 
 6 
 6 
 6 
 6 
 6 
 6 
 6 
 6 
 6 
 6 
 6 
 6 
 6 
 6 
 6 
 6 
 6 
 6 
 6 
 6 
 6 
 6 
 6 
 6 
 6 
 6 
 6 
 6 
 6 
 6 
 6 
 6 
 6 
 6 
 6 
 6 
 6 
 6 
 6 
 6 
 6 
 6 
 6 
 6 
 6 
 6 
 6 
 6 
 6 
 6 
 6 
 120 
 120 
 120 
 120 
 120 
 120 
 120 
 120 
 120 
 120 
 120 
 120 
 120 
 120 
 120 
 120 
 120 
 120 
 120 
 120 
 120 
 120 
 120 
 120 
 120 
 120 
 120 
 120 
 120 
 120 
 120 
 120 
 120 
 120 
 120 
 120 
 120 
 120 
 120 
 120 
 120 
 120 
 120 
 120 
 120 
 120 
 120 
 120 
 120 
 120 
 120 
 120 
 120 
 120 
 120 
 120 
 120 
 120 
 120 
 120 
 120 
 120 
 120 
 120 
 120 
 120 
 120 
 120 
 120 
 120 
 120 
 120 
 120 
 120 
 120 
 120 
 120 
 120 
 120 
 120 
 120 
 120 
 120 
 120 
 120 
 120 
 120 
 120 
 120 
 120 
 120 
 120 
 120 
 120 
 120 
 120 
 120 
 120 
 120 
 120 
 120 
 120 
 120 
 120 
 120 
 120 
 120 
 120 
 120 
 120 
 120 
 120 
 120 
 120 
 120 
 120 
 120 
 120 
 120 
 120 
 120 
 120 
 120 
 120 
 120 
 120 
 120 
 120 
 120 
 120 
 120 
 120 
 120 
 120 
 120 
 120 
 120 
 120 
 120 
 120 
 120 
 120 
 120 
 120 
 120 
 120 
 120 
 120 
 120 
 120 
 120 
 120 
 120 
 120 
 120 
 120 
 120 
 120 
 120 
 120 
 120 
 120 
 120 
 120 
 120 
 120 
 120 
 120 
 120 
 120 
 120 
 120 
 120 
 120 
 120 
 120 
 120 
 120 
 120 
 120 
 120 
 120 
 120 
 120 
 120 
 120 
 120 
 120 
 120 
 120 
 120 
 120 
 120 
 120 
 120 
 120 
 120 
 120 
 120 
 120 
 120 
 120 
 120 
 120 
 120 
 120 
 120 
 120 
 120 
 120 
 120 
 120 
 120 
 120 
 120 
 120 
 120 
 120 
 120 
 120 
 120 
 120 
 120 
 120 
 120 
 120 
 120 
 120 
 120 
 120 
 120 
 120 
 120 
 120 
 120 
 120 
 120 
 120 
 120 
 120 
 120 
 120 
 120 
 120 
 120 
 120 
 120 
 120 
 120 
 120 
 120 
 120 
 120 
 120 
 120 
 120 
 120 
 120 
 120 
 120 
 120 
 120 
 120 
 120 
 120 
 120 
 120 
 120 
 120 
 120 
 120 
 120 
 120 
 120 
 120 
 120 
 120 
 120 
 120 
 120 
 120 
 120 
 120 
 120 
 120 
 120 
 120 
 120 
 120 
 120 
 120 
 120 
 120 
 120 
 120 
 120 
 120 
 120 
 120 
 120 
 120 
 120 
 120 
 120 
 120 
 120 
 120 
 120 
 120 
 120 
 120 
 120 
 120 
 120 
 120 
 120 
 120 
 120 
 120 
 120 
 120 
 120 
 120 
 120 
 120 
 120 
 120 
 120 
 120 
 120 
 120 
 120 
 120 
 120 
 120 
 120 
 120 
 120 
 120 
 120 
 120 
 120 
 120 
 120 
 120 
 120 
 120 
 120 
 120 
 120 
 120 
 120 
 120 
 120 
 120 
 120 
 120 
 120 
 120 
 120 
 120 
 120 
 120 
 120 
 120 
 120 
 120 
 120 
 120 
 120 
 120 
 120 
 120 
 120 
 120 
 120 
 120 
 120 
 120 
 120 
 120 
 120 
 120 
 120 
 120 
 120 
 120 
 120 
 120 
 120 
 120 
 120 
 120 
 120 
 120 
 120 
 120 
 120 
 120 
 120 
 120 
 120 
 120 
 120 
 120 
 120 
 120 
 120 
 120 
 120 
 120 
 120 
 120 
 120 
 120 
 120 
 120 
 120 
 120 
 120 
 120 
 120 
 120 
 120 
 120 
 120 
 120 
 120 
 120 
 120 
 120 
 120 
 120 
 120 
 120 
 120 
 120 
 120 
 120 
 120 
 120 
 120 
 120 
 120 
 120 
 120 
 120 
 120 
 120 
 120 
 120 
 120 
 120 
 120 
 120 
 120 
 120 
 120 
 120 
 120 
 120 
 120 
 120 
 120 
 120 
 120 
 120 
 120 
 120 
 120 
 120 
 120 
 120 
 120 
 120 
 120 
 120 
 120 
 120 
 120 
 120 
 120 
 120 
 120 
 120 
 120 
 120 
 120 
 120 
 120 
 120 
 120 
 120 
 120 
 120 
 120 
 120 
 120 
 120 
 120 
 120 
 120 
 120 
 120 
 120 
 120 
 120 
 120 
 120 
 120 
 120 
 120 
 120 
 120 
 120 
 120 
 120 
 120 
 120 
 120 
 120 
 120 
 120 
 120 
 120 
 120 
 120 
 120 
 120 
 120 
 120 
 120 
 120 
 120 
 120 
 120 
 120 
 120 
 120 
 120 
 120 
 120 
 120 
 120 
 120 
 120 
 120 
 120 
 120 
 120 
 120 
 120 
 120 
 120 
 120 
 120 
 120 
 120 
 120 
 120 
 120 
 120 
 120 
 120 
 120 
 120 
 120 
 120 
 120 
 120 
 120 
 120 
 120 
 120 
 120 
 120 
 120 
 120 
 120 
 120 
 120 
 120 
 120 
 120 
 120 
 120 
 120 
 120 
 120 
 120 
 120 
 120 
 120 
 120 
 120 
 120 
 120 
 120 
 120 
 120 
 120 
 120 
 120 
 120 
 120 
 120 
 120 
 120 
 120 
 120 
 120 
 120 
 120 
 120 
 120 
 120 
 120 
 120 
 120 
 120 
 120 
 120 
 120 
 120 
 120 
 120 
 120 
 120 
 120 
 120 
 120 
 120 
 120 
 120 
 120 
 120 
 120 
 120 
 120 
 120 
 120 
 120 
 120 
 120 
 120 
 120 
 120 
 120 
 120 
 120 
 120 
 120 
 120 
 120 
 120 
 120 
 120 
 120 
 120 
 120 
 120 
 120 
 120 
 120 
 120 
 120 
 120 
 120 
 120 
 120 
 120 
 120 
 120 
 120 
 120 
 120 
 120 
 120 
 120 
 120 
 120 
 120 
 120 
 120 
 120 
 120 
 120 
 120 
 120 
 120 
 120 
 120 
 120 
 120 
 120 
 120 
 120 
 120 
 120 
 120 
 120 
 120 
 120 
 120 
 120 
 120 
 120 
 120 
 120 
 120 
 120 
 120 
 120 
 120 
 120 
 120 
 120 
 120 
 120 
 120 
 120 
 120 
 120 
 120 
 120 
 120 
 120 
 120 
 120 
 120 
 120 
 120 
 120 
 120 
 120 
 120 
 120 
 120 
 120 
 120 
 120 
 120 
 120 
 120 
 120 
 120 
 120 
 120 
 120 
 120 
 120 
 120 
 120 
 120 
 120 
 120 
 120 
 120 
 120 
 120 
 120 
 120 
 120 
 120 
 120 
 120 
 120 
 120 
 120 
 120 
 120 
 120 
 120 
 120 
 120 
 120 
 120 
 120 
 120 
 120 
 120 
 120 
 120 
 120 
 120 
 120 
 120 
 120 
 120 
 120 
 120 
 120 
 120 
 120 
 120 
 120 
 120 
 120 
 120 
 120 
 120 
 120 
 120 
 120 
 120 
 120 
 120 
 120 
 120 
 120 
 120 
 120 
 120 
 120 
 120 
 120 
 120 
 120 
 120 
 120 
 120 
 120 
 120 
 120 
 120 
 120 
 120 
 120 
 120 
 120 
 120 
 120 
 120 
 120 
 120 
 120 
 120 
 120 
 120 
 120 
 120 
 120 
 120 
 120 
 120 
 120 
 120 
 120 
 120 
 120 
 120 
 120 
 120 
 120 
 120 
 120 
 120 
 120 
 120 
 120 
 120 
 120 
 120 
 120 
 120 
 120 
 120 
 120 
 120 
 120 
 120 
 120 
 120 
 120 
 120 
 120 
 120 
 120 
 120 
 120 
 120 
 120 
 120 
 120 
 120 
 120 
 120 
 120 
 120 
 120 
 120 
 120 
 120 
 120 
 120 
 120 
 120 
 120 
 120 
 120 
 120 
 120 
 120 
 120 
 120 
 120 
 120 
 120 
 120 
 120 
 120 
 120 
 120 
 120 
 120 
 120 
 120 
 120 
 120 
 120 
 120 
 120 
 120 
 120 
 120 
 120 
 120 
 120 
 120 
 120 
 120 
 120 
 120 
 120 
 120 
 120 
 120 
 120 
 120 
 120 
 120 
 120 
 120 
 120 
 120 
 120 
 120 
 120 
 120 
 120 
 120 
 120 
 120 
 120 
 120 
 120 
 120 
 120 
 120 
 120 
 120 
 120 
 120 
 120 
 120 
 120 
 120 
 120 
 120 
 120 
 120 
 120 
 120 
 120 
 120 
 120 
 120 
 120 
 120 
 120 
 120 
 120 
 120 
 120 
 120 
 120 
 120 
 120 
 120 
 120 
 120 
 120 
 120 
 120 
 120 
 120 
 120 
 120 
 120 
 120 
 120 
 120 
 120 
 120 
 120 
 120 
 120 
 120 
 120 
 120 
 120 
 120 
 120 
 120 
 120 
 120 
 120 
 120 
 120 
 120 
 120 
 120 
 120 
 120 
 120 
 120 
 120 
 120 
 120 
 120 
 120 
 120 
 120 
 120 
 120 
 120 
 120 
 120 
 120 
 120 
 120 
 120 
 120 
 120 
 120 
 120 
 120 
 120 
 120 
 120 
 120 
 120 
 120 
 120 
 120 
 120 
 120 
 120 
 120 
 120 
 120 
 120 
 120 
 120 
 120 
 120 
 120 
 120 
 120 
 120 
 120 
 120 
 120 
 120 
 120 
 120 
 120 
 120 
 120 
 120 
 120 
 120 
 120 
 120 
 120 
 120 
 120 
 120 
 120 
 120 
 120 
 120 
 120 
 120 
 120 
 120 
 120 
 120 
 120 
 120 
 120 
 120 
 120 
 120 
 120 
 120 
 120 
 120 
 120 
 120 
 120 
 120 
 120 
 120 
 120 
 120 
 120 
 120 
 120 
 120 
 120 
 120 
 120 
 120 
 120 
 120 
 120 
 120 
 120 
 120 
 120 
 120 
 120 
 120 
 120 
 120 
 120 
 120 
 120 
 120 
 120 
 120 
 120 
 120 
 120 
 120 
 120 
 120 
 120 
 120 
 120 
 120 
 120 
 120 
 120 
 120 
 120 
 120 
 120 
 120 
 120 
 120 
 120 
 120 
 120 
 120 
 120 
 120 
 120 
 120 
 120 
 120 
 120 
 120 
 120 
 120 
 120 
 120 
 120 
 120 
 120 
 120 
 120 
 120 
 120 
 120 
 120 
 120 
 120 
 120 
 120 
 120 
 120 
 120 
 120 
 120 
 120 
 120 
 120 
 120 
 120 
 120 
 120 
 120 
 120 
 120 
 120 
 120 
 120 
 120 
 120 
 120 
 120 
 120 
 120 
 120 
 120 
 120 
 120 
 120 
 120 
 120 
 120 
 120 
 120 
 120 
 120 
 120 
 120 
 120 
 120 
 120 
 120 
 120 
 120 
 120 
 120 
 120 
 120 
 120 
 120 
 120 
 120 
 120 
 120 
 120 
 120 
 120 
 120 
 120 
 120 
 120 
 120 
 120 
 120 
 120 
 120 
 120 
 120 
 120 
 120 
 120 
 120 
 120 
 120 
 120 
 120 
 120 
 120 
 120 
 120 
 120 
 120 
 120 
 120 
 120 
 120 
 120 
 120 
 120 
 120 
 120 
 120 
 120 
 120 
 120 
 120 
 120 
 120 
 120 
 120 
 120 
 120 
 120 
 120 
 120 
 120 
 120 
 120 
 120 
 120 
 120 
 120 
 120 
 120 
 120 
 120 
 120 
 120 
 120 
 120 
 120 
 120 
 120 
 120 
 120 
 120 
 120 
 120 
 120 
 120 
 120 
 120 
 120 
 120 
 120 
 120 
 120 
 120 
 120 
 120 
 120 
 120 
 120 
 120 
 120 
 120 
 120 
 120 
 120 
 120 
 120 
 120 
 120 
 120 
 120 
 120 
 120 
 120 
 120 
 120 
 120 
 120 
 120 
 120 
 120 
 120 
 120 
 120 
 120 
 120 
 120 
 120 
 120 
 120 
 120 
 120 
 120 
 120 
 120 
 120 
 120 
 120 
 120 
 120 
 120 
 120 
 120 
 120 
 120 
 120 
 120 
 120 
 120 
 120 
 120 
 120 
 120 
 120 
 120 
 120 
 120 
 120 
 120 
 120 
 120 
 120 
 120 
 120 
 120 
 120 
 120 
 120 
 120 
 120 
 120 
 120 
 120 
 120 
 120 
 120 
 120 
 120 
 120 
 120 
 120 
 120 
 120 
 120 
 120 
 120 
 120 
 120 
 120 
 120 
 120 
 120 
 120 
 120 
 120 
 120 
 120 
 120 
 120 
 120 
 120 
 120 
 120 
 120 
 120 
 120 
 120 
 120 
 120 
 120 
 120 
 120 
 120 
 120 
 120 
 120 
 120 
 120 
 120 
 120 
 120 
 120 
 120 
 120 
 120 
 120 
 120 
 120 
 120 
 120 
 120 
 120 
 120 
 120 
 120 
 120 
 120 
 120 
 120 
 120 
 120 
 120 
 120 
 120 
 120 
 120 
 120 
 120 
 120 
 120 
 120 
 120 
 120 
 120 
 120 
 120 
 120 
 120 
 120 
 120 
 120 
 120 
 120 
 120 
 120 
 120 
 120 
 120 
 120 
 120 
 120 
 120 
 120 
 120 
 120 
 120 
 120 
 120 
 120 
 120 
 120 
 120 
 120 
 120 
 120 
 120 
 120 
 120 
 120 
 120 
 120 
 120 
 120 
 120 
 120 
 120 
 120 
 120 
 120 
 120 
 120 
 120 
 120 
 120 
 120 
 120 
 120 
 120 
 120 
 120 
 120 
 120 
 120 
 120 
 120 
 120 
 120 
 120 
 120 
 120 
 120 
 120 
 120 
 120 
 120 
 120 
 120 
 120 
 120 
 120 
 120 
 120 
 120 
 120 
 120 
 120 
 120 
 120 
 120 
 120 
 120 
 120 
 120 
 120 
 120 
 120 
 120 
 120 
 120 
 120 
 120 
 120 
 120 
 120 
 120 
 120 
 120 
 120 
 120 
 120 
 120 
 120 
 120 
 120 
 120 
 120 
 120 
 120 
 120 
 120 
 120 
 120 
 120 
 120 
 120 
 120 
 120 
 120 
 120 
 120 
 120 
 120 
 120 
 120 
 120 
 120 
 120 
 120 
 120 
 120 
 120 
 120 
 120 
 120 
 120 
 120 
 120 
 120 
 120 
 120 
 120 
 120 
 120 
 120 
 120 
 120 
 120 
 120 
 120 
 120 
 120 
 120 
 120 
 120 
 120 
 120 
 120 
 120 
 120 
 120 
 120 
 120 
 120 
 120 
 120 
 120 
 120 
 120 
 120 
 120 
 120 
 120 
 120 
 120 
 120 
 120 
 120 
 120 
 120 
 120 
 120 
 120 
 120 
 120 
 120 
 120 
 120 
 120 
 120 
 120 
 120 
 120 
 120 
 120 
 120 
 120 
 120 
 120 
 120 
 120 
 120 
 120 
 120 
 120 
 120 
 120 
 120 
 120 
 120 
 120 
 120 
 120 
 120 
 120 
 120 
 120 
 120 
 120 
 120 
 120 
 120 
 120 
 120 
 120 
 120 
 120 
 120 
 120 
 120 
 120 
 120 
 120 
 120 
 120 
 120 
 120 
 120 
 120 
 120 
 120 
 120 
 120 
 120 
 120 
 120 
 120 
 120 
 120 
 120 
 120 
 120 
 120 
 120 
 120 
 120 
 120 
 120 
 120 
 120 
 120 
 120 
 120 
 120 
 120 
 120 
 120 
 120 
 120 
 120 
 120 
 120 
 120 
 120 
 120 
 120 
 120 
 120 
 120 
 120 
 120 
 120 
 120 
 120 
 120 
 120 
 120 
 120 
 120 
 120 
 120 
 120 
 120 
 120 
 120 
 120 
 120 
 120 
 120 
 120 
 120 
 120 
 120 
 120 
 120 
 120 
 120 
 120 
 120 
 120 
 120 
 120 
 120 
 120 
 120 
 120 
 120 
 120 
 120 
 120 
 120 
 120 
 120 
 120 
 120 
 120 
 120 
 120 
 120 
 120 
 120 
 120 
 120 
 120 
 120 
 120 
 120 
 120 
 120 
 120 
 120 
 120 
 120 
 120 
 120 
 120 
 120 
 120 
 120 
 120 
 120 
 120 
 120 
 120 
 120 
 120 
 120 
 120 
 120 
 120 
 120 
 120 
 120 
 120 
 120 
 120 
 120 
 120 
 120 
 120 
 120 
 120 
 120 
 120 
 120 
 120 
 120 
 120 
 120 
 120 
 120 
 120 
 120 
 120 
 120 
 120 
 120 
 120 
 120 
 120 
 120 
 120 
 120 
 120 
 120 
 120 
 120 
 120 
 120 
 120 
 120 
 120 
 120 
 120 
 120 
 120 
 120 
 120 
 120 
 120 
 120 
 120 
 120 
 120 
 120 
 120 
 120 
 120 
 120 
 120 
 120 
 120 
 120 
 120 
 120 
 120 
 120 
 120 
 120 
 120 
 120 
 120 
 120 
 120 
 120 
 120 
 120 
 120 
 120 
 120 
 120 
 120 
 120 
 120 
 120 
 120 
 120 
 120 
 120 
 120 
 120 
 120 
 120 
 120 
 120 
 120 
 120 
 120 
 120 
 120 
 120 
 120 
 120 
 120 
 120 
 120 
 120 
 120 
 120 
 120 
 120 
 120 
 120 
 120 
 120 
 120 
 120 
 120 
 120 
 120 
 120 
 120 
 120 
 120 
 120 
 120 
 120 
 120 
 120 
 120 
 120 
 120 
 120 
 120 
 120 
 120 
 120 
 120 
 120 
 120 
 120 
 120 
 120 
 120 
 120 
 120 
 120 
 120 
 120 
 120 
 120 
 120 
 120 
 120 
 120 
 120 
 120 
 120 
 120 
 120 
 120 
 120 
 120 
 120 
 120 
 120 
 120 
 120 
 120 
 120 
 120 
 120 
 120 
 120 
 120 
 120 
 120 
 120 
 120 
 120 
 120 
 120 
 120 
 120 
 120 
 120 
 120 
 120 
 120 
 120 
 120 
 120 
 120 
 120 
 120 
 120 
 120 
 120 
 120 
 120 
 120 
 120 
 120 
 120 
 120 
 120 
 120 
 120 
 120 
 120 
 120 
 120 
 120 
 120 
 120 
 120 
 120 
 120 
 120 
 120 
 120 
 120 
 120 
 120 
 120 
 120 
 120 
 120 
 120 
 120 
 120 
 120 
 120 
 120 
 120 
 120 
 120 
 120 
 120 
 120 
 120 
 120 
 120 
 120 
 120 
 120 
 120 
 120 
 120 
 120 
 120 
 120 
 120 
 120 
 120 
 120 
 120 
 120 
 120 
 120 
 120 
 120 
 120 
 120 
 120 
 120 
 120 
 120 
 120 
 120 
 120 
 120 
 120 
 120 
 120 
 120 
 120 
 120 
 120 
 120 
 120 
 120 
 120 
 120 
 120 
 120 
 120 
 120 
 120 
 120 
 120 
 120 
 120 
 120 
 120 
 120 
 120 
 120 
 120 
 120 
 120 
 120 
 120 
 120 
 120 
 120 
 120 
 120 
 120 
 120 
 120 
 120 
 120 
 120 
 120 
 120 
 120 
 120 
 120 
 120 
 120 
 120 
 120 
 120 
 120 
 120 
 120 
 120 
 120 
 120 
 120 
 120 
 120 
 120 
 120 
 120 
 120 
 120 
 120 
 120 
 120 
 120 
 120 
 120 
 120 
 120 
 120 
 120 
 120 
 120 
 120 
 120 
 120 
 120 
 120 
 120 
 120 
 120 
 120 
 120 
 120 
 120 
 120 
 120 
 120 
 120 
 120 
 120 
 120 
 120 
 120 
 120 
 120 
 120 
 120 
 120 
 120 
 120 
 120 
 120 
 120 
 120 
 120 
 120 
 120 
 120 
 120 
 120 
 120 
 120 
 120 
 120 
 120 
 120 
 120 
 120 
 120 
 120 
 120 
 120 
 120 
 120 
 120 
 120 
 120 
 120 
 120 
 120 
 120 
 120 
 120 
 120 
 120 
 120 
 120 
 120 
 120 
 120 
 120 
 120 
 120 
 120 
 120 
 120 
 120 
 120 
 120 
 120 
 120 
 120 
 120 
 120 
 120 
 120 
 120 
 120 
 120 
 120 
 120 
 120 
 120 
 120 
 120 
 120 
 120 
 120 
 120 
 120 
 120 
 120 
 120 
 120 
 120 
 120 
 120 
 120 
 120 
 120 
 120 
 120 
 120 
 120 
 120 
 120 
 120 
 120 
 120 
 120 
 120 
 120 
 120 
 120 
 120 
 120 
 120 
 120 
 120 
 120 
 120 
 120 
 120 
 120 
 120 
 120 
 120 
 120 
 120 
 120 
 120 
 120 
 120 
 120 
 120 
 120 
 120 
 120 
 120 
 120 
 120 
 120 
 120 
 120 
 120 
 120 
 120 
 120 
 120 
 120 
 120 
 120 
 120 
 120 
 120 
 120 
 120 
 120 
 120 
 120 
 120 
 120 
 120 
 120 
 120 
 120 
 120 
 120 
 120 
 120 
 120 
 120 
 120 
 120 
 120 
 120 
 120 
 120 
 120 
 120 
 120 
 120 
 120 
 120 
 120 
 120 
 120 
 120 
 120 
 120 
 120 
 120 
 120 
 120 
 120 
 120 
 120 
 120 
 120 
 120 
 120 
 120 
 120 
 120 
 120 
 120 
 120 
 120 
 120 
 120 
 120 
 120 
 120 
 120 
 120 
 120 
 120 
 120 
 120 
 120 
 120 
 120 
 120 
 120 
 120 
 120 
 120 
 120 
 120 
 120 
 120 
 120 
 120 
 120 
 120 
 120 
 120 
 120 
 120 
 120 
 120 
 120 
 120 
 120 
 120 
 120 
 120 
 120 
 120 
 120 
 120 
 120 
 120 
 120 
 120 
 120 
 120 
 120 
 120 
 120 
 120 
 120 
 120 
 120 
 120 
 120 
 120 
 120 
 120 
 120 
 120 
 120 
 120 
 120 
 120 
 120 
 120 
 120 
 120 
 120 
 120 
 120 
 120 
 120 
 120 
 120 
 120 
 120 
 120 
 120 
 120 
 120 
 120 
 120 
 120 
 120 
 120 
 120 
 120 
 120 
 120 
 120 
 120 
 120 
 120 
 120 
 120 
 120 
 120 
 120 
 120 
 120 
 120 
 120 
 120 
 120 
 120 
 120 
 120 
 120 
 120 
 120 
 120 
 120 
 120 
 120 
 120 
 120 
 120 
 120 
 120 
 120 
 120 
 120 
 120 
 120 
 120 
 120 
 120 
 120 
 120 
 120 
 120 
 120 
 120 
 120 
 120 
 120 
 120 
 120 
 120 
 120 
 120 
 120 
 120 
 120 
 120 
 120 
 120 
 120 
 120 
 120 
 120 
 120 
 120 
 120 
 120 
 120 
 120 
 120 
 120 
 120 
 120 
 120 
 120 
 120 
 120 
 120 
 120 
 120 
 120 
 120 
 120 
 120 
 120 
 120 
 120 
 120 
 120 
 120 
 120 
 120 
 120 
 120 
 120 
 120 
 120 
 120 
 120 
 120 
 120 
 120 
 120 
 120 
 120 
 120 
 120 
 120 
 120 
 120 
 120 
 120 
 120 
 120 
 120 
 120 
 120 
 120 
 120 
 120 
 120 
 120 
 120 
 120 
 120 
 120 
 120 
 120 
 120 
 120 
 120 
 120 
 120 
 120 
 120 
 120 
 120 
 120 
 120 
 120 
 120 
 120 
 120 
 120 
 120 
 120 
 120 
 120 
 120 
 120 
 120 
 120 
 120 
 120 
 120 
 120 
 120 
 120 
 120 
 120 
 120 
 120 
 120 
 120 
 120 
 120 
 120 
 120 
 120 
 120 
 120 
 120 
 120 
 120 
 120 
 120 
 120 
 120 
 120 
 120 
 120 
 120 
 120 
 120 
 120 
 120 
 120 
 120 
 120 
 120 
 120 
 120 
 120 
 120 
 120 
 120 
 120 
 120 
 120 
 120 
 120 
 120 
 120 
 120 
 120 
 120 
 120 
 120 
 120 
 120 
 120 
 120 
 120 
 120 
 120 
 120 
 120 
 120 
 120 
 120 
 120 
 120 
 120 
 120 
 120 
 120 
 120 
 120 
 120 
 120 
 120 
 120 
 120 
 120 
 120 
 120 
 120 
 120 
 120 
 120 
 120 
 120 
 120 
 120 
 120 
 120 
 120 
 120 
 120 
 120 
 120 
 120 
 120 
 120 
 120 
 120 
 120 
 120 
 120 
 120 
 120 
 120 
 120 
 120 
 120 
 120 
 120 
 120 
 120 
 120 
 120 
 120 
 120 
 120 
 120 
 120 
 120 
 120 
 120 
 120 
 120 
 120 
 120 
 120 
 120 
 120 
 120 
 120 
 120 
 120 
 120 
 120 
 120 
 120 
 120 
 120 
 120 
 120 
 120 
 120 
 120 
 120 
 120 
 120 
 120 
 120 
 120 
 120 
 120 
 120 
 120 
 120 
 120 
 120 
 120 
 120 
 120 
 120 
 120 
 120 
 120 
 120 
 120 
 120 
 120 
 120 
 120 
 120 
 120 
 120 
 120 
 120 
 120 
 120 
 120 
 120 
 120 
 120 
 120 
 120 
 120 
 120 
 120 
 120 
 120 
 120 
 120 
 120 
 120 
 120 
 120 
 120 
 120 
 120 
 120 
 120 
 120 
 120 
 120 
 120 
 120 
 120 
 120 
 120 
 120 
 120 
 120 
 120 
 120 
 120 
 120 
 120 
 120 
 120 
 120 
 120 
 120 
 120 
 120 
 120 
 120 
 120 
 120 
 120 
 120 
 120 
 120 
 120 
 120 
 120 
 120 
 120 
 120 
 120 
 120 
 120 
 120 
 120 
 120 
 120 
 120 
 120 
 120 
 120 
 120 
 120 
 120 
 120 
 120 
 120 
 120 
 120 
 120 
 120 
 120 
 120 
 120 
 120 
 120 
 120 
 120 
 120 
 120 
 120 
 120 
 120 
 120 
 120 
 120 
 120 
 120 
 120 
 120 
 120 
 120 
 120 
 120 
 120 
 120 
 120 
 120 
 120 
 120 
 120 
 120 
 120 
 120 
 120 
 120 
 120 
 120 
 120 
 120 
 120 
 120 
 120 
 120 
 120 
 120 
 120 
 120 
 120 
 120 
 120 
 120 
 120 
 120 
 120 
 120 
 120 
 120 
 120 
 120 
 120 
 120 
 120 
 120 
 120 
 120 
 120 
 120 
 120 
 120 
 120 
 120 
 120 
 120 
 120 
 120 
 120 
 120 
 120 
 120 
 120 
 120 
 120 
 120 
 120 
 120 
 120 
 120 
 120 
 120 
 120 
 120 
 120 
 120 
 120 
 120 
 120 
 120 
 120 
 120 
 120 
 120 
 120 
 120 
 120 
 120 
 120 
 120 
 120 
 120 
 120 
 120 
 120 
 120 
 120 
 120 
 120 
 120 
 120 
 120 
 120 
 120 
 120 
 120 
 120 
 120 
 120 
 120 
 120 
 120 
 120 
 120 
 120 
 120 
 120 
 120 
 120 
 120 
 120 
 120 
 120 
 120 
 120 
 120 
 120 
 120 
 120 
 120 
 120 
 120 
 120 
 120 
 120 
 120 
 120 
 120 
 120 
 120 
 120 
 120 
 120 
 120 
 120 
 120 
 120 
 120 
 120 
 120 
 120 
 120 
 120 
 120 
 120 
 120 
 120 
 120 
 120 
 120 
 120 
 120 
 120 
 120 
 120 
 120 
 120 
 120 
 120 
 120 
 120 
 120 
 120 
 120 
 120 
 120 
 120 
 120 
 120 
 120 
 120 
 120 
 120 
 120 
 120 
 120 
 120 
 120 
 120 
 120 
 120 
 120 
 120 
 120 
 120 
 120 
 120 
 120 
 120 
 120 
 120 
 120 
 120 
 120 
 120 
 120 
 120 
 120 
 120 
 120 
 120 
 120 
 120 
 120 
 120 
 120 
 120 
 120 
 120 
 120 
 120 
 120 
 120 
 120 
 120 
 120 
 120 
 120 
 120 
 120 
 120 
 120 
 120 
 120 
 120 
 120 
 120 
 120 
 120 
 120 
 120 
 120 
 120 
 120 
 120 
 120 
 120 
 120 
 120 
 120 
 120 
 120 
 120 
 120 
 120 
 120 
 120 
 120 
 120 
 120 
 120 
 120 
 120 
 120 
 120 
 120 
 120 
 120 
 120 
 120 
 120 
 120 
 120 
 120 
 120 
 120 
 120 
 120 
 120 
 120 
 120 
 120 
 120 
 120 
 120 
 120 
 120 
 120 
 120 
 120 
 120 
 120 
 120 
 120 
 120 
 120 
 120 
 120 
 120 
 120 
 120 
 120 
 120 
 120 
 120 
 120 
 120 
 120 
 120 
 120 
 120 
 120 
 120 
 120 
 120 
 120 
 120 
 120 
 120 
 120 
 120 
 120 
 120 
 120 
 120 
 120 
 120 
 120 
 120 
 120 
 120 
 120 
 120 
 120 
 120 
 120 
 120 
 120 
 120 
 120 
 120 
 120 
 120 
 120 
 120 
 120 
 120 
 120 
 120 
 120 
 120 
 120 
 120 
 120 
 120 
 120 
 120 
 120 
 120 
 120 
 120 
 120 
 120 
 120 
 120 
 120 
 120 
 120 
 120 
 120 
 120 
 120 
 120 
 120 
 120 
 120 
 120 
 120 
 120 
 120 
 120 
 120 
 120 
 120 
 120 
 120 
 120 
 120 
 120 
 120 
 120 
 120 
 120 
 120 
 120 
 120 
 120 
 120 
 120 
 120 
 120 
 120 
 120 
 120 
 120 
 120 
 120 
 120 
 120 
 120 
 120 
 120 
 120 
 120 
 120 
 120 
 120 
 120 
 120 
 120 
 120 
 120 
 120 
 120 
 120 
 120 
 120 
 120 
 120 
 120 
 120 
 120 
 120 
 120 
 120 
 120 
 120 
 120 
 120 
 120 
 120 
 120 
 120 
 120 
 120 
 120 
 120 
 120 
 120 
 120 
 120 
 120 
 120 
 120 
 120 
 120 
 120 
 120 
 120 
 120 
 120 
 120 
 120 
 120 
 120 
 120 
 120 
 120 
 120 
 120 
 120 
 120 
 120 
 120 
 120 
 120 
 120 
 120 
 120 
 120 
 120 
 120 
 120 
 120 
 120 
 120 
 120 
 120 
 120 
 120 
 120 
 120 
 120 
 120 
 120 
 120 
 120 
 120 
 120 
 120 
 120 
 120 
 120 
 120 
 120 
 120 
 120 
 120 
 120 
 120 
 120 
 120 
 120 
 120 
 120 
 120 
 120 
 120 
 120 
 120 
 120 
 120 
 120 
 120 
 120 
 120 
 120 
 120 
 120 
 120 
 120 
 120 
 120 
 120 
 120 
 120 
 120 
 120 
 120 
 120 
 120 
 120 
 120 
 120 
 120 
 120 
 120 
 120 
 120 
 120 
 120 
 120 
 120 
 120 
 120 
 120 
 120 
 120 
 120 
 120 
 120 
 120 
 120 
 120 
 120 
 120 
 120 
 120 
 120 
 120 
 120 
 120 
 120 
 120 
 120 
 120 
 120 
 120 
 120 
 120 
 120 
 120 
 120 
 120 
 120 
 120 
 120 
 120 
 120 
 120 
 120 
 120 
 120 
 120 
 120 
 120 
 120 
 120 
 120 
 120 
 120 
 120 
 120 
 120 
 120 
 120 
 120 
 120 
 120 
 120 
 120 
 120 
 120 
 120 
 120 
 120 
 120 
 120 
 120 
 120 
 120 
 120 
 120 
 120 
 120 
 120 
 120 
 120 
 120 
 120 
 120 
 120 
 120 
 120 
 120 
 120 
 120 
 120 
 120 
 120 
 120 
 120 
 120 
 120 
 120 
 120 
 120 
 120 
 120 
 120 
 120 
 120 
 120 
 120 
 120 
 120 
 120 
 120 
 120 
 120 
 120 
 120 
 120 
 120 
 120 
 120 
 120 
 120 
 120 
 120 
 120 
 120 
 120 
 120 
 120 
 120 
 120 
 120 
 120 
 120 
 120 
 120 
 120 
 120 
 120 
 120 
 120 
 120 
 120 
 120 
 120 
 120 
 120 
 120 
 120 
 120 
 120 
 120 
 120 
 120 
 120 
 120 
 120 
 120 
 120 
 120 
 120 
 120 
 120 
 120 
 120 
 120 
 120 
 120 
 120 
 120 
 120 
 120 
 120 
 120 
 120 
 120 
 120 
 120 
 120 
 120 
 120 
 120 
 120 
 120 
 120 
 120 
 120 
 120 
 120 
 120 
 120 
 120 
 120 
 120 
 120 
 120 
 120 
 120 
 120 
 120 
 120 
 120 
 120 
 120 
 120 
 120 
 120 
 120 
 120 
 120 
 120 
 120 
 120 
 120 
 120 
 120 
 120 
 120 
 120 
 120 
 120 
 120 
 120 
 120 
 120 
 120 
 120 
 120 
 120 
 120 
 120 
 120 
 120 
 120 
 120 
 120 
 120 
 120 
 120 
 120 
 120 
 120 
 120 
 120 
 120 
 120 
 120 
 120 
 120 
 120 
 120 
 120 
 120 
 120 
 120 
 120 
 120 
 120 
 120 
 120 
 120 
 120 
 120 
 120 
 120 
 120 
 120 
 120 
 120 
 120 
 120 
 120 
 120 
 120 
 120 
 120 
 120 
 120 
 120 
 120 
 120 
 120 
 120 
 120 
 120 
 120 
 120 
 120 
 120 
 120 
 120 
 120 
 120 
 120 
 120 
 120 
 120 
 120 
 120 
 120 
 120 
 120 
 120 
 120 
 120 
 120 
 120 
 120 
 120 
 120 
 120 
 120 
 120 
 120 
 120 
 120 
 120 
 120 
 120 
 120 
 120 
 120 
 120 
 120 
 120 
 120 
 120 
 120 
 120 
 120 
 120 
 120 
 120 
 120 
 120 
 120 
 120 
 120 
 120 
 120 
 120 
 120 
 120 
 120 
 120 
 120 
 120 
 120 
 120 
 120 
 120 
 120 
 120 
 120 
 120 
 120 
 120 
 120 
 120 
 120 
 120 
 120 
 120 
 120 
 120 
 120 
 120 
 120 
 120 
 120 
 120 
 120 
 120 
 120 
 120 
 120 
 120 
 120 
 120 
 120 
 120 
 120 
 120 
 120 
 120 
 120 
 120 
 120 
 120 
 120 
 120 
 120 
 120 
 120 
 120 
 120 
 120 
 120 
 120 
 edgeUsage
0 1 0 
 1 0 0 
 1 1 0 
 1 1 1 
 0 1 0 
 1 0 0 
 1 1 0 
 1 1 1 
 0 1 0 
 1 0 0 
 1 1 0 
 1 1 1 
 0 1 0 
 1 0 0 
 1 1 0 
 1 1 1 
 1 0 0 
 0 1 0 
 0 0 0 
 1 1 1 
 0 1 0 
 1 0 0 
 1 1 0 
 1 1 1 
 0 1 0 
 1 0 0 
 1 1 0 
 1 1 1 
 0 1 0 
 1 0 0 
 1 1 0 
 1 1 1 
 0 1 0 
 1 0 0 
 1 1 0 
 1 1 1 
 0 1 0 
 1 0 0 
 1 1 0 
 1 1 1 
 0 1 0 
 1 0 0 
 1 1 0 
 1 1 1 
 1 0 0 
 0 1 0 
 0 0 0 
 1 1 1 
 0 1 0 
 1 0 0 
 1 1 0 
 1 1 1 
 1 0 0 
 0 1 0 
 0 0 0 
 1 1 1 
 0 1 0 
 1 0 0 
 1 1 0 
 1 1 1 
 0 1 0 
 1 0 0 
 1 1 0 
 1 1 1 
 0 1 0 
 1 0 0 
 1 1 0 
 1 1 1 
 0 1 0 
 1 0 0 
 1 1 0 
 1 1 1 
 0 1 0 
 1 0 0 
 1 1 0 
 1 1 1 
 1 0 0 
 0 1 0 
 0 0 0 
 1 1 1 
 0 1 0 
 1 0 0 
 1 1 0 
 1 1 1 
 1 0 0 
 0 1 0 
 0 0 0 
 1 1 1 
 0 1 0 
 1 0 0 
 1 1 0 
 1 1 1 
 0 1 0 
 1 0 0 
 1 1 0 
 1 1 1 
 0 1 0 
 1 0 0 
 1 1 0 
 1 1 1 
 0 1 0 
 1 0 0 
 1 1 0 
 1 1 1 
 0 1 0 
 1 0 0 
 1 1 0 
 1 1 1 
 0 1 0 
 1 0 0 
 1 1 0 
 1 1 1 
 0 1 0 
 1 0 0 
 1 1 0 
 1 1 1 
 1 0 0 
 0 1 0 
 0 0 0 
 1 1 1 
 0 1 0 
 1 0 0 
 1 1 0 
 1 1 1 
 0 1 0 
 1 0 0 
 1 1 0 
 1 1 1 
 0 1 0 
 1 0 0 
 1 1 0 
 1 1 1 
 1 0 0 
 0 1 0 
 0 0 0 
 1 1 1 
 0 1 0 
 1 0 0 
 1 1 0 
 1 1 1 
 1 0 0 
 0 1 0 
 0 0 0 
 1 1 1 
 0 1 0 
 1 0 0 
 1 1 0 
 1 1 1 
 0 1 0 
 1 0 0 
 1 1 0 
 1 1 1 
 0 1 0 
 1 0 0 
 1 1 0 
 1 1 1 
 1 1 0 
 0 1 0 
 1 0 0 
 1 1 1 
 1 0 0 
 0 1 0 
 0 0 0 
 1 1 1 
 0 1 0 
 1 0 0 
 1 1 0 
 1 1 1 
 EdgeNode 
3 8 110 111 112 113 114 115 
 8 7 116 117 118 119 120 121 
 7 9 122 123 124 125 126 127 
 9 1 128 129 130 131 132 133 
 2 11 134 135 136 137 138 139 
 11 10 140 141 142 143 144 145 
 10 12 146 147 148 149 150 151 
 12 6 152 153 154 155 156 157 
 1 14 158 159 160 161 162 163 
 14 13 164 165 166 167 168 169 
 13 15 170 171 172 173 174 175 
 15 2 176 177 178 179 180 181 
 4 23 182 183 184 185 186 187 
 23 18 188 189 190 191 192 193 
 18 24 194 195 196 197 198 199 
 24 17 200 201 202 203 204 205 
 17 25 206 207 208 209 210 211 
 25 19 212 213 214 215 216 217 
 19 26 218 219 220 221 222 223 
 26 16 224 225 226 227 228 229 
 16 27 230 231 232 233 234 235 
 27 21 236 237 238 239 240 241 
 21 28 242 243 244 245 246 247 
 28 20 248 249 250 251 252 253 
 20 29 254 255 256 257 258 259 
 29 22 260 261 262 263 264 265 
 22 30 266 267 268 269 270 271 
 30 3 272 273 274 275 276 277 
 5 32 278 279 280 281 282 283 
 32 31 284 285 286 287 288 289 
 31 33 290 291 292 293 294 295 
 33 4 296 297 298 299 300 301 
 6 41 302 303 304 305 306 307 
 41 36 308 309 310 311 312 313 
 36 42 314 315 316 317 318 319 
 42 35 320 321 322 323 324 325 
 35 43 326 327 328 329 330 331 
 43 37 332 333 334 335 336 337 
 37 44 338 339 340 341 342 343 
 44 34 344 345 346 347 348 349 
 34 45 350 351 352 353 354 355 
 45 39 356 357 358 359 360 361 
 39 46 362 363 364 365 366 367 
 46 38 368 369 370 371 372 373 
 38 47 374 375 376 377 378 379 
 47 40 380 381 382 383 384 385 
 40 48 386 387 388 389 390 391 
 48 5 392 393 394 395 396 397 
 3 59 398 399 400 401 402 403 
 59 49 404 405 406 407 408 409 
 7 60 410 411 412 413 414 415 
 60 49 416 417 418 419 420 421 
 59 8 422 423 424 425 426 427 
 8 60 428 429 430 431 432 433 
 60 59 434 435 436 437 438 439 
 10 61 440 441 442 443 444 445 
 61 49 446 447 448 449 450 451 
 6 62 452 453 454 455 456 457 
 62 49 458 459 460 461 462 463 
 61 12 464 465 466 467 468 469 
 12 62 470 471 472 473 474 475 
 62 61 476 477 478 479 480 481 
 7 63 482 483 484 485 486 487 
 63 51 488 489 490 491 492 493 
 1 64 494 495 496 497 498 499 
 64 51 500 501 502 503 504 505 
 63 9 506 507 508 509 510 511 
 9 64 512 513 514 515 516 517 
 64 63 518 519 520 521 522 523 
 13 65 524 525 526 527 528 529 
 65 51 530 531 532 533 534 535 
 64 14 536 537 538 539 540 541 
 14 65 542 543 544 545 546 547 
 65 64 548 549 550 551 552 553 
 49 66 554 555 556 557 558 559 
 66 51 560 561 562 563 564 565 
 63 66 566 567 568 569 570 571 
 66 60 572 573 574 575 576 577 
 60 63 578 579 580 581 582 583 
 20 67 584 585 586 587 588 589 
 67 50 590 591 592 593 594 595 
 22 68 596 597 598 599 600 601 
 68 50 602 603 604 605 606 607 
 67 29 608 609 610 611 612 613 
 29 68 614 615 616 617 618 619 
 68 67 620 621 622 623 624 625 
 2 69 626 627 628 629 630 631 
 69 51 632 633 634 635 636 637 
 65 15 638 639 640 641 642 643 
 15 69 644 645 646 647 648 649 
 69 65 650 651 652 653 654 655 
 10 70 656 657 658 659 660 661 
 70 51 662 663 664 665 666 667 
 69 11 668 669 670 671 672 673 
 11 70 674 675 676 677 678 679 
 70 69 680 681 682 683 684 685 
 70 61 686 687 688 689 690 691 
 61 66 692 693 694 695 696 697 
 66 70 698 699 700 701 702 703 
 21 71 704 705 706 707 708 709 
 71 52 710 711 712 713 714 715 
 20 72 716 717 718 719 720 721 
 72 52 722 723 724 725 726 727 
 71 28 728 729 730 731 732 733 
 28 72 734 735 736 737 738 739 
 72 71 740 741 742 743 744 745 
 50 73 746 747 748 749 750 751 
 73 52 752 753 754 755 756 757 
 72 67 758 759 760 761 762 763 
 67 73 764 765 766 767 768 769 
 73 72 770 771 772 773 774 775 
 35 74 776 777 778 779 780 781 
 74 52 782 783 784 785 786 787 
 35 75 788 789 790 791 792 793 
 75 50 794 795 796 797 798 799 
 74 73 800 801 802 803 804 805 
 73 75 806 807 808 809 810 811 
 75 74 812 813 814 815 816 817 
 37 76 818 819 820 821 822 823 
 76 52 824 825 826 827 828 829 
 74 43 830 831 832 833 834 835 
 43 76 836 837 838 839 840 841 
 76 74 842 843 844 845 846 847 
 37 77 848 849 850 851 852 853 
 77 53 854 855 856 857 858 859 
 52 78 860 861 862 863 864 865 
 78 53 866 867 868 869 870 871 
 77 78 872 873 874 875 876 877 
 78 76 878 879 880 881 882 883 
 76 77 884 885 886 887 888 889 
 34 79 890 891 892 893 894 895 
 79 53 896 897 898 899 900 901 
 77 44 902 903 904 905 906 907 
 44 79 908 909 910 911 912 913 
 79 77 914 915 916 917 918 919 
 16 80 920 921 922 923 924 925 
 80 53 926 927 928 929 930 931 
 21 81 932 933 934 935 936 937 
 81 53 938 939 940 941 942 943 
 80 27 944 945 946 947 948 949 
 27 81 950 951 952 953 954 955 
 81 80 956 957 958 959 960 961 
 81 71 962 963 964 965 966 967 
 71 78 968 969 970 971 972 973 
 78 81 974 975 976 977 978 979 
 19 82 980 981 982 983 984 985 
 82 54 986 987 988 989 990 991 
 16 83 992 993 994 995 996 997 
 83 54 998 999 1000 1001 1002 1003 
 82 26 1004 1005 1006 1007 1008 1009 
 26 83 1010 1011 1012 1013 1014 1015 
 83 82 1016 1017 1018 1019 1020 1021 
 53 84 1022 1023 1024 1025 1026 1027 
 84 54 1028 1029 1030 1031 1032 1033 
 83 80 1034 1035 1036 1037 1038 1039 
 80 84 1040 1041 1042 1043 1044 1045 
 84 83 1046 1047 1048 1049 1050 1051 
 34 85 1052 1053 1054 1055 1056 1057 
 85 54 1058 1059 1060 1061 1062 1063 
 85 84 1064 1065 1066 1067 1068 1069 
 84 79 1070 1071 1072 1073 1074 1075 
 79 85 1076 1077 1078 1079 1080 1081 
 39 86 1082 1083 1084 1085 1086 1087 
 86 54 1088 1089 1090 1091 1092 1093 
 85 45 1094 1095 1096 1097 1098 1099 
 45 86 1100 1101 1102 1103 1104 1105 
 86 85 1106 1107 1108 1109 1110 1111 
 39 87 1112 1113 1114 1115 1116 1117 
 87 55 1118 1119 1120 1121 1122 1123 
 54 88 1124 1125 1126 1127 1128 1129 
 88 55 1130 1131 1132 1133 1134 1135 
 87 88 1136 1137 1138 1139 1140 1141 
 88 86 1142 1143 1144 1145 1146 1147 
 86 87 1148 1149 1150 1151 1152 1153 
 38 89 1154 1155 1156 1157 1158 1159 
 89 55 1160 1161 1162 1163 1164 1165 
 87 46 1166 1167 1168 1169 1170 1171 
 46 89 1172 1173 1174 1175 1176 1177 
 89 87 1178 1179 1180 1181 1182 1183 
 17 90 1184 1185 1186 1187 1188 1189 
 90 55 1190 1191 1192 1193 1194 1195 
 19 91 1196 1197 1198 1199 1200 1201 
 91 55 1202 1203 1204 1205 1206 1207 
 90 25 1208 1209 1210 1211 1212 1213 
 25 91 1214 1215 1216 1217 1218 1219 
 91 90 1220 1221 1222 1223 1224 1225 
 91 82 1226 1227 1228 1229 1230 1231 
 82 88 1232 1233 1234 1235 1236 1237 
 88 91 1238 1239 1240 1241 1242 1243 
 31 92 1244 1245 1246 1247 1248 1249 
 92 56 1250 1251 1252 1253 1254 1255 
 4 93 1256 1257 1258 1259 1260 1261 
 93 56 1262 1263 1264 1265 1266 1267 
 92 33 1268 1269 1270 1271 1272 1273 
 33 93 1274 1275 1276 1277 1278 1279 
 93 92 1280 1281 1282 1283 1284 1285 
 18 94 1286 1287 1288 1289 1290 1291 
 94 56 1292 1293 1294 1295 1296 1297 
 93 23 1298 1299 1300 1301 1302 1303 
 23 94 1304 1305 1306 1307 1308 1309 
 94 93 1310 1311 1312 1313 1314 1315 
 40 95 1316 1317 1318 1319 1320 1321 
 95 56 1322 1323 1324 1325 1326 1327 
 5 96 1328 1329 1330 1331 1332 1333 
 96 56 1334 1335 1336 1337 1338 1339 
 95 48 1340 1341 1342 1343 1344 1345 
 48 96 1346 1347 1348 1349 1350 1351 
 96 95 1352 1353 1354 1355 1356 1357 
 96 32 1358 1359 1360 1361 1362 1363 
 32 92 1364 1365 1366 1367 1368 1369 
 92 96 1370 1371 1372 1373 1374 1375 
 6 97 1376 1377 1378 1379 1380 1381 
 97 57 1382 1383 1384 1385 1386 1387 
 49 98 1388 1389 1390 1391 1392 1393 
 98 57 1394 1395 1396 1397 1398 1399 
 97 98 1400 1401 1402 1403 1404 1405 
 98 62 1406 1407 1408 1409 1410 1411 
 62 97 1412 1413 1414 1415 1416 1417 
 3 99 1418 1419 1420 1421 1422 1423 
 99 57 1424 1425 1426 1427 1428 1429 
 99 59 1430 1431 1432 1433 1434 1435 
 59 98 1436 1437 1438 1439 1440 1441 
 98 99 1442 1443 1444 1445 1446 1447 
 36 100 1448 1449 1450 1451 1452 1453 
 100 57 1454 1455 1456 1457 1458 1459 
 97 41 1460 1461 1462 1463 1464 1465 
 41 100 1466 1467 1468 1469 1470 1471 
 100 97 1472 1473 1474 1475 1476 1477 
 36 101 1478 1479 1480 1481 1482 1483 
 101 50 1484 1485 1486 1487 1488 1489 
 50 102 1490 1491 1492 1493 1494 1495 
 102 57 1496 1497 1498 1499 1500 1501 
 100 101 1502 1503 1504 1505 1506 1507 
 101 102 1508 1509 1510 1511 1512 1513 
 102 100 1514 1515 1516 1517 1518 1519 
 22 103 1520 1521 1522 1523 1524 1525 
 103 57 1526 1527 1528 1529 1530 1531 
 103 102 1532 1533 1534 1535 1536 1537 
 102 68 1538 1539 1540 1541 1542 1543 
 68 103 1544 1545 1546 1547 1548 1549 
 103 30 1550 1551 1552 1553 1554 1555 
 30 99 1556 1557 1558 1559 1560 1561 
 99 103 1562 1563 1564 1565 1566 1567 
 18 104 1568 1569 1570 1571 1572 1573 
 104 58 1574 1575 1576 1577 1578 1579 
 56 105 1580 1581 1582 1583 1584 1585 
 105 58 1586 1587 1588 1589 1590 1591 
 104 105 1592 1593 1594 1595 1596 1597 
 105 94 1598 1599 1600 1601 1602 1603 
 94 104 1604 1605 1606 1607 1608 1609 
 17 106 1610 1611 1612 1613 1614 1615 
 106 58 1616 1617 1618 1619 1620 1621 
 104 24 1622 1623 1624 1625 1626 1627 
 24 106 1628 1629 1630 1631 1632 1633 
 106 104 1634 1635 1636 1637 1638 1639 
 55 107 1640 1641 1642 1643 1644 1645 
 107 58 1646 1647 1648 1649 1650 1651 
 106 90 1652 1653 1654 1655 1656 1657 
 90 107 1658 1659 1660 1661 1662 1663 
 107 106 1664 1665 1666 1667 1668 1669 
 40 108 1670 1671 1672 1673 1674 1675 
 108 58 1676 1677 1678 1679 1680 1681 
 108 95 1682 1683 1684 1685 1686 1687 
 95 105 1688 1689 1690 1691 1692 1693 
 105 108 1694 1695 1696 1697 1698 1699 
 75 101 1700 1701 1702 1703 1704 1705 
 101 42 1706 1707 1708 1709 1710 1711 
 42 75 1712 1713 1714 1715 1716 1717 
 38 109 1718 1719 1720 1721 1722 1723 
 109 58 1724 1725 1726 1727 1728 1729 
 109 107 1730 1731 1732 1733 1734 1735 
 107 89 1736 1737 1738 1739 1740 1741 
 89 109 1742 1743 1744 1745 1746 1747 
 109 47 1748 1749 1750 1751 1752 1753 
 47 108 1754 1755 1756 1757 1758 1759 
 108 109 1760 1761 1762 1763 1764 1765 
 bcElement 48
2 190 3 
3 190 1 
10 190 3 
11 190 1 
14 185 3 
15 185 1 
26 185 3 
27 185 1 
30 117 3 
31 117 1 
6 117 3 
7 117 1 
126 6 3 
127 6 1 
159 6 3 
157 6 1 
50 6 3 
51 6 1 
58 6 3 
59 6 1 
82 6 3 
83 6 1 
90 6 3 
91 6 1 
166 6 3 
167 6 1 
110 6 3 
111 6 1 
114 11 3 
115 11 1 
102 11 3 
103 11 1 
106 16 3 
107 16 1 
146 16 3 
147 16 1 
94 16 3 
95 16 1 
70 16 3 
71 16 1 
62 16 3 
63 16 1 
38 16 3 
39 16 1 
22 16 3 
23 16 1 
138 16 3 
139 16 1 
