Edge min = 0.058539, max=0.115942, average=0.104991;
Grid_size 42
Node_size 34
Total_DOF 34
maxDOF 3
Solution_Order
1 
 meshIEN 
25 7 3 
 25 6 8 
 27 1 7 
 27 9 1 
 7 25 27 
 26 16 14 
 27 2 9 
 27 8 2 
 27 25 8 
 28 14 15 
 28 26 14 
 19 26 28 
 28 21 19 
 21 28 29 
 29 18 21 
 29 15 10 
 29 28 15 
 30 10 13 
 30 29 10 
 18 29 30 
 30 23 18 
 23 30 31 
 31 22 23 
 31 13 11 
 31 30 13 
 32 4 17 
 32 12 4 
 32 5 24 
 32 17 5 
 6 25 33 
 33 25 3 
 33 20 6 
 33 26 20 
 16 26 33 
 33 3 16 
 12 32 34 
 34 11 12 
 34 31 11 
 34 32 24 
 19 20 26 
 22 31 34 
 34 24 22 
 solutionIEN 
25 7 3 
 25 6 8 
 27 1 7 
 27 9 1 
 7 25 27 
 26 16 14 
 27 2 9 
 27 8 2 
 27 25 8 
 28 14 15 
 28 26 14 
 19 26 28 
 28 21 19 
 21 28 29 
 29 18 21 
 29 15 10 
 29 28 15 
 30 10 13 
 30 29 10 
 18 29 30 
 30 23 18 
 23 30 31 
 31 22 23 
 31 13 11 
 31 30 13 
 32 4 17 
 32 12 4 
 32 5 24 
 32 17 5 
 6 25 33 
 33 25 3 
 33 20 6 
 33 26 20 
 16 26 33 
 33 3 16 
 12 32 34 
 34 11 12 
 34 31 11 
 34 32 24 
 19 20 26 
 22 31 34 
 34 24 22 
 solutionOrder
1 1 1 1 
 1 1 1 1 
 1 1 1 1 
 1 1 1 1 
 1 1 1 1 
 1 1 1 1 
 1 1 1 1 
 1 1 1 1 
 1 1 1 1 
 1 1 1 1 
 1 1 1 1 
 1 1 1 1 
 1 1 1 1 
 1 1 1 1 
 1 1 1 1 
 1 1 1 1 
 1 1 1 1 
 1 1 1 1 
 1 1 1 1 
 1 1 1 1 
 1 1 1 1 
 1 1 1 1 
 1 1 1 1 
 1 1 1 1 
 1 1 1 1 
 1 1 1 1 
 1 1 1 1 
 1 1 1 1 
 1 1 1 1 
 1 1 1 1 
 1 1 1 1 
 1 1 1 1 
 1 1 1 1 
 1 1 1 1 
 1 1 1 1 
 1 1 1 1 
 1 1 1 1 
 1 1 1 1 
 1 1 1 1 
 1 1 1 1 
 1 1 1 1 
 1 1 1 1 
 vertexCoord 
0.000000 0.000000 
 -0.000000 0.200000 
 0.200000 0.000000 
 1.000000 0.000000 
 1.000000 0.200000 
 0.200000 0.200000 
 0.100000 0.000000 
 0.100000 0.200000 
 -0.000000 0.100000 
 0.600000 0.000000 
 0.800000 0.000000 
 0.900000 0.000000 
 0.700000 0.000000 
 0.400000 0.000000 
 0.500000 0.000000 
 0.300000 0.000000 
 1.000000 0.100000 
 0.600000 0.200000 
 0.400000 0.200000 
 0.300000 0.200000 
 0.500000 0.200000 
 0.800000 0.200000 
 0.700000 0.200000 
 0.900000 0.200000 
 0.151536 0.100293 
 0.350187 0.100115 
 0.058589 0.100049 
 0.450322 0.100000 
 0.550102 0.099995 
 0.650017 0.099988 
 0.750000 0.099936 
 0.941461 0.099976 
 0.250287 0.100068 
 0.848577 0.099985 
 bc_tag 
184 
 110 
 15 
 10 
 5 
 2 
 190 
 117 
 185 
 16 
 16 
 16 
 16 
 16 
 16 
 16 
 11 
 6 
 6 
 6 
 6 
 6 
 6 
 6 
 120 
 120 
 120 
 120 
 120 
 120 
 120 
 120 
 120 
 120 
 edgeUsage
1 1 0 
 1 1 0 
 1 1 0 
 1 1 0 
 0 0 1 
 1 1 0 
 1 1 0 
 1 1 0 
 1 1 0 
 1 1 0 
 1 1 0 
 0 0 1 
 1 1 0 
 0 0 1 
 1 1 0 
 1 1 0 
 1 1 0 
 1 1 0 
 1 1 0 
 0 0 1 
 1 1 0 
 0 0 1 
 1 1 0 
 1 1 0 
 1 1 0 
 1 1 0 
 1 1 0 
 1 1 0 
 1 1 0 
 0 0 1 
 1 1 0 
 1 1 0 
 1 1 0 
 0 0 1 
 1 1 0 
 0 0 1 
 1 1 0 
 1 1 0 
 1 1 0 
 1 0 1 
 0 0 1 
 1 1 0 
 bcElement 24
1 190 1 
3 190 1 
4 185 1 
7 185 1 
8 117 1 
2 117 1 
32 6 1 
40 6 3 
13 6 1 
15 6 1 
21 6 1 
23 6 1 
42 6 1 
28 6 1 
29 11 1 
26 11 1 
27 16 1 
37 16 1 
24 16 1 
18 16 1 
16 16 1 
10 16 1 
6 16 1 
35 16 1 
