Edge min = 0.125000, max=0.125000, average=0.125000;
Grid_size 64
Node_size 81
Total_DOF 81
edge_Size 144
maxDOF 4
Solution_Order
1 
 meshIEN 
4 26 33 25 
 25 33 34 23 
 23 34 35 24 
 24 35 36 19 
 19 36 37 22 
 22 37 38 20 
 20 38 39 21 
 21 39 18 2 
 26 27 40 33 
 33 40 41 34 
 34 41 42 35 
 35 42 43 36 
 36 43 44 37 
 37 44 45 38 
 38 45 46 39 
 39 46 17 18 
 27 28 47 40 
 40 47 48 41 
 41 48 49 42 
 42 49 50 43 
 43 50 51 44 
 44 51 52 45 
 45 52 53 46 
 46 53 16 17 
 28 29 54 47 
 47 54 55 48 
 48 55 56 49 
 49 56 57 50 
 50 57 58 51 
 51 58 59 52 
 52 59 60 53 
 53 60 15 16 
 29 30 61 54 
 54 61 62 55 
 55 62 63 56 
 56 63 64 57 
 57 64 65 58 
 58 65 66 59 
 59 66 67 60 
 60 67 14 15 
 30 31 68 61 
 61 68 69 62 
 62 69 70 63 
 63 70 71 64 
 64 71 72 65 
 65 72 73 66 
 66 73 74 67 
 67 74 13 14 
 31 32 75 68 
 68 75 76 69 
 69 76 77 70 
 70 77 78 71 
 71 78 79 72 
 72 79 80 73 
 73 80 81 74 
 74 81 12 13 
 32 3 5 75 
 75 5 6 76 
 76 6 7 77 
 77 7 8 78 
 78 8 9 79 
 79 9 10 80 
 80 10 11 81 
 81 11 1 12 
 solutionIEN 
4 26 33 25 
 25 33 34 23 
 23 34 35 24 
 24 35 36 19 
 19 36 37 22 
 22 37 38 20 
 20 38 39 21 
 21 39 18 2 
 26 27 40 33 
 33 40 41 34 
 34 41 42 35 
 35 42 43 36 
 36 43 44 37 
 37 44 45 38 
 38 45 46 39 
 39 46 17 18 
 27 28 47 40 
 40 47 48 41 
 41 48 49 42 
 42 49 50 43 
 43 50 51 44 
 44 51 52 45 
 45 52 53 46 
 46 53 16 17 
 28 29 54 47 
 47 54 55 48 
 48 55 56 49 
 49 56 57 50 
 50 57 58 51 
 51 58 59 52 
 52 59 60 53 
 53 60 15 16 
 29 30 61 54 
 54 61 62 55 
 55 62 63 56 
 56 63 64 57 
 57 64 65 58 
 58 65 66 59 
 59 66 67 60 
 60 67 14 15 
 30 31 68 61 
 61 68 69 62 
 62 69 70 63 
 63 70 71 64 
 64 71 72 65 
 65 72 73 66 
 66 73 74 67 
 67 74 13 14 
 31 32 75 68 
 68 75 76 69 
 69 76 77 70 
 70 77 78 71 
 71 78 79 72 
 72 79 80 73 
 73 80 81 74 
 74 81 12 13 
 32 3 5 75 
 75 5 6 76 
 76 6 7 77 
 77 7 8 78 
 78 8 9 79 
 79 9 10 80 
 80 10 11 81 
 81 11 1 12 
 solutionOrder
1 1 1 1 1 
 1 1 1 1 1 
 1 1 1 1 1 
 1 1 1 1 1 
 1 1 1 1 1 
 1 1 1 1 1 
 1 1 1 1 1 
 1 1 1 1 1 
 1 1 1 1 1 
 1 1 1 1 1 
 1 1 1 1 1 
 1 1 1 1 1 
 1 1 1 1 1 
 1 1 1 1 1 
 1 1 1 1 1 
 1 1 1 1 1 
 1 1 1 1 1 
 1 1 1 1 1 
 1 1 1 1 1 
 1 1 1 1 1 
 1 1 1 1 1 
 1 1 1 1 1 
 1 1 1 1 1 
 1 1 1 1 1 
 1 1 1 1 1 
 1 1 1 1 1 
 1 1 1 1 1 
 1 1 1 1 1 
 1 1 1 1 1 
 1 1 1 1 1 
 1 1 1 1 1 
 1 1 1 1 1 
 1 1 1 1 1 
 1 1 1 1 1 
 1 1 1 1 1 
 1 1 1 1 1 
 1 1 1 1 1 
 1 1 1 1 1 
 1 1 1 1 1 
 1 1 1 1 1 
 1 1 1 1 1 
 1 1 1 1 1 
 1 1 1 1 1 
 1 1 1 1 1 
 1 1 1 1 1 
 1 1 1 1 1 
 1 1 1 1 1 
 1 1 1 1 1 
 1 1 1 1 1 
 1 1 1 1 1 
 1 1 1 1 1 
 1 1 1 1 1 
 1 1 1 1 1 
 1 1 1 1 1 
 1 1 1 1 1 
 1 1 1 1 1 
 1 1 1 1 1 
 1 1 1 1 1 
 1 1 1 1 1 
 1 1 1 1 1 
 1 1 1 1 1 
 1 1 1 1 1 
 1 1 1 1 1 
 1 1 1 1 1 
 vertexCoord 
1.000000 1.000000 
 0.000000 1.000000 
 1.000000 0.000000 
 0.000000 0.000000 
 1.000000 0.125000 
 1.000000 0.250000 
 1.000000 0.375000 
 1.000000 0.500000 
 1.000000 0.625000 
 1.000000 0.750000 
 1.000000 0.875000 
 0.875000 1.000000 
 0.750000 1.000000 
 0.625000 1.000000 
 0.500000 1.000000 
 0.375000 1.000000 
 0.250000 1.000000 
 0.125000 1.000000 
 0.000000 0.500000 
 0.000000 0.750000 
 0.000000 0.875000 
 0.000000 0.625000 
 0.000000 0.250000 
 0.000000 0.375000 
 0.000000 0.125000 
 0.125000 0.000000 
 0.250000 0.000000 
 0.375000 0.000000 
 0.500000 0.000000 
 0.625000 0.000000 
 0.750000 0.000000 
 0.875000 0.000000 
 0.125000 0.125000 
 0.125000 0.250000 
 0.125000 0.375000 
 0.125000 0.500000 
 0.125000 0.625000 
 0.125000 0.750000 
 0.125000 0.875000 
 0.250000 0.125000 
 0.250000 0.250000 
 0.250000 0.375000 
 0.250000 0.500000 
 0.250000 0.625000 
 0.250000 0.750000 
 0.250000 0.875000 
 0.375000 0.125000 
 0.375000 0.250000 
 0.375000 0.375000 
 0.375000 0.500000 
 0.375000 0.625000 
 0.375000 0.750000 
 0.375000 0.875000 
 0.500000 0.125000 
 0.500000 0.250000 
 0.500000 0.375000 
 0.500000 0.500000 
 0.500000 0.625000 
 0.500000 0.750000 
 0.500000 0.875000 
 0.625000 0.125000 
 0.625000 0.250000 
 0.625000 0.375000 
 0.625000 0.500000 
 0.625000 0.625000 
 0.625000 0.750000 
 0.625000 0.875000 
 0.750000 0.125000 
 0.750000 0.250000 
 0.750000 0.375000 
 0.750000 0.500000 
 0.750000 0.625000 
 0.750000 0.750000 
 0.750000 0.875000 
 0.875000 0.125000 
 0.875000 0.250000 
 0.875000 0.375000 
 0.875000 0.500000 
 0.875000 0.625000 
 0.875000 0.750000 
 0.875000 0.875000 
 bc_tag 
5 
 2 
 16 
 18 
 23 
 23 
 23 
 23 
 23 
 23 
 23 
 6 
 6 
 6 
 6 
 6 
 6 
 6 
 24 
 24 
 24 
 24 
 24 
 24 
 24 
 14 
 14 
 14 
 14 
 14 
 14 
 14 
 26 
 26 
 26 
 26 
 26 
 26 
 26 
 26 
 26 
 26 
 26 
 26 
 26 
 26 
 26 
 26 
 26 
 26 
 26 
 26 
 26 
 26 
 26 
 26 
 26 
 26 
 26 
 26 
 26 
 26 
 26 
 26 
 26 
 26 
 26 
 26 
 26 
 26 
 26 
 26 
 26 
 26 
 26 
 26 
 26 
 26 
 26 
 26 
 26 
 edgeUsage
1 1 0 
 1 1 0 
 1 1 0 
 1 1 0 
 1 1 0 
 1 1 0 
 1 1 0 
 1 1 1 
 1 1 0 
 1 1 0 
 1 1 0 
 1 1 0 
 1 1 0 
 1 1 0 
 1 1 0 
 1 1 1 
 1 1 0 
 1 1 0 
 1 1 0 
 1 1 0 
 1 1 0 
 1 1 0 
 1 1 0 
 1 1 1 
 1 1 0 
 1 1 0 
 1 1 0 
 1 1 0 
 1 1 0 
 1 1 0 
 1 1 0 
 1 1 1 
 1 1 0 
 1 1 0 
 1 1 0 
 1 1 0 
 1 1 0 
 1 1 0 
 1 1 0 
 1 1 1 
 1 1 0 
 1 1 0 
 1 1 0 
 1 1 0 
 1 1 0 
 1 1 0 
 1 1 0 
 1 1 1 
 1 1 0 
 1 1 0 
 1 1 0 
 1 1 0 
 1 1 0 
 1 1 0 
 1 1 0 
 1 1 1 
 1 1 0 
 1 1 0 
 1 1 0 
 1 1 0 
 1 1 0 
 1 1 0 
 1 1 0 
 1 1 1 
 EdgeNode 
3 5 
 5 6 
 6 7 
 7 8 
 8 9 
 9 10 
 10 11 
 11 1 
 1 12 
 12 13 
 13 14 
 14 15 
 15 16 
 16 17 
 17 18 
 18 2 
 2 21 
 21 20 
 20 22 
 22 19 
 19 24 
 24 23 
 23 25 
 25 4 
 4 26 
 26 27 
 27 28 
 28 29 
 29 30 
 30 31 
 31 32 
 32 3 
 25 33 
 23 34 
 24 35 
 19 36 
 22 37 
 20 38 
 21 39 
 33 40 
 34 41 
 35 42 
 36 43 
 37 44 
 38 45 
 39 46 
 40 47 
 41 48 
 42 49 
 43 50 
 44 51 
 45 52 
 46 53 
 47 54 
 48 55 
 49 56 
 50 57 
 51 58 
 52 59 
 53 60 
 54 61 
 55 62 
 56 63 
 57 64 
 58 65 
 59 66 
 60 67 
 61 68 
 62 69 
 63 70 
 64 71 
 65 72 
 66 73 
 67 74 
 68 75 
 69 76 
 70 77 
 71 78 
 72 79 
 73 80 
 74 81 
 75 5 
 76 6 
 77 7 
 78 8 
 79 9 
 80 10 
 81 11 
 26 33 
 33 34 
 34 35 
 35 36 
 36 37 
 37 38 
 38 39 
 39 18 
 27 40 
 40 41 
 41 42 
 42 43 
 43 44 
 44 45 
 45 46 
 46 17 
 28 47 
 47 48 
 48 49 
 49 50 
 50 51 
 51 52 
 52 53 
 53 16 
 29 54 
 54 55 
 55 56 
 56 57 
 57 58 
 58 59 
 59 60 
 60 15 
 30 61 
 61 62 
 62 63 
 63 64 
 64 65 
 65 66 
 66 67 
 67 14 
 31 68 
 68 69 
 69 70 
 70 71 
 71 72 
 72 73 
 73 74 
 74 13 
 32 75 
 75 76 
 76 77 
 77 78 
 78 79 
 79 80 
 80 81 
 81 12 
 bcElement 32
1 14 3 
9 14 3 
17 14 3 
25 14 3 
33 14 3 
41 14 3 
49 14 3 
57 14 3 
57 23 1 
58 23 1 
59 23 1 
60 23 1 
61 23 1 
62 23 1 
63 23 1 
64 23 1 
64 6 0 
56 6 0 
48 6 0 
40 6 0 
32 6 0 
24 6 0 
16 6 0 
8 6 0 
8 24 0 
7 24 0 
6 24 0 
5 24 0 
4 24 0 
3 24 0 
2 24 0 
1 24 0 
