Edge min = 0.500000, max=0.500000, average=0.500000;
Grid_size 4
Node_size 9
Total_DOF 121
edge_Size 12
maxDOF 36
Solution_Order
5 
 meshIEN 
3 8 9 5 
 5 9 6 1 
 8 4 7 9 
 9 7 2 6 
 solutionIEN 
3 8 9 5 37 36 35 34 53 52 51 50 42 43 44 45 17 16 15 14 58 59 60 61 62 63 64 65 66 67 68 69 70 71 72 73 
 5 9 6 1 45 44 43 42 57 56 55 54 25 24 23 22 13 12 11 10 74 75 76 77 78 79 80 81 82 83 84 85 86 87 88 89 
 8 4 7 9 41 40 39 38 29 28 27 26 46 47 48 49 50 51 52 53 90 91 92 93 94 95 96 97 98 99 100 101 102 103 104 105 
 9 7 2 6 49 48 47 46 33 32 31 30 21 20 19 18 54 55 56 57 106 107 108 109 110 111 112 113 114 115 116 117 118 119 120 121 
 solutionOrder
5 5 5 5 5 
 5 5 5 5 5 
 5 5 5 5 5 
 5 5 5 5 5 
 vertexCoord 
0.000000 0.000000 
 -0.707107 0.707107 
 0.707107 0.707107 
 -0.000000 1.414214 
 0.353553 0.353553 
 -0.353553 0.353553 
 -0.353553 1.060660 
 0.353553 1.060660 
 -0.000000 0.707107 
 bc_tag 
5 
 2 
 16 
 18 
 23 
 6 
 24 
 14 
 26 
 23 
 23 
 23 
 23 
 23 
 23 
 23 
 23 
 6 
 6 
 6 
 6 
 6 
 6 
 6 
 6 
 24 
 24 
 24 
 24 
 24 
 24 
 24 
 24 
 14 
 14 
 14 
 14 
 14 
 14 
 14 
 14 
 26 
 26 
 26 
 26 
 26 
 26 
 26 
 26 
 26 
 26 
 26 
 26 
 26 
 26 
 26 
 26 
 26 
 26 
 26 
 26 
 26 
 26 
 26 
 26 
 26 
 26 
 26 
 26 
 26 
 26 
 26 
 26 
 26 
 26 
 26 
 26 
 26 
 26 
 26 
 26 
 26 
 26 
 26 
 26 
 26 
 26 
 26 
 26 
 26 
 26 
 26 
 26 
 26 
 26 
 26 
 26 
 26 
 26 
 26 
 26 
 26 
 26 
 26 
 26 
 26 
 26 
 26 
 26 
 26 
 26 
 26 
 26 
 26 
 26 
 26 
 26 
 26 
 26 
 26 
 26 
 edgeUsage
1 1 0 
 1 1 1 
 1 1 0 
 1 1 1 
 EdgeNode 
1 5 10 11 12 13 
 5 3 14 15 16 17 
 2 6 18 19 20 21 
 6 1 22 23 24 25 
 4 7 26 27 28 29 
 7 2 30 31 32 33 
 3 8 34 35 36 37 
 8 4 38 39 40 41 
 5 9 42 43 44 45 
 9 7 46 47 48 49 
 8 9 50 51 52 53 
 9 6 54 55 56 57 
 bcElement 8
1 14 3 
3 14 3 
3 24 1 
4 24 1 
4 6 0 
2 6 0 
2 23 0 
1 23 0 
