Edge min = 0.125000, max=0.125000, average=0.125000;
Grid_size 64
Node_size 81
Total_DOF 1089
edge_Size 144
maxDOF 25
Solution_Order
4 
 meshIEN 
4 26 33 25 
 25 33 34 23 
 23 34 35 24 
 24 35 36 19 
 19 36 37 22 
 22 37 38 20 
 20 38 39 21 
 21 39 18 2 
 26 27 40 33 
 33 40 41 34 
 34 41 42 35 
 35 42 43 36 
 36 43 44 37 
 37 44 45 38 
 38 45 46 39 
 39 46 17 18 
 27 28 47 40 
 40 47 48 41 
 41 48 49 42 
 42 49 50 43 
 43 50 51 44 
 44 51 52 45 
 45 52 53 46 
 46 53 16 17 
 28 29 54 47 
 47 54 55 48 
 48 55 56 49 
 49 56 57 50 
 50 57 58 51 
 51 58 59 52 
 52 59 60 53 
 53 60 15 16 
 29 30 61 54 
 54 61 62 55 
 55 62 63 56 
 56 63 64 57 
 57 64 65 58 
 58 65 66 59 
 59 66 67 60 
 60 67 14 15 
 30 31 68 61 
 61 68 69 62 
 62 69 70 63 
 63 70 71 64 
 64 71 72 65 
 65 72 73 66 
 66 73 74 67 
 67 74 13 14 
 31 32 75 68 
 68 75 76 69 
 69 76 77 70 
 70 77 78 71 
 71 78 79 72 
 72 79 80 73 
 73 80 81 74 
 74 81 12 13 
 32 3 5 75 
 75 5 6 76 
 76 6 7 77 
 77 7 8 78 
 78 8 9 79 
 79 9 10 80 
 80 10 11 81 
 81 11 1 12 
 solutionIEN 
4 26 33 25 156 155 154 348 347 346 178 179 180 153 152 151 514 515 516 517 518 519 520 521 522 
 25 33 34 23 180 179 178 351 350 349 181 182 183 150 149 148 523 524 525 526 527 528 529 530 531 
 23 34 35 24 183 182 181 354 353 352 184 185 186 147 146 145 532 533 534 535 536 537 538 539 540 
 24 35 36 19 186 185 184 357 356 355 187 188 189 144 143 142 541 542 543 544 545 546 547 548 549 
 19 36 37 22 189 188 187 360 359 358 190 191 192 141 140 139 550 551 552 553 554 555 556 557 558 
 22 37 38 20 192 191 190 363 362 361 193 194 195 138 137 136 559 560 561 562 563 564 565 566 567 
 20 38 39 21 195 194 193 366 365 364 196 197 198 135 134 133 568 569 570 571 572 573 574 575 576 
 21 39 18 2 198 197 196 369 368 367 129 128 127 132 131 130 577 578 579 580 581 582 583 584 585 
 26 27 40 33 159 158 157 372 371 370 199 200 201 346 347 348 586 587 588 589 590 591 592 593 594 
 33 40 41 34 201 200 199 375 374 373 202 203 204 349 350 351 595 596 597 598 599 600 601 602 603 
 34 41 42 35 204 203 202 378 377 376 205 206 207 352 353 354 604 605 606 607 608 609 610 611 612 
 35 42 43 36 207 206 205 381 380 379 208 209 210 355 356 357 613 614 615 616 617 618 619 620 621 
 36 43 44 37 210 209 208 384 383 382 211 212 213 358 359 360 622 623 624 625 626 627 628 629 630 
 37 44 45 38 213 212 211 387 386 385 214 215 216 361 362 363 631 632 633 634 635 636 637 638 639 
 38 45 46 39 216 215 214 390 389 388 217 218 219 364 365 366 640 641 642 643 644 645 646 647 648 
 39 46 17 18 219 218 217 393 392 391 126 125 124 367 368 369 649 650 651 652 653 654 655 656 657 
 27 28 47 40 162 161 160 396 395 394 220 221 222 370 371 372 658 659 660 661 662 663 664 665 666 
 40 47 48 41 222 221 220 399 398 397 223 224 225 373 374 375 667 668 669 670 671 672 673 674 675 
 41 48 49 42 225 224 223 402 401 400 226 227 228 376 377 378 676 677 678 679 680 681 682 683 684 
 42 49 50 43 228 227 226 405 404 403 229 230 231 379 380 381 685 686 687 688 689 690 691 692 693 
 43 50 51 44 231 230 229 408 407 406 232 233 234 382 383 384 694 695 696 697 698 699 700 701 702 
 44 51 52 45 234 233 232 411 410 409 235 236 237 385 386 387 703 704 705 706 707 708 709 710 711 
 45 52 53 46 237 236 235 414 413 412 238 239 240 388 389 390 712 713 714 715 716 717 718 719 720 
 46 53 16 17 240 239 238 417 416 415 123 122 121 391 392 393 721 722 723 724 725 726 727 728 729 
 28 29 54 47 165 164 163 420 419 418 241 242 243 394 395 396 730 731 732 733 734 735 736 737 738 
 47 54 55 48 243 242 241 423 422 421 244 245 246 397 398 399 739 740 741 742 743 744 745 746 747 
 48 55 56 49 246 245 244 426 425 424 247 248 249 400 401 402 748 749 750 751 752 753 754 755 756 
 49 56 57 50 249 248 247 429 428 427 250 251 252 403 404 405 757 758 759 760 761 762 763 764 765 
 50 57 58 51 252 251 250 432 431 430 253 254 255 406 407 408 766 767 768 769 770 771 772 773 774 
 51 58 59 52 255 254 253 435 434 433 256 257 258 409 410 411 775 776 777 778 779 780 781 782 783 
 52 59 60 53 258 257 256 438 437 436 259 260 261 412 413 414 784 785 786 787 788 789 790 791 792 
 53 60 15 16 261 260 259 441 440 439 120 119 118 415 416 417 793 794 795 796 797 798 799 800 801 
 29 30 61 54 168 167 166 444 443 442 262 263 264 418 419 420 802 803 804 805 806 807 808 809 810 
 54 61 62 55 264 263 262 447 446 445 265 266 267 421 422 423 811 812 813 814 815 816 817 818 819 
 55 62 63 56 267 266 265 450 449 448 268 269 270 424 425 426 820 821 822 823 824 825 826 827 828 
 56 63 64 57 270 269 268 453 452 451 271 272 273 427 428 429 829 830 831 832 833 834 835 836 837 
 57 64 65 58 273 272 271 456 455 454 274 275 276 430 431 432 838 839 840 841 842 843 844 845 846 
 58 65 66 59 276 275 274 459 458 457 277 278 279 433 434 435 847 848 849 850 851 852 853 854 855 
 59 66 67 60 279 278 277 462 461 460 280 281 282 436 437 438 856 857 858 859 860 861 862 863 864 
 60 67 14 15 282 281 280 465 464 463 117 116 115 439 440 441 865 866 867 868 869 870 871 872 873 
 30 31 68 61 171 170 169 468 467 466 283 284 285 442 443 444 874 875 876 877 878 879 880 881 882 
 61 68 69 62 285 284 283 471 470 469 286 287 288 445 446 447 883 884 885 886 887 888 889 890 891 
 62 69 70 63 288 287 286 474 473 472 289 290 291 448 449 450 892 893 894 895 896 897 898 899 900 
 63 70 71 64 291 290 289 477 476 475 292 293 294 451 452 453 901 902 903 904 905 906 907 908 909 
 64 71 72 65 294 293 292 480 479 478 295 296 297 454 455 456 910 911 912 913 914 915 916 917 918 
 65 72 73 66 297 296 295 483 482 481 298 299 300 457 458 459 919 920 921 922 923 924 925 926 927 
 66 73 74 67 300 299 298 486 485 484 301 302 303 460 461 462 928 929 930 931 932 933 934 935 936 
 67 74 13 14 303 302 301 489 488 487 114 113 112 463 464 465 937 938 939 940 941 942 943 944 945 
 31 32 75 68 174 173 172 492 491 490 304 305 306 466 467 468 946 947 948 949 950 951 952 953 954 
 68 75 76 69 306 305 304 495 494 493 307 308 309 469 470 471 955 956 957 958 959 960 961 962 963 
 69 76 77 70 309 308 307 498 497 496 310 311 312 472 473 474 964 965 966 967 968 969 970 971 972 
 70 77 78 71 312 311 310 501 500 499 313 314 315 475 476 477 973 974 975 976 977 978 979 980 981 
 71 78 79 72 315 314 313 504 503 502 316 317 318 478 479 480 982 983 984 985 986 987 988 989 990 
 72 79 80 73 318 317 316 507 506 505 319 320 321 481 482 483 991 992 993 994 995 996 997 998 999 
 73 80 81 74 321 320 319 510 509 508 322 323 324 484 485 486 1000 1001 1002 1003 1004 1005 1006 1007 1008 
 74 81 12 13 324 323 322 513 512 511 111 110 109 487 488 489 1009 1010 1011 1012 1013 1014 1015 1016 1017 
 32 3 5 75 177 176 175 84 83 82 325 326 327 490 491 492 1018 1019 1020 1021 1022 1023 1024 1025 1026 
 75 5 6 76 327 326 325 87 86 85 328 329 330 493 494 495 1027 1028 1029 1030 1031 1032 1033 1034 1035 
 76 6 7 77 330 329 328 90 89 88 331 332 333 496 497 498 1036 1037 1038 1039 1040 1041 1042 1043 1044 
 77 7 8 78 333 332 331 93 92 91 334 335 336 499 500 501 1045 1046 1047 1048 1049 1050 1051 1052 1053 
 78 8 9 79 336 335 334 96 95 94 337 338 339 502 503 504 1054 1055 1056 1057 1058 1059 1060 1061 1062 
 79 9 10 80 339 338 337 99 98 97 340 341 342 505 506 507 1063 1064 1065 1066 1067 1068 1069 1070 1071 
 80 10 11 81 342 341 340 102 101 100 343 344 345 508 509 510 1072 1073 1074 1075 1076 1077 1078 1079 1080 
 81 11 1 12 345 344 343 105 104 103 108 107 106 511 512 513 1081 1082 1083 1084 1085 1086 1087 1088 1089 
 solutionOrder
4 4 4 4 4 
 4 4 4 4 4 
 4 4 4 4 4 
 4 4 4 4 4 
 4 4 4 4 4 
 4 4 4 4 4 
 4 4 4 4 4 
 4 4 4 4 4 
 4 4 4 4 4 
 4 4 4 4 4 
 4 4 4 4 4 
 4 4 4 4 4 
 4 4 4 4 4 
 4 4 4 4 4 
 4 4 4 4 4 
 4 4 4 4 4 
 4 4 4 4 4 
 4 4 4 4 4 
 4 4 4 4 4 
 4 4 4 4 4 
 4 4 4 4 4 
 4 4 4 4 4 
 4 4 4 4 4 
 4 4 4 4 4 
 4 4 4 4 4 
 4 4 4 4 4 
 4 4 4 4 4 
 4 4 4 4 4 
 4 4 4 4 4 
 4 4 4 4 4 
 4 4 4 4 4 
 4 4 4 4 4 
 4 4 4 4 4 
 4 4 4 4 4 
 4 4 4 4 4 
 4 4 4 4 4 
 4 4 4 4 4 
 4 4 4 4 4 
 4 4 4 4 4 
 4 4 4 4 4 
 4 4 4 4 4 
 4 4 4 4 4 
 4 4 4 4 4 
 4 4 4 4 4 
 4 4 4 4 4 
 4 4 4 4 4 
 4 4 4 4 4 
 4 4 4 4 4 
 4 4 4 4 4 
 4 4 4 4 4 
 4 4 4 4 4 
 4 4 4 4 4 
 4 4 4 4 4 
 4 4 4 4 4 
 4 4 4 4 4 
 4 4 4 4 4 
 4 4 4 4 4 
 4 4 4 4 4 
 4 4 4 4 4 
 4 4 4 4 4 
 4 4 4 4 4 
 4 4 4 4 4 
 4 4 4 4 4 
 4 4 4 4 4 
 vertexCoord 
1.000000 1.000000 
 0.000000 1.000000 
 1.000000 0.000000 
 0.000000 0.000000 
 1.000000 0.125000 
 1.000000 0.250000 
 1.000000 0.375000 
 1.000000 0.500000 
 1.000000 0.625000 
 1.000000 0.750000 
 1.000000 0.875000 
 0.875000 1.000000 
 0.750000 1.000000 
 0.625000 1.000000 
 0.500000 1.000000 
 0.375000 1.000000 
 0.250000 1.000000 
 0.125000 1.000000 
 0.000000 0.500000 
 0.000000 0.750000 
 0.000000 0.875000 
 0.000000 0.625000 
 0.000000 0.250000 
 0.000000 0.375000 
 0.000000 0.125000 
 0.125000 0.000000 
 0.250000 0.000000 
 0.375000 0.000000 
 0.500000 0.000000 
 0.625000 0.000000 
 0.750000 0.000000 
 0.875000 0.000000 
 0.125000 0.125000 
 0.125000 0.250000 
 0.125000 0.375000 
 0.125000 0.500000 
 0.125000 0.625000 
 0.125000 0.750000 
 0.125000 0.875000 
 0.250000 0.125000 
 0.250000 0.250000 
 0.250000 0.375000 
 0.250000 0.500000 
 0.250000 0.625000 
 0.250000 0.750000 
 0.250000 0.875000 
 0.375000 0.125000 
 0.375000 0.250000 
 0.375000 0.375000 
 0.375000 0.500000 
 0.375000 0.625000 
 0.375000 0.750000 
 0.375000 0.875000 
 0.500000 0.125000 
 0.500000 0.250000 
 0.500000 0.375000 
 0.500000 0.500000 
 0.500000 0.625000 
 0.500000 0.750000 
 0.500000 0.875000 
 0.625000 0.125000 
 0.625000 0.250000 
 0.625000 0.375000 
 0.625000 0.500000 
 0.625000 0.625000 
 0.625000 0.750000 
 0.625000 0.875000 
 0.750000 0.125000 
 0.750000 0.250000 
 0.750000 0.375000 
 0.750000 0.500000 
 0.750000 0.625000 
 0.750000 0.750000 
 0.750000 0.875000 
 0.875000 0.125000 
 0.875000 0.250000 
 0.875000 0.375000 
 0.875000 0.500000 
 0.875000 0.625000 
 0.875000 0.750000 
 0.875000 0.875000 
 bc_tag 
5 
 2 
 16 
 18 
 23 
 23 
 23 
 23 
 23 
 23 
 23 
 6 
 6 
 6 
 6 
 6 
 6 
 6 
 24 
 24 
 24 
 24 
 24 
 24 
 24 
 14 
 14 
 14 
 14 
 14 
 14 
 14 
 26 
 26 
 26 
 26 
 26 
 26 
 26 
 26 
 26 
 26 
 26 
 26 
 26 
 26 
 26 
 26 
 26 
 26 
 26 
 26 
 26 
 26 
 26 
 26 
 26 
 26 
 26 
 26 
 26 
 26 
 26 
 26 
 26 
 26 
 26 
 26 
 26 
 26 
 26 
 26 
 26 
 26 
 26 
 26 
 26 
 26 
 26 
 26 
 26 
 23 
 23 
 23 
 23 
 23 
 23 
 23 
 23 
 23 
 23 
 23 
 23 
 23 
 23 
 23 
 23 
 23 
 23 
 23 
 23 
 23 
 23 
 23 
 23 
 6 
 6 
 6 
 6 
 6 
 6 
 6 
 6 
 6 
 6 
 6 
 6 
 6 
 6 
 6 
 6 
 6 
 6 
 6 
 6 
 6 
 6 
 6 
 6 
 24 
 24 
 24 
 24 
 24 
 24 
 24 
 24 
 24 
 24 
 24 
 24 
 24 
 24 
 24 
 24 
 24 
 24 
 24 
 24 
 24 
 24 
 24 
 24 
 14 
 14 
 14 
 14 
 14 
 14 
 14 
 14 
 14 
 14 
 14 
 14 
 14 
 14 
 14 
 14 
 14 
 14 
 14 
 14 
 14 
 14 
 14 
 14 
 26 
 26 
 26 
 26 
 26 
 26 
 26 
 26 
 26 
 26 
 26 
 26 
 26 
 26 
 26 
 26 
 26 
 26 
 26 
 26 
 26 
 26 
 26 
 26 
 26 
 26 
 26 
 26 
 26 
 26 
 26 
 26 
 26 
 26 
 26 
 26 
 26 
 26 
 26 
 26 
 26 
 26 
 26 
 26 
 26 
 26 
 26 
 26 
 26 
 26 
 26 
 26 
 26 
 26 
 26 
 26 
 26 
 26 
 26 
 26 
 26 
 26 
 26 
 26 
 26 
 26 
 26 
 26 
 26 
 26 
 26 
 26 
 26 
 26 
 26 
 26 
 26 
 26 
 26 
 26 
 26 
 26 
 26 
 26 
 26 
 26 
 26 
 26 
 26 
 26 
 26 
 26 
 26 
 26 
 26 
 26 
 26 
 26 
 26 
 26 
 26 
 26 
 26 
 26 
 26 
 26 
 26 
 26 
 26 
 26 
 26 
 26 
 26 
 26 
 26 
 26 
 26 
 26 
 26 
 26 
 26 
 26 
 26 
 26 
 26 
 26 
 26 
 26 
 26 
 26 
 26 
 26 
 26 
 26 
 26 
 26 
 26 
 26 
 26 
 26 
 26 
 26 
 26 
 26 
 26 
 26 
 26 
 26 
 26 
 26 
 26 
 26 
 26 
 26 
 26 
 26 
 26 
 26 
 26 
 26 
 26 
 26 
 26 
 26 
 26 
 26 
 26 
 26 
 26 
 26 
 26 
 26 
 26 
 26 
 26 
 26 
 26 
 26 
 26 
 26 
 26 
 26 
 26 
 26 
 26 
 26 
 26 
 26 
 26 
 26 
 26 
 26 
 26 
 26 
 26 
 26 
 26 
 26 
 26 
 26 
 26 
 26 
 26 
 26 
 26 
 26 
 26 
 26 
 26 
 26 
 26 
 26 
 26 
 26 
 26 
 26 
 26 
 26 
 26 
 26 
 26 
 26 
 26 
 26 
 26 
 26 
 26 
 26 
 26 
 26 
 26 
 26 
 26 
 26 
 26 
 26 
 26 
 26 
 26 
 26 
 26 
 26 
 26 
 26 
 26 
 26 
 26 
 26 
 26 
 26 
 26 
 26 
 26 
 26 
 26 
 26 
 26 
 26 
 26 
 26 
 26 
 26 
 26 
 26 
 26 
 26 
 26 
 26 
 26 
 26 
 26 
 26 
 26 
 26 
 26 
 26 
 26 
 26 
 26 
 26 
 26 
 26 
 26 
 26 
 26 
 26 
 26 
 26 
 26 
 26 
 26 
 26 
 26 
 26 
 26 
 26 
 26 
 26 
 26 
 26 
 26 
 26 
 26 
 26 
 26 
 26 
 26 
 26 
 26 
 26 
 26 
 26 
 26 
 26 
 26 
 26 
 26 
 26 
 26 
 26 
 26 
 26 
 26 
 26 
 26 
 26 
 26 
 26 
 26 
 26 
 26 
 26 
 26 
 26 
 26 
 26 
 26 
 26 
 26 
 26 
 26 
 26 
 26 
 26 
 26 
 26 
 26 
 26 
 26 
 26 
 26 
 26 
 26 
 26 
 26 
 26 
 26 
 26 
 26 
 26 
 26 
 26 
 26 
 26 
 26 
 26 
 26 
 26 
 26 
 26 
 26 
 26 
 26 
 26 
 26 
 26 
 26 
 26 
 26 
 26 
 26 
 26 
 26 
 26 
 26 
 26 
 26 
 26 
 26 
 26 
 26 
 26 
 26 
 26 
 26 
 26 
 26 
 26 
 26 
 26 
 26 
 26 
 26 
 26 
 26 
 26 
 26 
 26 
 26 
 26 
 26 
 26 
 26 
 26 
 26 
 26 
 26 
 26 
 26 
 26 
 26 
 26 
 26 
 26 
 26 
 26 
 26 
 26 
 26 
 26 
 26 
 26 
 26 
 26 
 26 
 26 
 26 
 26 
 26 
 26 
 26 
 26 
 26 
 26 
 26 
 26 
 26 
 26 
 26 
 26 
 26 
 26 
 26 
 26 
 26 
 26 
 26 
 26 
 26 
 26 
 26 
 26 
 26 
 26 
 26 
 26 
 26 
 26 
 26 
 26 
 26 
 26 
 26 
 26 
 26 
 26 
 26 
 26 
 26 
 26 
 26 
 26 
 26 
 26 
 26 
 26 
 26 
 26 
 26 
 26 
 26 
 26 
 26 
 26 
 26 
 26 
 26 
 26 
 26 
 26 
 26 
 26 
 26 
 26 
 26 
 26 
 26 
 26 
 26 
 26 
 26 
 26 
 26 
 26 
 26 
 26 
 26 
 26 
 26 
 26 
 26 
 26 
 26 
 26 
 26 
 26 
 26 
 26 
 26 
 26 
 26 
 26 
 26 
 26 
 26 
 26 
 26 
 26 
 26 
 26 
 26 
 26 
 26 
 26 
 26 
 26 
 26 
 26 
 26 
 26 
 26 
 26 
 26 
 26 
 26 
 26 
 26 
 26 
 26 
 26 
 26 
 26 
 26 
 26 
 26 
 26 
 26 
 26 
 26 
 26 
 26 
 26 
 26 
 26 
 26 
 26 
 26 
 26 
 26 
 26 
 26 
 26 
 26 
 26 
 26 
 26 
 26 
 26 
 26 
 26 
 26 
 26 
 26 
 26 
 26 
 26 
 26 
 26 
 26 
 26 
 26 
 26 
 26 
 26 
 26 
 26 
 26 
 26 
 26 
 26 
 26 
 26 
 26 
 26 
 26 
 26 
 26 
 26 
 26 
 26 
 26 
 26 
 26 
 26 
 26 
 26 
 26 
 26 
 26 
 26 
 26 
 26 
 26 
 26 
 26 
 26 
 26 
 26 
 26 
 26 
 26 
 26 
 26 
 26 
 26 
 26 
 26 
 26 
 26 
 26 
 26 
 26 
 26 
 26 
 26 
 26 
 26 
 26 
 26 
 26 
 26 
 26 
 26 
 26 
 26 
 26 
 26 
 26 
 26 
 26 
 26 
 26 
 26 
 26 
 26 
 26 
 26 
 26 
 26 
 26 
 26 
 26 
 26 
 26 
 26 
 26 
 26 
 26 
 26 
 26 
 26 
 26 
 26 
 26 
 26 
 26 
 26 
 26 
 26 
 26 
 26 
 26 
 26 
 26 
 26 
 26 
 26 
 26 
 26 
 26 
 26 
 26 
 26 
 26 
 26 
 26 
 26 
 26 
 26 
 26 
 26 
 26 
 26 
 26 
 26 
 26 
 26 
 26 
 26 
 26 
 26 
 26 
 26 
 26 
 26 
 26 
 26 
 26 
 26 
 26 
 26 
 26 
 26 
 26 
 26 
 26 
 26 
 26 
 26 
 26 
 26 
 26 
 26 
 26 
 26 
 26 
 26 
 26 
 26 
 26 
 26 
 26 
 26 
 26 
 26 
 26 
 26 
 26 
 26 
 26 
 26 
 26 
 26 
 26 
 26 
 26 
 26 
 26 
 26 
 26 
 26 
 26 
 26 
 26 
 26 
 26 
 26 
 26 
 26 
 26 
 26 
 26 
 26 
 26 
 26 
 26 
 26 
 26 
 26 
 26 
 26 
 26 
 26 
 26 
 26 
 26 
 26 
 26 
 26 
 26 
 26 
 26 
 26 
 26 
 26 
 26 
 26 
 26 
 26 
 26 
 26 
 26 
 26 
 26 
 26 
 26 
 26 
 26 
 26 
 26 
 26 
 26 
 26 
 26 
 26 
 26 
 26 
 26 
 26 
 26 
 26 
 26 
 26 
 26 
 26 
 26 
 26 
 26 
 26 
 26 
 26 
 26 
 26 
 26 
 26 
 26 
 26 
 26 
 26 
 26 
 26 
 26 
 26 
 26 
 26 
 26 
 26 
 26 
 26 
 26 
 26 
 26 
 26 
 26 
 26 
 26 
 26 
 26 
 26 
 26 
 26 
 26 
 26 
 26 
 26 
 26 
 26 
 26 
 26 
 26 
 26 
 26 
 26 
 26 
 26 
 26 
 26 
 26 
 26 
 26 
 26 
 26 
 26 
 26 
 26 
 26 
 26 
 26 
 26 
 26 
 26 
 26 
 edgeUsage
1 1 0 
 1 1 0 
 1 1 0 
 1 1 0 
 1 1 0 
 1 1 0 
 1 1 0 
 1 1 1 
 1 1 0 
 1 1 0 
 1 1 0 
 1 1 0 
 1 1 0 
 1 1 0 
 1 1 0 
 1 1 1 
 1 1 0 
 1 1 0 
 1 1 0 
 1 1 0 
 1 1 0 
 1 1 0 
 1 1 0 
 1 1 1 
 1 1 0 
 1 1 0 
 1 1 0 
 1 1 0 
 1 1 0 
 1 1 0 
 1 1 0 
 1 1 1 
 1 1 0 
 1 1 0 
 1 1 0 
 1 1 0 
 1 1 0 
 1 1 0 
 1 1 0 
 1 1 1 
 1 1 0 
 1 1 0 
 1 1 0 
 1 1 0 
 1 1 0 
 1 1 0 
 1 1 0 
 1 1 1 
 1 1 0 
 1 1 0 
 1 1 0 
 1 1 0 
 1 1 0 
 1 1 0 
 1 1 0 
 1 1 1 
 1 1 0 
 1 1 0 
 1 1 0 
 1 1 0 
 1 1 0 
 1 1 0 
 1 1 0 
 1 1 1 
 EdgeNode 
3 5 82 83 84 
 5 6 85 86 87 
 6 7 88 89 90 
 7 8 91 92 93 
 8 9 94 95 96 
 9 10 97 98 99 
 10 11 100 101 102 
 11 1 103 104 105 
 1 12 106 107 108 
 12 13 109 110 111 
 13 14 112 113 114 
 14 15 115 116 117 
 15 16 118 119 120 
 16 17 121 122 123 
 17 18 124 125 126 
 18 2 127 128 129 
 2 21 130 131 132 
 21 20 133 134 135 
 20 22 136 137 138 
 22 19 139 140 141 
 19 24 142 143 144 
 24 23 145 146 147 
 23 25 148 149 150 
 25 4 151 152 153 
 4 26 154 155 156 
 26 27 157 158 159 
 27 28 160 161 162 
 28 29 163 164 165 
 29 30 166 167 168 
 30 31 169 170 171 
 31 32 172 173 174 
 32 3 175 176 177 
 25 33 178 179 180 
 23 34 181 182 183 
 24 35 184 185 186 
 19 36 187 188 189 
 22 37 190 191 192 
 20 38 193 194 195 
 21 39 196 197 198 
 33 40 199 200 201 
 34 41 202 203 204 
 35 42 205 206 207 
 36 43 208 209 210 
 37 44 211 212 213 
 38 45 214 215 216 
 39 46 217 218 219 
 40 47 220 221 222 
 41 48 223 224 225 
 42 49 226 227 228 
 43 50 229 230 231 
 44 51 232 233 234 
 45 52 235 236 237 
 46 53 238 239 240 
 47 54 241 242 243 
 48 55 244 245 246 
 49 56 247 248 249 
 50 57 250 251 252 
 51 58 253 254 255 
 52 59 256 257 258 
 53 60 259 260 261 
 54 61 262 263 264 
 55 62 265 266 267 
 56 63 268 269 270 
 57 64 271 272 273 
 58 65 274 275 276 
 59 66 277 278 279 
 60 67 280 281 282 
 61 68 283 284 285 
 62 69 286 287 288 
 63 70 289 290 291 
 64 71 292 293 294 
 65 72 295 296 297 
 66 73 298 299 300 
 67 74 301 302 303 
 68 75 304 305 306 
 69 76 307 308 309 
 70 77 310 311 312 
 71 78 313 314 315 
 72 79 316 317 318 
 73 80 319 320 321 
 74 81 322 323 324 
 75 5 325 326 327 
 76 6 328 329 330 
 77 7 331 332 333 
 78 8 334 335 336 
 79 9 337 338 339 
 80 10 340 341 342 
 81 11 343 344 345 
 26 33 346 347 348 
 33 34 349 350 351 
 34 35 352 353 354 
 35 36 355 356 357 
 36 37 358 359 360 
 37 38 361 362 363 
 38 39 364 365 366 
 39 18 367 368 369 
 27 40 370 371 372 
 40 41 373 374 375 
 41 42 376 377 378 
 42 43 379 380 381 
 43 44 382 383 384 
 44 45 385 386 387 
 45 46 388 389 390 
 46 17 391 392 393 
 28 47 394 395 396 
 47 48 397 398 399 
 48 49 400 401 402 
 49 50 403 404 405 
 50 51 406 407 408 
 51 52 409 410 411 
 52 53 412 413 414 
 53 16 415 416 417 
 29 54 418 419 420 
 54 55 421 422 423 
 55 56 424 425 426 
 56 57 427 428 429 
 57 58 430 431 432 
 58 59 433 434 435 
 59 60 436 437 438 
 60 15 439 440 441 
 30 61 442 443 444 
 61 62 445 446 447 
 62 63 448 449 450 
 63 64 451 452 453 
 64 65 454 455 456 
 65 66 457 458 459 
 66 67 460 461 462 
 67 14 463 464 465 
 31 68 466 467 468 
 68 69 469 470 471 
 69 70 472 473 474 
 70 71 475 476 477 
 71 72 478 479 480 
 72 73 481 482 483 
 73 74 484 485 486 
 74 13 487 488 489 
 32 75 490 491 492 
 75 76 493 494 495 
 76 77 496 497 498 
 77 78 499 500 501 
 78 79 502 503 504 
 79 80 505 506 507 
 80 81 508 509 510 
 81 12 511 512 513 
 bcElement 32
1 14 3 
9 14 3 
17 14 3 
25 14 3 
33 14 3 
41 14 3 
49 14 3 
57 14 3 
57 23 1 
58 23 1 
59 23 1 
60 23 1 
61 23 1 
62 23 1 
63 23 1 
64 23 1 
64 6 0 
56 6 0 
48 6 0 
40 6 0 
32 6 0 
24 6 0 
16 6 0 
8 6 0 
8 24 0 
7 24 0 
6 24 0 
5 24 0 
4 24 0 
3 24 0 
2 24 0 
1 24 0 
