Edge min = 0.062500, max=0.062500, average=0.062500;
Grid_size 256
Node_size 289
Total_DOF 2401
edge_Size 544
maxDOF 16
Solution_Order
3 
 meshIEN 
3 50 65 19 
 19 65 66 18 
 18 66 67 17 
 17 67 68 16 
 16 68 69 15 
 15 69 70 14 
 14 70 71 13 
 13 71 72 12 
 12 72 73 11 
 11 73 74 10 
 10 74 75 9 
 9 75 76 8 
 8 76 77 7 
 7 77 78 6 
 6 78 79 5 
 5 79 34 1 
 50 51 80 65 
 65 80 81 66 
 66 81 82 67 
 67 82 83 68 
 68 83 84 69 
 69 84 85 70 
 70 85 86 71 
 71 86 87 72 
 72 87 88 73 
 73 88 89 74 
 74 89 90 75 
 75 90 91 76 
 76 91 92 77 
 77 92 93 78 
 78 93 94 79 
 79 94 32 34 
 51 52 95 80 
 80 95 96 81 
 81 96 97 82 
 82 97 98 83 
 83 98 99 84 
 84 99 100 85 
 85 100 101 86 
 86 101 102 87 
 87 102 103 88 
 88 103 104 89 
 89 104 105 90 
 90 105 106 91 
 91 106 107 92 
 92 107 108 93 
 93 108 109 94 
 94 109 33 32 
 52 53 110 95 
 95 110 111 96 
 96 111 112 97 
 97 112 113 98 
 98 113 114 99 
 99 114 115 100 
 100 115 116 101 
 101 116 117 102 
 102 117 118 103 
 103 118 119 104 
 104 119 120 105 
 105 120 121 106 
 106 121 122 107 
 107 122 123 108 
 108 123 124 109 
 109 124 28 33 
 53 54 125 110 
 110 125 126 111 
 111 126 127 112 
 112 127 128 113 
 113 128 129 114 
 114 129 130 115 
 115 130 131 116 
 116 131 132 117 
 117 132 133 118 
 118 133 134 119 
 119 134 135 120 
 120 135 136 121 
 121 136 137 122 
 122 137 138 123 
 123 138 139 124 
 124 139 31 28 
 54 55 140 125 
 125 140 141 126 
 126 141 142 127 
 127 142 143 128 
 128 143 144 129 
 129 144 145 130 
 130 145 146 131 
 131 146 147 132 
 132 147 148 133 
 133 148 149 134 
 134 149 150 135 
 135 150 151 136 
 136 151 152 137 
 137 152 153 138 
 138 153 154 139 
 139 154 29 31 
 55 56 155 140 
 140 155 156 141 
 141 156 157 142 
 142 157 158 143 
 143 158 159 144 
 144 159 160 145 
 145 160 161 146 
 146 161 162 147 
 147 162 163 148 
 148 163 164 149 
 149 164 165 150 
 150 165 166 151 
 151 166 167 152 
 152 167 168 153 
 153 168 169 154 
 154 169 30 29 
 56 57 170 155 
 155 170 171 156 
 156 171 172 157 
 157 172 173 158 
 158 173 174 159 
 159 174 175 160 
 160 175 176 161 
 161 176 177 162 
 162 177 178 163 
 163 178 179 164 
 164 179 180 165 
 165 180 181 166 
 166 181 182 167 
 167 182 183 168 
 168 183 184 169 
 169 184 20 30 
 57 58 185 170 
 170 185 186 171 
 171 186 187 172 
 172 187 188 173 
 173 188 189 174 
 174 189 190 175 
 175 190 191 176 
 176 191 192 177 
 177 192 193 178 
 178 193 194 179 
 179 194 195 180 
 180 195 196 181 
 181 196 197 182 
 182 197 198 183 
 183 198 199 184 
 184 199 27 20 
 58 59 200 185 
 185 200 201 186 
 186 201 202 187 
 187 202 203 188 
 188 203 204 189 
 189 204 205 190 
 190 205 206 191 
 191 206 207 192 
 192 207 208 193 
 193 208 209 194 
 194 209 210 195 
 195 210 211 196 
 196 211 212 197 
 197 212 213 198 
 198 213 214 199 
 199 214 25 27 
 59 60 215 200 
 200 215 216 201 
 201 216 217 202 
 202 217 218 203 
 203 218 219 204 
 204 219 220 205 
 205 220 221 206 
 206 221 222 207 
 207 222 223 208 
 208 223 224 209 
 209 224 225 210 
 210 225 226 211 
 211 226 227 212 
 212 227 228 213 
 213 228 229 214 
 214 229 26 25 
 60 61 230 215 
 215 230 231 216 
 216 231 232 217 
 217 232 233 218 
 218 233 234 219 
 219 234 235 220 
 220 235 236 221 
 221 236 237 222 
 222 237 238 223 
 223 238 239 224 
 224 239 240 225 
 225 240 241 226 
 226 241 242 227 
 227 242 243 228 
 228 243 244 229 
 229 244 21 26 
 61 62 245 230 
 230 245 246 231 
 231 246 247 232 
 232 247 248 233 
 233 248 249 234 
 234 249 250 235 
 235 250 251 236 
 236 251 252 237 
 237 252 253 238 
 238 253 254 239 
 239 254 255 240 
 240 255 256 241 
 241 256 257 242 
 242 257 258 243 
 243 258 259 244 
 244 259 24 21 
 62 63 260 245 
 245 260 261 246 
 246 261 262 247 
 247 262 263 248 
 248 263 264 249 
 249 264 265 250 
 250 265 266 251 
 251 266 267 252 
 252 267 268 253 
 253 268 269 254 
 254 269 270 255 
 255 270 271 256 
 256 271 272 257 
 257 272 273 258 
 258 273 274 259 
 259 274 22 24 
 63 64 275 260 
 260 275 276 261 
 261 276 277 262 
 262 277 278 263 
 263 278 279 264 
 264 279 280 265 
 265 280 281 266 
 266 281 282 267 
 267 282 283 268 
 268 283 284 269 
 269 284 285 270 
 270 285 286 271 
 271 286 287 272 
 272 287 288 273 
 273 288 289 274 
 274 289 23 22 
 64 4 35 275 
 275 35 36 276 
 276 36 37 277 
 277 37 38 278 
 278 38 39 279 
 279 39 40 280 
 280 40 41 281 
 281 41 42 282 
 282 42 43 283 
 283 43 44 284 
 284 44 45 285 
 285 45 46 286 
 286 46 47 287 
 287 47 48 288 
 288 48 49 289 
 289 49 2 23 
 solutionIEN 
3 50 65 19 387 386 899 898 418 419 321 320 1378 1379 1380 1381 
 19 65 66 18 419 418 901 900 420 421 319 318 1382 1383 1384 1385 
 18 66 67 17 421 420 903 902 422 423 317 316 1386 1387 1388 1389 
 17 67 68 16 423 422 905 904 424 425 315 314 1390 1391 1392 1393 
 16 68 69 15 425 424 907 906 426 427 313 312 1394 1395 1396 1397 
 15 69 70 14 427 426 909 908 428 429 311 310 1398 1399 1400 1401 
 14 70 71 13 429 428 911 910 430 431 309 308 1402 1403 1404 1405 
 13 71 72 12 431 430 913 912 432 433 307 306 1406 1407 1408 1409 
 12 72 73 11 433 432 915 914 434 435 305 304 1410 1411 1412 1413 
 11 73 74 10 435 434 917 916 436 437 303 302 1414 1415 1416 1417 
 10 74 75 9 437 436 919 918 438 439 301 300 1418 1419 1420 1421 
 9 75 76 8 439 438 921 920 440 441 299 298 1422 1423 1424 1425 
 8 76 77 7 441 440 923 922 442 443 297 296 1426 1427 1428 1429 
 7 77 78 6 443 442 925 924 444 445 295 294 1430 1431 1432 1433 
 6 78 79 5 445 444 927 926 446 447 293 292 1434 1435 1436 1437 
 5 79 34 1 447 446 929 928 353 352 291 290 1438 1439 1440 1441 
 50 51 80 65 389 388 931 930 448 449 898 899 1442 1443 1444 1445 
 65 80 81 66 449 448 933 932 450 451 900 901 1446 1447 1448 1449 
 66 81 82 67 451 450 935 934 452 453 902 903 1450 1451 1452 1453 
 67 82 83 68 453 452 937 936 454 455 904 905 1454 1455 1456 1457 
 68 83 84 69 455 454 939 938 456 457 906 907 1458 1459 1460 1461 
 69 84 85 70 457 456 941 940 458 459 908 909 1462 1463 1464 1465 
 70 85 86 71 459 458 943 942 460 461 910 911 1466 1467 1468 1469 
 71 86 87 72 461 460 945 944 462 463 912 913 1470 1471 1472 1473 
 72 87 88 73 463 462 947 946 464 465 914 915 1474 1475 1476 1477 
 73 88 89 74 465 464 949 948 466 467 916 917 1478 1479 1480 1481 
 74 89 90 75 467 466 951 950 468 469 918 919 1482 1483 1484 1485 
 75 90 91 76 469 468 953 952 470 471 920 921 1486 1487 1488 1489 
 76 91 92 77 471 470 955 954 472 473 922 923 1490 1491 1492 1493 
 77 92 93 78 473 472 957 956 474 475 924 925 1494 1495 1496 1497 
 78 93 94 79 475 474 959 958 476 477 926 927 1498 1499 1500 1501 
 79 94 32 34 477 476 961 960 351 350 928 929 1502 1503 1504 1505 
 51 52 95 80 391 390 963 962 478 479 930 931 1506 1507 1508 1509 
 80 95 96 81 479 478 965 964 480 481 932 933 1510 1511 1512 1513 
 81 96 97 82 481 480 967 966 482 483 934 935 1514 1515 1516 1517 
 82 97 98 83 483 482 969 968 484 485 936 937 1518 1519 1520 1521 
 83 98 99 84 485 484 971 970 486 487 938 939 1522 1523 1524 1525 
 84 99 100 85 487 486 973 972 488 489 940 941 1526 1527 1528 1529 
 85 100 101 86 489 488 975 974 490 491 942 943 1530 1531 1532 1533 
 86 101 102 87 491 490 977 976 492 493 944 945 1534 1535 1536 1537 
 87 102 103 88 493 492 979 978 494 495 946 947 1538 1539 1540 1541 
 88 103 104 89 495 494 981 980 496 497 948 949 1542 1543 1544 1545 
 89 104 105 90 497 496 983 982 498 499 950 951 1546 1547 1548 1549 
 90 105 106 91 499 498 985 984 500 501 952 953 1550 1551 1552 1553 
 91 106 107 92 501 500 987 986 502 503 954 955 1554 1555 1556 1557 
 92 107 108 93 503 502 989 988 504 505 956 957 1558 1559 1560 1561 
 93 108 109 94 505 504 991 990 506 507 958 959 1562 1563 1564 1565 
 94 109 33 32 507 506 993 992 349 348 960 961 1566 1567 1568 1569 
 52 53 110 95 393 392 995 994 508 509 962 963 1570 1571 1572 1573 
 95 110 111 96 509 508 997 996 510 511 964 965 1574 1575 1576 1577 
 96 111 112 97 511 510 999 998 512 513 966 967 1578 1579 1580 1581 
 97 112 113 98 513 512 1001 1000 514 515 968 969 1582 1583 1584 1585 
 98 113 114 99 515 514 1003 1002 516 517 970 971 1586 1587 1588 1589 
 99 114 115 100 517 516 1005 1004 518 519 972 973 1590 1591 1592 1593 
 100 115 116 101 519 518 1007 1006 520 521 974 975 1594 1595 1596 1597 
 101 116 117 102 521 520 1009 1008 522 523 976 977 1598 1599 1600 1601 
 102 117 118 103 523 522 1011 1010 524 525 978 979 1602 1603 1604 1605 
 103 118 119 104 525 524 1013 1012 526 527 980 981 1606 1607 1608 1609 
 104 119 120 105 527 526 1015 1014 528 529 982 983 1610 1611 1612 1613 
 105 120 121 106 529 528 1017 1016 530 531 984 985 1614 1615 1616 1617 
 106 121 122 107 531 530 1019 1018 532 533 986 987 1618 1619 1620 1621 
 107 122 123 108 533 532 1021 1020 534 535 988 989 1622 1623 1624 1625 
 108 123 124 109 535 534 1023 1022 536 537 990 991 1626 1627 1628 1629 
 109 124 28 33 537 536 1025 1024 347 346 992 993 1630 1631 1632 1633 
 53 54 125 110 395 394 1027 1026 538 539 994 995 1634 1635 1636 1637 
 110 125 126 111 539 538 1029 1028 540 541 996 997 1638 1639 1640 1641 
 111 126 127 112 541 540 1031 1030 542 543 998 999 1642 1643 1644 1645 
 112 127 128 113 543 542 1033 1032 544 545 1000 1001 1646 1647 1648 1649 
 113 128 129 114 545 544 1035 1034 546 547 1002 1003 1650 1651 1652 1653 
 114 129 130 115 547 546 1037 1036 548 549 1004 1005 1654 1655 1656 1657 
 115 130 131 116 549 548 1039 1038 550 551 1006 1007 1658 1659 1660 1661 
 116 131 132 117 551 550 1041 1040 552 553 1008 1009 1662 1663 1664 1665 
 117 132 133 118 553 552 1043 1042 554 555 1010 1011 1666 1667 1668 1669 
 118 133 134 119 555 554 1045 1044 556 557 1012 1013 1670 1671 1672 1673 
 119 134 135 120 557 556 1047 1046 558 559 1014 1015 1674 1675 1676 1677 
 120 135 136 121 559 558 1049 1048 560 561 1016 1017 1678 1679 1680 1681 
 121 136 137 122 561 560 1051 1050 562 563 1018 1019 1682 1683 1684 1685 
 122 137 138 123 563 562 1053 1052 564 565 1020 1021 1686 1687 1688 1689 
 123 138 139 124 565 564 1055 1054 566 567 1022 1023 1690 1691 1692 1693 
 124 139 31 28 567 566 1057 1056 345 344 1024 1025 1694 1695 1696 1697 
 54 55 140 125 397 396 1059 1058 568 569 1026 1027 1698 1699 1700 1701 
 125 140 141 126 569 568 1061 1060 570 571 1028 1029 1702 1703 1704 1705 
 126 141 142 127 571 570 1063 1062 572 573 1030 1031 1706 1707 1708 1709 
 127 142 143 128 573 572 1065 1064 574 575 1032 1033 1710 1711 1712 1713 
 128 143 144 129 575 574 1067 1066 576 577 1034 1035 1714 1715 1716 1717 
 129 144 145 130 577 576 1069 1068 578 579 1036 1037 1718 1719 1720 1721 
 130 145 146 131 579 578 1071 1070 580 581 1038 1039 1722 1723 1724 1725 
 131 146 147 132 581 580 1073 1072 582 583 1040 1041 1726 1727 1728 1729 
 132 147 148 133 583 582 1075 1074 584 585 1042 1043 1730 1731 1732 1733 
 133 148 149 134 585 584 1077 1076 586 587 1044 1045 1734 1735 1736 1737 
 134 149 150 135 587 586 1079 1078 588 589 1046 1047 1738 1739 1740 1741 
 135 150 151 136 589 588 1081 1080 590 591 1048 1049 1742 1743 1744 1745 
 136 151 152 137 591 590 1083 1082 592 593 1050 1051 1746 1747 1748 1749 
 137 152 153 138 593 592 1085 1084 594 595 1052 1053 1750 1751 1752 1753 
 138 153 154 139 595 594 1087 1086 596 597 1054 1055 1754 1755 1756 1757 
 139 154 29 31 597 596 1089 1088 343 342 1056 1057 1758 1759 1760 1761 
 55 56 155 140 399 398 1091 1090 598 599 1058 1059 1762 1763 1764 1765 
 140 155 156 141 599 598 1093 1092 600 601 1060 1061 1766 1767 1768 1769 
 141 156 157 142 601 600 1095 1094 602 603 1062 1063 1770 1771 1772 1773 
 142 157 158 143 603 602 1097 1096 604 605 1064 1065 1774 1775 1776 1777 
 143 158 159 144 605 604 1099 1098 606 607 1066 1067 1778 1779 1780 1781 
 144 159 160 145 607 606 1101 1100 608 609 1068 1069 1782 1783 1784 1785 
 145 160 161 146 609 608 1103 1102 610 611 1070 1071 1786 1787 1788 1789 
 146 161 162 147 611 610 1105 1104 612 613 1072 1073 1790 1791 1792 1793 
 147 162 163 148 613 612 1107 1106 614 615 1074 1075 1794 1795 1796 1797 
 148 163 164 149 615 614 1109 1108 616 617 1076 1077 1798 1799 1800 1801 
 149 164 165 150 617 616 1111 1110 618 619 1078 1079 1802 1803 1804 1805 
 150 165 166 151 619 618 1113 1112 620 621 1080 1081 1806 1807 1808 1809 
 151 166 167 152 621 620 1115 1114 622 623 1082 1083 1810 1811 1812 1813 
 152 167 168 153 623 622 1117 1116 624 625 1084 1085 1814 1815 1816 1817 
 153 168 169 154 625 624 1119 1118 626 627 1086 1087 1818 1819 1820 1821 
 154 169 30 29 627 626 1121 1120 341 340 1088 1089 1822 1823 1824 1825 
 56 57 170 155 401 400 1123 1122 628 629 1090 1091 1826 1827 1828 1829 
 155 170 171 156 629 628 1125 1124 630 631 1092 1093 1830 1831 1832 1833 
 156 171 172 157 631 630 1127 1126 632 633 1094 1095 1834 1835 1836 1837 
 157 172 173 158 633 632 1129 1128 634 635 1096 1097 1838 1839 1840 1841 
 158 173 174 159 635 634 1131 1130 636 637 1098 1099 1842 1843 1844 1845 
 159 174 175 160 637 636 1133 1132 638 639 1100 1101 1846 1847 1848 1849 
 160 175 176 161 639 638 1135 1134 640 641 1102 1103 1850 1851 1852 1853 
 161 176 177 162 641 640 1137 1136 642 643 1104 1105 1854 1855 1856 1857 
 162 177 178 163 643 642 1139 1138 644 645 1106 1107 1858 1859 1860 1861 
 163 178 179 164 645 644 1141 1140 646 647 1108 1109 1862 1863 1864 1865 
 164 179 180 165 647 646 1143 1142 648 649 1110 1111 1866 1867 1868 1869 
 165 180 181 166 649 648 1145 1144 650 651 1112 1113 1870 1871 1872 1873 
 166 181 182 167 651 650 1147 1146 652 653 1114 1115 1874 1875 1876 1877 
 167 182 183 168 653 652 1149 1148 654 655 1116 1117 1878 1879 1880 1881 
 168 183 184 169 655 654 1151 1150 656 657 1118 1119 1882 1883 1884 1885 
 169 184 20 30 657 656 1153 1152 339 338 1120 1121 1886 1887 1888 1889 
 57 58 185 170 403 402 1155 1154 658 659 1122 1123 1890 1891 1892 1893 
 170 185 186 171 659 658 1157 1156 660 661 1124 1125 1894 1895 1896 1897 
 171 186 187 172 661 660 1159 1158 662 663 1126 1127 1898 1899 1900 1901 
 172 187 188 173 663 662 1161 1160 664 665 1128 1129 1902 1903 1904 1905 
 173 188 189 174 665 664 1163 1162 666 667 1130 1131 1906 1907 1908 1909 
 174 189 190 175 667 666 1165 1164 668 669 1132 1133 1910 1911 1912 1913 
 175 190 191 176 669 668 1167 1166 670 671 1134 1135 1914 1915 1916 1917 
 176 191 192 177 671 670 1169 1168 672 673 1136 1137 1918 1919 1920 1921 
 177 192 193 178 673 672 1171 1170 674 675 1138 1139 1922 1923 1924 1925 
 178 193 194 179 675 674 1173 1172 676 677 1140 1141 1926 1927 1928 1929 
 179 194 195 180 677 676 1175 1174 678 679 1142 1143 1930 1931 1932 1933 
 180 195 196 181 679 678 1177 1176 680 681 1144 1145 1934 1935 1936 1937 
 181 196 197 182 681 680 1179 1178 682 683 1146 1147 1938 1939 1940 1941 
 182 197 198 183 683 682 1181 1180 684 685 1148 1149 1942 1943 1944 1945 
 183 198 199 184 685 684 1183 1182 686 687 1150 1151 1946 1947 1948 1949 
 184 199 27 20 687 686 1185 1184 337 336 1152 1153 1950 1951 1952 1953 
 58 59 200 185 405 404 1187 1186 688 689 1154 1155 1954 1955 1956 1957 
 185 200 201 186 689 688 1189 1188 690 691 1156 1157 1958 1959 1960 1961 
 186 201 202 187 691 690 1191 1190 692 693 1158 1159 1962 1963 1964 1965 
 187 202 203 188 693 692 1193 1192 694 695 1160 1161 1966 1967 1968 1969 
 188 203 204 189 695 694 1195 1194 696 697 1162 1163 1970 1971 1972 1973 
 189 204 205 190 697 696 1197 1196 698 699 1164 1165 1974 1975 1976 1977 
 190 205 206 191 699 698 1199 1198 700 701 1166 1167 1978 1979 1980 1981 
 191 206 207 192 701 700 1201 1200 702 703 1168 1169 1982 1983 1984 1985 
 192 207 208 193 703 702 1203 1202 704 705 1170 1171 1986 1987 1988 1989 
 193 208 209 194 705 704 1205 1204 706 707 1172 1173 1990 1991 1992 1993 
 194 209 210 195 707 706 1207 1206 708 709 1174 1175 1994 1995 1996 1997 
 195 210 211 196 709 708 1209 1208 710 711 1176 1177 1998 1999 2000 2001 
 196 211 212 197 711 710 1211 1210 712 713 1178 1179 2002 2003 2004 2005 
 197 212 213 198 713 712 1213 1212 714 715 1180 1181 2006 2007 2008 2009 
 198 213 214 199 715 714 1215 1214 716 717 1182 1183 2010 2011 2012 2013 
 199 214 25 27 717 716 1217 1216 335 334 1184 1185 2014 2015 2016 2017 
 59 60 215 200 407 406 1219 1218 718 719 1186 1187 2018 2019 2020 2021 
 200 215 216 201 719 718 1221 1220 720 721 1188 1189 2022 2023 2024 2025 
 201 216 217 202 721 720 1223 1222 722 723 1190 1191 2026 2027 2028 2029 
 202 217 218 203 723 722 1225 1224 724 725 1192 1193 2030 2031 2032 2033 
 203 218 219 204 725 724 1227 1226 726 727 1194 1195 2034 2035 2036 2037 
 204 219 220 205 727 726 1229 1228 728 729 1196 1197 2038 2039 2040 2041 
 205 220 221 206 729 728 1231 1230 730 731 1198 1199 2042 2043 2044 2045 
 206 221 222 207 731 730 1233 1232 732 733 1200 1201 2046 2047 2048 2049 
 207 222 223 208 733 732 1235 1234 734 735 1202 1203 2050 2051 2052 2053 
 208 223 224 209 735 734 1237 1236 736 737 1204 1205 2054 2055 2056 2057 
 209 224 225 210 737 736 1239 1238 738 739 1206 1207 2058 2059 2060 2061 
 210 225 226 211 739 738 1241 1240 740 741 1208 1209 2062 2063 2064 2065 
 211 226 227 212 741 740 1243 1242 742 743 1210 1211 2066 2067 2068 2069 
 212 227 228 213 743 742 1245 1244 744 745 1212 1213 2070 2071 2072 2073 
 213 228 229 214 745 744 1247 1246 746 747 1214 1215 2074 2075 2076 2077 
 214 229 26 25 747 746 1249 1248 333 332 1216 1217 2078 2079 2080 2081 
 60 61 230 215 409 408 1251 1250 748 749 1218 1219 2082 2083 2084 2085 
 215 230 231 216 749 748 1253 1252 750 751 1220 1221 2086 2087 2088 2089 
 216 231 232 217 751 750 1255 1254 752 753 1222 1223 2090 2091 2092 2093 
 217 232 233 218 753 752 1257 1256 754 755 1224 1225 2094 2095 2096 2097 
 218 233 234 219 755 754 1259 1258 756 757 1226 1227 2098 2099 2100 2101 
 219 234 235 220 757 756 1261 1260 758 759 1228 1229 2102 2103 2104 2105 
 220 235 236 221 759 758 1263 1262 760 761 1230 1231 2106 2107 2108 2109 
 221 236 237 222 761 760 1265 1264 762 763 1232 1233 2110 2111 2112 2113 
 222 237 238 223 763 762 1267 1266 764 765 1234 1235 2114 2115 2116 2117 
 223 238 239 224 765 764 1269 1268 766 767 1236 1237 2118 2119 2120 2121 
 224 239 240 225 767 766 1271 1270 768 769 1238 1239 2122 2123 2124 2125 
 225 240 241 226 769 768 1273 1272 770 771 1240 1241 2126 2127 2128 2129 
 226 241 242 227 771 770 1275 1274 772 773 1242 1243 2130 2131 2132 2133 
 227 242 243 228 773 772 1277 1276 774 775 1244 1245 2134 2135 2136 2137 
 228 243 244 229 775 774 1279 1278 776 777 1246 1247 2138 2139 2140 2141 
 229 244 21 26 777 776 1281 1280 331 330 1248 1249 2142 2143 2144 2145 
 61 62 245 230 411 410 1283 1282 778 779 1250 1251 2146 2147 2148 2149 
 230 245 246 231 779 778 1285 1284 780 781 1252 1253 2150 2151 2152 2153 
 231 246 247 232 781 780 1287 1286 782 783 1254 1255 2154 2155 2156 2157 
 232 247 248 233 783 782 1289 1288 784 785 1256 1257 2158 2159 2160 2161 
 233 248 249 234 785 784 1291 1290 786 787 1258 1259 2162 2163 2164 2165 
 234 249 250 235 787 786 1293 1292 788 789 1260 1261 2166 2167 2168 2169 
 235 250 251 236 789 788 1295 1294 790 791 1262 1263 2170 2171 2172 2173 
 236 251 252 237 791 790 1297 1296 792 793 1264 1265 2174 2175 2176 2177 
 237 252 253 238 793 792 1299 1298 794 795 1266 1267 2178 2179 2180 2181 
 238 253 254 239 795 794 1301 1300 796 797 1268 1269 2182 2183 2184 2185 
 239 254 255 240 797 796 1303 1302 798 799 1270 1271 2186 2187 2188 2189 
 240 255 256 241 799 798 1305 1304 800 801 1272 1273 2190 2191 2192 2193 
 241 256 257 242 801 800 1307 1306 802 803 1274 1275 2194 2195 2196 2197 
 242 257 258 243 803 802 1309 1308 804 805 1276 1277 2198 2199 2200 2201 
 243 258 259 244 805 804 1311 1310 806 807 1278 1279 2202 2203 2204 2205 
 244 259 24 21 807 806 1313 1312 329 328 1280 1281 2206 2207 2208 2209 
 62 63 260 245 413 412 1315 1314 808 809 1282 1283 2210 2211 2212 2213 
 245 260 261 246 809 808 1317 1316 810 811 1284 1285 2214 2215 2216 2217 
 246 261 262 247 811 810 1319 1318 812 813 1286 1287 2218 2219 2220 2221 
 247 262 263 248 813 812 1321 1320 814 815 1288 1289 2222 2223 2224 2225 
 248 263 264 249 815 814 1323 1322 816 817 1290 1291 2226 2227 2228 2229 
 249 264 265 250 817 816 1325 1324 818 819 1292 1293 2230 2231 2232 2233 
 250 265 266 251 819 818 1327 1326 820 821 1294 1295 2234 2235 2236 2237 
 251 266 267 252 821 820 1329 1328 822 823 1296 1297 2238 2239 2240 2241 
 252 267 268 253 823 822 1331 1330 824 825 1298 1299 2242 2243 2244 2245 
 253 268 269 254 825 824 1333 1332 826 827 1300 1301 2246 2247 2248 2249 
 254 269 270 255 827 826 1335 1334 828 829 1302 1303 2250 2251 2252 2253 
 255 270 271 256 829 828 1337 1336 830 831 1304 1305 2254 2255 2256 2257 
 256 271 272 257 831 830 1339 1338 832 833 1306 1307 2258 2259 2260 2261 
 257 272 273 258 833 832 1341 1340 834 835 1308 1309 2262 2263 2264 2265 
 258 273 274 259 835 834 1343 1342 836 837 1310 1311 2266 2267 2268 2269 
 259 274 22 24 837 836 1345 1344 327 326 1312 1313 2270 2271 2272 2273 
 63 64 275 260 415 414 1347 1346 838 839 1314 1315 2274 2275 2276 2277 
 260 275 276 261 839 838 1349 1348 840 841 1316 1317 2278 2279 2280 2281 
 261 276 277 262 841 840 1351 1350 842 843 1318 1319 2282 2283 2284 2285 
 262 277 278 263 843 842 1353 1352 844 845 1320 1321 2286 2287 2288 2289 
 263 278 279 264 845 844 1355 1354 846 847 1322 1323 2290 2291 2292 2293 
 264 279 280 265 847 846 1357 1356 848 849 1324 1325 2294 2295 2296 2297 
 265 280 281 266 849 848 1359 1358 850 851 1326 1327 2298 2299 2300 2301 
 266 281 282 267 851 850 1361 1360 852 853 1328 1329 2302 2303 2304 2305 
 267 282 283 268 853 852 1363 1362 854 855 1330 1331 2306 2307 2308 2309 
 268 283 284 269 855 854 1365 1364 856 857 1332 1333 2310 2311 2312 2313 
 269 284 285 270 857 856 1367 1366 858 859 1334 1335 2314 2315 2316 2317 
 270 285 286 271 859 858 1369 1368 860 861 1336 1337 2318 2319 2320 2321 
 271 286 287 272 861 860 1371 1370 862 863 1338 1339 2322 2323 2324 2325 
 272 287 288 273 863 862 1373 1372 864 865 1340 1341 2326 2327 2328 2329 
 273 288 289 274 865 864 1375 1374 866 867 1342 1343 2330 2331 2332 2333 
 274 289 23 22 867 866 1377 1376 325 324 1344 1345 2334 2335 2336 2337 
 64 4 35 275 417 416 355 354 868 869 1346 1347 2338 2339 2340 2341 
 275 35 36 276 869 868 357 356 870 871 1348 1349 2342 2343 2344 2345 
 276 36 37 277 871 870 359 358 872 873 1350 1351 2346 2347 2348 2349 
 277 37 38 278 873 872 361 360 874 875 1352 1353 2350 2351 2352 2353 
 278 38 39 279 875 874 363 362 876 877 1354 1355 2354 2355 2356 2357 
 279 39 40 280 877 876 365 364 878 879 1356 1357 2358 2359 2360 2361 
 280 40 41 281 879 878 367 366 880 881 1358 1359 2362 2363 2364 2365 
 281 41 42 282 881 880 369 368 882 883 1360 1361 2366 2367 2368 2369 
 282 42 43 283 883 882 371 370 884 885 1362 1363 2370 2371 2372 2373 
 283 43 44 284 885 884 373 372 886 887 1364 1365 2374 2375 2376 2377 
 284 44 45 285 887 886 375 374 888 889 1366 1367 2378 2379 2380 2381 
 285 45 46 286 889 888 377 376 890 891 1368 1369 2382 2383 2384 2385 
 286 46 47 287 891 890 379 378 892 893 1370 1371 2386 2387 2388 2389 
 287 47 48 288 893 892 381 380 894 895 1372 1373 2390 2391 2392 2393 
 288 48 49 289 895 894 383 382 896 897 1374 1375 2394 2395 2396 2397 
 289 49 2 23 897 896 385 384 323 322 1376 1377 2398 2399 2400 2401 
 solutionOrder
3 3 3 3 3 
 3 3 3 3 3 
 3 3 3 3 3 
 3 3 3 3 3 
 3 3 3 3 3 
 3 3 3 3 3 
 3 3 3 3 3 
 3 3 3 3 3 
 3 3 3 3 3 
 3 3 3 3 3 
 3 3 3 3 3 
 3 3 3 3 3 
 3 3 3 3 3 
 3 3 3 3 3 
 3 3 3 3 3 
 3 3 3 3 3 
 3 3 3 3 3 
 3 3 3 3 3 
 3 3 3 3 3 
 3 3 3 3 3 
 3 3 3 3 3 
 3 3 3 3 3 
 3 3 3 3 3 
 3 3 3 3 3 
 3 3 3 3 3 
 3 3 3 3 3 
 3 3 3 3 3 
 3 3 3 3 3 
 3 3 3 3 3 
 3 3 3 3 3 
 3 3 3 3 3 
 3 3 3 3 3 
 3 3 3 3 3 
 3 3 3 3 3 
 3 3 3 3 3 
 3 3 3 3 3 
 3 3 3 3 3 
 3 3 3 3 3 
 3 3 3 3 3 
 3 3 3 3 3 
 3 3 3 3 3 
 3 3 3 3 3 
 3 3 3 3 3 
 3 3 3 3 3 
 3 3 3 3 3 
 3 3 3 3 3 
 3 3 3 3 3 
 3 3 3 3 3 
 3 3 3 3 3 
 3 3 3 3 3 
 3 3 3 3 3 
 3 3 3 3 3 
 3 3 3 3 3 
 3 3 3 3 3 
 3 3 3 3 3 
 3 3 3 3 3 
 3 3 3 3 3 
 3 3 3 3 3 
 3 3 3 3 3 
 3 3 3 3 3 
 3 3 3 3 3 
 3 3 3 3 3 
 3 3 3 3 3 
 3 3 3 3 3 
 3 3 3 3 3 
 3 3 3 3 3 
 3 3 3 3 3 
 3 3 3 3 3 
 3 3 3 3 3 
 3 3 3 3 3 
 3 3 3 3 3 
 3 3 3 3 3 
 3 3 3 3 3 
 3 3 3 3 3 
 3 3 3 3 3 
 3 3 3 3 3 
 3 3 3 3 3 
 3 3 3 3 3 
 3 3 3 3 3 
 3 3 3 3 3 
 3 3 3 3 3 
 3 3 3 3 3 
 3 3 3 3 3 
 3 3 3 3 3 
 3 3 3 3 3 
 3 3 3 3 3 
 3 3 3 3 3 
 3 3 3 3 3 
 3 3 3 3 3 
 3 3 3 3 3 
 3 3 3 3 3 
 3 3 3 3 3 
 3 3 3 3 3 
 3 3 3 3 3 
 3 3 3 3 3 
 3 3 3 3 3 
 3 3 3 3 3 
 3 3 3 3 3 
 3 3 3 3 3 
 3 3 3 3 3 
 3 3 3 3 3 
 3 3 3 3 3 
 3 3 3 3 3 
 3 3 3 3 3 
 3 3 3 3 3 
 3 3 3 3 3 
 3 3 3 3 3 
 3 3 3 3 3 
 3 3 3 3 3 
 3 3 3 3 3 
 3 3 3 3 3 
 3 3 3 3 3 
 3 3 3 3 3 
 3 3 3 3 3 
 3 3 3 3 3 
 3 3 3 3 3 
 3 3 3 3 3 
 3 3 3 3 3 
 3 3 3 3 3 
 3 3 3 3 3 
 3 3 3 3 3 
 3 3 3 3 3 
 3 3 3 3 3 
 3 3 3 3 3 
 3 3 3 3 3 
 3 3 3 3 3 
 3 3 3 3 3 
 3 3 3 3 3 
 3 3 3 3 3 
 3 3 3 3 3 
 3 3 3 3 3 
 3 3 3 3 3 
 3 3 3 3 3 
 3 3 3 3 3 
 3 3 3 3 3 
 3 3 3 3 3 
 3 3 3 3 3 
 3 3 3 3 3 
 3 3 3 3 3 
 3 3 3 3 3 
 3 3 3 3 3 
 3 3 3 3 3 
 3 3 3 3 3 
 3 3 3 3 3 
 3 3 3 3 3 
 3 3 3 3 3 
 3 3 3 3 3 
 3 3 3 3 3 
 3 3 3 3 3 
 3 3 3 3 3 
 3 3 3 3 3 
 3 3 3 3 3 
 3 3 3 3 3 
 3 3 3 3 3 
 3 3 3 3 3 
 3 3 3 3 3 
 3 3 3 3 3 
 3 3 3 3 3 
 3 3 3 3 3 
 3 3 3 3 3 
 3 3 3 3 3 
 3 3 3 3 3 
 3 3 3 3 3 
 3 3 3 3 3 
 3 3 3 3 3 
 3 3 3 3 3 
 3 3 3 3 3 
 3 3 3 3 3 
 3 3 3 3 3 
 3 3 3 3 3 
 3 3 3 3 3 
 3 3 3 3 3 
 3 3 3 3 3 
 3 3 3 3 3 
 3 3 3 3 3 
 3 3 3 3 3 
 3 3 3 3 3 
 3 3 3 3 3 
 3 3 3 3 3 
 3 3 3 3 3 
 3 3 3 3 3 
 3 3 3 3 3 
 3 3 3 3 3 
 3 3 3 3 3 
 3 3 3 3 3 
 3 3 3 3 3 
 3 3 3 3 3 
 3 3 3 3 3 
 3 3 3 3 3 
 3 3 3 3 3 
 3 3 3 3 3 
 3 3 3 3 3 
 3 3 3 3 3 
 3 3 3 3 3 
 3 3 3 3 3 
 3 3 3 3 3 
 3 3 3 3 3 
 3 3 3 3 3 
 3 3 3 3 3 
 3 3 3 3 3 
 3 3 3 3 3 
 3 3 3 3 3 
 3 3 3 3 3 
 3 3 3 3 3 
 3 3 3 3 3 
 3 3 3 3 3 
 3 3 3 3 3 
 3 3 3 3 3 
 3 3 3 3 3 
 3 3 3 3 3 
 3 3 3 3 3 
 3 3 3 3 3 
 3 3 3 3 3 
 3 3 3 3 3 
 3 3 3 3 3 
 3 3 3 3 3 
 3 3 3 3 3 
 3 3 3 3 3 
 3 3 3 3 3 
 3 3 3 3 3 
 3 3 3 3 3 
 3 3 3 3 3 
 3 3 3 3 3 
 3 3 3 3 3 
 3 3 3 3 3 
 3 3 3 3 3 
 3 3 3 3 3 
 3 3 3 3 3 
 3 3 3 3 3 
 3 3 3 3 3 
 3 3 3 3 3 
 3 3 3 3 3 
 3 3 3 3 3 
 3 3 3 3 3 
 3 3 3 3 3 
 3 3 3 3 3 
 3 3 3 3 3 
 3 3 3 3 3 
 3 3 3 3 3 
 3 3 3 3 3 
 3 3 3 3 3 
 3 3 3 3 3 
 3 3 3 3 3 
 3 3 3 3 3 
 3 3 3 3 3 
 3 3 3 3 3 
 3 3 3 3 3 
 3 3 3 3 3 
 3 3 3 3 3 
 3 3 3 3 3 
 3 3 3 3 3 
 3 3 3 3 3 
 3 3 3 3 3 
 3 3 3 3 3 
 3 3 3 3 3 
 3 3 3 3 3 
 vertexCoord 
0.000000 0.000000 
 -0.707107 0.707107 
 0.707107 0.707107 
 -0.000000 1.414214 
 0.044194 0.044194 
 0.088388 0.088388 
 0.132583 0.132583 
 0.176777 0.176777 
 0.220971 0.220971 
 0.265165 0.265165 
 0.309359 0.309359 
 0.353553 0.353553 
 0.397748 0.397748 
 0.441942 0.441942 
 0.486136 0.486136 
 0.530330 0.530330 
 0.574524 0.574524 
 0.618718 0.618718 
 0.662913 0.662913 
 -0.353553 0.353553 
 -0.530330 0.530330 
 -0.618718 0.618718 
 -0.662913 0.662913 
 -0.574524 0.574524 
 -0.441942 0.441942 
 -0.486136 0.486136 
 -0.397748 0.397748 
 -0.176777 0.176777 
 -0.265165 0.265165 
 -0.309359 0.309359 
 -0.220971 0.220971 
 -0.088388 0.088388 
 -0.132583 0.132583 
 -0.044194 0.044194 
 -0.044194 1.370019 
 -0.088388 1.325825 
 -0.132583 1.281631 
 -0.176777 1.237437 
 -0.220971 1.193243 
 -0.265165 1.149049 
 -0.309359 1.104854 
 -0.353553 1.060660 
 -0.397748 1.016466 
 -0.441942 0.972272 
 -0.486136 0.928078 
 -0.530330 0.883883 
 -0.574524 0.839689 
 -0.618718 0.795495 
 -0.662913 0.751301 
 0.662913 0.751301 
 0.618718 0.795495 
 0.574524 0.839689 
 0.530330 0.883883 
 0.486136 0.928078 
 0.441942 0.972272 
 0.397748 1.016466 
 0.353553 1.060660 
 0.309359 1.104854 
 0.265165 1.149049 
 0.220971 1.193243 
 0.176777 1.237437 
 0.132583 1.281631 
 0.088388 1.325825 
 0.044194 1.370019 
 0.618718 0.707107 
 0.574524 0.662913 
 0.530330 0.618718 
 0.486136 0.574524 
 0.441942 0.530330 
 0.397748 0.486136 
 0.353553 0.441942 
 0.309359 0.397748 
 0.265165 0.353553 
 0.220971 0.309359 
 0.176777 0.265165 
 0.132583 0.220971 
 0.088388 0.176777 
 0.044194 0.132583 
 0.000000 0.088388 
 0.574524 0.751301 
 0.530330 0.707107 
 0.486136 0.662913 
 0.441942 0.618718 
 0.397748 0.574524 
 0.353553 0.530330 
 0.309359 0.486136 
 0.265165 0.441942 
 0.220971 0.397748 
 0.176777 0.353553 
 0.132583 0.309359 
 0.088388 0.265165 
 0.044194 0.220971 
 0.000000 0.176777 
 -0.044194 0.132583 
 0.530330 0.795495 
 0.486136 0.751301 
 0.441942 0.707107 
 0.397748 0.662913 
 0.353553 0.618718 
 0.309359 0.574524 
 0.265165 0.530330 
 0.220971 0.486136 
 0.176777 0.441942 
 0.132583 0.397748 
 0.088388 0.353553 
 0.044194 0.309359 
 -0.000000 0.265165 
 -0.044194 0.220971 
 -0.088388 0.176777 
 0.486136 0.839689 
 0.441942 0.795495 
 0.397748 0.751301 
 0.353553 0.707107 
 0.309359 0.662913 
 0.265165 0.618718 
 0.220971 0.574524 
 0.176777 0.530330 
 0.132583 0.486136 
 0.088388 0.441942 
 0.044194 0.397748 
 0.000000 0.353553 
 -0.044194 0.309359 
 -0.088388 0.265165 
 -0.132583 0.220971 
 0.441942 0.883883 
 0.397748 0.839689 
 0.353553 0.795495 
 0.309359 0.751301 
 0.265165 0.707107 
 0.220971 0.662913 
 0.176777 0.618718 
 0.132583 0.574524 
 0.088388 0.530330 
 0.044194 0.486136 
 -0.000000 0.441942 
 -0.044194 0.397748 
 -0.088388 0.353553 
 -0.132583 0.309359 
 -0.176777 0.265165 
 0.397748 0.928078 
 0.353553 0.883883 
 0.309359 0.839689 
 0.265165 0.795495 
 0.220971 0.751301 
 0.176777 0.707107 
 0.132583 0.662913 
 0.088388 0.618718 
 0.044194 0.574524 
 -0.000000 0.530330 
 -0.044194 0.486136 
 -0.088388 0.441942 
 -0.132583 0.397748 
 -0.176777 0.353553 
 -0.220971 0.309359 
 0.353553 0.972272 
 0.309359 0.928078 
 0.265165 0.883883 
 0.220971 0.839689 
 0.176777 0.795495 
 0.132583 0.751301 
 0.088388 0.707107 
 0.044194 0.662913 
 -0.000000 0.618718 
 -0.044194 0.574524 
 -0.088388 0.530330 
 -0.132583 0.486136 
 -0.176777 0.441942 
 -0.220971 0.397748 
 -0.265165 0.353553 
 0.309359 1.016466 
 0.265165 0.972272 
 0.220971 0.928078 
 0.176777 0.883883 
 0.132583 0.839689 
 0.088388 0.795495 
 0.044194 0.751301 
 -0.000000 0.707107 
 -0.044194 0.662913 
 -0.088388 0.618718 
 -0.132583 0.574524 
 -0.176777 0.530330 
 -0.220971 0.486136 
 -0.265165 0.441942 
 -0.309359 0.397748 
 0.265165 1.060660 
 0.220971 1.016466 
 0.176777 0.972272 
 0.132583 0.928078 
 0.088388 0.883883 
 0.044194 0.839689 
 0.000000 0.795495 
 -0.044194 0.751301 
 -0.088388 0.707107 
 -0.132583 0.662913 
 -0.176777 0.618718 
 -0.220971 0.574524 
 -0.265165 0.530330 
 -0.309359 0.486136 
 -0.353553 0.441942 
 0.220971 1.104854 
 0.176777 1.060660 
 0.132583 1.016466 
 0.088388 0.972272 
 0.044194 0.928078 
 -0.000000 0.883883 
 -0.044194 0.839689 
 -0.088388 0.795495 
 -0.132583 0.751301 
 -0.176777 0.707107 
 -0.220971 0.662913 
 -0.265165 0.618718 
 -0.309359 0.574524 
 -0.353553 0.530330 
 -0.397748 0.486136 
 0.176777 1.149049 
 0.132583 1.104854 
 0.088388 1.060660 
 0.044194 1.016466 
 -0.000000 0.972272 
 -0.044194 0.928078 
 -0.088388 0.883883 
 -0.132583 0.839689 
 -0.176777 0.795495 
 -0.220971 0.751301 
 -0.265165 0.707107 
 -0.309359 0.662913 
 -0.353553 0.618718 
 -0.397748 0.574524 
 -0.441942 0.530330 
 0.132583 1.193243 
 0.088388 1.149049 
 0.044194 1.104854 
 -0.000000 1.060660 
 -0.044194 1.016466 
 -0.088388 0.972272 
 -0.132583 0.928078 
 -0.176777 0.883883 
 -0.220971 0.839689 
 -0.265165 0.795495 
 -0.309359 0.751301 
 -0.353553 0.707107 
 -0.397748 0.662913 
 -0.441942 0.618718 
 -0.486136 0.574524 
 0.088388 1.237437 
 0.044194 1.193243 
 0.000000 1.149049 
 -0.044194 1.104854 
 -0.088388 1.060660 
 -0.132583 1.016466 
 -0.176777 0.972272 
 -0.220971 0.928078 
 -0.265165 0.883883 
 -0.309359 0.839689 
 -0.353553 0.795495 
 -0.397748 0.751301 
 -0.441942 0.707107 
 -0.486136 0.662913 
 -0.530330 0.618718 
 0.044194 1.281631 
 0.000000 1.237437 
 -0.044194 1.193243 
 -0.088388 1.149049 
 -0.132583 1.104854 
 -0.176777 1.060660 
 -0.220971 1.016466 
 -0.265165 0.972272 
 -0.309359 0.928078 
 -0.353553 0.883883 
 -0.397748 0.839689 
 -0.441942 0.795495 
 -0.486136 0.751301 
 -0.530330 0.707107 
 -0.574524 0.662913 
 -0.000000 1.325825 
 -0.044194 1.281631 
 -0.088388 1.237437 
 -0.132583 1.193243 
 -0.176777 1.149049 
 -0.220971 1.104854 
 -0.265165 1.060660 
 -0.309359 1.016466 
 -0.353553 0.972272 
 -0.397748 0.928078 
 -0.441942 0.883883 
 -0.486136 0.839689 
 -0.530330 0.795495 
 -0.574524 0.751301 
 -0.618718 0.707107 
 bc_tag 
5 
 2 
 16 
 18 
 23 
 23 
 23 
 23 
 23 
 23 
 23 
 23 
 23 
 23 
 23 
 23 
 23 
 23 
 23 
 6 
 6 
 6 
 6 
 6 
 6 
 6 
 6 
 6 
 6 
 6 
 6 
 6 
 6 
 6 
 24 
 24 
 24 
 24 
 24 
 24 
 24 
 24 
 24 
 24 
 24 
 24 
 24 
 24 
 24 
 14 
 14 
 14 
 14 
 14 
 14 
 14 
 14 
 14 
 14 
 14 
 14 
 14 
 14 
 14 
 26 
 26 
 26 
 26 
 26 
 26 
 26 
 26 
 26 
 26 
 26 
 26 
 26 
 26 
 26 
 26 
 26 
 26 
 26 
 26 
 26 
 26 
 26 
 26 
 26 
 26 
 26 
 26 
 26 
 26 
 26 
 26 
 26 
 26 
 26 
 26 
 26 
 26 
 26 
 26 
 26 
 26 
 26 
 26 
 26 
 26 
 26 
 26 
 26 
 26 
 26 
 26 
 26 
 26 
 26 
 26 
 26 
 26 
 26 
 26 
 26 
 26 
 26 
 26 
 26 
 26 
 26 
 26 
 26 
 26 
 26 
 26 
 26 
 26 
 26 
 26 
 26 
 26 
 26 
 26 
 26 
 26 
 26 
 26 
 26 
 26 
 26 
 26 
 26 
 26 
 26 
 26 
 26 
 26 
 26 
 26 
 26 
 26 
 26 
 26 
 26 
 26 
 26 
 26 
 26 
 26 
 26 
 26 
 26 
 26 
 26 
 26 
 26 
 26 
 26 
 26 
 26 
 26 
 26 
 26 
 26 
 26 
 26 
 26 
 26 
 26 
 26 
 26 
 26 
 26 
 26 
 26 
 26 
 26 
 26 
 26 
 26 
 26 
 26 
 26 
 26 
 26 
 26 
 26 
 26 
 26 
 26 
 26 
 26 
 26 
 26 
 26 
 26 
 26 
 26 
 26 
 26 
 26 
 26 
 26 
 26 
 26 
 26 
 26 
 26 
 26 
 26 
 26 
 26 
 26 
 26 
 26 
 26 
 26 
 26 
 26 
 26 
 26 
 26 
 26 
 26 
 26 
 26 
 26 
 26 
 26 
 26 
 26 
 26 
 26 
 26 
 26 
 26 
 26 
 26 
 26 
 26 
 26 
 26 
 26 
 26 
 26 
 26 
 26 
 26 
 26 
 26 
 26 
 26 
 26 
 26 
 26 
 26 
 26 
 26 
 26 
 26 
 26 
 26 
 26 
 26 
 26 
 26 
 26 
 26 
 23 
 23 
 23 
 23 
 23 
 23 
 23 
 23 
 23 
 23 
 23 
 23 
 23 
 23 
 23 
 23 
 23 
 23 
 23 
 23 
 23 
 23 
 23 
 23 
 23 
 23 
 23 
 23 
 23 
 23 
 23 
 23 
 6 
 6 
 6 
 6 
 6 
 6 
 6 
 6 
 6 
 6 
 6 
 6 
 6 
 6 
 6 
 6 
 6 
 6 
 6 
 6 
 6 
 6 
 6 
 6 
 6 
 6 
 6 
 6 
 6 
 6 
 6 
 6 
 24 
 24 
 24 
 24 
 24 
 24 
 24 
 24 
 24 
 24 
 24 
 24 
 24 
 24 
 24 
 24 
 24 
 24 
 24 
 24 
 24 
 24 
 24 
 24 
 24 
 24 
 24 
 24 
 24 
 24 
 24 
 24 
 14 
 14 
 14 
 14 
 14 
 14 
 14 
 14 
 14 
 14 
 14 
 14 
 14 
 14 
 14 
 14 
 14 
 14 
 14 
 14 
 14 
 14 
 14 
 14 
 14 
 14 
 14 
 14 
 14 
 14 
 14 
 14 
 26 
 26 
 26 
 26 
 26 
 26 
 26 
 26 
 26 
 26 
 26 
 26 
 26 
 26 
 26 
 26 
 26 
 26 
 26 
 26 
 26 
 26 
 26 
 26 
 26 
 26 
 26 
 26 
 26 
 26 
 26 
 26 
 26 
 26 
 26 
 26 
 26 
 26 
 26 
 26 
 26 
 26 
 26 
 26 
 26 
 26 
 26 
 26 
 26 
 26 
 26 
 26 
 26 
 26 
 26 
 26 
 26 
 26 
 26 
 26 
 26 
 26 
 26 
 26 
 26 
 26 
 26 
 26 
 26 
 26 
 26 
 26 
 26 
 26 
 26 
 26 
 26 
 26 
 26 
 26 
 26 
 26 
 26 
 26 
 26 
 26 
 26 
 26 
 26 
 26 
 26 
 26 
 26 
 26 
 26 
 26 
 26 
 26 
 26 
 26 
 26 
 26 
 26 
 26 
 26 
 26 
 26 
 26 
 26 
 26 
 26 
 26 
 26 
 26 
 26 
 26 
 26 
 26 
 26 
 26 
 26 
 26 
 26 
 26 
 26 
 26 
 26 
 26 
 26 
 26 
 26 
 26 
 26 
 26 
 26 
 26 
 26 
 26 
 26 
 26 
 26 
 26 
 26 
 26 
 26 
 26 
 26 
 26 
 26 
 26 
 26 
 26 
 26 
 26 
 26 
 26 
 26 
 26 
 26 
 26 
 26 
 26 
 26 
 26 
 26 
 26 
 26 
 26 
 26 
 26 
 26 
 26 
 26 
 26 
 26 
 26 
 26 
 26 
 26 
 26 
 26 
 26 
 26 
 26 
 26 
 26 
 26 
 26 
 26 
 26 
 26 
 26 
 26 
 26 
 26 
 26 
 26 
 26 
 26 
 26 
 26 
 26 
 26 
 26 
 26 
 26 
 26 
 26 
 26 
 26 
 26 
 26 
 26 
 26 
 26 
 26 
 26 
 26 
 26 
 26 
 26 
 26 
 26 
 26 
 26 
 26 
 26 
 26 
 26 
 26 
 26 
 26 
 26 
 26 
 26 
 26 
 26 
 26 
 26 
 26 
 26 
 26 
 26 
 26 
 26 
 26 
 26 
 26 
 26 
 26 
 26 
 26 
 26 
 26 
 26 
 26 
 26 
 26 
 26 
 26 
 26 
 26 
 26 
 26 
 26 
 26 
 26 
 26 
 26 
 26 
 26 
 26 
 26 
 26 
 26 
 26 
 26 
 26 
 26 
 26 
 26 
 26 
 26 
 26 
 26 
 26 
 26 
 26 
 26 
 26 
 26 
 26 
 26 
 26 
 26 
 26 
 26 
 26 
 26 
 26 
 26 
 26 
 26 
 26 
 26 
 26 
 26 
 26 
 26 
 26 
 26 
 26 
 26 
 26 
 26 
 26 
 26 
 26 
 26 
 26 
 26 
 26 
 26 
 26 
 26 
 26 
 26 
 26 
 26 
 26 
 26 
 26 
 26 
 26 
 26 
 26 
 26 
 26 
 26 
 26 
 26 
 26 
 26 
 26 
 26 
 26 
 26 
 26 
 26 
 26 
 26 
 26 
 26 
 26 
 26 
 26 
 26 
 26 
 26 
 26 
 26 
 26 
 26 
 26 
 26 
 26 
 26 
 26 
 26 
 26 
 26 
 26 
 26 
 26 
 26 
 26 
 26 
 26 
 26 
 26 
 26 
 26 
 26 
 26 
 26 
 26 
 26 
 26 
 26 
 26 
 26 
 26 
 26 
 26 
 26 
 26 
 26 
 26 
 26 
 26 
 26 
 26 
 26 
 26 
 26 
 26 
 26 
 26 
 26 
 26 
 26 
 26 
 26 
 26 
 26 
 26 
 26 
 26 
 26 
 26 
 26 
 26 
 26 
 26 
 26 
 26 
 26 
 26 
 26 
 26 
 26 
 26 
 26 
 26 
 26 
 26 
 26 
 26 
 26 
 26 
 26 
 26 
 26 
 26 
 26 
 26 
 26 
 26 
 26 
 26 
 26 
 26 
 26 
 26 
 26 
 26 
 26 
 26 
 26 
 26 
 26 
 26 
 26 
 26 
 26 
 26 
 26 
 26 
 26 
 26 
 26 
 26 
 26 
 26 
 26 
 26 
 26 
 26 
 26 
 26 
 26 
 26 
 26 
 26 
 26 
 26 
 26 
 26 
 26 
 26 
 26 
 26 
 26 
 26 
 26 
 26 
 26 
 26 
 26 
 26 
 26 
 26 
 26 
 26 
 26 
 26 
 26 
 26 
 26 
 26 
 26 
 26 
 26 
 26 
 26 
 26 
 26 
 26 
 26 
 26 
 26 
 26 
 26 
 26 
 26 
 26 
 26 
 26 
 26 
 26 
 26 
 26 
 26 
 26 
 26 
 26 
 26 
 26 
 26 
 26 
 26 
 26 
 26 
 26 
 26 
 26 
 26 
 26 
 26 
 26 
 26 
 26 
 26 
 26 
 26 
 26 
 26 
 26 
 26 
 26 
 26 
 26 
 26 
 26 
 26 
 26 
 26 
 26 
 26 
 26 
 26 
 26 
 26 
 26 
 26 
 26 
 26 
 26 
 26 
 26 
 26 
 26 
 26 
 26 
 26 
 26 
 26 
 26 
 26 
 26 
 26 
 26 
 26 
 26 
 26 
 26 
 26 
 26 
 26 
 26 
 26 
 26 
 26 
 26 
 26 
 26 
 26 
 26 
 26 
 26 
 26 
 26 
 26 
 26 
 26 
 26 
 26 
 26 
 26 
 26 
 26 
 26 
 26 
 26 
 26 
 26 
 26 
 26 
 26 
 26 
 26 
 26 
 26 
 26 
 26 
 26 
 26 
 26 
 26 
 26 
 26 
 26 
 26 
 26 
 26 
 26 
 26 
 26 
 26 
 26 
 26 
 26 
 26 
 26 
 26 
 26 
 26 
 26 
 26 
 26 
 26 
 26 
 26 
 26 
 26 
 26 
 26 
 26 
 26 
 26 
 26 
 26 
 26 
 26 
 26 
 26 
 26 
 26 
 26 
 26 
 26 
 26 
 26 
 26 
 26 
 26 
 26 
 26 
 26 
 26 
 26 
 26 
 26 
 26 
 26 
 26 
 26 
 26 
 26 
 26 
 26 
 26 
 26 
 26 
 26 
 26 
 26 
 26 
 26 
 26 
 26 
 26 
 26 
 26 
 26 
 26 
 26 
 26 
 26 
 26 
 26 
 26 
 26 
 26 
 26 
 26 
 26 
 26 
 26 
 26 
 26 
 26 
 26 
 26 
 26 
 26 
 26 
 26 
 26 
 26 
 26 
 26 
 26 
 26 
 26 
 26 
 26 
 26 
 26 
 26 
 26 
 26 
 26 
 26 
 26 
 26 
 26 
 26 
 26 
 26 
 26 
 26 
 26 
 26 
 26 
 26 
 26 
 26 
 26 
 26 
 26 
 26 
 26 
 26 
 26 
 26 
 26 
 26 
 26 
 26 
 26 
 26 
 26 
 26 
 26 
 26 
 26 
 26 
 26 
 26 
 26 
 26 
 26 
 26 
 26 
 26 
 26 
 26 
 26 
 26 
 26 
 26 
 26 
 26 
 26 
 26 
 26 
 26 
 26 
 26 
 26 
 26 
 26 
 26 
 26 
 26 
 26 
 26 
 26 
 26 
 26 
 26 
 26 
 26 
 26 
 26 
 26 
 26 
 26 
 26 
 26 
 26 
 26 
 26 
 26 
 26 
 26 
 26 
 26 
 26 
 26 
 26 
 26 
 26 
 26 
 26 
 26 
 26 
 26 
 26 
 26 
 26 
 26 
 26 
 26 
 26 
 26 
 26 
 26 
 26 
 26 
 26 
 26 
 26 
 26 
 26 
 26 
 26 
 26 
 26 
 26 
 26 
 26 
 26 
 26 
 26 
 26 
 26 
 26 
 26 
 26 
 26 
 26 
 26 
 26 
 26 
 26 
 26 
 26 
 26 
 26 
 26 
 26 
 26 
 26 
 26 
 26 
 26 
 26 
 26 
 26 
 26 
 26 
 26 
 26 
 26 
 26 
 26 
 26 
 26 
 26 
 26 
 26 
 26 
 26 
 26 
 26 
 26 
 26 
 26 
 26 
 26 
 26 
 26 
 26 
 26 
 26 
 26 
 26 
 26 
 26 
 26 
 26 
 26 
 26 
 26 
 26 
 26 
 26 
 26 
 26 
 26 
 26 
 26 
 26 
 26 
 26 
 26 
 26 
 26 
 26 
 26 
 26 
 26 
 26 
 26 
 26 
 26 
 26 
 26 
 26 
 26 
 26 
 26 
 26 
 26 
 26 
 26 
 26 
 26 
 26 
 26 
 26 
 26 
 26 
 26 
 26 
 26 
 26 
 26 
 26 
 26 
 26 
 26 
 26 
 26 
 26 
 26 
 26 
 26 
 26 
 26 
 26 
 26 
 26 
 26 
 26 
 26 
 26 
 26 
 26 
 26 
 26 
 26 
 26 
 26 
 26 
 26 
 26 
 26 
 26 
 26 
 26 
 26 
 26 
 26 
 26 
 26 
 26 
 26 
 26 
 26 
 26 
 26 
 26 
 26 
 26 
 26 
 26 
 26 
 26 
 26 
 26 
 26 
 26 
 26 
 26 
 26 
 26 
 26 
 26 
 26 
 26 
 26 
 26 
 26 
 26 
 26 
 26 
 26 
 26 
 26 
 26 
 26 
 26 
 26 
 26 
 26 
 26 
 26 
 26 
 26 
 26 
 26 
 26 
 26 
 26 
 26 
 26 
 26 
 26 
 26 
 26 
 26 
 26 
 26 
 26 
 26 
 26 
 26 
 26 
 26 
 26 
 26 
 26 
 26 
 26 
 26 
 26 
 26 
 26 
 26 
 26 
 26 
 26 
 26 
 26 
 26 
 26 
 26 
 26 
 26 
 26 
 26 
 26 
 26 
 26 
 26 
 26 
 26 
 26 
 26 
 26 
 26 
 26 
 26 
 26 
 26 
 26 
 26 
 26 
 26 
 26 
 26 
 26 
 26 
 26 
 26 
 26 
 26 
 26 
 26 
 26 
 26 
 26 
 26 
 26 
 26 
 26 
 26 
 26 
 26 
 26 
 26 
 26 
 26 
 26 
 26 
 26 
 26 
 26 
 26 
 26 
 26 
 26 
 26 
 26 
 26 
 26 
 26 
 26 
 26 
 26 
 26 
 26 
 26 
 26 
 26 
 26 
 26 
 26 
 26 
 26 
 26 
 26 
 26 
 26 
 26 
 26 
 26 
 26 
 26 
 26 
 26 
 26 
 26 
 26 
 26 
 26 
 26 
 26 
 26 
 26 
 26 
 26 
 26 
 26 
 26 
 26 
 26 
 26 
 26 
 26 
 26 
 26 
 26 
 26 
 26 
 26 
 26 
 26 
 26 
 26 
 26 
 26 
 26 
 26 
 26 
 26 
 26 
 26 
 26 
 26 
 26 
 26 
 26 
 26 
 26 
 26 
 26 
 26 
 26 
 26 
 26 
 26 
 26 
 26 
 26 
 26 
 26 
 26 
 26 
 26 
 26 
 26 
 26 
 26 
 26 
 26 
 26 
 26 
 26 
 26 
 26 
 26 
 26 
 26 
 26 
 26 
 26 
 26 
 26 
 26 
 26 
 26 
 26 
 26 
 26 
 26 
 26 
 26 
 26 
 26 
 26 
 26 
 26 
 26 
 26 
 26 
 26 
 26 
 26 
 26 
 26 
 26 
 26 
 26 
 26 
 26 
 26 
 26 
 26 
 26 
 26 
 26 
 26 
 26 
 26 
 26 
 26 
 26 
 26 
 26 
 26 
 26 
 26 
 26 
 26 
 26 
 26 
 26 
 26 
 26 
 26 
 26 
 26 
 26 
 26 
 26 
 26 
 26 
 26 
 26 
 26 
 26 
 26 
 26 
 26 
 26 
 26 
 26 
 26 
 26 
 26 
 26 
 26 
 26 
 26 
 26 
 26 
 26 
 26 
 26 
 26 
 26 
 26 
 26 
 26 
 26 
 26 
 26 
 26 
 26 
 26 
 26 
 26 
 26 
 26 
 26 
 26 
 26 
 26 
 26 
 26 
 26 
 26 
 26 
 26 
 26 
 26 
 26 
 26 
 26 
 26 
 26 
 26 
 26 
 26 
 26 
 26 
 26 
 26 
 26 
 26 
 26 
 26 
 26 
 26 
 26 
 26 
 26 
 26 
 26 
 26 
 26 
 26 
 26 
 26 
 26 
 26 
 26 
 26 
 26 
 26 
 26 
 26 
 26 
 26 
 26 
 26 
 26 
 26 
 26 
 26 
 26 
 26 
 26 
 26 
 26 
 26 
 26 
 26 
 26 
 26 
 26 
 26 
 26 
 26 
 26 
 26 
 26 
 26 
 26 
 26 
 26 
 26 
 26 
 26 
 26 
 26 
 26 
 26 
 26 
 26 
 26 
 26 
 26 
 26 
 26 
 26 
 26 
 26 
 26 
 26 
 26 
 26 
 26 
 26 
 26 
 26 
 26 
 26 
 26 
 26 
 26 
 26 
 26 
 26 
 26 
 26 
 26 
 26 
 26 
 26 
 26 
 26 
 26 
 26 
 26 
 26 
 26 
 26 
 26 
 26 
 26 
 26 
 26 
 26 
 26 
 26 
 26 
 26 
 26 
 26 
 26 
 26 
 26 
 26 
 26 
 26 
 26 
 26 
 26 
 26 
 26 
 26 
 26 
 26 
 26 
 26 
 26 
 26 
 26 
 26 
 26 
 26 
 26 
 26 
 26 
 26 
 26 
 26 
 26 
 26 
 26 
 26 
 26 
 26 
 26 
 26 
 26 
 26 
 26 
 26 
 26 
 26 
 26 
 26 
 26 
 26 
 26 
 26 
 26 
 26 
 26 
 26 
 26 
 26 
 26 
 26 
 26 
 26 
 26 
 26 
 26 
 26 
 26 
 26 
 26 
 26 
 26 
 26 
 26 
 26 
 26 
 26 
 26 
 26 
 26 
 26 
 26 
 26 
 26 
 26 
 26 
 26 
 26 
 26 
 26 
 26 
 26 
 26 
 26 
 26 
 26 
 26 
 26 
 26 
 26 
 26 
 26 
 26 
 26 
 26 
 26 
 26 
 26 
 26 
 26 
 26 
 26 
 26 
 26 
 26 
 26 
 26 
 26 
 26 
 26 
 26 
 26 
 26 
 26 
 26 
 26 
 26 
 26 
 26 
 26 
 26 
 26 
 26 
 26 
 26 
 26 
 26 
 26 
 26 
 26 
 26 
 26 
 26 
 26 
 26 
 26 
 26 
 26 
 26 
 26 
 26 
 26 
 26 
 26 
 26 
 26 
 26 
 26 
 26 
 26 
 26 
 26 
 26 
 26 
 26 
 26 
 26 
 26 
 26 
 26 
 26 
 26 
 26 
 26 
 26 
 26 
 26 
 26 
 26 
 26 
 26 
 26 
 26 
 26 
 26 
 26 
 26 
 26 
 26 
 26 
 26 
 26 
 26 
 26 
 26 
 26 
 26 
 26 
 26 
 26 
 26 
 26 
 26 
 26 
 26 
 26 
 26 
 26 
 26 
 26 
 26 
 26 
 26 
 26 
 26 
 26 
 26 
 26 
 26 
 26 
 26 
 26 
 26 
 26 
 26 
 26 
 26 
 26 
 26 
 26 
 26 
 26 
 26 
 26 
 26 
 26 
 26 
 26 
 26 
 26 
 26 
 26 
 26 
 26 
 26 
 26 
 26 
 26 
 26 
 26 
 26 
 26 
 26 
 26 
 26 
 26 
 26 
 26 
 26 
 26 
 26 
 26 
 26 
 26 
 26 
 26 
 26 
 26 
 26 
 26 
 26 
 26 
 26 
 26 
 26 
 26 
 26 
 26 
 26 
 26 
 26 
 26 
 26 
 26 
 26 
 26 
 26 
 26 
 26 
 26 
 26 
 26 
 26 
 26 
 26 
 26 
 26 
 26 
 26 
 26 
 26 
 26 
 26 
 26 
 26 
 26 
 26 
 26 
 26 
 26 
 26 
 26 
 26 
 26 
 26 
 26 
 26 
 26 
 26 
 26 
 26 
 26 
 26 
 26 
 26 
 26 
 26 
 26 
 26 
 26 
 26 
 26 
 26 
 26 
 26 
 26 
 26 
 26 
 26 
 26 
 26 
 26 
 26 
 26 
 26 
 26 
 26 
 26 
 26 
 26 
 26 
 26 
 26 
 26 
 26 
 26 
 26 
 26 
 26 
 26 
 26 
 26 
 26 
 26 
 26 
 26 
 26 
 26 
 26 
 26 
 26 
 26 
 26 
 26 
 26 
 26 
 26 
 26 
 26 
 26 
 26 
 26 
 26 
 26 
 26 
 26 
 26 
 26 
 26 
 26 
 26 
 26 
 26 
 26 
 26 
 26 
 26 
 26 
 26 
 26 
 26 
 26 
 26 
 26 
 26 
 26 
 26 
 26 
 26 
 26 
 26 
 26 
 26 
 26 
 26 
 26 
 26 
 26 
 26 
 26 
 26 
 26 
 26 
 26 
 26 
 26 
 26 
 26 
 26 
 26 
 26 
 26 
 26 
 26 
 26 
 26 
 26 
 26 
 26 
 26 
 26 
 26 
 26 
 26 
 26 
 26 
 26 
 26 
 26 
 26 
 26 
 26 
 26 
 26 
 26 
 26 
 26 
 26 
 26 
 26 
 26 
 26 
 26 
 26 
 26 
 26 
 26 
 26 
 26 
 26 
 26 
 26 
 26 
 26 
 26 
 26 
 26 
 26 
 26 
 26 
 26 
 26 
 26 
 26 
 26 
 26 
 26 
 26 
 26 
 26 
 26 
 26 
 26 
 26 
 26 
 edgeUsage
1 1 0 
 1 1 0 
 1 1 0 
 1 1 0 
 1 1 0 
 1 1 0 
 1 1 0 
 1 1 0 
 1 1 0 
 1 1 0 
 1 1 0 
 1 1 0 
 1 1 0 
 1 1 0 
 1 1 0 
 1 1 1 
 1 1 0 
 1 1 0 
 1 1 0 
 1 1 0 
 1 1 0 
 1 1 0 
 1 1 0 
 1 1 0 
 1 1 0 
 1 1 0 
 1 1 0 
 1 1 0 
 1 1 0 
 1 1 0 
 1 1 0 
 1 1 1 
 1 1 0 
 1 1 0 
 1 1 0 
 1 1 0 
 1 1 0 
 1 1 0 
 1 1 0 
 1 1 0 
 1 1 0 
 1 1 0 
 1 1 0 
 1 1 0 
 1 1 0 
 1 1 0 
 1 1 0 
 1 1 1 
 1 1 0 
 1 1 0 
 1 1 0 
 1 1 0 
 1 1 0 
 1 1 0 
 1 1 0 
 1 1 0 
 1 1 0 
 1 1 0 
 1 1 0 
 1 1 0 
 1 1 0 
 1 1 0 
 1 1 0 
 1 1 1 
 1 1 0 
 1 1 0 
 1 1 0 
 1 1 0 
 1 1 0 
 1 1 0 
 1 1 0 
 1 1 0 
 1 1 0 
 1 1 0 
 1 1 0 
 1 1 0 
 1 1 0 
 1 1 0 
 1 1 0 
 1 1 1 
 1 1 0 
 1 1 0 
 1 1 0 
 1 1 0 
 1 1 0 
 1 1 0 
 1 1 0 
 1 1 0 
 1 1 0 
 1 1 0 
 1 1 0 
 1 1 0 
 1 1 0 
 1 1 0 
 1 1 0 
 1 1 1 
 1 1 0 
 1 1 0 
 1 1 0 
 1 1 0 
 1 1 0 
 1 1 0 
 1 1 0 
 1 1 0 
 1 1 0 
 1 1 0 
 1 1 0 
 1 1 0 
 1 1 0 
 1 1 0 
 1 1 0 
 1 1 1 
 1 1 0 
 1 1 0 
 1 1 0 
 1 1 0 
 1 1 0 
 1 1 0 
 1 1 0 
 1 1 0 
 1 1 0 
 1 1 0 
 1 1 0 
 1 1 0 
 1 1 0 
 1 1 0 
 1 1 0 
 1 1 1 
 1 1 0 
 1 1 0 
 1 1 0 
 1 1 0 
 1 1 0 
 1 1 0 
 1 1 0 
 1 1 0 
 1 1 0 
 1 1 0 
 1 1 0 
 1 1 0 
 1 1 0 
 1 1 0 
 1 1 0 
 1 1 1 
 1 1 0 
 1 1 0 
 1 1 0 
 1 1 0 
 1 1 0 
 1 1 0 
 1 1 0 
 1 1 0 
 1 1 0 
 1 1 0 
 1 1 0 
 1 1 0 
 1 1 0 
 1 1 0 
 1 1 0 
 1 1 1 
 1 1 0 
 1 1 0 
 1 1 0 
 1 1 0 
 1 1 0 
 1 1 0 
 1 1 0 
 1 1 0 
 1 1 0 
 1 1 0 
 1 1 0 
 1 1 0 
 1 1 0 
 1 1 0 
 1 1 0 
 1 1 1 
 1 1 0 
 1 1 0 
 1 1 0 
 1 1 0 
 1 1 0 
 1 1 0 
 1 1 0 
 1 1 0 
 1 1 0 
 1 1 0 
 1 1 0 
 1 1 0 
 1 1 0 
 1 1 0 
 1 1 0 
 1 1 1 
 1 1 0 
 1 1 0 
 1 1 0 
 1 1 0 
 1 1 0 
 1 1 0 
 1 1 0 
 1 1 0 
 1 1 0 
 1 1 0 
 1 1 0 
 1 1 0 
 1 1 0 
 1 1 0 
 1 1 0 
 1 1 1 
 1 1 0 
 1 1 0 
 1 1 0 
 1 1 0 
 1 1 0 
 1 1 0 
 1 1 0 
 1 1 0 
 1 1 0 
 1 1 0 
 1 1 0 
 1 1 0 
 1 1 0 
 1 1 0 
 1 1 0 
 1 1 1 
 1 1 0 
 1 1 0 
 1 1 0 
 1 1 0 
 1 1 0 
 1 1 0 
 1 1 0 
 1 1 0 
 1 1 0 
 1 1 0 
 1 1 0 
 1 1 0 
 1 1 0 
 1 1 0 
 1 1 0 
 1 1 1 
 1 1 0 
 1 1 0 
 1 1 0 
 1 1 0 
 1 1 0 
 1 1 0 
 1 1 0 
 1 1 0 
 1 1 0 
 1 1 0 
 1 1 0 
 1 1 0 
 1 1 0 
 1 1 0 
 1 1 0 
 1 1 1 
 EdgeNode 
1 5 290 291 
 5 6 292 293 
 6 7 294 295 
 7 8 296 297 
 8 9 298 299 
 9 10 300 301 
 10 11 302 303 
 11 12 304 305 
 12 13 306 307 
 13 14 308 309 
 14 15 310 311 
 15 16 312 313 
 16 17 314 315 
 17 18 316 317 
 18 19 318 319 
 19 3 320 321 
 2 23 322 323 
 23 22 324 325 
 22 24 326 327 
 24 21 328 329 
 21 26 330 331 
 26 25 332 333 
 25 27 334 335 
 27 20 336 337 
 20 30 338 339 
 30 29 340 341 
 29 31 342 343 
 31 28 344 345 
 28 33 346 347 
 33 32 348 349 
 32 34 350 351 
 34 1 352 353 
 4 35 354 355 
 35 36 356 357 
 36 37 358 359 
 37 38 360 361 
 38 39 362 363 
 39 40 364 365 
 40 41 366 367 
 41 42 368 369 
 42 43 370 371 
 43 44 372 373 
 44 45 374 375 
 45 46 376 377 
 46 47 378 379 
 47 48 380 381 
 48 49 382 383 
 49 2 384 385 
 3 50 386 387 
 50 51 388 389 
 51 52 390 391 
 52 53 392 393 
 53 54 394 395 
 54 55 396 397 
 55 56 398 399 
 56 57 400 401 
 57 58 402 403 
 58 59 404 405 
 59 60 406 407 
 60 61 408 409 
 61 62 410 411 
 62 63 412 413 
 63 64 414 415 
 64 4 416 417 
 19 65 418 419 
 18 66 420 421 
 17 67 422 423 
 16 68 424 425 
 15 69 426 427 
 14 70 428 429 
 13 71 430 431 
 12 72 432 433 
 11 73 434 435 
 10 74 436 437 
 9 75 438 439 
 8 76 440 441 
 7 77 442 443 
 6 78 444 445 
 5 79 446 447 
 65 80 448 449 
 66 81 450 451 
 67 82 452 453 
 68 83 454 455 
 69 84 456 457 
 70 85 458 459 
 71 86 460 461 
 72 87 462 463 
 73 88 464 465 
 74 89 466 467 
 75 90 468 469 
 76 91 470 471 
 77 92 472 473 
 78 93 474 475 
 79 94 476 477 
 80 95 478 479 
 81 96 480 481 
 82 97 482 483 
 83 98 484 485 
 84 99 486 487 
 85 100 488 489 
 86 101 490 491 
 87 102 492 493 
 88 103 494 495 
 89 104 496 497 
 90 105 498 499 
 91 106 500 501 
 92 107 502 503 
 93 108 504 505 
 94 109 506 507 
 95 110 508 509 
 96 111 510 511 
 97 112 512 513 
 98 113 514 515 
 99 114 516 517 
 100 115 518 519 
 101 116 520 521 
 102 117 522 523 
 103 118 524 525 
 104 119 526 527 
 105 120 528 529 
 106 121 530 531 
 107 122 532 533 
 108 123 534 535 
 109 124 536 537 
 110 125 538 539 
 111 126 540 541 
 112 127 542 543 
 113 128 544 545 
 114 129 546 547 
 115 130 548 549 
 116 131 550 551 
 117 132 552 553 
 118 133 554 555 
 119 134 556 557 
 120 135 558 559 
 121 136 560 561 
 122 137 562 563 
 123 138 564 565 
 124 139 566 567 
 125 140 568 569 
 126 141 570 571 
 127 142 572 573 
 128 143 574 575 
 129 144 576 577 
 130 145 578 579 
 131 146 580 581 
 132 147 582 583 
 133 148 584 585 
 134 149 586 587 
 135 150 588 589 
 136 151 590 591 
 137 152 592 593 
 138 153 594 595 
 139 154 596 597 
 140 155 598 599 
 141 156 600 601 
 142 157 602 603 
 143 158 604 605 
 144 159 606 607 
 145 160 608 609 
 146 161 610 611 
 147 162 612 613 
 148 163 614 615 
 149 164 616 617 
 150 165 618 619 
 151 166 620 621 
 152 167 622 623 
 153 168 624 625 
 154 169 626 627 
 155 170 628 629 
 156 171 630 631 
 157 172 632 633 
 158 173 634 635 
 159 174 636 637 
 160 175 638 639 
 161 176 640 641 
 162 177 642 643 
 163 178 644 645 
 164 179 646 647 
 165 180 648 649 
 166 181 650 651 
 167 182 652 653 
 168 183 654 655 
 169 184 656 657 
 170 185 658 659 
 171 186 660 661 
 172 187 662 663 
 173 188 664 665 
 174 189 666 667 
 175 190 668 669 
 176 191 670 671 
 177 192 672 673 
 178 193 674 675 
 179 194 676 677 
 180 195 678 679 
 181 196 680 681 
 182 197 682 683 
 183 198 684 685 
 184 199 686 687 
 185 200 688 689 
 186 201 690 691 
 187 202 692 693 
 188 203 694 695 
 189 204 696 697 
 190 205 698 699 
 191 206 700 701 
 192 207 702 703 
 193 208 704 705 
 194 209 706 707 
 195 210 708 709 
 196 211 710 711 
 197 212 712 713 
 198 213 714 715 
 199 214 716 717 
 200 215 718 719 
 201 216 720 721 
 202 217 722 723 
 203 218 724 725 
 204 219 726 727 
 205 220 728 729 
 206 221 730 731 
 207 222 732 733 
 208 223 734 735 
 209 224 736 737 
 210 225 738 739 
 211 226 740 741 
 212 227 742 743 
 213 228 744 745 
 214 229 746 747 
 215 230 748 749 
 216 231 750 751 
 217 232 752 753 
 218 233 754 755 
 219 234 756 757 
 220 235 758 759 
 221 236 760 761 
 222 237 762 763 
 223 238 764 765 
 224 239 766 767 
 225 240 768 769 
 226 241 770 771 
 227 242 772 773 
 228 243 774 775 
 229 244 776 777 
 230 245 778 779 
 231 246 780 781 
 232 247 782 783 
 233 248 784 785 
 234 249 786 787 
 235 250 788 789 
 236 251 790 791 
 237 252 792 793 
 238 253 794 795 
 239 254 796 797 
 240 255 798 799 
 241 256 800 801 
 242 257 802 803 
 243 258 804 805 
 244 259 806 807 
 245 260 808 809 
 246 261 810 811 
 247 262 812 813 
 248 263 814 815 
 249 264 816 817 
 250 265 818 819 
 251 266 820 821 
 252 267 822 823 
 253 268 824 825 
 254 269 826 827 
 255 270 828 829 
 256 271 830 831 
 257 272 832 833 
 258 273 834 835 
 259 274 836 837 
 260 275 838 839 
 261 276 840 841 
 262 277 842 843 
 263 278 844 845 
 264 279 846 847 
 265 280 848 849 
 266 281 850 851 
 267 282 852 853 
 268 283 854 855 
 269 284 856 857 
 270 285 858 859 
 271 286 860 861 
 272 287 862 863 
 273 288 864 865 
 274 289 866 867 
 275 35 868 869 
 276 36 870 871 
 277 37 872 873 
 278 38 874 875 
 279 39 876 877 
 280 40 878 879 
 281 41 880 881 
 282 42 882 883 
 283 43 884 885 
 284 44 886 887 
 285 45 888 889 
 286 46 890 891 
 287 47 892 893 
 288 48 894 895 
 289 49 896 897 
 50 65 898 899 
 65 66 900 901 
 66 67 902 903 
 67 68 904 905 
 68 69 906 907 
 69 70 908 909 
 70 71 910 911 
 71 72 912 913 
 72 73 914 915 
 73 74 916 917 
 74 75 918 919 
 75 76 920 921 
 76 77 922 923 
 77 78 924 925 
 78 79 926 927 
 79 34 928 929 
 51 80 930 931 
 80 81 932 933 
 81 82 934 935 
 82 83 936 937 
 83 84 938 939 
 84 85 940 941 
 85 86 942 943 
 86 87 944 945 
 87 88 946 947 
 88 89 948 949 
 89 90 950 951 
 90 91 952 953 
 91 92 954 955 
 92 93 956 957 
 93 94 958 959 
 94 32 960 961 
 52 95 962 963 
 95 96 964 965 
 96 97 966 967 
 97 98 968 969 
 98 99 970 971 
 99 100 972 973 
 100 101 974 975 
 101 102 976 977 
 102 103 978 979 
 103 104 980 981 
 104 105 982 983 
 105 106 984 985 
 106 107 986 987 
 107 108 988 989 
 108 109 990 991 
 109 33 992 993 
 53 110 994 995 
 110 111 996 997 
 111 112 998 999 
 112 113 1000 1001 
 113 114 1002 1003 
 114 115 1004 1005 
 115 116 1006 1007 
 116 117 1008 1009 
 117 118 1010 1011 
 118 119 1012 1013 
 119 120 1014 1015 
 120 121 1016 1017 
 121 122 1018 1019 
 122 123 1020 1021 
 123 124 1022 1023 
 124 28 1024 1025 
 54 125 1026 1027 
 125 126 1028 1029 
 126 127 1030 1031 
 127 128 1032 1033 
 128 129 1034 1035 
 129 130 1036 1037 
 130 131 1038 1039 
 131 132 1040 1041 
 132 133 1042 1043 
 133 134 1044 1045 
 134 135 1046 1047 
 135 136 1048 1049 
 136 137 1050 1051 
 137 138 1052 1053 
 138 139 1054 1055 
 139 31 1056 1057 
 55 140 1058 1059 
 140 141 1060 1061 
 141 142 1062 1063 
 142 143 1064 1065 
 143 144 1066 1067 
 144 145 1068 1069 
 145 146 1070 1071 
 146 147 1072 1073 
 147 148 1074 1075 
 148 149 1076 1077 
 149 150 1078 1079 
 150 151 1080 1081 
 151 152 1082 1083 
 152 153 1084 1085 
 153 154 1086 1087 
 154 29 1088 1089 
 56 155 1090 1091 
 155 156 1092 1093 
 156 157 1094 1095 
 157 158 1096 1097 
 158 159 1098 1099 
 159 160 1100 1101 
 160 161 1102 1103 
 161 162 1104 1105 
 162 163 1106 1107 
 163 164 1108 1109 
 164 165 1110 1111 
 165 166 1112 1113 
 166 167 1114 1115 
 167 168 1116 1117 
 168 169 1118 1119 
 169 30 1120 1121 
 57 170 1122 1123 
 170 171 1124 1125 
 171 172 1126 1127 
 172 173 1128 1129 
 173 174 1130 1131 
 174 175 1132 1133 
 175 176 1134 1135 
 176 177 1136 1137 
 177 178 1138 1139 
 178 179 1140 1141 
 179 180 1142 1143 
 180 181 1144 1145 
 181 182 1146 1147 
 182 183 1148 1149 
 183 184 1150 1151 
 184 20 1152 1153 
 58 185 1154 1155 
 185 186 1156 1157 
 186 187 1158 1159 
 187 188 1160 1161 
 188 189 1162 1163 
 189 190 1164 1165 
 190 191 1166 1167 
 191 192 1168 1169 
 192 193 1170 1171 
 193 194 1172 1173 
 194 195 1174 1175 
 195 196 1176 1177 
 196 197 1178 1179 
 197 198 1180 1181 
 198 199 1182 1183 
 199 27 1184 1185 
 59 200 1186 1187 
 200 201 1188 1189 
 201 202 1190 1191 
 202 203 1192 1193 
 203 204 1194 1195 
 204 205 1196 1197 
 205 206 1198 1199 
 206 207 1200 1201 
 207 208 1202 1203 
 208 209 1204 1205 
 209 210 1206 1207 
 210 211 1208 1209 
 211 212 1210 1211 
 212 213 1212 1213 
 213 214 1214 1215 
 214 25 1216 1217 
 60 215 1218 1219 
 215 216 1220 1221 
 216 217 1222 1223 
 217 218 1224 1225 
 218 219 1226 1227 
 219 220 1228 1229 
 220 221 1230 1231 
 221 222 1232 1233 
 222 223 1234 1235 
 223 224 1236 1237 
 224 225 1238 1239 
 225 226 1240 1241 
 226 227 1242 1243 
 227 228 1244 1245 
 228 229 1246 1247 
 229 26 1248 1249 
 61 230 1250 1251 
 230 231 1252 1253 
 231 232 1254 1255 
 232 233 1256 1257 
 233 234 1258 1259 
 234 235 1260 1261 
 235 236 1262 1263 
 236 237 1264 1265 
 237 238 1266 1267 
 238 239 1268 1269 
 239 240 1270 1271 
 240 241 1272 1273 
 241 242 1274 1275 
 242 243 1276 1277 
 243 244 1278 1279 
 244 21 1280 1281 
 62 245 1282 1283 
 245 246 1284 1285 
 246 247 1286 1287 
 247 248 1288 1289 
 248 249 1290 1291 
 249 250 1292 1293 
 250 251 1294 1295 
 251 252 1296 1297 
 252 253 1298 1299 
 253 254 1300 1301 
 254 255 1302 1303 
 255 256 1304 1305 
 256 257 1306 1307 
 257 258 1308 1309 
 258 259 1310 1311 
 259 24 1312 1313 
 63 260 1314 1315 
 260 261 1316 1317 
 261 262 1318 1319 
 262 263 1320 1321 
 263 264 1322 1323 
 264 265 1324 1325 
 265 266 1326 1327 
 266 267 1328 1329 
 267 268 1330 1331 
 268 269 1332 1333 
 269 270 1334 1335 
 270 271 1336 1337 
 271 272 1338 1339 
 272 273 1340 1341 
 273 274 1342 1343 
 274 22 1344 1345 
 64 275 1346 1347 
 275 276 1348 1349 
 276 277 1350 1351 
 277 278 1352 1353 
 278 279 1354 1355 
 279 280 1356 1357 
 280 281 1358 1359 
 281 282 1360 1361 
 282 283 1362 1363 
 283 284 1364 1365 
 284 285 1366 1367 
 285 286 1368 1369 
 286 287 1370 1371 
 287 288 1372 1373 
 288 289 1374 1375 
 289 23 1376 1377 
 bcElement 64
1 14 3 
17 14 3 
33 14 3 
49 14 3 
65 14 3 
81 14 3 
97 14 3 
113 14 3 
129 14 3 
145 14 3 
161 14 3 
177 14 3 
193 14 3 
209 14 3 
225 14 3 
241 14 3 
16 23 0 
15 23 0 
14 23 0 
13 23 0 
12 23 0 
11 23 0 
10 23 0 
9 23 0 
8 23 0 
7 23 0 
6 23 0 
5 23 0 
4 23 0 
3 23 0 
2 23 0 
1 23 0 
256 6 0 
240 6 0 
224 6 0 
208 6 0 
192 6 0 
176 6 0 
160 6 0 
144 6 0 
128 6 0 
112 6 0 
96 6 0 
80 6 0 
64 6 0 
48 6 0 
32 6 0 
16 6 0 
241 24 1 
242 24 1 
243 24 1 
244 24 1 
245 24 1 
246 24 1 
247 24 1 
248 24 1 
249 24 1 
250 24 1 
251 24 1 
252 24 1 
253 24 1 
254 24 1 
255 24 1 
256 24 1 
