Edge min = 0.125000, max=0.125000, average=0.125000;
Grid_size 64
Node_size 81
Total_DOF 2401
edge_Size 144
maxDOF 49
Solution_Order
6 
 meshIEN 
4 26 33 25 
 25 33 34 23 
 23 34 35 24 
 24 35 36 19 
 19 36 37 22 
 22 37 38 20 
 20 38 39 21 
 21 39 18 2 
 26 27 40 33 
 33 40 41 34 
 34 41 42 35 
 35 42 43 36 
 36 43 44 37 
 37 44 45 38 
 38 45 46 39 
 39 46 17 18 
 27 28 47 40 
 40 47 48 41 
 41 48 49 42 
 42 49 50 43 
 43 50 51 44 
 44 51 52 45 
 45 52 53 46 
 46 53 16 17 
 28 29 54 47 
 47 54 55 48 
 48 55 56 49 
 49 56 57 50 
 50 57 58 51 
 51 58 59 52 
 52 59 60 53 
 53 60 15 16 
 29 30 61 54 
 54 61 62 55 
 55 62 63 56 
 56 63 64 57 
 57 64 65 58 
 58 65 66 59 
 59 66 67 60 
 60 67 14 15 
 30 31 68 61 
 61 68 69 62 
 62 69 70 63 
 63 70 71 64 
 64 71 72 65 
 65 72 73 66 
 66 73 74 67 
 67 74 13 14 
 31 32 75 68 
 68 75 76 69 
 69 76 77 70 
 70 77 78 71 
 71 78 79 72 
 72 79 80 73 
 73 80 81 74 
 74 81 12 13 
 32 3 5 75 
 75 5 6 76 
 76 6 7 77 
 77 7 8 78 
 78 8 9 79 
 79 9 10 80 
 80 10 11 81 
 81 11 1 12 
 solutionIEN 
4 26 33 25 206 205 204 203 202 526 525 524 523 522 242 243 244 245 246 201 200 199 198 197 802 803 804 805 806 807 808 809 810 811 812 813 814 815 816 817 818 819 820 821 822 823 824 825 826 
 25 33 34 23 246 245 244 243 242 531 530 529 528 527 247 248 249 250 251 196 195 194 193 192 827 828 829 830 831 832 833 834 835 836 837 838 839 840 841 842 843 844 845 846 847 848 849 850 851 
 23 34 35 24 251 250 249 248 247 536 535 534 533 532 252 253 254 255 256 191 190 189 188 187 852 853 854 855 856 857 858 859 860 861 862 863 864 865 866 867 868 869 870 871 872 873 874 875 876 
 24 35 36 19 256 255 254 253 252 541 540 539 538 537 257 258 259 260 261 186 185 184 183 182 877 878 879 880 881 882 883 884 885 886 887 888 889 890 891 892 893 894 895 896 897 898 899 900 901 
 19 36 37 22 261 260 259 258 257 546 545 544 543 542 262 263 264 265 266 181 180 179 178 177 902 903 904 905 906 907 908 909 910 911 912 913 914 915 916 917 918 919 920 921 922 923 924 925 926 
 22 37 38 20 266 265 264 263 262 551 550 549 548 547 267 268 269 270 271 176 175 174 173 172 927 928 929 930 931 932 933 934 935 936 937 938 939 940 941 942 943 944 945 946 947 948 949 950 951 
 20 38 39 21 271 270 269 268 267 556 555 554 553 552 272 273 274 275 276 171 170 169 168 167 952 953 954 955 956 957 958 959 960 961 962 963 964 965 966 967 968 969 970 971 972 973 974 975 976 
 21 39 18 2 276 275 274 273 272 561 560 559 558 557 161 160 159 158 157 166 165 164 163 162 977 978 979 980 981 982 983 984 985 986 987 988 989 990 991 992 993 994 995 996 997 998 999 1000 1001 
 26 27 40 33 211 210 209 208 207 566 565 564 563 562 277 278 279 280 281 522 523 524 525 526 1002 1003 1004 1005 1006 1007 1008 1009 1010 1011 1012 1013 1014 1015 1016 1017 1018 1019 1020 1021 1022 1023 1024 1025 1026 
 33 40 41 34 281 280 279 278 277 571 570 569 568 567 282 283 284 285 286 527 528 529 530 531 1027 1028 1029 1030 1031 1032 1033 1034 1035 1036 1037 1038 1039 1040 1041 1042 1043 1044 1045 1046 1047 1048 1049 1050 1051 
 34 41 42 35 286 285 284 283 282 576 575 574 573 572 287 288 289 290 291 532 533 534 535 536 1052 1053 1054 1055 1056 1057 1058 1059 1060 1061 1062 1063 1064 1065 1066 1067 1068 1069 1070 1071 1072 1073 1074 1075 1076 
 35 42 43 36 291 290 289 288 287 581 580 579 578 577 292 293 294 295 296 537 538 539 540 541 1077 1078 1079 1080 1081 1082 1083 1084 1085 1086 1087 1088 1089 1090 1091 1092 1093 1094 1095 1096 1097 1098 1099 1100 1101 
 36 43 44 37 296 295 294 293 292 586 585 584 583 582 297 298 299 300 301 542 543 544 545 546 1102 1103 1104 1105 1106 1107 1108 1109 1110 1111 1112 1113 1114 1115 1116 1117 1118 1119 1120 1121 1122 1123 1124 1125 1126 
 37 44 45 38 301 300 299 298 297 591 590 589 588 587 302 303 304 305 306 547 548 549 550 551 1127 1128 1129 1130 1131 1132 1133 1134 1135 1136 1137 1138 1139 1140 1141 1142 1143 1144 1145 1146 1147 1148 1149 1150 1151 
 38 45 46 39 306 305 304 303 302 596 595 594 593 592 307 308 309 310 311 552 553 554 555 556 1152 1153 1154 1155 1156 1157 1158 1159 1160 1161 1162 1163 1164 1165 1166 1167 1168 1169 1170 1171 1172 1173 1174 1175 1176 
 39 46 17 18 311 310 309 308 307 601 600 599 598 597 156 155 154 153 152 557 558 559 560 561 1177 1178 1179 1180 1181 1182 1183 1184 1185 1186 1187 1188 1189 1190 1191 1192 1193 1194 1195 1196 1197 1198 1199 1200 1201 
 27 28 47 40 216 215 214 213 212 606 605 604 603 602 312 313 314 315 316 562 563 564 565 566 1202 1203 1204 1205 1206 1207 1208 1209 1210 1211 1212 1213 1214 1215 1216 1217 1218 1219 1220 1221 1222 1223 1224 1225 1226 
 40 47 48 41 316 315 314 313 312 611 610 609 608 607 317 318 319 320 321 567 568 569 570 571 1227 1228 1229 1230 1231 1232 1233 1234 1235 1236 1237 1238 1239 1240 1241 1242 1243 1244 1245 1246 1247 1248 1249 1250 1251 
 41 48 49 42 321 320 319 318 317 616 615 614 613 612 322 323 324 325 326 572 573 574 575 576 1252 1253 1254 1255 1256 1257 1258 1259 1260 1261 1262 1263 1264 1265 1266 1267 1268 1269 1270 1271 1272 1273 1274 1275 1276 
 42 49 50 43 326 325 324 323 322 621 620 619 618 617 327 328 329 330 331 577 578 579 580 581 1277 1278 1279 1280 1281 1282 1283 1284 1285 1286 1287 1288 1289 1290 1291 1292 1293 1294 1295 1296 1297 1298 1299 1300 1301 
 43 50 51 44 331 330 329 328 327 626 625 624 623 622 332 333 334 335 336 582 583 584 585 586 1302 1303 1304 1305 1306 1307 1308 1309 1310 1311 1312 1313 1314 1315 1316 1317 1318 1319 1320 1321 1322 1323 1324 1325 1326 
 44 51 52 45 336 335 334 333 332 631 630 629 628 627 337 338 339 340 341 587 588 589 590 591 1327 1328 1329 1330 1331 1332 1333 1334 1335 1336 1337 1338 1339 1340 1341 1342 1343 1344 1345 1346 1347 1348 1349 1350 1351 
 45 52 53 46 341 340 339 338 337 636 635 634 633 632 342 343 344 345 346 592 593 594 595 596 1352 1353 1354 1355 1356 1357 1358 1359 1360 1361 1362 1363 1364 1365 1366 1367 1368 1369 1370 1371 1372 1373 1374 1375 1376 
 46 53 16 17 346 345 344 343 342 641 640 639 638 637 151 150 149 148 147 597 598 599 600 601 1377 1378 1379 1380 1381 1382 1383 1384 1385 1386 1387 1388 1389 1390 1391 1392 1393 1394 1395 1396 1397 1398 1399 1400 1401 
 28 29 54 47 221 220 219 218 217 646 645 644 643 642 347 348 349 350 351 602 603 604 605 606 1402 1403 1404 1405 1406 1407 1408 1409 1410 1411 1412 1413 1414 1415 1416 1417 1418 1419 1420 1421 1422 1423 1424 1425 1426 
 47 54 55 48 351 350 349 348 347 651 650 649 648 647 352 353 354 355 356 607 608 609 610 611 1427 1428 1429 1430 1431 1432 1433 1434 1435 1436 1437 1438 1439 1440 1441 1442 1443 1444 1445 1446 1447 1448 1449 1450 1451 
 48 55 56 49 356 355 354 353 352 656 655 654 653 652 357 358 359 360 361 612 613 614 615 616 1452 1453 1454 1455 1456 1457 1458 1459 1460 1461 1462 1463 1464 1465 1466 1467 1468 1469 1470 1471 1472 1473 1474 1475 1476 
 49 56 57 50 361 360 359 358 357 661 660 659 658 657 362 363 364 365 366 617 618 619 620 621 1477 1478 1479 1480 1481 1482 1483 1484 1485 1486 1487 1488 1489 1490 1491 1492 1493 1494 1495 1496 1497 1498 1499 1500 1501 
 50 57 58 51 366 365 364 363 362 666 665 664 663 662 367 368 369 370 371 622 623 624 625 626 1502 1503 1504 1505 1506 1507 1508 1509 1510 1511 1512 1513 1514 1515 1516 1517 1518 1519 1520 1521 1522 1523 1524 1525 1526 
 51 58 59 52 371 370 369 368 367 671 670 669 668 667 372 373 374 375 376 627 628 629 630 631 1527 1528 1529 1530 1531 1532 1533 1534 1535 1536 1537 1538 1539 1540 1541 1542 1543 1544 1545 1546 1547 1548 1549 1550 1551 
 52 59 60 53 376 375 374 373 372 676 675 674 673 672 377 378 379 380 381 632 633 634 635 636 1552 1553 1554 1555 1556 1557 1558 1559 1560 1561 1562 1563 1564 1565 1566 1567 1568 1569 1570 1571 1572 1573 1574 1575 1576 
 53 60 15 16 381 380 379 378 377 681 680 679 678 677 146 145 144 143 142 637 638 639 640 641 1577 1578 1579 1580 1581 1582 1583 1584 1585 1586 1587 1588 1589 1590 1591 1592 1593 1594 1595 1596 1597 1598 1599 1600 1601 
 29 30 61 54 226 225 224 223 222 686 685 684 683 682 382 383 384 385 386 642 643 644 645 646 1602 1603 1604 1605 1606 1607 1608 1609 1610 1611 1612 1613 1614 1615 1616 1617 1618 1619 1620 1621 1622 1623 1624 1625 1626 
 54 61 62 55 386 385 384 383 382 691 690 689 688 687 387 388 389 390 391 647 648 649 650 651 1627 1628 1629 1630 1631 1632 1633 1634 1635 1636 1637 1638 1639 1640 1641 1642 1643 1644 1645 1646 1647 1648 1649 1650 1651 
 55 62 63 56 391 390 389 388 387 696 695 694 693 692 392 393 394 395 396 652 653 654 655 656 1652 1653 1654 1655 1656 1657 1658 1659 1660 1661 1662 1663 1664 1665 1666 1667 1668 1669 1670 1671 1672 1673 1674 1675 1676 
 56 63 64 57 396 395 394 393 392 701 700 699 698 697 397 398 399 400 401 657 658 659 660 661 1677 1678 1679 1680 1681 1682 1683 1684 1685 1686 1687 1688 1689 1690 1691 1692 1693 1694 1695 1696 1697 1698 1699 1700 1701 
 57 64 65 58 401 400 399 398 397 706 705 704 703 702 402 403 404 405 406 662 663 664 665 666 1702 1703 1704 1705 1706 1707 1708 1709 1710 1711 1712 1713 1714 1715 1716 1717 1718 1719 1720 1721 1722 1723 1724 1725 1726 
 58 65 66 59 406 405 404 403 402 711 710 709 708 707 407 408 409 410 411 667 668 669 670 671 1727 1728 1729 1730 1731 1732 1733 1734 1735 1736 1737 1738 1739 1740 1741 1742 1743 1744 1745 1746 1747 1748 1749 1750 1751 
 59 66 67 60 411 410 409 408 407 716 715 714 713 712 412 413 414 415 416 672 673 674 675 676 1752 1753 1754 1755 1756 1757 1758 1759 1760 1761 1762 1763 1764 1765 1766 1767 1768 1769 1770 1771 1772 1773 1774 1775 1776 
 60 67 14 15 416 415 414 413 412 721 720 719 718 717 141 140 139 138 137 677 678 679 680 681 1777 1778 1779 1780 1781 1782 1783 1784 1785 1786 1787 1788 1789 1790 1791 1792 1793 1794 1795 1796 1797 1798 1799 1800 1801 
 30 31 68 61 231 230 229 228 227 726 725 724 723 722 417 418 419 420 421 682 683 684 685 686 1802 1803 1804 1805 1806 1807 1808 1809 1810 1811 1812 1813 1814 1815 1816 1817 1818 1819 1820 1821 1822 1823 1824 1825 1826 
 61 68 69 62 421 420 419 418 417 731 730 729 728 727 422 423 424 425 426 687 688 689 690 691 1827 1828 1829 1830 1831 1832 1833 1834 1835 1836 1837 1838 1839 1840 1841 1842 1843 1844 1845 1846 1847 1848 1849 1850 1851 
 62 69 70 63 426 425 424 423 422 736 735 734 733 732 427 428 429 430 431 692 693 694 695 696 1852 1853 1854 1855 1856 1857 1858 1859 1860 1861 1862 1863 1864 1865 1866 1867 1868 1869 1870 1871 1872 1873 1874 1875 1876 
 63 70 71 64 431 430 429 428 427 741 740 739 738 737 432 433 434 435 436 697 698 699 700 701 1877 1878 1879 1880 1881 1882 1883 1884 1885 1886 1887 1888 1889 1890 1891 1892 1893 1894 1895 1896 1897 1898 1899 1900 1901 
 64 71 72 65 436 435 434 433 432 746 745 744 743 742 437 438 439 440 441 702 703 704 705 706 1902 1903 1904 1905 1906 1907 1908 1909 1910 1911 1912 1913 1914 1915 1916 1917 1918 1919 1920 1921 1922 1923 1924 1925 1926 
 65 72 73 66 441 440 439 438 437 751 750 749 748 747 442 443 444 445 446 707 708 709 710 711 1927 1928 1929 1930 1931 1932 1933 1934 1935 1936 1937 1938 1939 1940 1941 1942 1943 1944 1945 1946 1947 1948 1949 1950 1951 
 66 73 74 67 446 445 444 443 442 756 755 754 753 752 447 448 449 450 451 712 713 714 715 716 1952 1953 1954 1955 1956 1957 1958 1959 1960 1961 1962 1963 1964 1965 1966 1967 1968 1969 1970 1971 1972 1973 1974 1975 1976 
 67 74 13 14 451 450 449 448 447 761 760 759 758 757 136 135 134 133 132 717 718 719 720 721 1977 1978 1979 1980 1981 1982 1983 1984 1985 1986 1987 1988 1989 1990 1991 1992 1993 1994 1995 1996 1997 1998 1999 2000 2001 
 31 32 75 68 236 235 234 233 232 766 765 764 763 762 452 453 454 455 456 722 723 724 725 726 2002 2003 2004 2005 2006 2007 2008 2009 2010 2011 2012 2013 2014 2015 2016 2017 2018 2019 2020 2021 2022 2023 2024 2025 2026 
 68 75 76 69 456 455 454 453 452 771 770 769 768 767 457 458 459 460 461 727 728 729 730 731 2027 2028 2029 2030 2031 2032 2033 2034 2035 2036 2037 2038 2039 2040 2041 2042 2043 2044 2045 2046 2047 2048 2049 2050 2051 
 69 76 77 70 461 460 459 458 457 776 775 774 773 772 462 463 464 465 466 732 733 734 735 736 2052 2053 2054 2055 2056 2057 2058 2059 2060 2061 2062 2063 2064 2065 2066 2067 2068 2069 2070 2071 2072 2073 2074 2075 2076 
 70 77 78 71 466 465 464 463 462 781 780 779 778 777 467 468 469 470 471 737 738 739 740 741 2077 2078 2079 2080 2081 2082 2083 2084 2085 2086 2087 2088 2089 2090 2091 2092 2093 2094 2095 2096 2097 2098 2099 2100 2101 
 71 78 79 72 471 470 469 468 467 786 785 784 783 782 472 473 474 475 476 742 743 744 745 746 2102 2103 2104 2105 2106 2107 2108 2109 2110 2111 2112 2113 2114 2115 2116 2117 2118 2119 2120 2121 2122 2123 2124 2125 2126 
 72 79 80 73 476 475 474 473 472 791 790 789 788 787 477 478 479 480 481 747 748 749 750 751 2127 2128 2129 2130 2131 2132 2133 2134 2135 2136 2137 2138 2139 2140 2141 2142 2143 2144 2145 2146 2147 2148 2149 2150 2151 
 73 80 81 74 481 480 479 478 477 796 795 794 793 792 482 483 484 485 486 752 753 754 755 756 2152 2153 2154 2155 2156 2157 2158 2159 2160 2161 2162 2163 2164 2165 2166 2167 2168 2169 2170 2171 2172 2173 2174 2175 2176 
 74 81 12 13 486 485 484 483 482 801 800 799 798 797 131 130 129 128 127 757 758 759 760 761 2177 2178 2179 2180 2181 2182 2183 2184 2185 2186 2187 2188 2189 2190 2191 2192 2193 2194 2195 2196 2197 2198 2199 2200 2201 
 32 3 5 75 241 240 239 238 237 86 85 84 83 82 487 488 489 490 491 762 763 764 765 766 2202 2203 2204 2205 2206 2207 2208 2209 2210 2211 2212 2213 2214 2215 2216 2217 2218 2219 2220 2221 2222 2223 2224 2225 2226 
 75 5 6 76 491 490 489 488 487 91 90 89 88 87 492 493 494 495 496 767 768 769 770 771 2227 2228 2229 2230 2231 2232 2233 2234 2235 2236 2237 2238 2239 2240 2241 2242 2243 2244 2245 2246 2247 2248 2249 2250 2251 
 76 6 7 77 496 495 494 493 492 96 95 94 93 92 497 498 499 500 501 772 773 774 775 776 2252 2253 2254 2255 2256 2257 2258 2259 2260 2261 2262 2263 2264 2265 2266 2267 2268 2269 2270 2271 2272 2273 2274 2275 2276 
 77 7 8 78 501 500 499 498 497 101 100 99 98 97 502 503 504 505 506 777 778 779 780 781 2277 2278 2279 2280 2281 2282 2283 2284 2285 2286 2287 2288 2289 2290 2291 2292 2293 2294 2295 2296 2297 2298 2299 2300 2301 
 78 8 9 79 506 505 504 503 502 106 105 104 103 102 507 508 509 510 511 782 783 784 785 786 2302 2303 2304 2305 2306 2307 2308 2309 2310 2311 2312 2313 2314 2315 2316 2317 2318 2319 2320 2321 2322 2323 2324 2325 2326 
 79 9 10 80 511 510 509 508 507 111 110 109 108 107 512 513 514 515 516 787 788 789 790 791 2327 2328 2329 2330 2331 2332 2333 2334 2335 2336 2337 2338 2339 2340 2341 2342 2343 2344 2345 2346 2347 2348 2349 2350 2351 
 80 10 11 81 516 515 514 513 512 116 115 114 113 112 517 518 519 520 521 792 793 794 795 796 2352 2353 2354 2355 2356 2357 2358 2359 2360 2361 2362 2363 2364 2365 2366 2367 2368 2369 2370 2371 2372 2373 2374 2375 2376 
 81 11 1 12 521 520 519 518 517 121 120 119 118 117 126 125 124 123 122 797 798 799 800 801 2377 2378 2379 2380 2381 2382 2383 2384 2385 2386 2387 2388 2389 2390 2391 2392 2393 2394 2395 2396 2397 2398 2399 2400 2401 
 solutionOrder
6 6 6 6 6 
 6 6 6 6 6 
 6 6 6 6 6 
 6 6 6 6 6 
 6 6 6 6 6 
 6 6 6 6 6 
 6 6 6 6 6 
 6 6 6 6 6 
 6 6 6 6 6 
 6 6 6 6 6 
 6 6 6 6 6 
 6 6 6 6 6 
 6 6 6 6 6 
 6 6 6 6 6 
 6 6 6 6 6 
 6 6 6 6 6 
 6 6 6 6 6 
 6 6 6 6 6 
 6 6 6 6 6 
 6 6 6 6 6 
 6 6 6 6 6 
 6 6 6 6 6 
 6 6 6 6 6 
 6 6 6 6 6 
 6 6 6 6 6 
 6 6 6 6 6 
 6 6 6 6 6 
 6 6 6 6 6 
 6 6 6 6 6 
 6 6 6 6 6 
 6 6 6 6 6 
 6 6 6 6 6 
 6 6 6 6 6 
 6 6 6 6 6 
 6 6 6 6 6 
 6 6 6 6 6 
 6 6 6 6 6 
 6 6 6 6 6 
 6 6 6 6 6 
 6 6 6 6 6 
 6 6 6 6 6 
 6 6 6 6 6 
 6 6 6 6 6 
 6 6 6 6 6 
 6 6 6 6 6 
 6 6 6 6 6 
 6 6 6 6 6 
 6 6 6 6 6 
 6 6 6 6 6 
 6 6 6 6 6 
 6 6 6 6 6 
 6 6 6 6 6 
 6 6 6 6 6 
 6 6 6 6 6 
 6 6 6 6 6 
 6 6 6 6 6 
 6 6 6 6 6 
 6 6 6 6 6 
 6 6 6 6 6 
 6 6 6 6 6 
 6 6 6 6 6 
 6 6 6 6 6 
 6 6 6 6 6 
 6 6 6 6 6 
 vertexCoord 
1.000000 1.000000 
 0.000000 1.000000 
 1.000000 0.000000 
 0.000000 0.000000 
 1.000000 0.125000 
 1.000000 0.250000 
 1.000000 0.375000 
 1.000000 0.500000 
 1.000000 0.625000 
 1.000000 0.750000 
 1.000000 0.875000 
 0.875000 1.000000 
 0.750000 1.000000 
 0.625000 1.000000 
 0.500000 1.000000 
 0.375000 1.000000 
 0.250000 1.000000 
 0.125000 1.000000 
 0.000000 0.500000 
 0.000000 0.750000 
 0.000000 0.875000 
 0.000000 0.625000 
 0.000000 0.250000 
 0.000000 0.375000 
 0.000000 0.125000 
 0.125000 0.000000 
 0.250000 0.000000 
 0.375000 0.000000 
 0.500000 0.000000 
 0.625000 0.000000 
 0.750000 0.000000 
 0.875000 0.000000 
 0.125000 0.125000 
 0.125000 0.250000 
 0.125000 0.375000 
 0.125000 0.500000 
 0.125000 0.625000 
 0.125000 0.750000 
 0.125000 0.875000 
 0.250000 0.125000 
 0.250000 0.250000 
 0.250000 0.375000 
 0.250000 0.500000 
 0.250000 0.625000 
 0.250000 0.750000 
 0.250000 0.875000 
 0.375000 0.125000 
 0.375000 0.250000 
 0.375000 0.375000 
 0.375000 0.500000 
 0.375000 0.625000 
 0.375000 0.750000 
 0.375000 0.875000 
 0.500000 0.125000 
 0.500000 0.250000 
 0.500000 0.375000 
 0.500000 0.500000 
 0.500000 0.625000 
 0.500000 0.750000 
 0.500000 0.875000 
 0.625000 0.125000 
 0.625000 0.250000 
 0.625000 0.375000 
 0.625000 0.500000 
 0.625000 0.625000 
 0.625000 0.750000 
 0.625000 0.875000 
 0.750000 0.125000 
 0.750000 0.250000 
 0.750000 0.375000 
 0.750000 0.500000 
 0.750000 0.625000 
 0.750000 0.750000 
 0.750000 0.875000 
 0.875000 0.125000 
 0.875000 0.250000 
 0.875000 0.375000 
 0.875000 0.500000 
 0.875000 0.625000 
 0.875000 0.750000 
 0.875000 0.875000 
 bc_tag 
5 
 2 
 16 
 18 
 23 
 23 
 23 
 23 
 23 
 23 
 23 
 6 
 6 
 6 
 6 
 6 
 6 
 6 
 24 
 24 
 24 
 24 
 24 
 24 
 24 
 14 
 14 
 14 
 14 
 14 
 14 
 14 
 26 
 26 
 26 
 26 
 26 
 26 
 26 
 26 
 26 
 26 
 26 
 26 
 26 
 26 
 26 
 26 
 26 
 26 
 26 
 26 
 26 
 26 
 26 
 26 
 26 
 26 
 26 
 26 
 26 
 26 
 26 
 26 
 26 
 26 
 26 
 26 
 26 
 26 
 26 
 26 
 26 
 26 
 26 
 26 
 26 
 26 
 26 
 26 
 26 
 23 
 23 
 23 
 23 
 23 
 23 
 23 
 23 
 23 
 23 
 23 
 23 
 23 
 23 
 23 
 23 
 23 
 23 
 23 
 23 
 23 
 23 
 23 
 23 
 23 
 23 
 23 
 23 
 23 
 23 
 23 
 23 
 23 
 23 
 23 
 23 
 23 
 23 
 23 
 23 
 6 
 6 
 6 
 6 
 6 
 6 
 6 
 6 
 6 
 6 
 6 
 6 
 6 
 6 
 6 
 6 
 6 
 6 
 6 
 6 
 6 
 6 
 6 
 6 
 6 
 6 
 6 
 6 
 6 
 6 
 6 
 6 
 6 
 6 
 6 
 6 
 6 
 6 
 6 
 6 
 24 
 24 
 24 
 24 
 24 
 24 
 24 
 24 
 24 
 24 
 24 
 24 
 24 
 24 
 24 
 24 
 24 
 24 
 24 
 24 
 24 
 24 
 24 
 24 
 24 
 24 
 24 
 24 
 24 
 24 
 24 
 24 
 24 
 24 
 24 
 24 
 24 
 24 
 24 
 24 
 14 
 14 
 14 
 14 
 14 
 14 
 14 
 14 
 14 
 14 
 14 
 14 
 14 
 14 
 14 
 14 
 14 
 14 
 14 
 14 
 14 
 14 
 14 
 14 
 14 
 14 
 14 
 14 
 14 
 14 
 14 
 14 
 14 
 14 
 14 
 14 
 14 
 14 
 14 
 14 
 26 
 26 
 26 
 26 
 26 
 26 
 26 
 26 
 26 
 26 
 26 
 26 
 26 
 26 
 26 
 26 
 26 
 26 
 26 
 26 
 26 
 26 
 26 
 26 
 26 
 26 
 26 
 26 
 26 
 26 
 26 
 26 
 26 
 26 
 26 
 26 
 26 
 26 
 26 
 26 
 26 
 26 
 26 
 26 
 26 
 26 
 26 
 26 
 26 
 26 
 26 
 26 
 26 
 26 
 26 
 26 
 26 
 26 
 26 
 26 
 26 
 26 
 26 
 26 
 26 
 26 
 26 
 26 
 26 
 26 
 26 
 26 
 26 
 26 
 26 
 26 
 26 
 26 
 26 
 26 
 26 
 26 
 26 
 26 
 26 
 26 
 26 
 26 
 26 
 26 
 26 
 26 
 26 
 26 
 26 
 26 
 26 
 26 
 26 
 26 
 26 
 26 
 26 
 26 
 26 
 26 
 26 
 26 
 26 
 26 
 26 
 26 
 26 
 26 
 26 
 26 
 26 
 26 
 26 
 26 
 26 
 26 
 26 
 26 
 26 
 26 
 26 
 26 
 26 
 26 
 26 
 26 
 26 
 26 
 26 
 26 
 26 
 26 
 26 
 26 
 26 
 26 
 26 
 26 
 26 
 26 
 26 
 26 
 26 
 26 
 26 
 26 
 26 
 26 
 26 
 26 
 26 
 26 
 26 
 26 
 26 
 26 
 26 
 26 
 26 
 26 
 26 
 26 
 26 
 26 
 26 
 26 
 26 
 26 
 26 
 26 
 26 
 26 
 26 
 26 
 26 
 26 
 26 
 26 
 26 
 26 
 26 
 26 
 26 
 26 
 26 
 26 
 26 
 26 
 26 
 26 
 26 
 26 
 26 
 26 
 26 
 26 
 26 
 26 
 26 
 26 
 26 
 26 
 26 
 26 
 26 
 26 
 26 
 26 
 26 
 26 
 26 
 26 
 26 
 26 
 26 
 26 
 26 
 26 
 26 
 26 
 26 
 26 
 26 
 26 
 26 
 26 
 26 
 26 
 26 
 26 
 26 
 26 
 26 
 26 
 26 
 26 
 26 
 26 
 26 
 26 
 26 
 26 
 26 
 26 
 26 
 26 
 26 
 26 
 26 
 26 
 26 
 26 
 26 
 26 
 26 
 26 
 26 
 26 
 26 
 26 
 26 
 26 
 26 
 26 
 26 
 26 
 26 
 26 
 26 
 26 
 26 
 26 
 26 
 26 
 26 
 26 
 26 
 26 
 26 
 26 
 26 
 26 
 26 
 26 
 26 
 26 
 26 
 26 
 26 
 26 
 26 
 26 
 26 
 26 
 26 
 26 
 26 
 26 
 26 
 26 
 26 
 26 
 26 
 26 
 26 
 26 
 26 
 26 
 26 
 26 
 26 
 26 
 26 
 26 
 26 
 26 
 26 
 26 
 26 
 26 
 26 
 26 
 26 
 26 
 26 
 26 
 26 
 26 
 26 
 26 
 26 
 26 
 26 
 26 
 26 
 26 
 26 
 26 
 26 
 26 
 26 
 26 
 26 
 26 
 26 
 26 
 26 
 26 
 26 
 26 
 26 
 26 
 26 
 26 
 26 
 26 
 26 
 26 
 26 
 26 
 26 
 26 
 26 
 26 
 26 
 26 
 26 
 26 
 26 
 26 
 26 
 26 
 26 
 26 
 26 
 26 
 26 
 26 
 26 
 26 
 26 
 26 
 26 
 26 
 26 
 26 
 26 
 26 
 26 
 26 
 26 
 26 
 26 
 26 
 26 
 26 
 26 
 26 
 26 
 26 
 26 
 26 
 26 
 26 
 26 
 26 
 26 
 26 
 26 
 26 
 26 
 26 
 26 
 26 
 26 
 26 
 26 
 26 
 26 
 26 
 26 
 26 
 26 
 26 
 26 
 26 
 26 
 26 
 26 
 26 
 26 
 26 
 26 
 26 
 26 
 26 
 26 
 26 
 26 
 26 
 26 
 26 
 26 
 26 
 26 
 26 
 26 
 26 
 26 
 26 
 26 
 26 
 26 
 26 
 26 
 26 
 26 
 26 
 26 
 26 
 26 
 26 
 26 
 26 
 26 
 26 
 26 
 26 
 26 
 26 
 26 
 26 
 26 
 26 
 26 
 26 
 26 
 26 
 26 
 26 
 26 
 26 
 26 
 26 
 26 
 26 
 26 
 26 
 26 
 26 
 26 
 26 
 26 
 26 
 26 
 26 
 26 
 26 
 26 
 26 
 26 
 26 
 26 
 26 
 26 
 26 
 26 
 26 
 26 
 26 
 26 
 26 
 26 
 26 
 26 
 26 
 26 
 26 
 26 
 26 
 26 
 26 
 26 
 26 
 26 
 26 
 26 
 26 
 26 
 26 
 26 
 26 
 26 
 26 
 26 
 26 
 26 
 26 
 26 
 26 
 26 
 26 
 26 
 26 
 26 
 26 
 26 
 26 
 26 
 26 
 26 
 26 
 26 
 26 
 26 
 26 
 26 
 26 
 26 
 26 
 26 
 26 
 26 
 26 
 26 
 26 
 26 
 26 
 26 
 26 
 26 
 26 
 26 
 26 
 26 
 26 
 26 
 26 
 26 
 26 
 26 
 26 
 26 
 26 
 26 
 26 
 26 
 26 
 26 
 26 
 26 
 26 
 26 
 26 
 26 
 26 
 26 
 26 
 26 
 26 
 26 
 26 
 26 
 26 
 26 
 26 
 26 
 26 
 26 
 26 
 26 
 26 
 26 
 26 
 26 
 26 
 26 
 26 
 26 
 26 
 26 
 26 
 26 
 26 
 26 
 26 
 26 
 26 
 26 
 26 
 26 
 26 
 26 
 26 
 26 
 26 
 26 
 26 
 26 
 26 
 26 
 26 
 26 
 26 
 26 
 26 
 26 
 26 
 26 
 26 
 26 
 26 
 26 
 26 
 26 
 26 
 26 
 26 
 26 
 26 
 26 
 26 
 26 
 26 
 26 
 26 
 26 
 26 
 26 
 26 
 26 
 26 
 26 
 26 
 26 
 26 
 26 
 26 
 26 
 26 
 26 
 26 
 26 
 26 
 26 
 26 
 26 
 26 
 26 
 26 
 26 
 26 
 26 
 26 
 26 
 26 
 26 
 26 
 26 
 26 
 26 
 26 
 26 
 26 
 26 
 26 
 26 
 26 
 26 
 26 
 26 
 26 
 26 
 26 
 26 
 26 
 26 
 26 
 26 
 26 
 26 
 26 
 26 
 26 
 26 
 26 
 26 
 26 
 26 
 26 
 26 
 26 
 26 
 26 
 26 
 26 
 26 
 26 
 26 
 26 
 26 
 26 
 26 
 26 
 26 
 26 
 26 
 26 
 26 
 26 
 26 
 26 
 26 
 26 
 26 
 26 
 26 
 26 
 26 
 26 
 26 
 26 
 26 
 26 
 26 
 26 
 26 
 26 
 26 
 26 
 26 
 26 
 26 
 26 
 26 
 26 
 26 
 26 
 26 
 26 
 26 
 26 
 26 
 26 
 26 
 26 
 26 
 26 
 26 
 26 
 26 
 26 
 26 
 26 
 26 
 26 
 26 
 26 
 26 
 26 
 26 
 26 
 26 
 26 
 26 
 26 
 26 
 26 
 26 
 26 
 26 
 26 
 26 
 26 
 26 
 26 
 26 
 26 
 26 
 26 
 26 
 26 
 26 
 26 
 26 
 26 
 26 
 26 
 26 
 26 
 26 
 26 
 26 
 26 
 26 
 26 
 26 
 26 
 26 
 26 
 26 
 26 
 26 
 26 
 26 
 26 
 26 
 26 
 26 
 26 
 26 
 26 
 26 
 26 
 26 
 26 
 26 
 26 
 26 
 26 
 26 
 26 
 26 
 26 
 26 
 26 
 26 
 26 
 26 
 26 
 26 
 26 
 26 
 26 
 26 
 26 
 26 
 26 
 26 
 26 
 26 
 26 
 26 
 26 
 26 
 26 
 26 
 26 
 26 
 26 
 26 
 26 
 26 
 26 
 26 
 26 
 26 
 26 
 26 
 26 
 26 
 26 
 26 
 26 
 26 
 26 
 26 
 26 
 26 
 26 
 26 
 26 
 26 
 26 
 26 
 26 
 26 
 26 
 26 
 26 
 26 
 26 
 26 
 26 
 26 
 26 
 26 
 26 
 26 
 26 
 26 
 26 
 26 
 26 
 26 
 26 
 26 
 26 
 26 
 26 
 26 
 26 
 26 
 26 
 26 
 26 
 26 
 26 
 26 
 26 
 26 
 26 
 26 
 26 
 26 
 26 
 26 
 26 
 26 
 26 
 26 
 26 
 26 
 26 
 26 
 26 
 26 
 26 
 26 
 26 
 26 
 26 
 26 
 26 
 26 
 26 
 26 
 26 
 26 
 26 
 26 
 26 
 26 
 26 
 26 
 26 
 26 
 26 
 26 
 26 
 26 
 26 
 26 
 26 
 26 
 26 
 26 
 26 
 26 
 26 
 26 
 26 
 26 
 26 
 26 
 26 
 26 
 26 
 26 
 26 
 26 
 26 
 26 
 26 
 26 
 26 
 26 
 26 
 26 
 26 
 26 
 26 
 26 
 26 
 26 
 26 
 26 
 26 
 26 
 26 
 26 
 26 
 26 
 26 
 26 
 26 
 26 
 26 
 26 
 26 
 26 
 26 
 26 
 26 
 26 
 26 
 26 
 26 
 26 
 26 
 26 
 26 
 26 
 26 
 26 
 26 
 26 
 26 
 26 
 26 
 26 
 26 
 26 
 26 
 26 
 26 
 26 
 26 
 26 
 26 
 26 
 26 
 26 
 26 
 26 
 26 
 26 
 26 
 26 
 26 
 26 
 26 
 26 
 26 
 26 
 26 
 26 
 26 
 26 
 26 
 26 
 26 
 26 
 26 
 26 
 26 
 26 
 26 
 26 
 26 
 26 
 26 
 26 
 26 
 26 
 26 
 26 
 26 
 26 
 26 
 26 
 26 
 26 
 26 
 26 
 26 
 26 
 26 
 26 
 26 
 26 
 26 
 26 
 26 
 26 
 26 
 26 
 26 
 26 
 26 
 26 
 26 
 26 
 26 
 26 
 26 
 26 
 26 
 26 
 26 
 26 
 26 
 26 
 26 
 26 
 26 
 26 
 26 
 26 
 26 
 26 
 26 
 26 
 26 
 26 
 26 
 26 
 26 
 26 
 26 
 26 
 26 
 26 
 26 
 26 
 26 
 26 
 26 
 26 
 26 
 26 
 26 
 26 
 26 
 26 
 26 
 26 
 26 
 26 
 26 
 26 
 26 
 26 
 26 
 26 
 26 
 26 
 26 
 26 
 26 
 26 
 26 
 26 
 26 
 26 
 26 
 26 
 26 
 26 
 26 
 26 
 26 
 26 
 26 
 26 
 26 
 26 
 26 
 26 
 26 
 26 
 26 
 26 
 26 
 26 
 26 
 26 
 26 
 26 
 26 
 26 
 26 
 26 
 26 
 26 
 26 
 26 
 26 
 26 
 26 
 26 
 26 
 26 
 26 
 26 
 26 
 26 
 26 
 26 
 26 
 26 
 26 
 26 
 26 
 26 
 26 
 26 
 26 
 26 
 26 
 26 
 26 
 26 
 26 
 26 
 26 
 26 
 26 
 26 
 26 
 26 
 26 
 26 
 26 
 26 
 26 
 26 
 26 
 26 
 26 
 26 
 26 
 26 
 26 
 26 
 26 
 26 
 26 
 26 
 26 
 26 
 26 
 26 
 26 
 26 
 26 
 26 
 26 
 26 
 26 
 26 
 26 
 26 
 26 
 26 
 26 
 26 
 26 
 26 
 26 
 26 
 26 
 26 
 26 
 26 
 26 
 26 
 26 
 26 
 26 
 26 
 26 
 26 
 26 
 26 
 26 
 26 
 26 
 26 
 26 
 26 
 26 
 26 
 26 
 26 
 26 
 26 
 26 
 26 
 26 
 26 
 26 
 26 
 26 
 26 
 26 
 26 
 26 
 26 
 26 
 26 
 26 
 26 
 26 
 26 
 26 
 26 
 26 
 26 
 26 
 26 
 26 
 26 
 26 
 26 
 26 
 26 
 26 
 26 
 26 
 26 
 26 
 26 
 26 
 26 
 26 
 26 
 26 
 26 
 26 
 26 
 26 
 26 
 26 
 26 
 26 
 26 
 26 
 26 
 26 
 26 
 26 
 26 
 26 
 26 
 26 
 26 
 26 
 26 
 26 
 26 
 26 
 26 
 26 
 26 
 26 
 26 
 26 
 26 
 26 
 26 
 26 
 26 
 26 
 26 
 26 
 26 
 26 
 26 
 26 
 26 
 26 
 26 
 26 
 26 
 26 
 26 
 26 
 26 
 26 
 26 
 26 
 26 
 26 
 26 
 26 
 26 
 26 
 26 
 26 
 26 
 26 
 26 
 26 
 26 
 26 
 26 
 26 
 26 
 26 
 26 
 26 
 26 
 26 
 26 
 26 
 26 
 26 
 26 
 26 
 26 
 26 
 26 
 26 
 26 
 26 
 26 
 26 
 26 
 26 
 26 
 26 
 26 
 26 
 26 
 26 
 26 
 26 
 26 
 26 
 26 
 26 
 26 
 26 
 26 
 26 
 26 
 26 
 26 
 26 
 26 
 26 
 26 
 26 
 26 
 26 
 26 
 26 
 26 
 26 
 26 
 26 
 26 
 26 
 26 
 26 
 26 
 26 
 26 
 26 
 26 
 26 
 26 
 26 
 26 
 26 
 26 
 26 
 26 
 26 
 26 
 26 
 26 
 26 
 26 
 26 
 26 
 26 
 26 
 26 
 26 
 26 
 26 
 26 
 26 
 26 
 26 
 26 
 26 
 26 
 26 
 26 
 26 
 26 
 26 
 26 
 26 
 26 
 26 
 26 
 26 
 26 
 26 
 26 
 26 
 26 
 26 
 26 
 26 
 26 
 26 
 26 
 26 
 26 
 26 
 26 
 26 
 26 
 26 
 26 
 26 
 26 
 26 
 26 
 26 
 26 
 26 
 26 
 26 
 26 
 26 
 26 
 26 
 26 
 26 
 26 
 26 
 26 
 26 
 26 
 26 
 26 
 26 
 26 
 26 
 26 
 26 
 26 
 26 
 26 
 26 
 26 
 26 
 26 
 26 
 26 
 26 
 26 
 26 
 26 
 26 
 26 
 26 
 26 
 26 
 26 
 26 
 26 
 26 
 26 
 26 
 26 
 26 
 26 
 26 
 26 
 26 
 26 
 26 
 26 
 26 
 26 
 26 
 26 
 26 
 26 
 26 
 26 
 26 
 26 
 26 
 26 
 26 
 26 
 26 
 26 
 26 
 26 
 26 
 26 
 26 
 26 
 26 
 26 
 26 
 26 
 26 
 26 
 26 
 26 
 26 
 26 
 26 
 26 
 26 
 26 
 26 
 26 
 26 
 26 
 26 
 26 
 26 
 26 
 26 
 26 
 26 
 26 
 26 
 26 
 26 
 26 
 26 
 26 
 26 
 26 
 26 
 26 
 26 
 26 
 26 
 26 
 26 
 26 
 26 
 26 
 26 
 26 
 26 
 26 
 26 
 26 
 26 
 26 
 26 
 26 
 26 
 26 
 26 
 26 
 26 
 26 
 26 
 26 
 26 
 26 
 26 
 26 
 26 
 26 
 26 
 26 
 26 
 26 
 26 
 26 
 26 
 26 
 26 
 26 
 26 
 26 
 26 
 26 
 26 
 26 
 26 
 26 
 26 
 26 
 26 
 26 
 26 
 26 
 26 
 26 
 26 
 26 
 26 
 26 
 26 
 26 
 26 
 26 
 26 
 26 
 26 
 26 
 26 
 26 
 26 
 26 
 26 
 26 
 26 
 26 
 26 
 26 
 26 
 26 
 26 
 26 
 26 
 26 
 26 
 26 
 26 
 26 
 26 
 26 
 26 
 26 
 26 
 26 
 26 
 26 
 26 
 26 
 26 
 26 
 26 
 26 
 26 
 26 
 26 
 26 
 26 
 26 
 26 
 26 
 26 
 26 
 26 
 26 
 26 
 26 
 26 
 26 
 26 
 26 
 26 
 26 
 26 
 26 
 26 
 26 
 26 
 26 
 26 
 26 
 26 
 26 
 26 
 26 
 26 
 26 
 26 
 26 
 26 
 26 
 26 
 26 
 26 
 26 
 26 
 26 
 26 
 26 
 26 
 26 
 26 
 26 
 26 
 26 
 26 
 26 
 26 
 26 
 26 
 26 
 26 
 26 
 26 
 26 
 26 
 26 
 26 
 26 
 26 
 26 
 26 
 26 
 26 
 26 
 26 
 26 
 26 
 26 
 26 
 26 
 26 
 26 
 26 
 26 
 26 
 26 
 26 
 26 
 26 
 26 
 26 
 26 
 26 
 26 
 26 
 26 
 26 
 26 
 26 
 26 
 26 
 26 
 26 
 26 
 26 
 26 
 26 
 26 
 26 
 26 
 26 
 26 
 26 
 26 
 26 
 26 
 26 
 26 
 26 
 26 
 26 
 26 
 26 
 26 
 26 
 26 
 26 
 26 
 26 
 26 
 26 
 26 
 26 
 26 
 26 
 26 
 26 
 26 
 26 
 26 
 26 
 26 
 26 
 26 
 26 
 26 
 26 
 26 
 26 
 26 
 26 
 26 
 26 
 26 
 26 
 26 
 26 
 26 
 26 
 26 
 26 
 26 
 26 
 26 
 26 
 26 
 26 
 26 
 26 
 26 
 26 
 26 
 26 
 26 
 26 
 26 
 26 
 26 
 26 
 26 
 26 
 26 
 26 
 26 
 26 
 26 
 26 
 26 
 26 
 26 
 26 
 26 
 26 
 26 
 26 
 26 
 26 
 26 
 26 
 26 
 26 
 26 
 26 
 26 
 26 
 26 
 26 
 26 
 26 
 26 
 26 
 26 
 26 
 26 
 26 
 26 
 26 
 26 
 26 
 26 
 26 
 26 
 26 
 26 
 26 
 26 
 26 
 26 
 26 
 26 
 26 
 26 
 26 
 26 
 26 
 26 
 26 
 26 
 26 
 26 
 26 
 26 
 26 
 26 
 26 
 26 
 26 
 26 
 26 
 26 
 26 
 26 
 26 
 26 
 26 
 26 
 26 
 26 
 26 
 26 
 26 
 26 
 26 
 26 
 26 
 26 
 26 
 26 
 26 
 26 
 26 
 26 
 26 
 26 
 26 
 26 
 26 
 26 
 26 
 26 
 26 
 26 
 26 
 26 
 26 
 26 
 26 
 26 
 26 
 26 
 26 
 26 
 26 
 26 
 26 
 26 
 26 
 26 
 26 
 26 
 26 
 26 
 26 
 26 
 26 
 26 
 26 
 26 
 26 
 26 
 26 
 26 
 26 
 26 
 26 
 26 
 26 
 26 
 26 
 26 
 26 
 26 
 26 
 26 
 26 
 26 
 26 
 26 
 26 
 26 
 26 
 26 
 26 
 26 
 26 
 26 
 26 
 26 
 26 
 26 
 26 
 26 
 26 
 26 
 26 
 26 
 26 
 26 
 26 
 26 
 26 
 26 
 26 
 26 
 26 
 26 
 26 
 26 
 26 
 26 
 26 
 26 
 26 
 26 
 26 
 26 
 26 
 26 
 26 
 26 
 26 
 26 
 26 
 26 
 edgeUsage
1 1 0 
 1 1 0 
 1 1 0 
 1 1 0 
 1 1 0 
 1 1 0 
 1 1 0 
 1 1 1 
 1 1 0 
 1 1 0 
 1 1 0 
 1 1 0 
 1 1 0 
 1 1 0 
 1 1 0 
 1 1 1 
 1 1 0 
 1 1 0 
 1 1 0 
 1 1 0 
 1 1 0 
 1 1 0 
 1 1 0 
 1 1 1 
 1 1 0 
 1 1 0 
 1 1 0 
 1 1 0 
 1 1 0 
 1 1 0 
 1 1 0 
 1 1 1 
 1 1 0 
 1 1 0 
 1 1 0 
 1 1 0 
 1 1 0 
 1 1 0 
 1 1 0 
 1 1 1 
 1 1 0 
 1 1 0 
 1 1 0 
 1 1 0 
 1 1 0 
 1 1 0 
 1 1 0 
 1 1 1 
 1 1 0 
 1 1 0 
 1 1 0 
 1 1 0 
 1 1 0 
 1 1 0 
 1 1 0 
 1 1 1 
 1 1 0 
 1 1 0 
 1 1 0 
 1 1 0 
 1 1 0 
 1 1 0 
 1 1 0 
 1 1 1 
 EdgeNode 
3 5 82 83 84 85 86 
 5 6 87 88 89 90 91 
 6 7 92 93 94 95 96 
 7 8 97 98 99 100 101 
 8 9 102 103 104 105 106 
 9 10 107 108 109 110 111 
 10 11 112 113 114 115 116 
 11 1 117 118 119 120 121 
 1 12 122 123 124 125 126 
 12 13 127 128 129 130 131 
 13 14 132 133 134 135 136 
 14 15 137 138 139 140 141 
 15 16 142 143 144 145 146 
 16 17 147 148 149 150 151 
 17 18 152 153 154 155 156 
 18 2 157 158 159 160 161 
 2 21 162 163 164 165 166 
 21 20 167 168 169 170 171 
 20 22 172 173 174 175 176 
 22 19 177 178 179 180 181 
 19 24 182 183 184 185 186 
 24 23 187 188 189 190 191 
 23 25 192 193 194 195 196 
 25 4 197 198 199 200 201 
 4 26 202 203 204 205 206 
 26 27 207 208 209 210 211 
 27 28 212 213 214 215 216 
 28 29 217 218 219 220 221 
 29 30 222 223 224 225 226 
 30 31 227 228 229 230 231 
 31 32 232 233 234 235 236 
 32 3 237 238 239 240 241 
 25 33 242 243 244 245 246 
 23 34 247 248 249 250 251 
 24 35 252 253 254 255 256 
 19 36 257 258 259 260 261 
 22 37 262 263 264 265 266 
 20 38 267 268 269 270 271 
 21 39 272 273 274 275 276 
 33 40 277 278 279 280 281 
 34 41 282 283 284 285 286 
 35 42 287 288 289 290 291 
 36 43 292 293 294 295 296 
 37 44 297 298 299 300 301 
 38 45 302 303 304 305 306 
 39 46 307 308 309 310 311 
 40 47 312 313 314 315 316 
 41 48 317 318 319 320 321 
 42 49 322 323 324 325 326 
 43 50 327 328 329 330 331 
 44 51 332 333 334 335 336 
 45 52 337 338 339 340 341 
 46 53 342 343 344 345 346 
 47 54 347 348 349 350 351 
 48 55 352 353 354 355 356 
 49 56 357 358 359 360 361 
 50 57 362 363 364 365 366 
 51 58 367 368 369 370 371 
 52 59 372 373 374 375 376 
 53 60 377 378 379 380 381 
 54 61 382 383 384 385 386 
 55 62 387 388 389 390 391 
 56 63 392 393 394 395 396 
 57 64 397 398 399 400 401 
 58 65 402 403 404 405 406 
 59 66 407 408 409 410 411 
 60 67 412 413 414 415 416 
 61 68 417 418 419 420 421 
 62 69 422 423 424 425 426 
 63 70 427 428 429 430 431 
 64 71 432 433 434 435 436 
 65 72 437 438 439 440 441 
 66 73 442 443 444 445 446 
 67 74 447 448 449 450 451 
 68 75 452 453 454 455 456 
 69 76 457 458 459 460 461 
 70 77 462 463 464 465 466 
 71 78 467 468 469 470 471 
 72 79 472 473 474 475 476 
 73 80 477 478 479 480 481 
 74 81 482 483 484 485 486 
 75 5 487 488 489 490 491 
 76 6 492 493 494 495 496 
 77 7 497 498 499 500 501 
 78 8 502 503 504 505 506 
 79 9 507 508 509 510 511 
 80 10 512 513 514 515 516 
 81 11 517 518 519 520 521 
 26 33 522 523 524 525 526 
 33 34 527 528 529 530 531 
 34 35 532 533 534 535 536 
 35 36 537 538 539 540 541 
 36 37 542 543 544 545 546 
 37 38 547 548 549 550 551 
 38 39 552 553 554 555 556 
 39 18 557 558 559 560 561 
 27 40 562 563 564 565 566 
 40 41 567 568 569 570 571 
 41 42 572 573 574 575 576 
 42 43 577 578 579 580 581 
 43 44 582 583 584 585 586 
 44 45 587 588 589 590 591 
 45 46 592 593 594 595 596 
 46 17 597 598 599 600 601 
 28 47 602 603 604 605 606 
 47 48 607 608 609 610 611 
 48 49 612 613 614 615 616 
 49 50 617 618 619 620 621 
 50 51 622 623 624 625 626 
 51 52 627 628 629 630 631 
 52 53 632 633 634 635 636 
 53 16 637 638 639 640 641 
 29 54 642 643 644 645 646 
 54 55 647 648 649 650 651 
 55 56 652 653 654 655 656 
 56 57 657 658 659 660 661 
 57 58 662 663 664 665 666 
 58 59 667 668 669 670 671 
 59 60 672 673 674 675 676 
 60 15 677 678 679 680 681 
 30 61 682 683 684 685 686 
 61 62 687 688 689 690 691 
 62 63 692 693 694 695 696 
 63 64 697 698 699 700 701 
 64 65 702 703 704 705 706 
 65 66 707 708 709 710 711 
 66 67 712 713 714 715 716 
 67 14 717 718 719 720 721 
 31 68 722 723 724 725 726 
 68 69 727 728 729 730 731 
 69 70 732 733 734 735 736 
 70 71 737 738 739 740 741 
 71 72 742 743 744 745 746 
 72 73 747 748 749 750 751 
 73 74 752 753 754 755 756 
 74 13 757 758 759 760 761 
 32 75 762 763 764 765 766 
 75 76 767 768 769 770 771 
 76 77 772 773 774 775 776 
 77 78 777 778 779 780 781 
 78 79 782 783 784 785 786 
 79 80 787 788 789 790 791 
 80 81 792 793 794 795 796 
 81 12 797 798 799 800 801 
 bcElement 32
1 14 3 
9 14 3 
17 14 3 
25 14 3 
33 14 3 
41 14 3 
49 14 3 
57 14 3 
57 23 1 
58 23 1 
59 23 1 
60 23 1 
61 23 1 
62 23 1 
63 23 1 
64 23 1 
64 6 0 
56 6 0 
48 6 0 
40 6 0 
32 6 0 
24 6 0 
16 6 0 
8 6 0 
8 24 0 
7 24 0 
6 24 0 
5 24 0 
4 24 0 
3 24 0 
2 24 0 
1 24 0 
