Edge min = 0.164104, max=0.527930, average=0.371014;
Grid_size 24
Node_size 21
Total_DOF 341
edge_Size 44
maxDOF 21
Solution_Order
5 
 meshIEN 
21 2 7 
 2 21 11 
 16 11 21 
 11 16 4 
 21 6 20 
 6 21 7 
 16 20 15 
 20 16 21 
 19 6 8 
 6 19 20 
 15 19 14 
 19 15 20 
 18 8 9 
 8 18 19 
 14 18 13 
 18 14 19 
 17 9 10 
 9 17 18 
 13 17 12 
 17 13 18 
 17 1 5 
 1 17 10 
 12 5 3 
 5 12 17 
 solutionIEN 
21 2 7 150 151 152 153 33 32 31 30 146 147 148 149 198 199 200 201 202 203 
 2 21 11 153 152 151 150 109 108 107 106 61 60 59 58 204 205 206 207 208 209 
 16 11 21 154 155 156 157 106 107 108 109 142 143 144 145 210 211 212 213 214 215 
 11 16 4 157 156 155 154 85 84 83 82 57 56 55 54 216 217 218 219 220 221 
 21 6 20 158 159 160 161 138 139 140 141 105 104 103 102 222 223 224 225 226 227 
 6 21 7 161 160 159 158 149 148 147 146 37 36 35 34 228 229 230 231 232 233 
 16 20 15 162 163 164 165 134 135 136 137 81 80 79 78 234 235 236 237 238 239 
 20 16 21 165 164 163 162 145 144 143 142 102 103 104 105 240 241 242 243 244 245 
 19 6 8 166 167 168 169 41 40 39 38 130 131 132 133 246 247 248 249 250 251 
 6 19 20 169 168 167 166 101 100 99 98 141 140 139 138 252 253 254 255 256 257 
 15 19 14 170 171 172 173 126 127 128 129 77 76 75 74 258 259 260 261 262 263 
 19 15 20 173 172 171 170 137 136 135 134 98 99 100 101 264 265 266 267 268 269 
 18 8 9 174 175 176 177 45 44 43 42 122 123 124 125 270 271 272 273 274 275 
 8 18 19 177 176 175 174 97 96 95 94 133 132 131 130 276 277 278 279 280 281 
 14 18 13 178 179 180 181 118 119 120 121 73 72 71 70 282 283 284 285 286 287 
 18 14 19 181 180 179 178 129 128 127 126 94 95 96 97 288 289 290 291 292 293 
 17 9 10 182 183 184 185 49 48 47 46 114 115 116 117 294 295 296 297 298 299 
 9 17 18 185 184 183 182 93 92 91 90 125 124 123 122 300 301 302 303 304 305 
 13 17 12 186 187 188 189 110 111 112 113 69 68 67 66 306 307 308 309 310 311 
 17 13 18 189 188 187 186 121 120 119 118 90 91 92 93 312 313 314 315 316 317 
 17 1 5 190 191 192 193 25 24 23 22 89 88 87 86 318 319 320 321 322 323 
 1 17 10 193 192 191 190 117 116 115 114 53 52 51 50 324 325 326 327 328 329 
 12 5 3 194 195 196 197 29 28 27 26 65 64 63 62 330 331 332 333 334 335 
 5 12 17 197 196 195 194 113 112 111 110 86 87 88 89 336 337 338 339 340 341 
 solutionOrder
5 5 5 5 
 5 5 5 5 
 5 5 5 5 
 5 5 5 5 
 5 5 5 5 
 5 5 5 5 
 5 5 5 5 
 5 5 5 5 
 5 5 5 5 
 5 5 5 5 
 5 5 5 5 
 5 5 5 5 
 5 5 5 5 
 5 5 5 5 
 5 5 5 5 
 5 5 5 5 
 5 5 5 5 
 5 5 5 5 
 5 5 5 5 
 5 5 5 5 
 5 5 5 5 
 5 5 5 5 
 5 5 5 5 
 5 5 5 5 
 vertexCoord 
0.000000 0.000000 
 -0.707107 0.707107 
 0.707107 0.707107 
 -0.000000 1.414214 
 0.353553 0.353553 
 -0.467977 0.467977 
 -0.587294 0.587294 
 -0.349944 0.349944 
 -0.232514 0.232514 
 -0.116476 0.116476 
 -0.353553 1.060660 
 0.590631 0.823582 
 0.474593 0.939621 
 0.357162 1.057051 
 0.239130 1.175084 
 0.119813 1.294401 
 0.237078 0.470029 
 0.121039 0.586068 
 0.003609 0.703498 
 -0.114424 0.821531 
 -0.233741 0.940847 
 bc_tag 
5 
 2 
 16 
 18 
 23 
 6 
 6 
 6 
 6 
 6 
 24 
 14 
 14 
 14 
 14 
 14 
 26 
 26 
 26 
 26 
 26 
 23 
 23 
 23 
 23 
 23 
 23 
 23 
 23 
 6 
 6 
 6 
 6 
 6 
 6 
 6 
 6 
 6 
 6 
 6 
 6 
 6 
 6 
 6 
 6 
 6 
 6 
 6 
 6 
 6 
 6 
 6 
 6 
 24 
 24 
 24 
 24 
 24 
 24 
 24 
 24 
 14 
 14 
 14 
 14 
 14 
 14 
 14 
 14 
 14 
 14 
 14 
 14 
 14 
 14 
 14 
 14 
 14 
 14 
 14 
 14 
 14 
 14 
 14 
 14 
 26 
 26 
 26 
 26 
 26 
 26 
 26 
 26 
 26 
 26 
 26 
 26 
 26 
 26 
 26 
 26 
 26 
 26 
 26 
 26 
 26 
 26 
 26 
 26 
 26 
 26 
 26 
 26 
 26 
 26 
 26 
 26 
 26 
 26 
 26 
 26 
 26 
 26 
 26 
 26 
 26 
 26 
 26 
 26 
 26 
 26 
 26 
 26 
 26 
 26 
 26 
 26 
 26 
 26 
 26 
 26 
 26 
 26 
 26 
 26 
 26 
 26 
 26 
 26 
 26 
 26 
 26 
 26 
 26 
 26 
 26 
 26 
 26 
 26 
 26 
 26 
 26 
 26 
 26 
 26 
 26 
 26 
 26 
 26 
 26 
 26 
 26 
 26 
 26 
 26 
 26 
 26 
 26 
 26 
 26 
 26 
 26 
 26 
 26 
 26 
 26 
 26 
 26 
 26 
 26 
 26 
 26 
 26 
 26 
 26 
 26 
 26 
 26 
 26 
 26 
 26 
 26 
 26 
 26 
 26 
 26 
 26 
 26 
 26 
 26 
 26 
 26 
 26 
 26 
 26 
 26 
 26 
 26 
 26 
 26 
 26 
 26 
 26 
 26 
 26 
 26 
 26 
 26 
 26 
 26 
 26 
 26 
 26 
 26 
 26 
 26 
 26 
 26 
 26 
 26 
 26 
 26 
 26 
 26 
 26 
 26 
 26 
 26 
 26 
 26 
 26 
 26 
 26 
 26 
 26 
 26 
 26 
 26 
 26 
 26 
 26 
 26 
 26 
 26 
 26 
 26 
 26 
 26 
 26 
 26 
 26 
 26 
 26 
 26 
 26 
 26 
 26 
 26 
 26 
 26 
 26 
 26 
 26 
 26 
 26 
 26 
 26 
 26 
 26 
 26 
 26 
 26 
 26 
 26 
 26 
 26 
 26 
 26 
 26 
 26 
 26 
 26 
 26 
 26 
 26 
 26 
 26 
 26 
 26 
 26 
 26 
 26 
 26 
 26 
 26 
 26 
 26 
 26 
 26 
 26 
 26 
 26 
 26 
 26 
 26 
 26 
 26 
 26 
 26 
 26 
 26 
 26 
 26 
 26 
 26 
 26 
 26 
 26 
 26 
 26 
 26 
 edgeUsage
0 1 0 
 1 1 1 
 0 0 0 
 1 1 1 
 0 0 1 
 1 1 1 
 0 0 1 
 1 1 0 
 0 1 0 
 1 1 1 
 0 0 1 
 1 1 0 
 0 1 0 
 1 1 1 
 0 0 1 
 1 1 0 
 0 1 0 
 1 1 1 
 0 0 1 
 1 1 0 
 0 1 1 
 1 1 1 
 0 1 1 
 1 1 0 
 EdgeNode 
1 5 22 23 24 25 
 5 3 26 27 28 29 
 2 7 30 31 32 33 
 7 6 34 35 36 37 
 6 8 38 39 40 41 
 8 9 42 43 44 45 
 9 10 46 47 48 49 
 10 1 50 51 52 53 
 4 11 54 55 56 57 
 11 2 58 59 60 61 
 3 12 62 63 64 65 
 12 13 66 67 68 69 
 13 14 70 71 72 73 
 14 15 74 75 76 77 
 15 16 78 79 80 81 
 16 4 82 83 84 85 
 5 17 86 87 88 89 
 17 18 90 91 92 93 
 18 19 94 95 96 97 
 19 20 98 99 100 101 
 20 21 102 103 104 105 
 21 11 106 107 108 109 
 12 17 110 111 112 113 
 17 10 114 115 116 117 
 13 18 118 119 120 121 
 18 9 122 123 124 125 
 14 19 126 127 128 129 
 19 8 130 131 132 133 
 15 20 134 135 136 137 
 20 6 138 139 140 141 
 16 21 142 143 144 145 
 21 7 146 147 148 149 
 2 21 150 151 152 153 
 11 16 154 155 156 157 
 6 21 158 159 160 161 
 20 16 162 163 164 165 
 6 19 166 167 168 169 
 19 15 170 171 172 173 
 8 18 174 175 176 177 
 18 14 178 179 180 181 
 9 17 182 183 184 185 
 17 13 186 187 188 189 
 1 17 190 191 192 193 
 5 12 194 195 196 197 
 bcElement 16
23 14 2 
19 14 2 
15 14 2 
11 14 2 
7 14 2 
4 14 1 
4 24 2 
2 24 2 
1 6 1 
6 6 2 
9 6 1 
13 6 1 
17 6 1 
22 6 2 
21 23 1 
23 23 1 
