Edge min = 0.250000, max=0.250000, average=0.250000;
Grid_size 16
Node_size 25
Total_DOF 25
edge_Size 40
maxDOF 4
Solution_Order
1 
 meshIEN 
4 14 17 13 
 13 17 18 11 
 11 18 19 12 
 12 19 10 2 
 14 15 20 17 
 17 20 21 18 
 18 21 22 19 
 19 22 9 10 
 15 16 23 20 
 20 23 24 21 
 21 24 25 22 
 22 25 8 9 
 16 3 5 23 
 23 5 6 24 
 24 6 7 25 
 25 7 1 8 
 solutionIEN 
4 14 17 13 
 13 17 18 11 
 11 18 19 12 
 12 19 10 2 
 14 15 20 17 
 17 20 21 18 
 18 21 22 19 
 19 22 9 10 
 15 16 23 20 
 20 23 24 21 
 21 24 25 22 
 22 25 8 9 
 16 3 5 23 
 23 5 6 24 
 24 6 7 25 
 25 7 1 8 
 solutionOrder
1 1 1 1 1 
 1 1 1 1 1 
 1 1 1 1 1 
 1 1 1 1 1 
 1 1 1 1 1 
 1 1 1 1 1 
 1 1 1 1 1 
 1 1 1 1 1 
 1 1 1 1 1 
 1 1 1 1 1 
 1 1 1 1 1 
 1 1 1 1 1 
 1 1 1 1 1 
 1 1 1 1 1 
 1 1 1 1 1 
 1 1 1 1 1 
 vertexCoord 
1.000000 1.000000 
 0.000000 1.000000 
 1.000000 0.000000 
 0.000000 0.000000 
 1.000000 0.250000 
 1.000000 0.500000 
 1.000000 0.750000 
 0.750000 1.000000 
 0.500000 1.000000 
 0.250000 1.000000 
 0.000000 0.500000 
 0.000000 0.750000 
 0.000000 0.250000 
 0.250000 0.000000 
 0.500000 0.000000 
 0.750000 0.000000 
 0.250000 0.250000 
 0.250000 0.500000 
 0.250000 0.750000 
 0.500000 0.250000 
 0.500000 0.500000 
 0.500000 0.750000 
 0.750000 0.250000 
 0.750000 0.500000 
 0.750000 0.750000 
 bc_tag 
5 
 2 
 16 
 18 
 23 
 23 
 23 
 6 
 6 
 6 
 24 
 24 
 24 
 14 
 14 
 14 
 26 
 26 
 26 
 26 
 26 
 26 
 26 
 26 
 26 
 edgeUsage
1 1 0 
 1 1 0 
 1 1 0 
 1 1 1 
 1 1 0 
 1 1 0 
 1 1 0 
 1 1 1 
 1 1 0 
 1 1 0 
 1 1 0 
 1 1 1 
 1 1 0 
 1 1 0 
 1 1 0 
 1 1 1 
 EdgeNode 
3 5 
 5 6 
 6 7 
 7 1 
 1 8 
 8 9 
 9 10 
 10 2 
 2 12 
 12 11 
 11 13 
 13 4 
 4 14 
 14 15 
 15 16 
 16 3 
 13 17 
 11 18 
 12 19 
 17 20 
 18 21 
 19 22 
 20 23 
 21 24 
 22 25 
 23 5 
 24 6 
 25 7 
 14 17 
 17 18 
 18 19 
 19 10 
 15 20 
 20 21 
 21 22 
 22 9 
 16 23 
 23 24 
 24 25 
 25 8 
 bcElement 16
1 14 3 
5 14 3 
9 14 3 
13 14 3 
13 23 1 
14 23 1 
15 23 1 
16 23 1 
16 6 0 
12 6 0 
8 6 0 
4 6 0 
4 24 0 
3 24 0 
2 24 0 
1 24 0 
