Edge min = 0.250000, max=0.250000, average=0.250000;
Grid_size 16
Node_size 25
Total_DOF 25
edge_Size 40
maxDOF 4
Solution_Order
1 
 meshIEN 
3 14 17 7 
 7 17 18 6 
 6 18 19 5 
 5 19 10 1 
 14 15 20 17 
 17 20 21 18 
 18 21 22 19 
 19 22 8 10 
 15 16 23 20 
 20 23 24 21 
 21 24 25 22 
 22 25 9 8 
 16 4 11 23 
 23 11 12 24 
 24 12 13 25 
 25 13 2 9 
 solutionIEN 
3 14 17 7 
 7 17 18 6 
 6 18 19 5 
 5 19 10 1 
 14 15 20 17 
 17 20 21 18 
 18 21 22 19 
 19 22 8 10 
 15 16 23 20 
 20 23 24 21 
 21 24 25 22 
 22 25 9 8 
 16 4 11 23 
 23 11 12 24 
 24 12 13 25 
 25 13 2 9 
 solutionOrder
1 1 1 1 1 
 1 1 1 1 1 
 1 1 1 1 1 
 1 1 1 1 1 
 1 1 1 1 1 
 1 1 1 1 1 
 1 1 1 1 1 
 1 1 1 1 1 
 1 1 1 1 1 
 1 1 1 1 1 
 1 1 1 1 1 
 1 1 1 1 1 
 1 1 1 1 1 
 1 1 1 1 1 
 1 1 1 1 1 
 1 1 1 1 1 
 vertexCoord 
0.000000 0.000000 
 -0.707107 0.707107 
 0.707107 0.707107 
 -0.000000 1.414214 
 0.176777 0.176777 
 0.353553 0.353553 
 0.530330 0.530330 
 -0.353553 0.353553 
 -0.530330 0.530330 
 -0.176777 0.176777 
 -0.176777 1.237437 
 -0.353553 1.060660 
 -0.530330 0.883883 
 0.530330 0.883883 
 0.353553 1.060660 
 0.176777 1.237437 
 0.353553 0.707107 
 0.176777 0.530330 
 0.000000 0.353553 
 0.176777 0.883883 
 -0.000000 0.707107 
 -0.176777 0.530330 
 -0.000000 1.060660 
 -0.176777 0.883883 
 -0.353553 0.707107 
 bc_tag 
5 
 2 
 16 
 18 
 23 
 23 
 23 
 6 
 6 
 6 
 24 
 24 
 24 
 14 
 14 
 14 
 26 
 26 
 26 
 26 
 26 
 26 
 26 
 26 
 26 
 edgeUsage
1 1 0 
 1 1 0 
 1 1 0 
 1 1 1 
 1 1 0 
 1 1 0 
 1 1 0 
 1 1 1 
 1 1 0 
 1 1 0 
 1 1 0 
 1 1 1 
 1 1 0 
 1 1 0 
 1 1 0 
 1 1 1 
 EdgeNode 
1 5 
 5 6 
 6 7 
 7 3 
 2 9 
 9 8 
 8 10 
 10 1 
 4 11 
 11 12 
 12 13 
 13 2 
 3 14 
 14 15 
 15 16 
 16 4 
 7 17 
 6 18 
 5 19 
 17 20 
 18 21 
 19 22 
 20 23 
 21 24 
 22 25 
 23 11 
 24 12 
 25 13 
 14 17 
 17 18 
 18 19 
 19 10 
 15 20 
 20 21 
 21 22 
 22 8 
 16 23 
 23 24 
 24 25 
 25 9 
 bcElement 16
1 14 3 
5 14 3 
9 14 3 
13 14 3 
13 24 1 
14 24 1 
15 24 1 
16 24 1 
16 6 0 
12 6 0 
8 6 0 
4 6 0 
4 23 0 
3 23 0 
2 23 0 
1 23 0 
