Edge min = 0.092734, max=0.279742, average=0.186911;
Grid_size 69
Node_size 46
Total_DOF 343
edge_Size 114
maxDOF 10
Solution_Order
3 
 meshIEN 
22 1 10 
 22 6 1 
 23 22 10 
 24 2 14 
 24 8 2 
 25 16 4 
 25 4 21 
 26 12 3 
 26 3 18 
 27 19 5 
 27 5 6 
 28 9 7 
 8 24 28 
 28 7 8 
 29 13 11 
 29 14 13 
 30 21 20 
 30 25 21 
 31 17 15 
 33 29 11 
 12 26 33 
 33 11 12 
 19 27 34 
 34 20 19 
 34 30 20 
 35 31 15 
 16 25 35 
 35 15 16 
 17 31 36 
 36 33 26 
 36 18 17 
 36 26 18 
 23 32 37 
 39 35 25 
 25 30 39 
 27 37 40 
 40 34 27 
 41 37 32 
 41 40 37 
 42 36 31 
 29 33 43 
 43 42 38 
 36 42 43 
 33 36 43 
 34 40 44 
 44 39 30 
 30 34 44 
 38 42 44 
 44 42 39 
 45 28 24 
 45 32 28 
 45 41 32 
 38 41 45 
 29 43 46 
 46 45 24 
 27 6 22 
 37 27 22 
 22 23 37 
 14 29 46 
 46 24 14 
 23 10 9 
 39 42 31 
 31 35 39 
 38 44 40 
 40 41 38 
 38 45 46 
 46 43 38 
 32 23 9 
 9 28 32 
 solutionIEN 
22 1 10 92 91 60 59 89 90 275 
 22 6 1 94 93 48 47 91 92 276 
 23 22 10 96 95 90 89 97 98 277 
 24 2 14 104 103 70 69 101 102 278 
 24 8 2 100 99 52 51 103 104 279 
 25 16 4 106 105 72 71 109 110 280 
 25 4 21 110 109 88 87 107 108 281 
 26 12 3 112 111 62 61 115 116 282 
 26 3 18 116 115 80 79 113 114 283 
 27 19 5 120 119 82 81 117 118 284 
 27 5 6 118 117 50 49 121 122 285 
 28 9 7 126 125 56 55 123 124 286 
 8 24 28 99 100 129 130 128 127 287 
 28 7 8 124 123 54 53 127 128 288 
 29 13 11 134 133 66 65 131 132 289 
 29 14 13 136 135 68 67 133 134 290 
 30 21 20 140 139 86 85 137 138 291 
 30 25 21 142 141 108 107 139 140 292 
 31 17 15 146 145 76 75 143 144 293 
 33 29 11 154 153 132 131 151 152 294 
 12 26 33 111 112 155 156 158 157 295 
 33 11 12 152 151 64 63 157 158 296 
 19 27 34 119 120 161 162 160 159 297 
 34 20 19 166 165 84 83 159 160 298 
 34 30 20 164 163 138 137 165 166 299 
 35 31 15 170 169 144 143 167 168 300 
 16 25 35 105 106 171 172 174 173 301 
 35 15 16 168 167 74 73 173 174 302 
 17 31 36 145 146 177 178 176 175 303 
 36 33 26 182 181 156 155 179 180 304 
 36 18 17 184 183 78 77 175 176 305 
 36 26 18 180 179 114 113 183 184 306 
 23 32 37 149 150 187 188 186 185 307 
 39 35 25 194 193 172 171 191 192 308 
 25 30 39 141 142 195 196 192 191 309 
 27 37 40 189 190 199 200 198 197 310 
 40 34 27 202 201 162 161 197 198 311 
 41 37 32 206 205 188 187 203 204 312 
 41 40 37 208 207 200 199 205 206 313 
 42 36 31 214 213 178 177 211 212 314 
 29 33 43 153 154 221 222 220 219 315 
 43 42 38 226 225 216 215 223 224 316 
 36 42 43 213 214 225 226 228 227 317 
 33 36 43 181 182 227 228 222 221 318 
 34 40 44 201 202 231 232 230 229 319 
 44 39 30 236 235 196 195 233 234 320 
 30 34 44 163 164 229 230 234 233 321 
 38 42 44 215 216 239 240 238 237 322 
 44 42 39 240 239 218 217 235 236 323 
 45 28 24 244 243 130 129 241 242 324 
 45 32 28 246 245 148 147 243 244 325 
 45 41 32 248 247 204 203 245 246 326 
 38 41 45 209 210 247 248 250 249 327 
 29 43 46 219 220 251 252 256 255 328 
 46 45 24 254 253 242 241 257 258 329 
 27 6 22 122 121 93 94 259 260 330 
 37 27 22 190 189 260 259 262 261 331 
 22 23 37 95 96 185 186 261 262 332 
 14 29 46 135 136 255 256 264 263 333 
 46 24 14 258 257 102 101 263 264 334 
 23 10 9 98 97 58 57 265 266 335 
 39 42 31 217 218 212 211 268 267 336 
 31 35 39 169 170 193 194 267 268 337 
 38 44 40 237 238 232 231 270 269 338 
 40 41 38 207 208 210 209 269 270 339 
 38 45 46 249 250 253 254 272 271 340 
 46 43 38 252 251 224 223 271 272 341 
 32 23 9 150 149 266 265 274 273 342 
 9 28 32 125 126 147 148 273 274 343 
 solutionOrder
3 3 3 3 
 3 3 3 3 
 3 3 3 3 
 3 3 3 3 
 3 3 3 3 
 3 3 3 3 
 3 3 3 3 
 3 3 3 3 
 3 3 3 3 
 3 3 3 3 
 3 3 3 3 
 3 3 3 3 
 3 3 3 3 
 3 3 3 3 
 3 3 3 3 
 3 3 3 3 
 3 3 3 3 
 3 3 3 3 
 3 3 3 3 
 3 3 3 3 
 3 3 3 3 
 3 3 3 3 
 3 3 3 3 
 3 3 3 3 
 3 3 3 3 
 3 3 3 3 
 3 3 3 3 
 3 3 3 3 
 3 3 3 3 
 3 3 3 3 
 3 3 3 3 
 3 3 3 3 
 3 3 3 3 
 3 3 3 3 
 3 3 3 3 
 3 3 3 3 
 3 3 3 3 
 3 3 3 3 
 3 3 3 3 
 3 3 3 3 
 3 3 3 3 
 3 3 3 3 
 3 3 3 3 
 3 3 3 3 
 3 3 3 3 
 3 3 3 3 
 3 3 3 3 
 3 3 3 3 
 3 3 3 3 
 3 3 3 3 
 3 3 3 3 
 3 3 3 3 
 3 3 3 3 
 3 3 3 3 
 3 3 3 3 
 3 3 3 3 
 3 3 3 3 
 3 3 3 3 
 3 3 3 3 
 3 3 3 3 
 3 3 3 3 
 3 3 3 3 
 3 3 3 3 
 3 3 3 3 
 3 3 3 3 
 3 3 3 3 
 3 3 3 3 
 3 3 3 3 
 3 3 3 3 
 vertexCoord 
0.000000 0.000000 
 1.000000 0.000000 
 1.000000 1.000000 
 0.000000 1.000000 
 -0.000000 0.300000 
 0.000000 0.150000 
 0.599799 0.000000 
 0.799805 0.000000 
 0.399794 0.000000 
 0.199897 0.000000 
 1.000000 0.599837 
 1.000000 0.799805 
 1.000000 0.399885 
 1.000000 0.199934 
 0.400167 1.000000 
 0.200195 1.000000 
 0.600121 1.000000 
 0.800061 1.000000 
 -0.000000 0.475707 
 -0.000000 0.650606 
 -0.000000 0.825303 
 0.149138 0.124855 
 0.289763 0.102080 
 0.789673 0.151147 
 0.165673 0.853770 
 0.865923 0.849935 
 0.117873 0.300765 
 0.600328 0.092732 
 0.863002 0.418777 
 0.158498 0.686326 
 0.469676 0.839210 
 0.430136 0.164666 
 0.847360 0.663721 
 0.148929 0.508007 
 0.311446 0.885238 
 0.680546 0.788832 
 0.269851 0.220881 
 0.506444 0.421320 
 0.320804 0.742703 
 0.296646 0.381949 
 0.417231 0.285286 
 0.496286 0.646702 
 0.680699 0.532717 
 0.321268 0.564501 
 0.581840 0.239155 
 0.747230 0.319778 
 bc_tag 
93 
 15 
 10 
 5 
 2 
 101 
 21 
 21 
 21 
 21 
 16 
 16 
 16 
 16 
 11 
 11 
 11 
 11 
 6 
 6 
 6 
 39 
 39 
 39 
 39 
 39 
 39 
 39 
 39 
 39 
 39 
 39 
 39 
 39 
 39 
 39 
 39 
 39 
 39 
 39 
 39 
 39 
 39 
 39 
 39 
 39 
 101 
 101 
 101 
 101 
 21 
 21 
 21 
 21 
 21 
 21 
 21 
 21 
 21 
 21 
 16 
 16 
 16 
 16 
 16 
 16 
 16 
 16 
 16 
 16 
 11 
 11 
 11 
 11 
 11 
 11 
 11 
 11 
 11 
 11 
 6 
 6 
 6 
 6 
 6 
 6 
 6 
 6 
 39 
 39 
 39 
 39 
 39 
 39 
 39 
 39 
 39 
 39 
 39 
 39 
 39 
 39 
 39 
 39 
 39 
 39 
 39 
 39 
 39 
 39 
 39 
 39 
 39 
 39 
 39 
 39 
 39 
 39 
 39 
 39 
 39 
 39 
 39 
 39 
 39 
 39 
 39 
 39 
 39 
 39 
 39 
 39 
 39 
 39 
 39 
 39 
 39 
 39 
 39 
 39 
 39 
 39 
 39 
 39 
 39 
 39 
 39 
 39 
 39 
 39 
 39 
 39 
 39 
 39 
 39 
 39 
 39 
 39 
 39 
 39 
 39 
 39 
 39 
 39 
 39 
 39 
 39 
 39 
 39 
 39 
 39 
 39 
 39 
 39 
 39 
 39 
 39 
 39 
 39 
 39 
 39 
 39 
 39 
 39 
 39 
 39 
 39 
 39 
 39 
 39 
 39 
 39 
 39 
 39 
 39 
 39 
 39 
 39 
 39 
 39 
 39 
 39 
 39 
 39 
 39 
 39 
 39 
 39 
 39 
 39 
 39 
 39 
 39 
 39 
 39 
 39 
 39 
 39 
 39 
 39 
 39 
 39 
 39 
 39 
 39 
 39 
 39 
 39 
 39 
 39 
 39 
 39 
 39 
 39 
 39 
 39 
 39 
 39 
 39 
 39 
 39 
 39 
 39 
 39 
 39 
 39 
 39 
 39 
 39 
 39 
 39 
 39 
 39 
 39 
 39 
 39 
 39 
 39 
 39 
 39 
 39 
 39 
 39 
 39 
 39 
 39 
 39 
 39 
 39 
 39 
 39 
 39 
 39 
 39 
 39 
 39 
 39 
 39 
 39 
 39 
 39 
 39 
 39 
 39 
 39 
 39 
 39 
 39 
 39 
 39 
 39 
 39 
 39 
 39 
 39 
 39 
 39 
 39 
 39 
 39 
 39 
 39 
 39 
 39 
 39 
 39 
 39 
 39 
 39 
 39 
 39 
 39 
 39 
 39 
 39 
 39 
 39 
 39 
 39 
 39 
 39 
 39 
 39 
 39 
 39 
 39 
 39 
 39 
 39 
 39 
 39 
 39 
 39 
 39 
 39 
 39 
 39 
 39 
 39 
 39 
 39 
 39 
 39 
 edgeUsage
1 1 0 
 1 1 0 
 1 1 0 
 1 1 0 
 1 1 0 
 1 1 0 
 1 1 0 
 1 1 0 
 1 1 0 
 1 1 0 
 1 1 0 
 1 1 0 
 0 0 1 
 1 1 0 
 1 1 0 
 1 1 0 
 1 1 0 
 1 1 0 
 1 1 0 
 1 1 0 
 0 0 1 
 1 1 0 
 0 0 1 
 1 1 0 
 1 1 0 
 1 1 0 
 0 0 1 
 1 1 0 
 0 0 1 
 1 1 0 
 1 1 0 
 1 1 0 
 0 0 1 
 1 1 0 
 0 0 1 
 0 0 1 
 1 1 0 
 1 1 0 
 1 1 0 
 1 1 0 
 0 0 1 
 1 1 0 
 0 0 1 
 0 0 1 
 0 0 1 
 1 1 0 
 0 0 1 
 0 0 1 
 1 1 0 
 1 1 0 
 1 1 0 
 1 1 0 
 0 0 1 
 0 0 1 
 1 1 0 
 1 0 0 
 1 1 1 
 0 0 0 
 0 0 1 
 1 1 0 
 1 1 0 
 0 1 1 
 0 0 0 
 0 1 1 
 0 1 0 
 0 0 1 
 1 1 0 
 1 1 1 
 0 0 0 
 EdgeNode 
1 6 47 48 
 6 5 49 50 
 2 8 51 52 
 8 7 53 54 
 7 9 55 56 
 9 10 57 58 
 10 1 59 60 
 3 12 61 62 
 12 11 63 64 
 11 13 65 66 
 13 14 67 68 
 14 2 69 70 
 4 16 71 72 
 16 15 73 74 
 15 17 75 76 
 17 18 77 78 
 18 3 79 80 
 5 19 81 82 
 19 20 83 84 
 20 21 85 86 
 21 4 87 88 
 10 22 89 90 
 1 22 91 92 
 6 22 93 94 
 22 23 95 96 
 10 23 97 98 
 8 24 99 100 
 14 24 101 102 
 2 24 103 104 
 16 25 105 106 
 21 25 107 108 
 4 25 109 110 
 12 26 111 112 
 18 26 113 114 
 3 26 115 116 
 5 27 117 118 
 19 27 119 120 
 6 27 121 122 
 7 28 123 124 
 9 28 125 126 
 8 28 127 128 
 24 28 129 130 
 11 29 131 132 
 13 29 133 134 
 14 29 135 136 
 20 30 137 138 
 21 30 139 140 
 25 30 141 142 
 15 31 143 144 
 17 31 145 146 
 28 32 147 148 
 23 32 149 150 
 11 33 151 152 
 29 33 153 154 
 26 33 155 156 
 12 33 157 158 
 19 34 159 160 
 27 34 161 162 
 30 34 163 164 
 20 34 165 166 
 15 35 167 168 
 31 35 169 170 
 25 35 171 172 
 16 35 173 174 
 17 36 175 176 
 31 36 177 178 
 26 36 179 180 
 33 36 181 182 
 18 36 183 184 
 23 37 185 186 
 32 37 187 188 
 27 37 189 190 
 25 39 191 192 
 35 39 193 194 
 30 39 195 196 
 27 40 197 198 
 37 40 199 200 
 34 40 201 202 
 32 41 203 204 
 37 41 205 206 
 40 41 207 208 
 38 41 209 210 
 31 42 211 212 
 36 42 213 214 
 38 42 215 216 
 39 42 217 218 
 29 43 219 220 
 33 43 221 222 
 38 43 223 224 
 42 43 225 226 
 36 43 227 228 
 34 44 229 230 
 40 44 231 232 
 30 44 233 234 
 39 44 235 236 
 38 44 237 238 
 42 44 239 240 
 24 45 241 242 
 28 45 243 244 
 32 45 245 246 
 41 45 247 248 
 38 45 249 250 
 43 46 251 252 
 45 46 253 254 
 29 46 255 256 
 24 46 257 258 
 22 27 259 260 
 37 22 261 262 
 14 46 263 264 
 9 23 265 266 
 39 31 267 268 
 38 40 269 270 
 38 46 271 272 
 32 9 273 274 
 bcElement 21
2 101 1 
11 101 1 
10 6 1 
24 6 1 
17 6 1 
7 6 1 
6 11 1 
28 11 1 
19 11 1 
31 11 1 
9 11 1 
8 16 1 
22 16 1 
15 16 1 
16 16 1 
4 16 1 
5 21 1 
14 21 1 
12 21 1 
61 21 1 
1 21 1 
