Edge min = 0.051183, max=0.152417, average=0.091145;
Grid_size 570
Node_size 316
Total_DOF 2656
edge_Size 885
maxDOF 10
Solution_Order
3 
 meshIEN 
62 2 45 
 62 14 2 
 45 63 62 
 63 45 44 
 69 37 4 
 69 4 16 
 74 1 8 
 74 60 1 
 75 41 5 
 75 5 22 
 77 12 11 
 78 11 13 
 11 78 77 
 66 85 84 
 86 30 32 
 89 31 30 
 89 30 86 
 101 7 9 
 9 104 101 
 104 9 10 
 106 21 23 
 109 73 107 
 38 109 107 
 109 38 40 
 110 44 46 
 111 3 12 
 111 12 77 
 64 112 78 
 112 77 78 
 13 113 78 
 113 64 78 
 113 13 14 
 114 43 49 
 65 115 79 
 116 50 51 
 114 117 115 
 117 79 115 
 118 80 91 
 247 65 92 
 119 17 18 
 120 66 84 
 81 120 84 
 121 29 35 
 66 122 85 
 124 35 34 
 35 124 121 
 124 82 121 
 82 124 122 
 125 77 112 
 83 129 126 
 129 3 111 
 129 111 126 
 16 130 69 
 130 16 15 
 131 15 17 
 131 81 84 
 15 131 130 
 131 84 130 
 131 17 119 
 81 131 119 
 132 34 36 
 34 132 124 
 132 85 122 
 132 122 124 
 133 37 69 
 133 69 130 
 133 36 37 
 36 133 132 
 133 85 132 
 32 134 86 
 134 32 33 
 80 135 247 
 136 80 118 
 80 136 135 
 136 87 135 
 88 138 94 
 139 67 137 
 88 139 137 
 140 88 137 
 88 140 138 
 141 42 54 
 142 71 99 
 143 54 53 
 90 143 142 
 54 143 141 
 143 90 141 
 65 144 92 
 144 65 79 
 144 79 116 
 145 68 92 
 68 145 90 
 145 92 144 
 68 146 92 
 80 146 91 
 146 80 247 
 92 146 247 
 147 27 28 
 148 93 96 
 67 149 89 
 150 70 95 
 150 88 94 
 88 150 139 
 150 95 139 
 70 151 95 
 95 151 149 
 151 70 148 
 96 151 148 
 93 152 96 
 152 28 19 
 28 152 147 
 152 93 147 
 153 31 89 
 96 153 151 
 153 19 31 
 153 89 149 
 153 149 151 
 154 93 148 
 155 25 27 
 156 91 98 
 156 61 118 
 91 156 118 
 157 61 156 
 91 158 98 
 158 68 99 
 68 158 146 
 158 91 146 
 71 159 99 
 159 98 158 
 99 159 158 
 160 55 56 
 161 71 142 
 162 53 55 
 53 162 143 
 162 55 160 
 100 162 160 
 163 8 7 
 163 7 101 
 8 163 74 
 100 167 161 
 103 168 165 
 169 101 104 
 10 170 104 
 170 10 6 
 171 60 74 
 171 74 163 
 59 171 105 
 171 59 60 
 172 22 21 
 172 21 106 
 22 172 75 
 173 39 38 
 173 38 107 
 174 106 108 
 175 24 20 
 176 41 75 
 176 75 172 
 40 176 109 
 176 40 41 
 177 47 43 
 177 43 114 
 48 178 117 
 178 48 50 
 178 79 117 
 178 50 116 
 79 178 116 
 181 67 179 
 67 181 137 
 123 182 180 
 183 66 120 
 183 120 127 
 184 81 119 
 120 184 127 
 81 184 120 
 18 189 119 
 189 18 3 
 189 3 129 
 119 189 184 
 118 190 136 
 190 138 140 
 190 61 138 
 61 190 118 
 87 190 140 
 190 87 136 
 51 191 116 
 191 51 42 
 191 42 141 
 192 70 150 
 94 192 150 
 142 194 161 
 194 142 143 
 194 143 162 
 100 194 162 
 194 100 161 
 101 195 163 
 163 195 171 
 72 195 169 
 195 101 169 
 195 72 105 
 195 105 171 
 196 58 57 
 196 57 102 
 196 52 58 
 201 71 161 
 201 161 167 
 56 202 160 
 202 56 52 
 103 203 168 
 168 203 202 
 100 203 167 
 203 100 160 
 203 160 202 
 204 72 169 
 106 205 172 
 172 205 176 
 73 205 174 
 205 106 174 
 205 73 109 
 205 109 176 
 6 206 170 
 206 6 39 
 206 39 173 
 207 47 177 
 86 208 179 
 208 86 134 
 208 134 182 
 123 208 182 
 208 123 179 
 82 209 180 
 209 82 122 
 210 137 181 
 210 87 140 
 137 210 140 
 179 211 181 
 123 211 179 
 212 29 121 
 212 33 29 
 83 213 129 
 213 127 184 
 129 213 189 
 213 184 189 
 214 114 115 
 114 215 177 
 215 114 214 
 185 215 214 
 216 83 126 
 125 216 126 
 83 217 213 
 87 218 135 
 218 87 210 
 219 135 218 
 187 219 218 
 220 187 218 
 210 220 218 
 221 128 185 
 222 76 110 
 222 110 207 
 223 64 76 
 223 76 222 
 188 223 222 
 224 128 188 
 128 224 185 
 185 224 215 
 128 225 188 
 225 186 216 
 188 225 223 
 141 226 191 
 144 226 145 
 226 90 145 
 90 226 141 
 226 116 191 
 116 226 144 
 227 97 154 
 227 154 192 
 227 192 193 
 228 94 157 
 73 229 107 
 230 197 229 
 73 230 229 
 230 73 174 
 233 198 232 
 103 233 232 
 233 103 165 
 164 233 165 
 234 103 232 
 103 234 203 
 234 167 203 
 169 239 204 
 240 104 170 
 240 200 239 
 164 241 204 
 241 72 204 
 102 241 165 
 241 164 165 
 72 241 105 
 241 102 105 
 242 200 240 
 170 242 240 
 242 170 206 
 122 243 209 
 243 66 183 
 66 243 122 
 123 244 211 
 244 123 180 
 187 245 219 
 185 245 221 
 245 185 214 
 247 135 219 
 248 181 211 
 210 248 220 
 181 248 210 
 250 64 223 
 125 250 216 
 112 250 125 
 64 250 112 
 216 250 225 
 250 223 225 
 207 251 222 
 177 251 207 
 188 251 224 
 251 188 222 
 251 177 215 
 251 215 224 
 157 252 228 
 156 252 157 
 253 107 229 
 107 253 173 
 166 254 231 
 254 200 242 
 255 198 233 
 255 204 239 
 256 167 234 
 167 256 201 
 257 166 235 
 198 258 232 
 260 20 26 
 20 260 175 
 260 26 259 
 236 260 259 
 166 261 235 
 261 166 231 
 197 262 231 
 193 263 227 
 264 97 227 
 264 227 263 
 237 264 263 
 174 266 230 
 266 108 238 
 108 266 174 
 180 268 244 
 268 180 209 
 214 269 245 
 115 269 214 
 269 65 247 
 65 269 115 
 270 127 246 
 127 270 183 
 211 271 248 
 271 211 244 
 217 272 246 
 217 273 272 
 186 273 217 
 275 249 274 
 187 275 274 
 275 187 220 
 193 276 263 
 276 193 228 
 277 98 159 
 156 277 252 
 98 277 156 
 206 278 242 
 242 278 254 
 278 173 253 
 173 278 206 
 234 279 256 
 280 97 264 
 280 236 259 
 155 280 259 
 97 280 155 
 281 175 260 
 236 281 260 
 108 281 238 
 281 108 175 
 198 282 258 
 282 198 235 
 199 283 265 
 283 236 280 
 284 199 265 
 199 284 267 
 284 262 267 
 285 230 266 
 262 285 267 
 285 238 267 
 238 285 266 
 197 285 262 
 285 197 230 
 209 286 268 
 286 209 243 
 249 287 272 
 287 246 272 
 246 287 270 
 244 288 271 
 288 244 268 
 186 289 273 
 289 128 221 
 128 289 225 
 289 186 225 
 249 290 274 
 290 273 289 
 221 290 289 
 290 221 274 
 291 248 271 
 220 291 275 
 291 220 248 
 292 237 263 
 292 263 276 
 228 293 276 
 293 228 252 
 294 197 231 
 253 294 278 
 229 294 253 
 294 231 254 
 294 254 278 
 295 258 282 
 258 295 279 
 199 296 283 
 296 238 281 
 296 199 267 
 238 296 267 
 296 236 283 
 236 296 281 
 297 262 284 
 262 297 261 
 243 298 286 
 299 286 298 
 270 299 298 
 299 270 287 
 271 300 291 
 300 271 288 
 249 301 287 
 301 291 300 
 301 249 275 
 301 275 291 
 287 301 299 
 237 302 265 
 302 237 292 
 303 201 256 
 252 304 293 
 304 252 277 
 305 276 293 
 312 305 304 
 305 293 304 
 307 261 297 
 268 308 288 
 288 308 300 
 308 268 286 
 308 286 299 
 308 299 301 
 300 308 301 
 309 279 295 
 256 309 303 
 309 256 279 
 310 201 303 
 310 71 201 
 71 310 159 
 310 312 304 
 312 310 303 
 284 311 297 
 265 311 284 
 311 265 302 
 292 313 302 
 313 305 312 
 306 313 312 
 306 314 311 
 314 297 311 
 297 314 307 
 315 303 309 
 315 312 303 
 306 315 314 
 315 306 312 
 282 316 295 
 316 314 315 
 316 282 307 
 316 307 314 
 309 316 315 
 295 316 309 
 113 62 63 
 62 113 14 
 117 49 48 
 179 89 86 
 89 179 67 
 138 157 94 
 157 138 61 
 149 139 95 
 139 149 67 
 152 153 96 
 153 152 19 
 155 147 97 
 147 155 27 
 102 59 105 
 59 102 57 
 175 23 24 
 106 175 108 
 175 106 23 
 46 207 110 
 207 46 47 
 111 125 126 
 125 111 77 
 130 85 133 
 85 130 84 
 99 90 142 
 90 99 68 
 259 25 155 
 25 259 26 
 202 196 168 
 196 202 52 
 82 212 121 
 134 212 182 
 212 134 33 
 154 70 192 
 70 154 148 
 102 168 196 
 168 102 165 
 246 213 217 
 213 246 127 
 83 186 217 
 186 83 216 
 193 94 228 
 94 193 192 
 294 229 197 
 164 255 233 
 255 164 204 
 219 269 247 
 269 219 245 
 239 257 255 
 257 239 200 
 200 166 257 
 166 200 254 
 279 232 258 
 232 279 234 
 231 262 261 
 298 183 270 
 183 298 243 
 290 272 273 
 272 290 249 
 283 237 265 
 235 307 282 
 307 235 261 
 277 310 304 
 310 277 159 
 292 305 313 
 305 292 276 
 306 302 313 
 302 306 311 
 97 93 154 
 93 97 147 
 63 110 76 
 110 63 44 
 117 114 49 
 245 274 221 
 274 245 187 
 169 240 239 
 240 169 104 
 257 198 255 
 198 257 235 
 264 283 280 
 283 264 237 
 113 76 64 
 76 113 63 
 212 180 182 
 180 212 82 
 solutionIEN 
62 2 45 439 440 398 397 442 441 2087 
 62 14 2 437 438 336 335 440 439 2088 
 45 63 62 446 445 447 448 441 442 2089 
 63 45 44 445 446 400 399 444 443 2090 
 69 37 4 449 450 386 385 452 451 2091 
 69 4 16 451 452 338 337 454 453 2092 
 74 1 8 455 456 318 317 458 457 2093 
 74 60 1 459 460 436 435 456 455 2094 
 75 41 5 461 462 396 395 464 463 2095 
 75 5 22 463 464 348 347 466 465 2096 
 77 12 11 471 472 330 329 474 473 2097 
 78 11 13 475 476 332 331 478 477 2098 
 11 78 77 476 475 479 480 473 474 2099 
 66 85 84 490 489 491 492 485 486 2100 
 86 30 32 495 496 372 371 494 493 2101 
 89 31 30 501 502 370 369 504 503 2102 
 89 30 86 503 504 496 495 500 499 2103 
 101 7 9 527 528 322 321 526 525 2104 
 9 104 101 536 535 531 532 525 526 2105 
 104 9 10 535 536 324 323 534 533 2106 
 106 21 23 545 546 352 351 544 543 2107 
 109 73 107 553 554 550 549 556 555 2108 
 38 109 107 560 559 555 556 547 548 2109 
 109 38 40 559 560 392 391 558 557 2110 
 110 44 46 563 564 402 401 562 561 2111 
 111 3 12 567 568 328 327 570 569 2112 
 111 12 77 569 570 472 471 572 571 2113 
 64 112 78 574 573 575 576 481 482 2114 
 112 77 78 577 578 480 479 576 575 2115 
 13 113 78 580 579 581 582 477 478 2116 
 113 64 78 585 586 482 481 582 581 2117 
 113 13 14 579 580 334 333 588 587 2118 
 114 43 49 589 590 408 407 592 591 2119 
 65 115 79 594 593 595 596 483 484 2120 
 116 50 51 599 600 414 413 604 603 2121 
 114 117 115 2074 2073 607 608 597 598 2122 
 117 79 115 609 610 596 595 608 607 2123 
 118 80 91 611 612 508 507 616 615 2124 
 247 65 92 1475 1476 510 509 620 619 2125 
 119 17 18 621 622 344 343 626 625 2126 
 120 66 84 627 628 486 485 632 631 2127 
 81 120 84 630 629 631 632 487 488 2128 
 121 29 35 633 634 378 377 636 635 2129 
 66 122 85 640 639 641 642 489 490 2130 
 124 35 34 645 646 380 379 648 647 2131 
 35 124 121 646 645 649 650 635 636 2132 
 124 82 121 651 652 638 637 650 649 2133 
 82 124 122 652 651 653 654 643 644 2134 
 125 77 112 657 658 578 577 656 655 2135 
 83 129 126 668 667 669 670 663 664 2136 
 129 3 111 671 672 568 567 674 673 2137 
 129 111 126 673 674 660 659 670 669 2138 
 16 130 69 676 675 677 678 453 454 2139 
 130 16 15 675 676 340 339 680 679 2140 
 131 15 17 683 684 342 341 686 685 2141 
 131 81 84 687 688 488 487 690 689 2142 
 15 131 130 684 683 691 692 679 680 2143 
 131 84 130 689 690 682 681 692 691 2144 
 131 17 119 685 686 622 621 694 693 2145 
 81 131 119 688 687 693 694 623 624 2146 
 132 34 36 695 696 382 381 698 697 2147 
 34 132 124 696 695 701 702 647 648 2148 
 132 85 122 699 700 642 641 704 703 2149 
 132 122 124 703 704 654 653 702 701 2150 
 133 37 69 705 706 450 449 708 707 2151 
 133 69 130 707 708 678 677 710 709 2152 
 133 36 37 711 712 384 383 706 705 2153 
 36 133 132 712 711 715 716 697 698 2154 
 133 85 132 713 714 700 699 716 715 2155 
 32 134 86 718 717 719 720 493 494 2156 
 134 32 33 717 718 374 373 722 721 2157 
 80 135 247 726 725 1472 1471 617 618 2158 
 136 80 118 727 728 612 611 730 729 2159 
 80 136 135 728 727 731 732 725 726 2160 
 136 87 135 733 734 724 723 732 731 2161 
 88 138 94 744 743 741 742 513 514 2162 
 139 67 137 745 746 736 735 752 751 2163 
 88 139 137 750 749 751 752 737 738 2164 
 140 88 137 757 758 738 737 756 755 2165 
 88 140 138 758 757 759 760 743 744 2166 
 141 42 54 761 762 418 417 764 763 2167 
 142 71 99 767 768 524 523 770 769 2168 
 143 54 53 773 774 420 419 776 775 2169 
 90 143 142 778 777 779 780 771 772 2170 
 54 143 141 774 773 781 782 763 764 2171 
 143 90 141 777 778 766 765 782 781 2172 
 65 144 92 784 783 785 786 509 510 2173 
 144 65 79 783 784 484 483 788 787 2174 
 144 79 116 787 788 602 601 790 789 2175 
 145 68 92 791 792 512 511 794 793 2176 
 68 145 90 792 791 795 796 505 506 2177 
 145 92 144 793 794 786 785 798 797 2178 
 68 146 92 800 799 801 802 511 512 2179 
 80 146 91 806 805 803 804 507 508 2180 
 146 80 247 805 806 618 617 808 807 2181 
 92 146 247 802 801 807 808 619 620 2182 
 147 27 28 809 810 364 363 812 811 2183 
 148 93 96 821 822 518 517 820 819 2184 
 67 149 89 824 823 827 828 497 498 2185 
 150 70 95 829 830 516 515 832 831 2186 
 150 88 94 835 836 514 513 834 833 2187 
 88 150 139 836 835 837 838 749 750 2188 
 150 95 139 831 832 748 747 838 837 2189 
 70 151 95 840 839 841 842 515 516 2190 
 95 151 149 842 841 843 844 825 826 2191 
 151 70 148 839 840 818 817 846 845 2192 
 96 151 148 848 847 845 846 819 820 2193 
 93 152 96 850 849 851 852 517 518 2194 
 152 28 19 853 854 366 365 856 855 2195 
 28 152 147 854 853 857 858 811 812 2196 
 152 93 147 849 850 814 813 858 857 2197 
 153 31 89 859 860 502 501 862 861 2198 
 96 153 151 864 863 865 866 847 848 2199 
 153 19 31 867 868 368 367 860 859 2200 
 153 89 149 861 862 828 827 870 869 2201 
 153 149 151 869 870 844 843 866 865 2202 
 154 93 148 875 876 822 821 872 871 2203 
 155 25 27 877 878 362 361 882 881 2204 
 156 91 98 883 884 520 519 886 885 2205 
 156 61 118 887 888 614 613 890 889 2206 
 91 156 118 884 883 889 890 615 616 2207 
 157 61 156 895 896 888 887 894 893 2208 
 91 158 98 898 897 899 900 519 520 2209 
 158 68 99 901 902 522 521 904 903 2210 
 68 158 146 902 901 905 906 799 800 2211 
 158 91 146 897 898 804 803 906 905 2212 
 71 159 99 908 907 909 910 523 524 2213 
 159 98 158 911 912 900 899 914 913 2214 
 99 159 158 910 909 913 914 903 904 2215 
 160 55 56 917 918 424 423 916 915 2216 
 161 71 142 921 922 768 767 926 925 2217 
 162 53 55 927 928 422 421 930 929 2218 
 53 162 143 928 927 931 932 775 776 2219 
 162 55 160 929 930 918 917 934 933 2220 
 100 162 160 936 935 933 934 919 920 2221 
 163 8 7 937 938 320 319 940 939 2222 
 163 7 101 939 940 528 527 942 941 2223 
 8 163 74 938 937 943 944 457 458 2224 
 100 167 161 954 953 951 952 923 924 2225 
 103 168 165 956 955 957 958 949 950 2226 
 169 101 104 961 962 532 531 964 963 2227 
 10 170 104 966 965 967 968 533 534 2228 
 170 10 6 965 966 326 325 970 969 2229 
 171 60 74 971 972 460 459 974 973 2230 
 171 74 163 973 974 944 943 976 975 2231 
 59 171 105 978 977 979 980 541 542 2232 
 171 59 60 977 978 434 433 972 971 2233 
 172 22 21 981 982 350 349 984 983 2234 
 172 21 106 983 984 546 545 986 985 2235 
 22 172 75 982 981 987 988 465 466 2236 
 173 39 38 989 990 390 389 992 991 2237 
 173 38 107 991 992 548 547 994 993 2238 
 174 106 108 997 998 552 551 1000 999 2239 
 175 24 20 1001 1002 356 355 1006 1005 2240 
 176 41 75 1007 1008 462 461 1010 1009 2241 
 176 75 172 1009 1010 988 987 1012 1011 2242 
 40 176 109 1014 1013 1015 1016 557 558 2243 
 176 40 41 1013 1014 394 393 1008 1007 2244 
 177 47 43 1017 1018 406 405 1020 1019 2245 
 177 43 114 1019 1020 590 589 1022 1021 2246 
 48 178 117 1024 1023 1025 1026 605 606 2247 
 178 48 50 1023 1024 412 411 1028 1027 2248 
 178 79 117 1029 1030 610 609 1026 1025 2249 
 178 50 116 1027 1028 600 599 1032 1031 2250 
 79 178 116 1030 1029 1031 1032 601 602 2251 
 181 67 179 1047 1048 1034 1033 1046 1045 2252 
 67 181 137 1048 1047 1043 1044 735 736 2253 
 123 182 180 1052 1051 1053 1054 1041 1042 2254 
 183 66 120 1055 1056 628 627 1058 1057 2255 
 183 120 127 1057 1058 666 665 1060 1059 2256 
 184 81 119 1061 1062 624 623 1064 1063 2257 
 120 184 127 1066 1065 1067 1068 665 666 2258 
 81 184 120 1062 1061 1065 1066 629 630 2259 
 18 189 119 1074 1073 1075 1076 625 626 2260 
 189 18 3 1073 1074 346 345 1078 1077 2261 
 189 3 129 1077 1078 672 671 1080 1079 2262 
 119 189 184 1076 1075 1081 1082 1063 1064 2263 
 118 190 136 1084 1083 1085 1086 729 730 2264 
 190 138 140 1087 1088 760 759 1090 1089 2265 
 190 61 138 1091 1092 740 739 1088 1087 2266 
 61 190 118 1092 1091 1083 1084 613 614 2267 
 87 190 140 1094 1093 1089 1090 753 754 2268 
 190 87 136 1093 1094 734 733 1086 1085 2269 
 51 191 116 1096 1095 1097 1098 603 604 2270 
 191 51 42 1095 1096 416 415 1100 1099 2271 
 191 42 141 1099 1100 762 761 1102 1101 2272 
 192 70 150 1107 1108 830 829 1110 1109 2273 
 94 192 150 1104 1103 1109 1110 833 834 2274 
 142 194 161 1114 1113 1115 1116 925 926 2275 
 194 142 143 1113 1114 780 779 1118 1117 2276 
 194 143 162 1117 1118 932 931 1120 1119 2277 
 100 194 162 1122 1121 1119 1120 935 936 2278 
 194 100 161 1121 1122 924 923 1116 1115 2279 
 101 195 163 1124 1123 1125 1126 941 942 2280 
 163 195 171 1126 1125 1127 1128 975 976 2281 
 72 195 169 1130 1129 1131 1132 959 960 2282 
 195 101 169 1123 1124 962 961 1132 1131 2283 
 195 72 105 1129 1130 538 537 1134 1133 2284 
 195 105 171 1133 1134 980 979 1128 1127 2285 
 196 58 57 1139 1140 430 429 1142 1141 2286 
 196 57 102 1141 1142 530 529 1136 1135 2287 
 196 52 58 1143 1144 428 427 1140 1139 2288 
 201 71 161 1145 1146 922 921 1150 1149 2289 
 201 161 167 1149 1150 952 951 1148 1147 2290 
 56 202 160 1152 1151 1153 1154 915 916 2291 
 202 56 52 1151 1152 426 425 1156 1155 2292 
 103 203 168 1160 1159 1161 1162 955 956 2293 
 168 203 202 1162 1161 1165 1166 1157 1158 2294 
 100 203 167 1168 1167 1163 1164 953 954 2295 
 203 100 160 1167 1168 920 919 1170 1169 2296 
 203 160 202 1169 1170 1154 1153 1166 1165 2297 
 204 72 169 1171 1172 960 959 1174 1173 2298 
 106 205 172 1178 1177 1179 1180 985 986 2299 
 172 205 176 1180 1179 1181 1182 1011 1012 2300 
 73 205 174 1184 1183 1185 1186 995 996 2301 
 205 106 174 1177 1178 998 997 1186 1185 2302 
 205 73 109 1183 1184 554 553 1188 1187 2303 
 205 109 176 1187 1188 1016 1015 1182 1181 2304 
 6 206 170 1190 1189 1191 1192 969 970 2305 
 206 6 39 1189 1190 388 387 1196 1195 2306 
 206 39 173 1195 1196 990 989 1194 1193 2307 
 207 47 177 1197 1198 1018 1017 1200 1199 2308 
 86 208 179 1204 1203 1205 1206 1035 1036 2309 
 208 86 134 1203 1204 720 719 1208 1207 2310 
 208 134 182 1207 1208 1050 1049 1210 1209 2311 
 123 208 182 1212 1211 1209 1210 1051 1052 2312 
 208 123 179 1211 1212 1038 1037 1206 1205 2313 
 82 209 180 1214 1213 1215 1216 1039 1040 2314 
 209 82 122 1213 1214 644 643 1218 1217 2315 
 210 137 181 1219 1220 1044 1043 1222 1221 2316 
 210 87 140 1223 1224 754 753 1226 1225 2317 
 137 210 140 1220 1219 1225 1226 755 756 2318 
 179 211 181 1228 1227 1229 1230 1045 1046 2319 
 123 211 179 1232 1231 1227 1228 1037 1038 2320 
 212 29 121 1233 1234 634 633 1236 1235 2321 
 212 33 29 1239 1240 376 375 1234 1233 2322 
 83 213 129 1242 1241 1243 1244 667 668 2323 
 213 127 184 1245 1246 1068 1067 1248 1247 2324 
 129 213 189 1244 1243 1249 1250 1079 1080 2325 
 213 184 189 1247 1248 1082 1081 1250 1249 2326 
 214 114 115 1251 1252 598 597 1256 1255 2327 
 114 215 177 1258 1257 1259 1260 1021 1022 2328 
 215 114 214 1257 1258 1252 1251 1262 1261 2329 
 185 215 214 1264 1263 1261 1262 1253 1254 2330 
 216 83 126 1265 1266 664 663 1272 1271 2331 
 125 216 126 1270 1269 1271 1272 661 662 2332 
 83 217 213 1274 1273 1277 1278 1241 1242 2333 
 87 218 135 1284 1283 1279 1280 723 724 2334 
 218 87 210 1283 1284 1224 1223 1286 1285 2335 
 219 135 218 1287 1288 1280 1279 1290 1289 2336 
 187 219 218 1292 1291 1289 1290 1281 1282 2337 
 220 187 218 1293 1294 1282 1281 1296 1295 2338 
 210 220 218 1298 1297 1295 1296 1285 1286 2339 
 221 128 185 1299 1300 1070 1069 1302 1301 2340 
 222 76 110 1303 1304 566 565 1308 1307 2341 
 222 110 207 1307 1308 1202 1201 1310 1309 2342 
 223 64 76 1311 1312 470 469 1314 1313 2343 
 223 76 222 1313 1314 1304 1303 1316 1315 2344 
 188 223 222 1318 1317 1315 1316 1305 1306 2345 
 224 128 188 1319 1320 1072 1071 1322 1321 2346 
 128 224 185 1320 1319 1323 1324 1069 1070 2347 
 185 224 215 1324 1323 1325 1326 1263 1264 2348 
 128 225 188 1328 1327 1329 1330 1071 1072 2349 
 225 186 216 1331 1332 1268 1267 1334 1333 2350 
 188 225 223 1330 1329 1335 1336 1317 1318 2351 
 141 226 191 1338 1337 1339 1340 1101 1102 2352 
 144 226 145 1342 1341 1343 1344 797 798 2353 
 226 90 145 1345 1346 796 795 1344 1343 2354 
 90 226 141 1346 1345 1337 1338 765 766 2355 
 226 116 191 1347 1348 1098 1097 1340 1339 2356 
 116 226 144 1348 1347 1341 1342 789 790 2357 
 227 97 154 1349 1350 874 873 1352 1351 2358 
 227 154 192 1351 1352 1106 1105 1356 1355 2359 
 227 192 193 1355 1356 1112 1111 1354 1353 2360 
 228 94 157 1357 1358 892 891 1360 1359 2361 
 73 229 107 1368 1367 1365 1366 549 550 2362 
 230 197 229 1369 1370 1364 1363 1372 1371 2363 
 73 230 229 1376 1375 1371 1372 1367 1368 2364 
 230 73 174 1375 1376 996 995 1374 1373 2365 
 233 198 232 1387 1388 1384 1383 1390 1389 2366 
 103 233 232 1392 1391 1389 1390 1381 1382 2367 
 233 103 165 1391 1392 950 949 1394 1393 2368 
 164 233 165 1386 1385 1393 1394 947 948 2369 
 234 103 232 1399 1400 1382 1381 1398 1397 2370 
 103 234 203 1400 1399 1401 1402 1159 1160 2371 
 234 167 203 1395 1396 1164 1163 1402 1401 2372 
 169 239 204 1412 1411 1413 1414 1173 1174 2373 
 240 104 170 1415 1416 968 967 1418 1417 2374 
 240 200 239 1419 1420 1410 1409 1422 1421 2375 
 164 241 204 1424 1423 1425 1426 1175 1176 2376 
 241 72 204 1427 1428 1172 1171 1426 1425 2377 
 102 241 165 1430 1429 1431 1432 945 946 2378 
 241 164 165 1423 1424 948 947 1432 1431 2379 
 72 241 105 1428 1427 1433 1434 537 538 2380 
 241 102 105 1429 1430 540 539 1434 1433 2381 
 242 200 240 1435 1436 1420 1419 1438 1437 2382 
 170 242 240 1442 1441 1437 1438 1417 1418 2383 
 242 170 206 1441 1442 1192 1191 1440 1439 2384 
 122 243 209 1444 1443 1445 1446 1217 1218 2385 
 243 66 183 1447 1448 1056 1055 1450 1449 2386 
 66 243 122 1448 1447 1443 1444 639 640 2387 
 123 244 211 1452 1451 1453 1454 1231 1232 2388 
 244 123 180 1451 1452 1042 1041 1456 1455 2389 
 187 245 219 1458 1457 1459 1460 1291 1292 2390 
 185 245 221 1466 1465 1461 1462 1301 1302 2391 
 245 185 214 1465 1466 1254 1253 1464 1463 2392 
 247 135 219 1471 1472 1288 1287 1474 1473 2393 
 248 181 211 1477 1478 1230 1229 1480 1479 2394 
 210 248 220 1482 1481 1483 1484 1297 1298 2395 
 181 248 210 1478 1477 1481 1482 1221 1222 2396 
 250 64 223 1485 1486 1312 1311 1488 1487 2397 
 125 250 216 1490 1489 1491 1492 1269 1270 2398 
 112 250 125 1494 1493 1489 1490 655 656 2399 
 64 250 112 1486 1485 1493 1494 573 574 2400 
 216 250 225 1492 1491 1495 1496 1333 1334 2401 
 250 223 225 1487 1488 1336 1335 1496 1495 2402 
 207 251 222 1498 1497 1499 1500 1309 1310 2403 
 177 251 207 1502 1501 1497 1498 1199 1200 2404 
 188 251 224 1504 1503 1505 1506 1321 1322 2405 
 251 188 222 1503 1504 1306 1305 1500 1499 2406 
 251 177 215 1501 1502 1260 1259 1508 1507 2407 
 251 215 224 1507 1508 1326 1325 1506 1505 2408 
 157 252 228 1510 1509 1511 1512 1359 1360 2409 
 156 252 157 1514 1513 1509 1510 893 894 2410 
 253 107 229 1515 1516 1366 1365 1518 1517 2411 
 107 253 173 1516 1515 1519 1520 993 994 2412 
 166 254 231 1522 1521 1523 1524 1377 1378 2413 
 254 200 242 1525 1526 1436 1435 1528 1527 2414 
 255 198 233 1531 1532 1388 1387 1534 1533 2415 
 255 204 239 1535 1536 1414 1413 1530 1529 2416 
 256 167 234 1537 1538 1396 1395 1540 1539 2417 
 167 256 201 1538 1537 1541 1542 1147 1148 2418 
 257 166 235 1549 1550 1404 1403 1548 1547 2419 
 198 258 232 1552 1551 1553 1554 1383 1384 2420 
 260 20 26 1561 1562 358 357 1564 1563 2421 
 20 260 175 1562 1561 1565 1566 1005 1006 2422 
 260 26 259 1563 1564 1556 1555 1568 1567 2423 
 236 260 259 1570 1569 1567 1568 1557 1558 2424 
 166 261 235 1572 1571 1573 1574 1403 1404 2425 
 261 166 231 1571 1572 1378 1377 1576 1575 2426 
 197 262 231 1580 1579 1581 1582 1379 1380 2427 
 193 263 227 1588 1587 1583 1584 1353 1354 2428 
 264 97 227 1589 1590 1350 1349 1592 1591 2429 
 264 227 263 1591 1592 1584 1583 1594 1593 2430 
 237 264 263 1596 1595 1593 1594 1585 1586 2431 
 174 266 230 1602 1601 1603 1604 1373 1374 2432 
 266 108 238 1605 1606 1408 1407 1608 1607 2433 
 108 266 174 1606 1605 1601 1602 999 1000 2434 
 180 268 244 1616 1615 1617 1618 1455 1456 2435 
 268 180 209 1615 1616 1216 1215 1620 1619 2436 
 214 269 245 1622 1621 1623 1624 1463 1464 2437 
 115 269 214 1626 1625 1621 1622 1255 1256 2438 
 269 65 247 1629 1630 1476 1475 1628 1627 2439 
 65 269 115 1630 1629 1625 1626 593 594 2440 
 270 127 246 1635 1636 1468 1467 1634 1633 2441 
 127 270 183 1636 1635 1631 1632 1059 1060 2442 
 211 271 248 1638 1637 1639 1640 1479 1480 2443 
 271 211 244 1637 1638 1454 1453 1642 1641 2444 
 217 272 246 1644 1643 1645 1646 1469 1470 2445 
 217 273 272 1654 1653 1651 1652 1643 1644 2446 
 186 273 217 1650 1649 1653 1654 1275 1276 2447 
 275 249 274 1663 1664 1660 1659 1666 1665 2448 
 187 275 274 1668 1667 1665 1666 1655 1656 2449 
 275 187 220 1667 1668 1294 1293 1662 1661 2450 
 193 276 263 1674 1673 1669 1670 1587 1588 2451 
 276 193 228 1673 1674 1362 1361 1672 1671 2452 
 277 98 159 1675 1676 912 911 1678 1677 2453 
 156 277 252 1682 1681 1679 1680 1513 1514 2454 
 98 277 156 1676 1675 1681 1682 885 886 2455 
 206 278 242 1684 1683 1685 1686 1439 1440 2456 
 242 278 254 1686 1685 1687 1688 1527 1528 2457 
 278 173 253 1689 1690 1520 1519 1692 1691 2458 
 173 278 206 1690 1689 1683 1684 1193 1194 2459 
 234 279 256 1694 1693 1697 1698 1539 1540 2460 
 280 97 264 1701 1702 1590 1589 1700 1699 2461 
 280 236 259 1703 1704 1558 1557 1706 1705 2462 
 155 280 259 1708 1707 1705 1706 1559 1560 2463 
 97 280 155 1702 1701 1707 1708 879 880 2464 
 281 175 260 1709 1710 1566 1565 1712 1711 2465 
 236 281 260 1714 1713 1711 1712 1569 1570 2466 
 108 281 238 1716 1715 1717 1718 1407 1408 2467 
 281 108 175 1715 1716 1004 1003 1710 1709 2468 
 198 282 258 1724 1723 1721 1722 1551 1552 2469 
 282 198 235 1723 1724 1406 1405 1720 1719 2470 
 199 283 265 1726 1725 1727 1728 1597 1598 2471 
 283 236 280 1729 1730 1704 1703 1732 1731 2472 
 284 199 265 1733 1734 1598 1597 1736 1735 2473 
 199 284 267 1734 1733 1737 1738 1609 1610 2474 
 284 262 267 1739 1740 1614 1613 1738 1737 2475 
 285 230 266 1741 1742 1604 1603 1744 1743 2476 
 262 285 267 1746 1745 1747 1748 1613 1614 2477 
 285 238 267 1749 1750 1612 1611 1748 1747 2478 
 238 285 266 1750 1749 1743 1744 1607 1608 2479 
 197 285 262 1752 1751 1745 1746 1579 1580 2480 
 285 197 230 1751 1752 1370 1369 1742 1741 2481 
 209 286 268 1754 1753 1755 1756 1619 1620 2482 
 286 209 243 1753 1754 1446 1445 1758 1757 2483 
 249 287 272 1760 1759 1761 1762 1647 1648 2484 
 287 246 272 1765 1766 1646 1645 1762 1761 2485 
 246 287 270 1766 1765 1763 1764 1633 1634 2486 
 244 288 271 1768 1767 1769 1770 1641 1642 2487 
 288 244 268 1767 1768 1618 1617 1772 1771 2488 
 186 289 273 1774 1773 1775 1776 1649 1650 2489 
 289 128 221 1777 1778 1300 1299 1780 1779 2490 
 128 289 225 1778 1777 1781 1782 1327 1328 2491 
 289 186 225 1773 1774 1332 1331 1782 1781 2492 
 249 290 274 1784 1783 1785 1786 1659 1660 2493 
 290 273 289 1787 1788 1776 1775 1790 1789 2494 
 221 290 289 1792 1791 1789 1790 1779 1780 2495 
 290 221 274 1791 1792 1658 1657 1786 1785 2496 
 291 248 271 1793 1794 1640 1639 1796 1795 2497 
 220 291 275 1798 1797 1799 1800 1661 1662 2498 
 291 220 248 1797 1798 1484 1483 1794 1793 2499 
 292 237 263 1801 1802 1586 1585 1804 1803 2500 
 292 263 276 1803 1804 1670 1669 1806 1805 2501 
 228 293 276 1808 1807 1809 1810 1671 1672 2502 
 293 228 252 1807 1808 1512 1511 1812 1811 2503 
 294 197 231 1813 1814 1380 1379 1818 1817 2504 
 253 294 278 1820 1819 1821 1822 1691 1692 2505 
 229 294 253 1816 1815 1819 1820 1517 1518 2506 
 294 231 254 1817 1818 1524 1523 1824 1823 2507 
 294 254 278 1823 1824 1688 1687 1822 1821 2508 
 295 258 282 1825 1826 1722 1721 1828 1827 2509 
 258 295 279 1826 1825 1829 1830 1695 1696 2510 
 199 296 283 1832 1831 1833 1834 1725 1726 2511 
 296 238 281 1835 1836 1718 1717 1838 1837 2512 
 296 199 267 1831 1832 1610 1609 1840 1839 2513 
 238 296 267 1836 1835 1839 1840 1611 1612 2514 
 296 236 283 1841 1842 1730 1729 1834 1833 2515 
 236 296 281 1842 1841 1837 1838 1713 1714 2516 
 297 262 284 1845 1846 1740 1739 1848 1847 2517 
 262 297 261 1846 1845 1843 1844 1577 1578 2518 
 243 298 286 1850 1849 1851 1852 1757 1758 2519 
 299 286 298 1855 1856 1852 1851 1858 1857 2520 
 270 299 298 1862 1861 1857 1858 1853 1854 2521 
 299 270 287 1861 1862 1764 1763 1860 1859 2522 
 271 300 291 1864 1863 1865 1866 1795 1796 2523 
 300 271 288 1863 1864 1770 1769 1868 1867 2524 
 249 301 287 1870 1869 1871 1872 1759 1760 2525 
 301 291 300 1873 1874 1866 1865 1876 1875 2526 
 301 249 275 1869 1870 1664 1663 1878 1877 2527 
 301 275 291 1877 1878 1800 1799 1874 1873 2528 
 287 301 299 1872 1871 1879 1880 1859 1860 2529 
 237 302 265 1884 1883 1881 1882 1599 1600 2530 
 302 237 292 1883 1884 1802 1801 1886 1885 2531 
 303 201 256 1889 1890 1542 1541 1888 1887 2532 
 252 304 293 1900 1899 1897 1898 1811 1812 2533 
 304 252 277 1899 1900 1680 1679 1894 1893 2534 
 305 276 293 1901 1902 1810 1809 1904 1903 2535 
 312 305 304 1955 1956 1905 1906 1895 1896 2536 
 305 293 304 1903 1904 1898 1897 1906 1905 2537 
 307 261 297 1907 1908 1844 1843 1910 1909 2538 
 268 308 288 1914 1913 1915 1916 1771 1772 2539 
 288 308 300 1916 1915 1917 1918 1867 1868 2540 
 308 268 286 1913 1914 1756 1755 1920 1919 2541 
 308 286 299 1919 1920 1856 1855 1922 1921 2542 
 308 299 301 1921 1922 1880 1879 1924 1923 2543 
 300 308 301 1918 1917 1923 1924 1875 1876 2544 
 309 279 295 1925 1926 1830 1829 1928 1927 2545 
 256 309 303 1930 1929 1931 1932 1887 1888 2546 
 309 256 279 1929 1930 1698 1697 1926 1925 2547 
 310 201 303 1937 1938 1890 1889 1940 1939 2548 
 310 71 201 1941 1942 1146 1145 1938 1937 2549 
 71 310 159 1942 1941 1933 1934 907 908 2550 
 310 312 304 1943 1944 1896 1895 1936 1935 2551 
 312 310 303 1944 1943 1939 1940 1891 1892 2552 
 284 311 297 1946 1945 1947 1948 1847 1848 2553 
 265 311 284 1950 1949 1945 1946 1735 1736 2554 
 311 265 302 1949 1950 1882 1881 1954 1953 2555 
 292 313 302 1960 1959 1961 1962 1885 1886 2556 
 313 305 312 1963 1964 1956 1955 1966 1965 2557 
 306 313 312 1968 1967 1965 1966 1957 1958 2558 
 306 314 311 1970 1969 1971 1972 1951 1952 2559 
 314 297 311 1973 1974 1948 1947 1972 1971 2560 
 297 314 307 1974 1973 1975 1976 1909 1910 2561 
 315 303 309 1977 1978 1932 1931 1980 1979 2562 
 315 312 303 1981 1982 1892 1891 1978 1977 2563 
 306 315 314 1986 1985 1983 1984 1969 1970 2564 
 315 306 312 1985 1986 1958 1957 1982 1981 2565 
 282 316 295 1988 1987 1989 1990 1827 1828 2566 
 316 314 315 1991 1992 1984 1983 1994 1993 2567 
 316 282 307 1987 1988 1912 1911 1996 1995 2568 
 316 307 314 1995 1996 1976 1975 1992 1991 2569 
 309 316 315 1998 1997 1993 1994 1979 1980 2570 
 295 316 309 1990 1989 1997 1998 1927 1928 2571 
 113 62 63 2000 1999 448 447 584 583 2572 
 62 113 14 1999 2000 587 588 438 437 2573 
 117 49 48 2001 2002 410 409 606 605 2574 
 179 89 86 2004 2003 499 500 1036 1035 2575 
 89 179 67 2003 2004 1033 1034 498 497 2576 
 138 157 94 2006 2005 891 892 742 741 2577 
 157 138 61 2005 2006 739 740 896 895 2578 
 149 139 95 2008 2007 747 748 826 825 2579 
 139 149 67 2007 2008 823 824 746 745 2580 
 152 153 96 2010 2009 863 864 852 851 2581 
 153 152 19 2009 2010 855 856 868 867 2582 
 155 147 97 2012 2011 815 816 880 879 2583 
 147 155 27 2011 2012 881 882 810 809 2584 
 102 59 105 2014 2013 542 541 539 540 2585 
 59 102 57 2013 2014 529 530 432 431 2586 
 175 23 24 2015 2016 354 353 1002 1001 2587 
 106 175 108 2018 2017 1003 1004 551 552 2588 
 175 106 23 2017 2018 543 544 2016 2015 2589 
 46 207 110 2020 2019 1201 1202 561 562 2590 
 207 46 47 2019 2020 404 403 1198 1197 2591 
 111 125 126 2022 2021 662 661 659 660 2592 
 125 111 77 2021 2022 571 572 658 657 2593 
 130 85 133 2024 2023 714 713 709 710 2594 
 85 130 84 2023 2024 681 682 492 491 2595 
 99 90 142 2026 2025 772 771 769 770 2596 
 90 99 68 2025 2026 521 522 506 505 2597 
 259 25 155 2028 2027 878 877 1560 1559 2598 
 25 259 26 2027 2028 1555 1556 360 359 2599 
 202 196 168 2030 2029 1137 1138 1158 1157 2600 
 196 202 52 2029 2030 1155 1156 1144 1143 2601 
 82 212 121 2031 2032 1235 1236 637 638 2602 
 134 212 182 2034 2033 1237 1238 1049 1050 2603 
 212 134 33 2033 2034 721 722 1240 1239 2604 
 154 70 192 2036 2035 1108 1107 1105 1106 2605 
 70 154 148 2035 2036 871 872 817 818 2606 
 102 168 196 2038 2037 1138 1137 1135 1136 2607 
 168 102 165 2037 2038 946 945 958 957 2608 
 246 213 217 2040 2039 1278 1277 1470 1469 2609 
 213 246 127 2039 2040 1467 1468 1246 1245 2610 
 83 186 217 2042 2041 1276 1275 1273 1274 2611 
 186 83 216 2041 2042 1266 1265 1267 1268 2612 
 193 94 228 2044 2043 1358 1357 1361 1362 2613 
 94 193 192 2043 2044 1111 1112 1103 1104 2614 
 294 229 197 1815 1816 1363 1364 1814 1813 2615 
 164 255 233 2046 2045 1533 1534 1385 1386 2616 
 255 164 204 2045 2046 1176 1175 1536 1535 2617 
 219 269 247 2048 2047 1627 1628 1473 1474 2618 
 269 219 245 2047 2048 1460 1459 1624 1623 2619 
 239 257 255 2050 2049 1545 1546 1529 1530 2620 
 257 239 200 2049 2050 1409 1410 1544 1543 2621 
 200 166 257 2052 2051 1550 1549 1543 1544 2622 
 166 200 254 2051 2052 1526 1525 1521 1522 2623 
 279 232 258 2054 2053 1554 1553 1696 1695 2624 
 232 279 234 2053 2054 1693 1694 1397 1398 2625 
 231 262 261 1582 1581 1578 1577 1575 1576 2626 
 298 183 270 2056 2055 1632 1631 1854 1853 2627 
 183 298 243 2055 2056 1849 1850 1449 1450 2628 
 290 272 273 2058 2057 1652 1651 1788 1787 2629 
 272 290 249 2057 2058 1783 1784 1648 1647 2630 
 283 237 265 2059 2060 1600 1599 1728 1727 2631 
 235 307 282 2062 2061 1911 1912 1719 1720 2632 
 307 235 261 2061 2062 1574 1573 1908 1907 2633 
 277 310 304 2064 2063 1935 1936 1893 1894 2634 
 310 277 159 2063 2064 1677 1678 1934 1933 2635 
 292 305 313 2066 2065 1964 1963 1959 1960 2636 
 305 292 276 2065 2066 1805 1806 1902 1901 2637 
 306 302 313 2068 2067 1962 1961 1967 1968 2638 
 302 306 311 2067 2068 1952 1951 1953 1954 2639 
 97 93 154 2070 2069 876 875 873 874 2640 
 93 97 147 2069 2070 816 815 813 814 2641 
 63 110 76 2072 2071 565 566 467 468 2642 
 110 63 44 2071 2072 443 444 564 563 2643 
 117 114 49 2073 2074 591 592 2002 2001 2644 
 245 274 221 2076 2075 1657 1658 1462 1461 2645 
 274 245 187 2075 2076 1457 1458 1656 1655 2646 
 169 240 239 2078 2077 1421 1422 1411 1412 2647 
 240 169 104 2077 2078 963 964 1416 1415 2648 
 257 198 255 2080 2079 1532 1531 1546 1545 2649 
 198 257 235 2079 2080 1547 1548 1405 1406 2650 
 264 283 280 2082 2081 1731 1732 1699 1700 2651 
 283 264 237 2081 2082 1595 1596 2060 2059 2652 
 113 76 64 2084 2083 469 470 586 585 2653 
 76 113 63 2083 2084 583 584 468 467 2654 
 212 180 182 2086 2085 1054 1053 1238 1237 2655 
 180 212 82 2085 2086 2032 2031 1040 1039 2656 
 solutionOrder
3 3 3 3 
 3 3 3 3 
 3 3 3 3 
 3 3 3 3 
 3 3 3 3 
 3 3 3 3 
 3 3 3 3 
 3 3 3 3 
 3 3 3 3 
 3 3 3 3 
 3 3 3 3 
 3 3 3 3 
 3 3 3 3 
 3 3 3 3 
 3 3 3 3 
 3 3 3 3 
 3 3 3 3 
 3 3 3 3 
 3 3 3 3 
 3 3 3 3 
 3 3 3 3 
 3 3 3 3 
 3 3 3 3 
 3 3 3 3 
 3 3 3 3 
 3 3 3 3 
 3 3 3 3 
 3 3 3 3 
 3 3 3 3 
 3 3 3 3 
 3 3 3 3 
 3 3 3 3 
 3 3 3 3 
 3 3 3 3 
 3 3 3 3 
 3 3 3 3 
 3 3 3 3 
 3 3 3 3 
 3 3 3 3 
 3 3 3 3 
 3 3 3 3 
 3 3 3 3 
 3 3 3 3 
 3 3 3 3 
 3 3 3 3 
 3 3 3 3 
 3 3 3 3 
 3 3 3 3 
 3 3 3 3 
 3 3 3 3 
 3 3 3 3 
 3 3 3 3 
 3 3 3 3 
 3 3 3 3 
 3 3 3 3 
 3 3 3 3 
 3 3 3 3 
 3 3 3 3 
 3 3 3 3 
 3 3 3 3 
 3 3 3 3 
 3 3 3 3 
 3 3 3 3 
 3 3 3 3 
 3 3 3 3 
 3 3 3 3 
 3 3 3 3 
 3 3 3 3 
 3 3 3 3 
 3 3 3 3 
 3 3 3 3 
 3 3 3 3 
 3 3 3 3 
 3 3 3 3 
 3 3 3 3 
 3 3 3 3 
 3 3 3 3 
 3 3 3 3 
 3 3 3 3 
 3 3 3 3 
 3 3 3 3 
 3 3 3 3 
 3 3 3 3 
 3 3 3 3 
 3 3 3 3 
 3 3 3 3 
 3 3 3 3 
 3 3 3 3 
 3 3 3 3 
 3 3 3 3 
 3 3 3 3 
 3 3 3 3 
 3 3 3 3 
 3 3 3 3 
 3 3 3 3 
 3 3 3 3 
 3 3 3 3 
 3 3 3 3 
 3 3 3 3 
 3 3 3 3 
 3 3 3 3 
 3 3 3 3 
 3 3 3 3 
 3 3 3 3 
 3 3 3 3 
 3 3 3 3 
 3 3 3 3 
 3 3 3 3 
 3 3 3 3 
 3 3 3 3 
 3 3 3 3 
 3 3 3 3 
 3 3 3 3 
 3 3 3 3 
 3 3 3 3 
 3 3 3 3 
 3 3 3 3 
 3 3 3 3 
 3 3 3 3 
 3 3 3 3 
 3 3 3 3 
 3 3 3 3 
 3 3 3 3 
 3 3 3 3 
 3 3 3 3 
 3 3 3 3 
 3 3 3 3 
 3 3 3 3 
 3 3 3 3 
 3 3 3 3 
 3 3 3 3 
 3 3 3 3 
 3 3 3 3 
 3 3 3 3 
 3 3 3 3 
 3 3 3 3 
 3 3 3 3 
 3 3 3 3 
 3 3 3 3 
 3 3 3 3 
 3 3 3 3 
 3 3 3 3 
 3 3 3 3 
 3 3 3 3 
 3 3 3 3 
 3 3 3 3 
 3 3 3 3 
 3 3 3 3 
 3 3 3 3 
 3 3 3 3 
 3 3 3 3 
 3 3 3 3 
 3 3 3 3 
 3 3 3 3 
 3 3 3 3 
 3 3 3 3 
 3 3 3 3 
 3 3 3 3 
 3 3 3 3 
 3 3 3 3 
 3 3 3 3 
 3 3 3 3 
 3 3 3 3 
 3 3 3 3 
 3 3 3 3 
 3 3 3 3 
 3 3 3 3 
 3 3 3 3 
 3 3 3 3 
 3 3 3 3 
 3 3 3 3 
 3 3 3 3 
 3 3 3 3 
 3 3 3 3 
 3 3 3 3 
 3 3 3 3 
 3 3 3 3 
 3 3 3 3 
 3 3 3 3 
 3 3 3 3 
 3 3 3 3 
 3 3 3 3 
 3 3 3 3 
 3 3 3 3 
 3 3 3 3 
 3 3 3 3 
 3 3 3 3 
 3 3 3 3 
 3 3 3 3 
 3 3 3 3 
 3 3 3 3 
 3 3 3 3 
 3 3 3 3 
 3 3 3 3 
 3 3 3 3 
 3 3 3 3 
 3 3 3 3 
 3 3 3 3 
 3 3 3 3 
 3 3 3 3 
 3 3 3 3 
 3 3 3 3 
 3 3 3 3 
 3 3 3 3 
 3 3 3 3 
 3 3 3 3 
 3 3 3 3 
 3 3 3 3 
 3 3 3 3 
 3 3 3 3 
 3 3 3 3 
 3 3 3 3 
 3 3 3 3 
 3 3 3 3 
 3 3 3 3 
 3 3 3 3 
 3 3 3 3 
 3 3 3 3 
 3 3 3 3 
 3 3 3 3 
 3 3 3 3 
 3 3 3 3 
 3 3 3 3 
 3 3 3 3 
 3 3 3 3 
 3 3 3 3 
 3 3 3 3 
 3 3 3 3 
 3 3 3 3 
 3 3 3 3 
 3 3 3 3 
 3 3 3 3 
 3 3 3 3 
 3 3 3 3 
 3 3 3 3 
 3 3 3 3 
 3 3 3 3 
 3 3 3 3 
 3 3 3 3 
 3 3 3 3 
 3 3 3 3 
 3 3 3 3 
 3 3 3 3 
 3 3 3 3 
 3 3 3 3 
 3 3 3 3 
 3 3 3 3 
 3 3 3 3 
 3 3 3 3 
 3 3 3 3 
 3 3 3 3 
 3 3 3 3 
 3 3 3 3 
 3 3 3 3 
 3 3 3 3 
 3 3 3 3 
 3 3 3 3 
 3 3 3 3 
 3 3 3 3 
 3 3 3 3 
 3 3 3 3 
 3 3 3 3 
 3 3 3 3 
 3 3 3 3 
 3 3 3 3 
 3 3 3 3 
 3 3 3 3 
 3 3 3 3 
 3 3 3 3 
 3 3 3 3 
 3 3 3 3 
 3 3 3 3 
 3 3 3 3 
 3 3 3 3 
 3 3 3 3 
 3 3 3 3 
 3 3 3 3 
 3 3 3 3 
 3 3 3 3 
 3 3 3 3 
 3 3 3 3 
 3 3 3 3 
 3 3 3 3 
 3 3 3 3 
 3 3 3 3 
 3 3 3 3 
 3 3 3 3 
 3 3 3 3 
 3 3 3 3 
 3 3 3 3 
 3 3 3 3 
 3 3 3 3 
 3 3 3 3 
 3 3 3 3 
 3 3 3 3 
 3 3 3 3 
 3 3 3 3 
 3 3 3 3 
 3 3 3 3 
 3 3 3 3 
 3 3 3 3 
 3 3 3 3 
 3 3 3 3 
 3 3 3 3 
 3 3 3 3 
 3 3 3 3 
 3 3 3 3 
 3 3 3 3 
 3 3 3 3 
 3 3 3 3 
 3 3 3 3 
 3 3 3 3 
 3 3 3 3 
 3 3 3 3 
 3 3 3 3 
 3 3 3 3 
 3 3 3 3 
 3 3 3 3 
 3 3 3 3 
 3 3 3 3 
 3 3 3 3 
 3 3 3 3 
 3 3 3 3 
 3 3 3 3 
 3 3 3 3 
 3 3 3 3 
 3 3 3 3 
 3 3 3 3 
 3 3 3 3 
 3 3 3 3 
 3 3 3 3 
 3 3 3 3 
 3 3 3 3 
 3 3 3 3 
 3 3 3 3 
 3 3 3 3 
 3 3 3 3 
 3 3 3 3 
 3 3 3 3 
 3 3 3 3 
 3 3 3 3 
 3 3 3 3 
 3 3 3 3 
 3 3 3 3 
 3 3 3 3 
 3 3 3 3 
 3 3 3 3 
 3 3 3 3 
 3 3 3 3 
 3 3 3 3 
 3 3 3 3 
 3 3 3 3 
 3 3 3 3 
 3 3 3 3 
 3 3 3 3 
 3 3 3 3 
 3 3 3 3 
 3 3 3 3 
 3 3 3 3 
 3 3 3 3 
 3 3 3 3 
 3 3 3 3 
 3 3 3 3 
 3 3 3 3 
 3 3 3 3 
 3 3 3 3 
 3 3 3 3 
 3 3 3 3 
 3 3 3 3 
 3 3 3 3 
 3 3 3 3 
 3 3 3 3 
 3 3 3 3 
 3 3 3 3 
 3 3 3 3 
 3 3 3 3 
 3 3 3 3 
 3 3 3 3 
 3 3 3 3 
 3 3 3 3 
 3 3 3 3 
 3 3 3 3 
 3 3 3 3 
 3 3 3 3 
 3 3 3 3 
 3 3 3 3 
 3 3 3 3 
 3 3 3 3 
 3 3 3 3 
 3 3 3 3 
 3 3 3 3 
 3 3 3 3 
 3 3 3 3 
 3 3 3 3 
 3 3 3 3 
 3 3 3 3 
 3 3 3 3 
 3 3 3 3 
 3 3 3 3 
 3 3 3 3 
 3 3 3 3 
 3 3 3 3 
 3 3 3 3 
 3 3 3 3 
 3 3 3 3 
 3 3 3 3 
 3 3 3 3 
 3 3 3 3 
 3 3 3 3 
 3 3 3 3 
 3 3 3 3 
 3 3 3 3 
 3 3 3 3 
 3 3 3 3 
 3 3 3 3 
 3 3 3 3 
 3 3 3 3 
 3 3 3 3 
 3 3 3 3 
 3 3 3 3 
 3 3 3 3 
 3 3 3 3 
 3 3 3 3 
 3 3 3 3 
 3 3 3 3 
 3 3 3 3 
 3 3 3 3 
 3 3 3 3 
 3 3 3 3 
 3 3 3 3 
 3 3 3 3 
 3 3 3 3 
 3 3 3 3 
 3 3 3 3 
 3 3 3 3 
 3 3 3 3 
 3 3 3 3 
 3 3 3 3 
 3 3 3 3 
 3 3 3 3 
 3 3 3 3 
 3 3 3 3 
 3 3 3 3 
 3 3 3 3 
 3 3 3 3 
 3 3 3 3 
 3 3 3 3 
 3 3 3 3 
 3 3 3 3 
 3 3 3 3 
 3 3 3 3 
 3 3 3 3 
 3 3 3 3 
 3 3 3 3 
 3 3 3 3 
 3 3 3 3 
 3 3 3 3 
 3 3 3 3 
 3 3 3 3 
 3 3 3 3 
 3 3 3 3 
 3 3 3 3 
 3 3 3 3 
 3 3 3 3 
 3 3 3 3 
 3 3 3 3 
 3 3 3 3 
 3 3 3 3 
 3 3 3 3 
 3 3 3 3 
 3 3 3 3 
 3 3 3 3 
 3 3 3 3 
 3 3 3 3 
 3 3 3 3 
 3 3 3 3 
 3 3 3 3 
 3 3 3 3 
 3 3 3 3 
 3 3 3 3 
 3 3 3 3 
 3 3 3 3 
 3 3 3 3 
 3 3 3 3 
 3 3 3 3 
 3 3 3 3 
 3 3 3 3 
 3 3 3 3 
 3 3 3 3 
 3 3 3 3 
 3 3 3 3 
 3 3 3 3 
 3 3 3 3 
 3 3 3 3 
 3 3 3 3 
 3 3 3 3 
 3 3 3 3 
 3 3 3 3 
 3 3 3 3 
 3 3 3 3 
 3 3 3 3 
 3 3 3 3 
 3 3 3 3 
 3 3 3 3 
 3 3 3 3 
 3 3 3 3 
 3 3 3 3 
 3 3 3 3 
 3 3 3 3 
 3 3 3 3 
 3 3 3 3 
 3 3 3 3 
 3 3 3 3 
 3 3 3 3 
 3 3 3 3 
 3 3 3 3 
 3 3 3 3 
 3 3 3 3 
 3 3 3 3 
 3 3 3 3 
 3 3 3 3 
 3 3 3 3 
 3 3 3 3 
 3 3 3 3 
 3 3 3 3 
 3 3 3 3 
 3 3 3 3 
 3 3 3 3 
 3 3 3 3 
 3 3 3 3 
 3 3 3 3 
 3 3 3 3 
 3 3 3 3 
 3 3 3 3 
 3 3 3 3 
 3 3 3 3 
 3 3 3 3 
 3 3 3 3 
 3 3 3 3 
 3 3 3 3 
 3 3 3 3 
 3 3 3 3 
 3 3 3 3 
 3 3 3 3 
 3 3 3 3 
 3 3 3 3 
 3 3 3 3 
 3 3 3 3 
 3 3 3 3 
 3 3 3 3 
 3 3 3 3 
 3 3 3 3 
 3 3 3 3 
 3 3 3 3 
 3 3 3 3 
 3 3 3 3 
 3 3 3 3 
 3 3 3 3 
 3 3 3 3 
 3 3 3 3 
 3 3 3 3 
 3 3 3 3 
 3 3 3 3 
 3 3 3 3 
 3 3 3 3 
 3 3 3 3 
 3 3 3 3 
 3 3 3 3 
 3 3 3 3 
 3 3 3 3 
 vertexCoord 
1.767767 1.767767 
 0.353553 0.353553 
 -0.000000 0.707107 
 -0.353553 1.060660 
 1.060660 2.474874 
 1.414214 2.121320 
 1.626311 1.909223 
 1.697039 1.838495 
 1.555606 1.979928 
 1.484901 2.050633 
 0.141492 0.565614 
 0.070780 0.636327 
 0.212205 0.494902 
 0.282879 0.424228 
 -0.212061 0.919168 
 -0.282807 0.989914 
 -0.141348 0.848455 
 -0.070674 0.777781 
 0.353553 1.767767 
 0.707048 2.121261 
 0.919188 2.333402 
 0.989924 2.404138 
 0.848455 2.262669 
 0.777752 2.191965 
 0.565628 1.979841 
 0.636338 2.050551 
 0.494928 1.909141 
 0.424228 1.838441 
 -0.000053 1.414161 
 0.212061 1.626275 
 0.282774 1.696987 
 0.141368 1.555581 
 0.070674 1.484888 
 -0.141472 1.272741 
 -0.070763 1.343451 
 -0.212176 1.202038 
 -0.282879 1.131334 
 1.272721 2.262813 
 1.343467 2.192067 
 1.202009 2.333525 
 1.131334 2.404199 
 1.060660 1.060660 
 0.707160 0.707160 
 0.495013 0.495013 
 0.424283 0.424283 
 0.565723 0.565723 
 0.636433 0.636433 
 0.848599 0.848599 
 0.777887 0.777887 
 0.919293 0.919293 
 0.989986 0.989986 
 1.414214 1.414214 
 1.202152 1.202152 
 1.131406 1.131406 
 1.272841 1.272841 
 1.343527 1.343527 
 1.555686 1.555686 
 1.484950 1.484950 
 1.626418 1.626418 
 1.697093 1.697093 
 0.695969 1.395703 
 0.359815 0.447712 
 0.419559 0.513430 
 0.322502 0.616469 
 0.765497 1.067316 
 -0.032638 1.074262 
 0.382201 1.449220 
 0.896176 1.236515 
 -0.260070 1.059984 
 0.543034 1.616725 
 1.028299 1.396802 
 1.478807 1.764715 
 1.087761 2.181490 
 1.677464 1.771664 
 1.054205 2.383571 
 0.400926 0.599439 
 0.171434 0.636107 
 0.234320 0.566023 
 0.815615 0.999275 
 0.718533 1.245138 
 -0.057317 0.934564 
 0.016311 1.282326 
 0.184481 0.825617 
 -0.088671 1.003219 
 -0.112488 1.092806 
 0.213135 1.512840 
 0.575816 1.278170 
 0.553607 1.456532 
 0.310516 1.562362 
 0.989241 1.216162 
 0.792871 1.320031 
 0.824962 1.162019 
 0.518373 1.742908 
 0.640957 1.526322 
 0.490225 1.564749 
 0.465753 1.696960 
 0.606815 1.795754 
 0.854619 1.378911 
 0.965118 1.312135 
 1.199595 1.388797 
 1.544509 1.887200 
 1.474309 1.616742 
 1.292939 1.597548 
 1.471734 1.956593 
 1.529100 1.707306 
 0.905884 2.218899 
 1.189413 2.185659 
 0.898989 2.118931 
 1.145014 2.255354 
 0.486972 0.584850 
 0.119362 0.702182 
 0.248470 0.644614 
 0.318791 0.523053 
 0.692351 0.833176 
 0.723518 0.960079 
 0.907607 1.025955 
 0.785584 0.900121 
 0.714246 1.333301 
 -0.062342 0.868293 
 -0.014007 0.982921 
 -0.015685 1.331935 
 -0.038513 1.178868 
 0.201266 1.370120 
 -0.065974 1.264365 
 0.212862 0.702689 
 0.175528 0.757088 
 0.067974 0.971950 
 0.452497 0.853118 
 0.099288 0.781263 
 -0.187360 1.007400 
 -0.125448 0.927409 
 -0.128040 1.186401 
 -0.197617 1.107591 
 0.135733 1.460326 
 0.626574 1.205863 
 0.653263 1.281450 
 0.468264 1.401354 
 0.632219 1.425030 
 0.476548 1.494042 
 0.554897 1.366124 
 1.038048 1.136244 
 1.056919 1.312114 
 1.104744 1.220222 
 0.862329 1.091134 
 0.909443 1.171552 
 0.802754 1.235263 
 0.511331 1.824175 
 0.514392 1.677578 
 0.419353 1.560330 
 0.552606 1.546265 
 0.470267 1.630252 
 0.435037 1.761834 
 0.391036 1.668070 
 0.574838 1.694036 
 0.588605 1.896969 
 0.783885 1.408879 
 0.717847 1.467506 
 0.881341 1.317458 
 0.938733 1.393760 
 1.267614 1.367041 
 1.109472 1.396990 
 1.196686 1.291697 
 1.616604 1.823326 
 1.372624 1.720189 
 1.375369 1.647472 
 1.209142 1.907110 
 1.163772 1.481206 
 1.364011 1.553907 
 1.456144 1.858206 
 1.402937 2.027099 
 1.614467 1.737023 
 0.994960 2.315468 
 1.269773 2.153926 
 0.985758 2.162823 
 0.813412 2.145208 
 1.092508 2.323995 
 0.631074 0.734883 
 0.855340 0.938649 
 0.280830 1.433197 
 0.104033 1.313016 
 0.374241 1.364723 
 0.140433 1.392648 
 0.033875 1.051618 
 0.007986 0.905135 
 0.538958 0.896285 
 0.284012 0.855995 
 0.475174 1.108750 
 0.456323 0.758804 
 0.012978 0.819791 
 0.631144 1.344777 
 0.991389 1.068328 
 0.611266 1.619220 
 0.693506 1.624544 
 1.133483 1.321964 
 1.539939 1.796296 
 1.430444 1.527887 
 1.090131 2.039785 
 1.239719 1.752740 
 0.879085 1.914788 
 1.298351 1.924044 
 1.074003 1.483639 
 1.347310 1.448649 
 1.263496 1.486790 
 1.407964 1.780334 
 1.025672 2.244640 
 1.337835 2.094554 
 0.561632 0.660249 
 0.194279 1.433826 
 0.050507 1.223483 
 0.468651 1.296225 
 0.281662 1.334911 
 0.064492 1.382757 
 0.103611 0.879169 
 0.624032 0.925676 
 0.591867 0.823670 
 0.261985 0.773881 
 0.205511 0.904753 
 0.525826 1.199196 
 0.586891 1.112112 
 0.421641 1.198127 
 0.442183 0.941585 
 0.473142 0.671721 
 0.386000 0.689615 
 0.517470 0.814145 
 0.362922 0.788874 
 0.950850 1.120686 
 0.654970 1.706143 
 0.743580 1.550607 
 1.134115 2.114694 
 1.041845 2.104792 
 1.145948 1.970211 
 1.239495 1.663363 
 1.310165 1.694651 
 1.208760 1.571363 
 1.183400 1.828124 
 0.756707 1.972805 
 0.795414 1.781420 
 0.908358 2.040304 
 1.358154 1.853608 
 1.386310 1.936492 
 1.440289 1.702860 
 1.322052 2.003449 
 0.033425 1.137065 
 0.199893 1.303699 
 0.535865 1.005511 
 0.158792 0.970140 
 0.711753 1.151685 
 0.361285 1.276904 
 0.307425 1.044903 
 0.299123 0.702690 
 0.547705 0.738850 
 0.810472 1.498497 
 1.207514 2.114728 
 1.236627 1.987362 
 1.326661 1.774429 
 1.124276 1.564947 
 1.269238 1.840009 
 1.187749 1.700128 
 0.660916 1.973165 
 0.732911 2.052305 
 1.116531 1.887188 
 1.036043 1.947039 
 0.735892 1.708068 
 0.707505 1.795237 
 0.866135 1.838272 
 0.965695 2.092242 
 0.934367 1.966034 
 0.128155 1.251992 
 0.657926 1.037063 
 0.118655 1.043736 
 0.272460 1.260825 
 0.253195 0.981848 
 0.290809 0.920777 
 0.414449 1.033305 
 0.367511 1.116425 
 0.774193 1.631015 
 0.873578 1.453265 
 1.262076 2.068538 
 1.165090 1.638772 
 0.684315 1.886053 
 0.825137 2.050935 
 1.156169 1.754940 
 0.785340 1.882390 
 0.946365 1.881030 
 0.993526 2.034361 
 0.100296 1.187209 
 0.208419 1.046122 
 0.205813 1.241226 
 0.363204 0.888597 
 0.346797 0.971233 
 0.331120 1.192413 
 0.812708 1.702501 
 0.812667 1.569989 
 1.182192 2.050822 
 1.137337 1.691273 
 0.848166 1.971209 
 1.024760 1.849020 
 0.088689 1.106936 
 0.157193 1.115052 
 0.250396 1.204843 
 0.255255 1.121052 
 0.864902 1.762050 
 1.039062 1.575923 
 0.878089 1.543805 
 0.849579 1.627696 
 0.946053 1.732844 
 1.096595 1.801306 
 0.178160 1.184771 
 1.094678 1.643346 
 0.973097 1.496228 
 0.943788 1.804942 
 0.944295 1.618343 
 0.875523 1.700520 
 1.018917 1.762879 
 1.021200 1.675911 
 1.084196 1.722133 
 bc_tag 
130 
 79 
 35 
 30 
 25 
 20 
 134 
 134 
 134 
 134 
 83 
 83 
 83 
 83 
 36 
 36 
 36 
 36 
 31 
 31 
 31 
 31 
 31 
 31 
 31 
 31 
 31 
 31 
 31 
 31 
 31 
 31 
 31 
 31 
 31 
 31 
 31 
 26 
 26 
 26 
 26 
 80 
 80 
 80 
 80 
 80 
 80 
 80 
 80 
 80 
 80 
 80 
 80 
 80 
 80 
 80 
 80 
 80 
 80 
 80 
 136 
 136 
 136 
 136 
 136 
 136 
 136 
 136 
 136 
 136 
 136 
 136 
 136 
 136 
 136 
 136 
 136 
 136 
 136 
 136 
 136 
 136 
 136 
 136 
 136 
 136 
 136 
 136 
 136 
 136 
 136 
 136 
 136 
 136 
 136 
 136 
 136 
 136 
 136 
 136 
 136 
 136 
 136 
 136 
 136 
 136 
 136 
 136 
 136 
 136 
 136 
 136 
 136 
 136 
 136 
 136 
 136 
 136 
 136 
 136 
 136 
 136 
 136 
 136 
 136 
 136 
 136 
 136 
 136 
 136 
 136 
 136 
 136 
 136 
 136 
 136 
 136 
 136 
 136 
 136 
 136 
 136 
 136 
 136 
 136 
 136 
 136 
 136 
 136 
 136 
 136 
 136 
 136 
 136 
 136 
 136 
 136 
 136 
 136 
 136 
 136 
 136 
 136 
 136 
 136 
 136 
 136 
 136 
 136 
 136 
 136 
 136 
 136 
 136 
 136 
 136 
 136 
 136 
 136 
 136 
 136 
 136 
 136 
 136 
 136 
 136 
 136 
 136 
 136 
 136 
 136 
 136 
 136 
 136 
 136 
 136 
 136 
 136 
 136 
 136 
 136 
 136 
 136 
 136 
 136 
 136 
 136 
 136 
 136 
 136 
 136 
 136 
 136 
 136 
 136 
 136 
 136 
 136 
 136 
 136 
 136 
 136 
 136 
 136 
 136 
 136 
 136 
 136 
 136 
 136 
 136 
 136 
 136 
 136 
 136 
 136 
 136 
 136 
 136 
 136 
 136 
 136 
 136 
 136 
 136 
 136 
 136 
 136 
 136 
 136 
 136 
 136 
 136 
 136 
 136 
 136 
 136 
 136 
 136 
 136 
 136 
 136 
 136 
 136 
 136 
 136 
 136 
 136 
 136 
 136 
 136 
 136 
 136 
 136 
 136 
 136 
 136 
 136 
 136 
 136 
 136 
 136 
 136 
 136 
 136 
 136 
 136 
 136 
 136 
 136 
 136 
 136 
 136 
 136 
 136 
 136 
 136 
 136 
 136 
 136 
 136 
 136 
 136 
 136 
 136 
 136 
 136 
 136 
 136 
 136 
 136 
 136 
 136 
 136 
 136 
 136 
 134 
 134 
 134 
 134 
 134 
 134 
 134 
 134 
 134 
 134 
 83 
 83 
 83 
 83 
 83 
 83 
 83 
 83 
 83 
 83 
 36 
 36 
 36 
 36 
 36 
 36 
 36 
 36 
 36 
 36 
 31 
 31 
 31 
 31 
 31 
 31 
 31 
 31 
 31 
 31 
 31 
 31 
 31 
 31 
 31 
 31 
 31 
 31 
 31 
 31 
 31 
 31 
 31 
 31 
 31 
 31 
 31 
 31 
 31 
 31 
 31 
 31 
 31 
 31 
 31 
 31 
 31 
 31 
 31 
 31 
 26 
 26 
 26 
 26 
 26 
 26 
 26 
 26 
 26 
 26 
 80 
 80 
 80 
 80 
 80 
 80 
 80 
 80 
 80 
 80 
 80 
 80 
 80 
 80 
 80 
 80 
 80 
 80 
 80 
 80 
 80 
 80 
 80 
 80 
 80 
 80 
 80 
 80 
 80 
 80 
 80 
 80 
 80 
 80 
 80 
 80 
 80 
 80 
 80 
 80 
 136 
 136 
 136 
 136 
 136 
 136 
 136 
 136 
 136 
 136 
 136 
 136 
 136 
 136 
 136 
 136 
 136 
 136 
 136 
 136 
 136 
 136 
 136 
 136 
 136 
 136 
 136 
 136 
 136 
 136 
 136 
 136 
 136 
 136 
 136 
 136 
 136 
 136 
 136 
 136 
 136 
 136 
 136 
 136 
 136 
 136 
 136 
 136 
 136 
 136 
 136 
 136 
 136 
 136 
 136 
 136 
 136 
 136 
 136 
 136 
 136 
 136 
 136 
 136 
 136 
 136 
 136 
 136 
 136 
 136 
 136 
 136 
 136 
 136 
 136 
 136 
 136 
 136 
 136 
 136 
 136 
 136 
 136 
 136 
 136 
 136 
 136 
 136 
 136 
 136 
 136 
 136 
 136 
 136 
 136 
 136 
 136 
 136 
 136 
 136 
 136 
 136 
 136 
 136 
 136 
 136 
 136 
 136 
 136 
 136 
 136 
 136 
 136 
 136 
 136 
 136 
 136 
 136 
 136 
 136 
 136 
 136 
 136 
 136 
 136 
 136 
 136 
 136 
 136 
 136 
 136 
 136 
 136 
 136 
 136 
 136 
 136 
 136 
 136 
 136 
 136 
 136 
 136 
 136 
 136 
 136 
 136 
 136 
 136 
 136 
 136 
 136 
 136 
 136 
 136 
 136 
 136 
 136 
 136 
 136 
 136 
 136 
 136 
 136 
 136 
 136 
 136 
 136 
 136 
 136 
 136 
 136 
 136 
 136 
 136 
 136 
 136 
 136 
 136 
 136 
 136 
 136 
 136 
 136 
 136 
 136 
 136 
 136 
 136 
 136 
 136 
 136 
 136 
 136 
 136 
 136 
 136 
 136 
 136 
 136 
 136 
 136 
 136 
 136 
 136 
 136 
 136 
 136 
 136 
 136 
 136 
 136 
 136 
 136 
 136 
 136 
 136 
 136 
 136 
 136 
 136 
 136 
 136 
 136 
 136 
 136 
 136 
 136 
 136 
 136 
 136 
 136 
 136 
 136 
 136 
 136 
 136 
 136 
 136 
 136 
 136 
 136 
 136 
 136 
 136 
 136 
 136 
 136 
 136 
 136 
 136 
 136 
 136 
 136 
 136 
 136 
 136 
 136 
 136 
 136 
 136 
 136 
 136 
 136 
 136 
 136 
 136 
 136 
 136 
 136 
 136 
 136 
 136 
 136 
 136 
 136 
 136 
 136 
 136 
 136 
 136 
 136 
 136 
 136 
 136 
 136 
 136 
 136 
 136 
 136 
 136 
 136 
 136 
 136 
 136 
 136 
 136 
 136 
 136 
 136 
 136 
 136 
 136 
 136 
 136 
 136 
 136 
 136 
 136 
 136 
 136 
 136 
 136 
 136 
 136 
 136 
 136 
 136 
 136 
 136 
 136 
 136 
 136 
 136 
 136 
 136 
 136 
 136 
 136 
 136 
 136 
 136 
 136 
 136 
 136 
 136 
 136 
 136 
 136 
 136 
 136 
 136 
 136 
 136 
 136 
 136 
 136 
 136 
 136 
 136 
 136 
 136 
 136 
 136 
 136 
 136 
 136 
 136 
 136 
 136 
 136 
 136 
 136 
 136 
 136 
 136 
 136 
 136 
 136 
 136 
 136 
 136 
 136 
 136 
 136 
 136 
 136 
 136 
 136 
 136 
 136 
 136 
 136 
 136 
 136 
 136 
 136 
 136 
 136 
 136 
 136 
 136 
 136 
 136 
 136 
 136 
 136 
 136 
 136 
 136 
 136 
 136 
 136 
 136 
 136 
 136 
 136 
 136 
 136 
 136 
 136 
 136 
 136 
 136 
 136 
 136 
 136 
 136 
 136 
 136 
 136 
 136 
 136 
 136 
 136 
 136 
 136 
 136 
 136 
 136 
 136 
 136 
 136 
 136 
 136 
 136 
 136 
 136 
 136 
 136 
 136 
 136 
 136 
 136 
 136 
 136 
 136 
 136 
 136 
 136 
 136 
 136 
 136 
 136 
 136 
 136 
 136 
 136 
 136 
 136 
 136 
 136 
 136 
 136 
 136 
 136 
 136 
 136 
 136 
 136 
 136 
 136 
 136 
 136 
 136 
 136 
 136 
 136 
 136 
 136 
 136 
 136 
 136 
 136 
 136 
 136 
 136 
 136 
 136 
 136 
 136 
 136 
 136 
 136 
 136 
 136 
 136 
 136 
 136 
 136 
 136 
 136 
 136 
 136 
 136 
 136 
 136 
 136 
 136 
 136 
 136 
 136 
 136 
 136 
 136 
 136 
 136 
 136 
 136 
 136 
 136 
 136 
 136 
 136 
 136 
 136 
 136 
 136 
 136 
 136 
 136 
 136 
 136 
 136 
 136 
 136 
 136 
 136 
 136 
 136 
 136 
 136 
 136 
 136 
 136 
 136 
 136 
 136 
 136 
 136 
 136 
 136 
 136 
 136 
 136 
 136 
 136 
 136 
 136 
 136 
 136 
 136 
 136 
 136 
 136 
 136 
 136 
 136 
 136 
 136 
 136 
 136 
 136 
 136 
 136 
 136 
 136 
 136 
 136 
 136 
 136 
 136 
 136 
 136 
 136 
 136 
 136 
 136 
 136 
 136 
 136 
 136 
 136 
 136 
 136 
 136 
 136 
 136 
 136 
 136 
 136 
 136 
 136 
 136 
 136 
 136 
 136 
 136 
 136 
 136 
 136 
 136 
 136 
 136 
 136 
 136 
 136 
 136 
 136 
 136 
 136 
 136 
 136 
 136 
 136 
 136 
 136 
 136 
 136 
 136 
 136 
 136 
 136 
 136 
 136 
 136 
 136 
 136 
 136 
 136 
 136 
 136 
 136 
 136 
 136 
 136 
 136 
 136 
 136 
 136 
 136 
 136 
 136 
 136 
 136 
 136 
 136 
 136 
 136 
 136 
 136 
 136 
 136 
 136 
 136 
 136 
 136 
 136 
 136 
 136 
 136 
 136 
 136 
 136 
 136 
 136 
 136 
 136 
 136 
 136 
 136 
 136 
 136 
 136 
 136 
 136 
 136 
 136 
 136 
 136 
 136 
 136 
 136 
 136 
 136 
 136 
 136 
 136 
 136 
 136 
 136 
 136 
 136 
 136 
 136 
 136 
 136 
 136 
 136 
 136 
 136 
 136 
 136 
 136 
 136 
 136 
 136 
 136 
 136 
 136 
 136 
 136 
 136 
 136 
 136 
 136 
 136 
 136 
 136 
 136 
 136 
 136 
 136 
 136 
 136 
 136 
 136 
 136 
 136 
 136 
 136 
 136 
 136 
 136 
 136 
 136 
 136 
 136 
 136 
 136 
 136 
 136 
 136 
 136 
 136 
 136 
 136 
 136 
 136 
 136 
 136 
 136 
 136 
 136 
 136 
 136 
 136 
 136 
 136 
 136 
 136 
 136 
 136 
 136 
 136 
 136 
 136 
 136 
 136 
 136 
 136 
 136 
 136 
 136 
 136 
 136 
 136 
 136 
 136 
 136 
 136 
 136 
 136 
 136 
 136 
 136 
 136 
 136 
 136 
 136 
 136 
 136 
 136 
 136 
 136 
 136 
 136 
 136 
 136 
 136 
 136 
 136 
 136 
 136 
 136 
 136 
 136 
 136 
 136 
 136 
 136 
 136 
 136 
 136 
 136 
 136 
 136 
 136 
 136 
 136 
 136 
 136 
 136 
 136 
 136 
 136 
 136 
 136 
 136 
 136 
 136 
 136 
 136 
 136 
 136 
 136 
 136 
 136 
 136 
 136 
 136 
 136 
 136 
 136 
 136 
 136 
 136 
 136 
 136 
 136 
 136 
 136 
 136 
 136 
 136 
 136 
 136 
 136 
 136 
 136 
 136 
 136 
 136 
 136 
 136 
 136 
 136 
 136 
 136 
 136 
 136 
 136 
 136 
 136 
 136 
 136 
 136 
 136 
 136 
 136 
 136 
 136 
 136 
 136 
 136 
 136 
 136 
 136 
 136 
 136 
 136 
 136 
 136 
 136 
 136 
 136 
 136 
 136 
 136 
 136 
 136 
 136 
 136 
 136 
 136 
 136 
 136 
 136 
 136 
 136 
 136 
 136 
 136 
 136 
 136 
 136 
 136 
 136 
 136 
 136 
 136 
 136 
 136 
 136 
 136 
 136 
 136 
 136 
 136 
 136 
 136 
 136 
 136 
 136 
 136 
 136 
 136 
 136 
 136 
 136 
 136 
 136 
 136 
 136 
 136 
 136 
 136 
 136 
 136 
 136 
 136 
 136 
 136 
 136 
 136 
 136 
 136 
 136 
 136 
 136 
 136 
 136 
 136 
 136 
 136 
 136 
 136 
 136 
 136 
 136 
 136 
 136 
 136 
 136 
 136 
 136 
 136 
 136 
 136 
 136 
 136 
 136 
 136 
 136 
 136 
 136 
 136 
 136 
 136 
 136 
 136 
 136 
 136 
 136 
 136 
 136 
 136 
 136 
 136 
 136 
 136 
 136 
 136 
 136 
 136 
 136 
 136 
 136 
 136 
 136 
 136 
 136 
 136 
 136 
 136 
 136 
 136 
 136 
 136 
 136 
 136 
 136 
 136 
 136 
 136 
 136 
 136 
 136 
 136 
 136 
 136 
 136 
 136 
 136 
 136 
 136 
 136 
 136 
 136 
 136 
 136 
 136 
 136 
 136 
 136 
 136 
 136 
 136 
 136 
 136 
 136 
 136 
 136 
 136 
 136 
 136 
 136 
 136 
 136 
 136 
 136 
 136 
 136 
 136 
 136 
 136 
 136 
 136 
 136 
 136 
 136 
 136 
 136 
 136 
 136 
 136 
 136 
 136 
 136 
 136 
 136 
 136 
 136 
 136 
 136 
 136 
 136 
 136 
 136 
 136 
 136 
 136 
 136 
 136 
 136 
 136 
 136 
 136 
 136 
 136 
 136 
 136 
 136 
 136 
 136 
 136 
 136 
 136 
 136 
 136 
 136 
 136 
 136 
 136 
 136 
 136 
 136 
 136 
 136 
 136 
 136 
 136 
 136 
 136 
 136 
 136 
 136 
 136 
 136 
 136 
 136 
 136 
 136 
 136 
 136 
 136 
 136 
 136 
 136 
 136 
 136 
 136 
 136 
 136 
 136 
 136 
 136 
 136 
 136 
 136 
 136 
 136 
 136 
 136 
 136 
 136 
 136 
 136 
 136 
 136 
 136 
 136 
 136 
 136 
 136 
 136 
 136 
 136 
 136 
 136 
 136 
 136 
 136 
 136 
 136 
 136 
 136 
 136 
 136 
 136 
 136 
 136 
 136 
 136 
 136 
 136 
 136 
 136 
 136 
 136 
 136 
 136 
 136 
 136 
 136 
 136 
 136 
 136 
 136 
 136 
 136 
 136 
 136 
 136 
 136 
 136 
 136 
 136 
 136 
 136 
 136 
 136 
 136 
 136 
 136 
 136 
 136 
 136 
 136 
 136 
 136 
 136 
 136 
 136 
 136 
 136 
 136 
 136 
 136 
 136 
 136 
 136 
 136 
 136 
 136 
 136 
 136 
 136 
 136 
 136 
 136 
 136 
 136 
 136 
 136 
 136 
 136 
 136 
 136 
 136 
 136 
 136 
 136 
 136 
 136 
 136 
 136 
 136 
 136 
 136 
 136 
 136 
 136 
 136 
 136 
 136 
 136 
 136 
 136 
 136 
 136 
 136 
 136 
 136 
 136 
 136 
 136 
 136 
 136 
 136 
 136 
 136 
 136 
 136 
 136 
 136 
 136 
 136 
 136 
 136 
 136 
 136 
 136 
 136 
 136 
 136 
 136 
 136 
 136 
 136 
 136 
 136 
 136 
 136 
 136 
 136 
 136 
 136 
 136 
 136 
 136 
 136 
 136 
 136 
 136 
 136 
 136 
 136 
 136 
 136 
 136 
 136 
 136 
 136 
 136 
 136 
 136 
 136 
 136 
 136 
 136 
 136 
 136 
 136 
 136 
 136 
 136 
 136 
 136 
 136 
 136 
 136 
 136 
 136 
 136 
 136 
 136 
 136 
 136 
 136 
 136 
 136 
 136 
 136 
 136 
 136 
 136 
 136 
 136 
 136 
 136 
 136 
 136 
 136 
 136 
 136 
 136 
 136 
 136 
 136 
 136 
 136 
 136 
 136 
 136 
 136 
 136 
 136 
 136 
 136 
 136 
 136 
 136 
 136 
 136 
 136 
 136 
 136 
 136 
 136 
 136 
 136 
 136 
 136 
 136 
 136 
 136 
 136 
 136 
 136 
 136 
 136 
 136 
 136 
 136 
 136 
 136 
 136 
 136 
 136 
 136 
 136 
 136 
 136 
 136 
 136 
 136 
 136 
 136 
 136 
 136 
 136 
 136 
 136 
 136 
 136 
 136 
 136 
 136 
 136 
 136 
 136 
 136 
 136 
 136 
 136 
 136 
 136 
 136 
 136 
 136 
 136 
 136 
 136 
 136 
 136 
 136 
 136 
 136 
 136 
 136 
 136 
 136 
 136 
 136 
 136 
 136 
 136 
 136 
 136 
 136 
 136 
 136 
 136 
 136 
 136 
 136 
 136 
 136 
 136 
 136 
 136 
 136 
 136 
 136 
 136 
 136 
 136 
 136 
 136 
 136 
 136 
 136 
 136 
 136 
 136 
 136 
 136 
 136 
 136 
 136 
 136 
 136 
 136 
 136 
 136 
 136 
 136 
 136 
 136 
 136 
 136 
 136 
 136 
 136 
 136 
 136 
 136 
 136 
 136 
 136 
 136 
 136 
 136 
 136 
 136 
 136 
 136 
 136 
 136 
 136 
 136 
 136 
 136 
 136 
 136 
 136 
 136 
 136 
 136 
 136 
 136 
 136 
 136 
 136 
 136 
 136 
 136 
 136 
 136 
 136 
 136 
 136 
 136 
 136 
 136 
 136 
 136 
 136 
 136 
 136 
 136 
 136 
 136 
 136 
 136 
 136 
 136 
 136 
 136 
 136 
 136 
 136 
 136 
 136 
 136 
 136 
 136 
 136 
 136 
 136 
 136 
 136 
 136 
 136 
 136 
 136 
 136 
 136 
 136 
 136 
 136 
 136 
 136 
 136 
 136 
 136 
 136 
 136 
 136 
 136 
 136 
 136 
 136 
 136 
 136 
 136 
 136 
 136 
 136 
 136 
 136 
 136 
 136 
 136 
 136 
 136 
 136 
 136 
 136 
 136 
 136 
 136 
 136 
 136 
 136 
 136 
 136 
 136 
 136 
 136 
 136 
 136 
 136 
 136 
 136 
 136 
 136 
 136 
 136 
 136 
 136 
 136 
 136 
 136 
 136 
 136 
 136 
 136 
 136 
 136 
 136 
 136 
 136 
 136 
 136 
 136 
 136 
 136 
 136 
 136 
 136 
 136 
 136 
 136 
 136 
 136 
 136 
 136 
 136 
 136 
 136 
 136 
 136 
 136 
 136 
 136 
 136 
 136 
 136 
 136 
 136 
 136 
 136 
 136 
 136 
 136 
 136 
 136 
 136 
 136 
 136 
 136 
 136 
 136 
 136 
 136 
 136 
 136 
 136 
 136 
 136 
 136 
 136 
 136 
 136 
 136 
 136 
 136 
 136 
 136 
 136 
 136 
 136 
 136 
 136 
 136 
 136 
 136 
 136 
 136 
 136 
 136 
 136 
 136 
 136 
 136 
 136 
 136 
 136 
 136 
 136 
 136 
 136 
 136 
 136 
 136 
 136 
 136 
 136 
 136 
 136 
 136 
 136 
 136 
 136 
 136 
 136 
 136 
 136 
 136 
 136 
 136 
 136 
 136 
 136 
 136 
 136 
 136 
 136 
 136 
 136 
 136 
 136 
 136 
 136 
 136 
 136 
 136 
 136 
 136 
 136 
 136 
 136 
 136 
 136 
 136 
 136 
 136 
 136 
 136 
 136 
 136 
 136 
 136 
 136 
 136 
 136 
 136 
 136 
 136 
 136 
 136 
 136 
 136 
 136 
 136 
 136 
 136 
 136 
 136 
 136 
 136 
 136 
 136 
 136 
 136 
 136 
 136 
 136 
 136 
 136 
 136 
 136 
 136 
 136 
 136 
 136 
 136 
 136 
 136 
 136 
 136 
 136 
 136 
 136 
 136 
 136 
 136 
 136 
 136 
 136 
 136 
 136 
 136 
 136 
 136 
 136 
 136 
 136 
 136 
 136 
 136 
 136 
 136 
 136 
 136 
 136 
 136 
 136 
 136 
 136 
 136 
 136 
 136 
 136 
 136 
 136 
 136 
 136 
 136 
 136 
 136 
 136 
 136 
 136 
 136 
 136 
 136 
 136 
 136 
 136 
 136 
 136 
 136 
 136 
 136 
 136 
 136 
 136 
 136 
 136 
 136 
 136 
 136 
 136 
 136 
 136 
 136 
 136 
 136 
 136 
 136 
 136 
 136 
 136 
 136 
 136 
 136 
 136 
 136 
 136 
 136 
 136 
 136 
 136 
 136 
 136 
 136 
 136 
 136 
 136 
 136 
 136 
 136 
 136 
 136 
 136 
 136 
 136 
 136 
 136 
 136 
 136 
 136 
 136 
 136 
 136 
 136 
 136 
 136 
 136 
 136 
 136 
 136 
 136 
 136 
 136 
 136 
 136 
 136 
 136 
 136 
 136 
 136 
 136 
 136 
 136 
 136 
 136 
 136 
 136 
 136 
 136 
 136 
 136 
 136 
 136 
 136 
 136 
 136 
 136 
 136 
 136 
 136 
 136 
 136 
 136 
 136 
 136 
 136 
 136 
 136 
 136 
 136 
 136 
 136 
 136 
 136 
 136 
 136 
 136 
 136 
 136 
 136 
 136 
 136 
 136 
 136 
 136 
 136 
 136 
 136 
 136 
 136 
 136 
 136 
 136 
 136 
 136 
 136 
 136 
 136 
 136 
 136 
 136 
 136 
 136 
 136 
 136 
 136 
 136 
 136 
 136 
 136 
 136 
 136 
 136 
 136 
 136 
 136 
 136 
 136 
 136 
 136 
 136 
 136 
 136 
 136 
 136 
 136 
 136 
 136 
 136 
 136 
 136 
 136 
 136 
 136 
 136 
 136 
 136 
 136 
 136 
 136 
 136 
 136 
 136 
 136 
 136 
 136 
 136 
 136 
 136 
 136 
 136 
 136 
 136 
 136 
 136 
 136 
 136 
 136 
 136 
 136 
 136 
 136 
 136 
 136 
 136 
 136 
 136 
 136 
 136 
 136 
 136 
 136 
 136 
 136 
 136 
 136 
 136 
 136 
 136 
 136 
 136 
 136 
 136 
 136 
 136 
 136 
 136 
 136 
 136 
 136 
 136 
 136 
 136 
 136 
 136 
 136 
 136 
 136 
 136 
 136 
 136 
 136 
 136 
 136 
 136 
 136 
 136 
 136 
 136 
 136 
 136 
 136 
 136 
 136 
 136 
 136 
 136 
 136 
 136 
 136 
 136 
 136 
 136 
 136 
 136 
 136 
 136 
 136 
 136 
 136 
 136 
 136 
 136 
 136 
 136 
 136 
 136 
 136 
 136 
 136 
 136 
 136 
 136 
 136 
 136 
 136 
 136 
 136 
 136 
 136 
 136 
 136 
 136 
 136 
 136 
 136 
 136 
 136 
 136 
 136 
 136 
 136 
 136 
 136 
 136 
 136 
 136 
 136 
 136 
 136 
 136 
 136 
 136 
 136 
 136 
 136 
 136 
 136 
 136 
 136 
 136 
 136 
 136 
 136 
 136 
 136 
 136 
 136 
 136 
 136 
 136 
 136 
 136 
 136 
 136 
 136 
 136 
 136 
 136 
 136 
 136 
 136 
 136 
 136 
 136 
 136 
 136 
 136 
 136 
 136 
 136 
 136 
 136 
 136 
 136 
 edgeUsage
0 1 1 
 0 1 1 
 1 0 0 
 0 1 1 
 0 1 1 
 0 1 1 
 0 1 1 
 0 1 1 
 0 1 1 
 0 1 1 
 0 1 1 
 0 1 1 
 1 0 0 
 1 0 0 
 0 1 1 
 0 1 1 
 0 1 1 
 0 1 1 
 1 0 0 
 0 1 1 
 0 1 1 
 0 1 1 
 1 0 0 
 0 1 1 
 0 1 1 
 0 1 1 
 0 1 1 
 1 0 0 
 0 1 1 
 1 0 0 
 0 1 1 
 0 1 1 
 0 1 1 
 1 0 0 
 0 1 1 
 1 0 0 
 0 1 1 
 0 1 1 
 0 1 1 
 0 1 1 
 0 1 1 
 1 0 0 
 0 1 1 
 1 0 0 
 0 1 1 
 1 0 0 
 0 1 1 
 1 0 0 
 0 1 1 
 1 0 0 
 0 1 1 
 0 1 1 
 1 0 0 
 0 1 1 
 0 1 1 
 0 1 1 
 1 0 0 
 0 1 1 
 0 1 1 
 1 0 0 
 0 1 1 
 1 0 0 
 0 1 1 
 0 1 1 
 0 1 1 
 0 1 1 
 0 1 1 
 1 0 0 
 0 1 1 
 1 0 0 
 0 1 1 
 1 1 0 
 0 1 1 
 1 0 0 
 0 1 1 
 1 0 0 
 0 1 1 
 1 0 0 
 0 1 1 
 1 0 0 
 0 1 1 
 0 1 1 
 0 1 1 
 1 0 0 
 1 0 0 
 0 1 1 
 1 0 0 
 0 1 1 
 0 1 1 
 0 1 1 
 1 0 0 
 0 1 1 
 1 0 0 
 1 0 0 
 0 1 1 
 1 0 0 
 0 1 1 
 0 1 1 
 1 0 0 
 0 1 1 
 0 1 1 
 1 0 0 
 0 1 1 
 1 0 0 
 1 0 0 
 0 1 1 
 1 0 0 
 1 0 0 
 0 1 1 
 1 0 0 
 0 1 1 
 0 1 1 
 1 0 0 
 0 1 1 
 0 1 1 
 0 1 1 
 0 1 1 
 0 1 1 
 0 1 1 
 0 1 1 
 1 0 0 
 0 1 1 
 1 0 0 
 0 1 1 
 1 0 0 
 0 1 1 
 1 0 0 
 0 1 1 
 1 0 0 
 0 1 1 
 0 1 1 
 0 1 1 
 1 0 0 
 0 1 1 
 1 0 0 
 0 1 1 
 0 1 1 
 1 0 0 
 1 0 0 
 1 0 0 
 0 1 1 
 1 0 0 
 0 1 1 
 0 1 1 
 0 1 1 
 1 0 0 
 0 1 1 
 0 1 1 
 0 1 1 
 1 0 0 
 0 1 1 
 0 1 1 
 0 1 1 
 0 1 1 
 0 1 1 
 0 1 1 
 1 0 0 
 0 1 1 
 0 1 1 
 0 1 1 
 1 0 0 
 0 1 1 
 0 1 1 
 0 1 1 
 1 0 0 
 0 1 1 
 1 0 0 
 1 0 0 
 0 1 1 
 0 1 1 
 0 1 1 
 1 0 0 
 1 0 0 
 1 0 0 
 0 1 1 
 0 1 1 
 1 0 0 
 1 0 0 
 0 1 1 
 0 1 1 
 1 0 0 
 1 0 0 
 0 1 1 
 1 0 0 
 0 1 1 
 0 1 1 
 0 1 1 
 1 0 0 
 1 0 0 
 0 1 1 
 0 1 1 
 1 0 0 
 0 1 1 
 1 0 0 
 1 0 0 
 1 0 0 
 0 1 1 
 0 1 1 
 0 1 1 
 0 1 1 
 0 1 1 
 0 1 1 
 0 1 1 
 0 1 1 
 1 0 0 
 0 1 1 
 1 0 0 
 1 0 0 
 1 0 0 
 0 1 1 
 0 1 1 
 0 1 1 
 1 0 0 
 1 0 0 
 1 0 0 
 0 1 1 
 0 1 1 
 0 1 1 
 1 0 0 
 0 1 1 
 0 1 1 
 0 1 1 
 1 0 0 
 0 1 1 
 0 1 1 
 1 0 0 
 0 1 1 
 1 0 0 
 0 1 1 
 0 1 1 
 0 1 1 
 1 0 0 
 1 0 0 
 1 0 0 
 0 1 1 
 0 1 1 
 1 0 0 
 0 1 1 
 1 0 0 
 0 1 1 
 0 1 1 
 1 0 0 
 0 1 1 
 1 0 0 
 0 1 1 
 1 0 0 
 1 0 0 
 1 0 0 
 0 1 1 
 0 1 1 
 1 0 0 
 0 1 1 
 1 0 0 
 0 1 1 
 0 1 1 
 0 1 1 
 0 1 1 
 0 1 1 
 1 0 0 
 0 1 1 
 1 0 0 
 1 0 0 
 1 0 0 
 0 1 1 
 1 0 0 
 1 0 0 
 1 0 0 
 0 1 1 
 1 0 0 
 0 1 1 
 1 0 0 
 0 1 1 
 0 1 1 
 0 1 1 
 0 1 1 
 1 0 0 
 0 1 1 
 1 0 0 
 0 1 1 
 0 1 1 
 1 0 0 
 0 1 1 
 1 0 0 
 0 1 1 
 1 0 0 
 0 1 1 
 1 0 0 
 0 1 1 
 0 1 1 
 1 0 0 
 0 1 1 
 1 0 0 
 0 1 1 
 1 0 0 
 0 1 1 
 0 1 1 
 1 0 0 
 0 1 1 
 1 0 0 
 0 1 1 
 1 0 0 
 1 0 0 
 0 1 1 
 1 0 0 
 1 0 0 
 0 1 1 
 0 1 1 
 0 1 1 
 1 0 0 
 1 0 0 
 0 1 1 
 1 0 0 
 1 0 0 
 1 0 0 
 1 0 0 
 0 1 1 
 1 0 0 
 1 0 0 
 1 0 0 
 0 1 1 
 0 1 1 
 0 1 1 
 1 0 0 
 1 0 0 
 0 1 1 
 1 0 0 
 1 0 0 
 0 1 1 
 0 1 1 
 0 1 1 
 0 1 1 
 1 0 0 
 0 1 1 
 1 0 0 
 0 1 1 
 1 0 0 
 0 1 1 
 1 0 0 
 1 0 0 
 0 1 1 
 1 0 0 
 1 0 0 
 0 1 1 
 0 1 1 
 1 0 0 
 1 0 0 
 0 1 1 
 1 0 0 
 1 0 0 
 0 1 1 
 1 0 0 
 1 0 0 
 0 1 1 
 1 0 0 
 0 1 1 
 1 0 0 
 1 0 0 
 0 1 1 
 1 0 0 
 1 0 0 
 1 0 0 
 0 1 1 
 1 0 0 
 0 1 1 
 1 0 0 
 0 1 1 
 0 1 1 
 1 0 0 
 1 0 0 
 1 0 0 
 1 0 0 
 0 1 1 
 1 0 0 
 1 0 0 
 0 1 1 
 0 1 1 
 1 0 0 
 1 0 0 
 0 1 1 
 1 0 0 
 1 0 0 
 0 1 1 
 1 0 0 
 0 1 1 
 1 0 0 
 0 1 1 
 0 1 1 
 1 0 0 
 0 1 1 
 0 1 1 
 1 0 0 
 0 1 1 
 1 0 0 
 1 0 0 
 0 1 1 
 1 0 0 
 0 1 1 
 1 0 0 
 0 1 1 
 1 0 0 
 1 0 0 
 0 1 1 
 1 0 0 
 0 1 1 
 1 0 0 
 0 1 1 
 1 0 0 
 0 1 1 
 1 0 0 
 0 1 1 
 0 1 1 
 1 0 0 
 0 1 1 
 0 1 1 
 0 1 1 
 1 0 0 
 0 1 1 
 0 1 1 
 1 0 0 
 1 0 0 
 0 1 1 
 0 1 1 
 0 1 1 
 1 0 0 
 1 0 0 
 0 1 1 
 0 1 1 
 1 0 0 
 0 1 1 
 1 0 0 
 0 1 1 
 1 0 0 
 1 0 0 
 0 1 1 
 1 0 0 
 0 1 1 
 1 0 0 
 0 1 1 
 1 0 0 
 0 1 1 
 0 1 1 
 0 1 1 
 1 0 0 
 1 0 0 
 0 1 1 
 0 1 1 
 1 0 0 
 0 1 1 
 0 1 1 
 0 0 0 
 0 1 1 
 0 1 1 
 1 0 0 
 1 0 0 
 0 1 1 
 0 1 1 
 0 1 1 
 1 0 0 
 0 1 1 
 1 0 0 
 0 1 1 
 0 1 1 
 0 1 1 
 1 0 0 
 0 1 1 
 1 0 0 
 1 0 0 
 1 0 0 
 0 1 1 
 1 0 0 
 0 1 1 
 1 0 0 
 1 0 0 
 0 1 1 
 1 0 0 
 0 1 1 
 0 1 1 
 1 0 0 
 0 1 1 
 1 0 0 
 0 1 1 
 0 1 1 
 0 1 1 
 1 0 0 
 1 0 0 
 1 1 1 
 0 0 1 
 0 1 1 
 1 0 1 
 0 0 1 
 1 0 1 
 0 0 1 
 1 0 1 
 0 0 1 
 1 0 1 
 0 0 1 
 1 0 1 
 0 0 1 
 1 1 0 
 0 0 1 
 0 1 1 
 1 0 0 
 0 0 1 
 1 0 0 
 0 1 1 
 1 1 0 
 0 0 1 
 1 1 0 
 0 0 1 
 1 1 0 
 0 0 1 
 1 1 1 
 0 0 1 
 1 0 1 
 0 0 1 
 0 0 0 
 1 0 0 
 0 0 1 
 1 1 0 
 0 0 0 
 1 1 0 
 0 1 1 
 1 1 1 
 0 0 1 
 1 1 0 
 0 1 0 
 1 1 0 
 0 0 0 
 0 0 1 
 1 0 0 
 0 1 1 
 1 0 0 
 0 1 1 
 1 0 0 
 0 0 1 
 1 1 0 
 0 1 0 
 1 1 1 
 0 0 0 
 1 1 0 
 1 1 1 
 0 0 0 
 1 1 1 
 0 0 1 
 0 1 1 
 1 0 0 
 0 1 1 
 1 0 0 
 0 0 1 
 1 1 0 
 0 0 1 
 1 1 0 
 0 1 0 
 1 1 0 
 0 1 0 
 1 0 0 
 0 0 1 
 0 0 1 
 1 0 1 
 0 0 1 
 1 0 0 
 0 0 1 
 1 1 1 
 0 0 0 
 1 0 0 
 0 0 1 
 1 0 1 
 0 0 1 
 1 1 1 
 0 1 1 
 EdgeNode 
1 8 317 318 
 8 7 319 320 
 7 9 321 322 
 9 10 323 324 
 10 6 325 326 
 3 12 327 328 
 12 11 329 330 
 11 13 331 332 
 13 14 333 334 
 14 2 335 336 
 4 16 337 338 
 16 15 339 340 
 15 17 341 342 
 17 18 343 344 
 18 3 345 346 
 5 22 347 348 
 22 21 349 350 
 21 23 351 352 
 23 24 353 354 
 24 20 355 356 
 20 26 357 358 
 26 25 359 360 
 25 27 361 362 
 27 28 363 364 
 28 19 365 366 
 19 31 367 368 
 31 30 369 370 
 30 32 371 372 
 32 33 373 374 
 33 29 375 376 
 29 35 377 378 
 35 34 379 380 
 34 36 381 382 
 36 37 383 384 
 37 4 385 386 
 6 39 387 388 
 39 38 389 390 
 38 40 391 392 
 40 41 393 394 
 41 5 395 396 
 2 45 397 398 
 45 44 399 400 
 44 46 401 402 
 46 47 403 404 
 47 43 405 406 
 43 49 407 408 
 49 48 409 410 
 48 50 411 412 
 50 51 413 414 
 51 42 415 416 
 42 54 417 418 
 54 53 419 420 
 53 55 421 422 
 55 56 423 424 
 56 52 425 426 
 52 58 427 428 
 58 57 429 430 
 57 59 431 432 
 59 60 433 434 
 60 1 435 436 
 14 62 437 438 
 2 62 439 440 
 45 62 441 442 
 44 63 443 444 
 45 63 445 446 
 62 63 447 448 
 37 69 449 450 
 4 69 451 452 
 16 69 453 454 
 1 74 455 456 
 8 74 457 458 
 60 74 459 460 
 41 75 461 462 
 5 75 463 464 
 22 75 465 466 
 63 76 467 468 
 64 76 469 470 
 12 77 471 472 
 11 77 473 474 
 11 78 475 476 
 13 78 477 478 
 77 78 479 480 
 64 78 481 482 
 65 79 483 484 
 66 84 485 486 
 81 84 487 488 
 66 85 489 490 
 84 85 491 492 
 32 86 493 494 
 30 86 495 496 
 67 89 497 498 
 86 89 499 500 
 31 89 501 502 
 30 89 503 504 
 68 90 505 506 
 80 91 507 508 
 65 92 509 510 
 68 92 511 512 
 88 94 513 514 
 70 95 515 516 
 93 96 517 518 
 91 98 519 520 
 68 99 521 522 
 71 99 523 524 
 9 101 525 526 
 7 101 527 528 
 57 102 529 530 
 101 104 531 532 
 10 104 533 534 
 9 104 535 536 
 72 105 537 538 
 102 105 539 540 
 59 105 541 542 
 23 106 543 544 
 21 106 545 546 
 38 107 547 548 
 73 107 549 550 
 106 108 551 552 
 73 109 553 554 
 107 109 555 556 
 40 109 557 558 
 38 109 559 560 
 46 110 561 562 
 44 110 563 564 
 76 110 565 566 
 3 111 567 568 
 12 111 569 570 
 77 111 571 572 
 64 112 573 574 
 78 112 575 576 
 77 112 577 578 
 13 113 579 580 
 78 113 581 582 
 63 113 583 584 
 64 113 585 586 
 14 113 587 588 
 43 114 589 590 
 49 114 591 592 
 65 115 593 594 
 79 115 595 596 
 114 115 597 598 
 50 116 599 600 
 79 116 601 602 
 51 116 603 604 
 48 117 605 606 
 115 117 607 608 
 79 117 609 610 
 80 118 611 612 
 61 118 613 614 
 91 118 615 616 
 80 247 617 618 
 92 247 619 620 
 17 119 621 622 
 81 119 623 624 
 18 119 625 626 
 66 120 627 628 
 81 120 629 630 
 84 120 631 632 
 29 121 633 634 
 35 121 635 636 
 82 121 637 638 
 66 122 639 640 
 85 122 641 642 
 82 122 643 644 
 35 124 645 646 
 34 124 647 648 
 121 124 649 650 
 82 124 651 652 
 122 124 653 654 
 112 125 655 656 
 77 125 657 658 
 111 126 659 660 
 125 126 661 662 
 83 126 663 664 
 120 127 665 666 
 83 129 667 668 
 126 129 669 670 
 3 129 671 672 
 111 129 673 674 
 16 130 675 676 
 69 130 677 678 
 15 130 679 680 
 84 130 681 682 
 15 131 683 684 
 17 131 685 686 
 81 131 687 688 
 84 131 689 690 
 130 131 691 692 
 119 131 693 694 
 34 132 695 696 
 36 132 697 698 
 85 132 699 700 
 124 132 701 702 
 122 132 703 704 
 37 133 705 706 
 69 133 707 708 
 130 133 709 710 
 36 133 711 712 
 85 133 713 714 
 132 133 715 716 
 32 134 717 718 
 86 134 719 720 
 33 134 721 722 
 87 135 723 724 
 80 135 725 726 
 80 136 727 728 
 118 136 729 730 
 135 136 731 732 
 87 136 733 734 
 67 137 735 736 
 88 137 737 738 
 61 138 739 740 
 94 138 741 742 
 88 138 743 744 
 67 139 745 746 
 95 139 747 748 
 88 139 749 750 
 137 139 751 752 
 87 140 753 754 
 137 140 755 756 
 88 140 757 758 
 138 140 759 760 
 42 141 761 762 
 54 141 763 764 
 90 141 765 766 
 71 142 767 768 
 99 142 769 770 
 90 142 771 772 
 54 143 773 774 
 53 143 775 776 
 90 143 777 778 
 142 143 779 780 
 141 143 781 782 
 65 144 783 784 
 92 144 785 786 
 79 144 787 788 
 116 144 789 790 
 68 145 791 792 
 92 145 793 794 
 90 145 795 796 
 144 145 797 798 
 68 146 799 800 
 92 146 801 802 
 91 146 803 804 
 80 146 805 806 
 247 146 807 808 
 27 147 809 810 
 28 147 811 812 
 93 147 813 814 
 97 147 815 816 
 70 148 817 818 
 96 148 819 820 
 93 148 821 822 
 67 149 823 824 
 95 149 825 826 
 89 149 827 828 
 70 150 829 830 
 95 150 831 832 
 94 150 833 834 
 88 150 835 836 
 139 150 837 838 
 70 151 839 840 
 95 151 841 842 
 149 151 843 844 
 148 151 845 846 
 96 151 847 848 
 93 152 849 850 
 96 152 851 852 
 28 152 853 854 
 19 152 855 856 
 147 152 857 858 
 31 153 859 860 
 89 153 861 862 
 96 153 863 864 
 151 153 865 866 
 19 153 867 868 
 149 153 869 870 
 148 154 871 872 
 97 154 873 874 
 93 154 875 876 
 25 155 877 878 
 97 155 879 880 
 27 155 881 882 
 91 156 883 884 
 98 156 885 886 
 61 156 887 888 
 118 156 889 890 
 94 157 891 892 
 156 157 893 894 
 61 157 895 896 
 91 158 897 898 
 98 158 899 900 
 68 158 901 902 
 99 158 903 904 
 146 158 905 906 
 71 159 907 908 
 99 159 909 910 
 98 159 911 912 
 158 159 913 914 
 56 160 915 916 
 55 160 917 918 
 100 160 919 920 
 71 161 921 922 
 100 161 923 924 
 142 161 925 926 
 53 162 927 928 
 55 162 929 930 
 143 162 931 932 
 160 162 933 934 
 100 162 935 936 
 8 163 937 938 
 7 163 939 940 
 101 163 941 942 
 74 163 943 944 
 102 165 945 946 
 164 165 947 948 
 103 165 949 950 
 161 167 951 952 
 100 167 953 954 
 103 168 955 956 
 165 168 957 958 
 72 169 959 960 
 101 169 961 962 
 104 169 963 964 
 10 170 965 966 
 104 170 967 968 
 6 170 969 970 
 60 171 971 972 
 74 171 973 974 
 163 171 975 976 
 59 171 977 978 
 105 171 979 980 
 22 172 981 982 
 21 172 983 984 
 106 172 985 986 
 75 172 987 988 
 39 173 989 990 
 38 173 991 992 
 107 173 993 994 
 73 174 995 996 
 106 174 997 998 
 108 174 999 1000 
 24 175 1001 1002 
 108 175 1003 1004 
 20 175 1005 1006 
 41 176 1007 1008 
 75 176 1009 1010 
 172 176 1011 1012 
 40 176 1013 1014 
 109 176 1015 1016 
 47 177 1017 1018 
 43 177 1019 1020 
 114 177 1021 1022 
 48 178 1023 1024 
 117 178 1025 1026 
 50 178 1027 1028 
 79 178 1029 1030 
 116 178 1031 1032 
 67 179 1033 1034 
 86 179 1035 1036 
 123 179 1037 1038 
 82 180 1039 1040 
 123 180 1041 1042 
 137 181 1043 1044 
 179 181 1045 1046 
 67 181 1047 1048 
 134 182 1049 1050 
 123 182 1051 1052 
 180 182 1053 1054 
 66 183 1055 1056 
 120 183 1057 1058 
 127 183 1059 1060 
 81 184 1061 1062 
 119 184 1063 1064 
 120 184 1065 1066 
 127 184 1067 1068 
 128 185 1069 1070 
 128 188 1071 1072 
 18 189 1073 1074 
 119 189 1075 1076 
 3 189 1077 1078 
 129 189 1079 1080 
 184 189 1081 1082 
 118 190 1083 1084 
 136 190 1085 1086 
 138 190 1087 1088 
 140 190 1089 1090 
 61 190 1091 1092 
 87 190 1093 1094 
 51 191 1095 1096 
 116 191 1097 1098 
 42 191 1099 1100 
 141 191 1101 1102 
 94 192 1103 1104 
 154 192 1105 1106 
 70 192 1107 1108 
 150 192 1109 1110 
 192 193 1111 1112 
 142 194 1113 1114 
 161 194 1115 1116 
 143 194 1117 1118 
 162 194 1119 1120 
 100 194 1121 1122 
 101 195 1123 1124 
 163 195 1125 1126 
 171 195 1127 1128 
 72 195 1129 1130 
 169 195 1131 1132 
 105 195 1133 1134 
 102 196 1135 1136 
 168 196 1137 1138 
 58 196 1139 1140 
 57 196 1141 1142 
 52 196 1143 1144 
 71 201 1145 1146 
 167 201 1147 1148 
 161 201 1149 1150 
 56 202 1151 1152 
 160 202 1153 1154 
 52 202 1155 1156 
 168 202 1157 1158 
 103 203 1159 1160 
 168 203 1161 1162 
 167 203 1163 1164 
 202 203 1165 1166 
 100 203 1167 1168 
 160 203 1169 1170 
 72 204 1171 1172 
 169 204 1173 1174 
 164 204 1175 1176 
 106 205 1177 1178 
 172 205 1179 1180 
 176 205 1181 1182 
 73 205 1183 1184 
 174 205 1185 1186 
 109 205 1187 1188 
 6 206 1189 1190 
 170 206 1191 1192 
 173 206 1193 1194 
 39 206 1195 1196 
 47 207 1197 1198 
 177 207 1199 1200 
 110 207 1201 1202 
 86 208 1203 1204 
 179 208 1205 1206 
 134 208 1207 1208 
 182 208 1209 1210 
 123 208 1211 1212 
 82 209 1213 1214 
 180 209 1215 1216 
 122 209 1217 1218 
 137 210 1219 1220 
 181 210 1221 1222 
 87 210 1223 1224 
 140 210 1225 1226 
 179 211 1227 1228 
 181 211 1229 1230 
 123 211 1231 1232 
 29 212 1233 1234 
 121 212 1235 1236 
 182 212 1237 1238 
 33 212 1239 1240 
 83 213 1241 1242 
 129 213 1243 1244 
 127 213 1245 1246 
 184 213 1247 1248 
 189 213 1249 1250 
 114 214 1251 1252 
 185 214 1253 1254 
 115 214 1255 1256 
 114 215 1257 1258 
 177 215 1259 1260 
 214 215 1261 1262 
 185 215 1263 1264 
 83 216 1265 1266 
 186 216 1267 1268 
 125 216 1269 1270 
 126 216 1271 1272 
 83 217 1273 1274 
 186 217 1275 1276 
 213 217 1277 1278 
 135 218 1279 1280 
 187 218 1281 1282 
 87 218 1283 1284 
 210 218 1285 1286 
 135 219 1287 1288 
 218 219 1289 1290 
 187 219 1291 1292 
 187 220 1293 1294 
 218 220 1295 1296 
 210 220 1297 1298 
 128 221 1299 1300 
 185 221 1301 1302 
 76 222 1303 1304 
 188 222 1305 1306 
 110 222 1307 1308 
 207 222 1309 1310 
 64 223 1311 1312 
 76 223 1313 1314 
 222 223 1315 1316 
 188 223 1317 1318 
 128 224 1319 1320 
 188 224 1321 1322 
 185 224 1323 1324 
 215 224 1325 1326 
 128 225 1327 1328 
 188 225 1329 1330 
 186 225 1331 1332 
 216 225 1333 1334 
 223 225 1335 1336 
 141 226 1337 1338 
 191 226 1339 1340 
 144 226 1341 1342 
 145 226 1343 1344 
 90 226 1345 1346 
 116 226 1347 1348 
 97 227 1349 1350 
 154 227 1351 1352 
 193 227 1353 1354 
 192 227 1355 1356 
 94 228 1357 1358 
 157 228 1359 1360 
 193 228 1361 1362 
 197 229 1363 1364 
 107 229 1365 1366 
 73 229 1367 1368 
 197 230 1369 1370 
 229 230 1371 1372 
 174 230 1373 1374 
 73 230 1375 1376 
 166 231 1377 1378 
 197 231 1379 1380 
 103 232 1381 1382 
 198 232 1383 1384 
 164 233 1385 1386 
 198 233 1387 1388 
 232 233 1389 1390 
 103 233 1391 1392 
 165 233 1393 1394 
 167 234 1395 1396 
 232 234 1397 1398 
 103 234 1399 1400 
 203 234 1401 1402 
 166 235 1403 1404 
 198 235 1405 1406 
 108 238 1407 1408 
 200 239 1409 1410 
 169 239 1411 1412 
 204 239 1413 1414 
 104 240 1415 1416 
 170 240 1417 1418 
 200 240 1419 1420 
 239 240 1421 1422 
 164 241 1423 1424 
 204 241 1425 1426 
 72 241 1427 1428 
 102 241 1429 1430 
 165 241 1431 1432 
 105 241 1433 1434 
 200 242 1435 1436 
 240 242 1437 1438 
 206 242 1439 1440 
 170 242 1441 1442 
 122 243 1443 1444 
 209 243 1445 1446 
 66 243 1447 1448 
 183 243 1449 1450 
 123 244 1451 1452 
 211 244 1453 1454 
 180 244 1455 1456 
 187 245 1457 1458 
 219 245 1459 1460 
 221 245 1461 1462 
 214 245 1463 1464 
 185 245 1465 1466 
 127 246 1467 1468 
 217 246 1469 1470 
 135 247 1471 1472 
 219 247 1473 1474 
 65 247 1475 1476 
 181 248 1477 1478 
 211 248 1479 1480 
 210 248 1481 1482 
 220 248 1483 1484 
 64 250 1485 1486 
 223 250 1487 1488 
 125 250 1489 1490 
 216 250 1491 1492 
 112 250 1493 1494 
 225 250 1495 1496 
 207 251 1497 1498 
 222 251 1499 1500 
 177 251 1501 1502 
 188 251 1503 1504 
 224 251 1505 1506 
 215 251 1507 1508 
 157 252 1509 1510 
 228 252 1511 1512 
 156 252 1513 1514 
 107 253 1515 1516 
 229 253 1517 1518 
 173 253 1519 1520 
 166 254 1521 1522 
 231 254 1523 1524 
 200 254 1525 1526 
 242 254 1527 1528 
 239 255 1529 1530 
 198 255 1531 1532 
 233 255 1533 1534 
 204 255 1535 1536 
 167 256 1537 1538 
 234 256 1539 1540 
 201 256 1541 1542 
 200 257 1543 1544 
 255 257 1545 1546 
 235 257 1547 1548 
 166 257 1549 1550 
 198 258 1551 1552 
 232 258 1553 1554 
 26 259 1555 1556 
 236 259 1557 1558 
 155 259 1559 1560 
 20 260 1561 1562 
 26 260 1563 1564 
 175 260 1565 1566 
 259 260 1567 1568 
 236 260 1569 1570 
 166 261 1571 1572 
 235 261 1573 1574 
 231 261 1575 1576 
 262 261 1577 1578 
 197 262 1579 1580 
 231 262 1581 1582 
 227 263 1583 1584 
 237 263 1585 1586 
 193 263 1587 1588 
 97 264 1589 1590 
 227 264 1591 1592 
 263 264 1593 1594 
 237 264 1595 1596 
 199 265 1597 1598 
 237 265 1599 1600 
 174 266 1601 1602 
 230 266 1603 1604 
 108 266 1605 1606 
 238 266 1607 1608 
 199 267 1609 1610 
 238 267 1611 1612 
 262 267 1613 1614 
 180 268 1615 1616 
 244 268 1617 1618 
 209 268 1619 1620 
 214 269 1621 1622 
 245 269 1623 1624 
 115 269 1625 1626 
 247 269 1627 1628 
 65 269 1629 1630 
 183 270 1631 1632 
 246 270 1633 1634 
 127 270 1635 1636 
 211 271 1637 1638 
 248 271 1639 1640 
 244 271 1641 1642 
 217 272 1643 1644 
 246 272 1645 1646 
 249 272 1647 1648 
 186 273 1649 1650 
 272 273 1651 1652 
 217 273 1653 1654 
 187 274 1655 1656 
 221 274 1657 1658 
 249 274 1659 1660 
 220 275 1661 1662 
 249 275 1663 1664 
 274 275 1665 1666 
 187 275 1667 1668 
 263 276 1669 1670 
 228 276 1671 1672 
 193 276 1673 1674 
 98 277 1675 1676 
 159 277 1677 1678 
 252 277 1679 1680 
 156 277 1681 1682 
 206 278 1683 1684 
 242 278 1685 1686 
 254 278 1687 1688 
 173 278 1689 1690 
 253 278 1691 1692 
 234 279 1693 1694 
 258 279 1695 1696 
 256 279 1697 1698 
 264 280 1699 1700 
 97 280 1701 1702 
 236 280 1703 1704 
 259 280 1705 1706 
 155 280 1707 1708 
 175 281 1709 1710 
 260 281 1711 1712 
 236 281 1713 1714 
 108 281 1715 1716 
 238 281 1717 1718 
 235 282 1719 1720 
 258 282 1721 1722 
 198 282 1723 1724 
 199 283 1725 1726 
 265 283 1727 1728 
 236 283 1729 1730 
 280 283 1731 1732 
 199 284 1733 1734 
 265 284 1735 1736 
 267 284 1737 1738 
 262 284 1739 1740 
 230 285 1741 1742 
 266 285 1743 1744 
 262 285 1745 1746 
 267 285 1747 1748 
 238 285 1749 1750 
 197 285 1751 1752 
 209 286 1753 1754 
 268 286 1755 1756 
 243 286 1757 1758 
 249 287 1759 1760 
 272 287 1761 1762 
 270 287 1763 1764 
 246 287 1765 1766 
 244 288 1767 1768 
 271 288 1769 1770 
 268 288 1771 1772 
 186 289 1773 1774 
 273 289 1775 1776 
 128 289 1777 1778 
 221 289 1779 1780 
 225 289 1781 1782 
 249 290 1783 1784 
 274 290 1785 1786 
 273 290 1787 1788 
 289 290 1789 1790 
 221 290 1791 1792 
 248 291 1793 1794 
 271 291 1795 1796 
 220 291 1797 1798 
 275 291 1799 1800 
 237 292 1801 1802 
 263 292 1803 1804 
 276 292 1805 1806 
 228 293 1807 1808 
 276 293 1809 1810 
 252 293 1811 1812 
 197 294 1813 1814 
 229 294 1815 1816 
 231 294 1817 1818 
 253 294 1819 1820 
 278 294 1821 1822 
 254 294 1823 1824 
 258 295 1825 1826 
 282 295 1827 1828 
 279 295 1829 1830 
 199 296 1831 1832 
 283 296 1833 1834 
 238 296 1835 1836 
 281 296 1837 1838 
 267 296 1839 1840 
 236 296 1841 1842 
 261 297 1843 1844 
 262 297 1845 1846 
 284 297 1847 1848 
 243 298 1849 1850 
 286 298 1851 1852 
 270 298 1853 1854 
 286 299 1855 1856 
 298 299 1857 1858 
 287 299 1859 1860 
 270 299 1861 1862 
 271 300 1863 1864 
 291 300 1865 1866 
 288 300 1867 1868 
 249 301 1869 1870 
 287 301 1871 1872 
 291 301 1873 1874 
 300 301 1875 1876 
 275 301 1877 1878 
 299 301 1879 1880 
 265 302 1881 1882 
 237 302 1883 1884 
 292 302 1885 1886 
 256 303 1887 1888 
 201 303 1889 1890 
 312 303 1891 1892 
 277 304 1893 1894 
 312 304 1895 1896 
 293 304 1897 1898 
 252 304 1899 1900 
 276 305 1901 1902 
 293 305 1903 1904 
 304 305 1905 1906 
 261 307 1907 1908 
 297 307 1909 1910 
 282 307 1911 1912 
 268 308 1913 1914 
 288 308 1915 1916 
 300 308 1917 1918 
 286 308 1919 1920 
 299 308 1921 1922 
 301 308 1923 1924 
 279 309 1925 1926 
 295 309 1927 1928 
 256 309 1929 1930 
 303 309 1931 1932 
 159 310 1933 1934 
 304 310 1935 1936 
 201 310 1937 1938 
 303 310 1939 1940 
 71 310 1941 1942 
 312 310 1943 1944 
 284 311 1945 1946 
 297 311 1947 1948 
 265 311 1949 1950 
 306 311 1951 1952 
 302 311 1953 1954 
 305 312 1955 1956 
 306 312 1957 1958 
 292 313 1959 1960 
 302 313 1961 1962 
 305 313 1963 1964 
 312 313 1965 1966 
 306 313 1967 1968 
 306 314 1969 1970 
 311 314 1971 1972 
 297 314 1973 1974 
 307 314 1975 1976 
 303 315 1977 1978 
 309 315 1979 1980 
 312 315 1981 1982 
 314 315 1983 1984 
 306 315 1985 1986 
 282 316 1987 1988 
 295 316 1989 1990 
 314 316 1991 1992 
 315 316 1993 1994 
 307 316 1995 1996 
 309 316 1997 1998 
 113 62 1999 2000 
 49 117 2001 2002 
 179 89 2003 2004 
 138 157 2005 2006 
 149 139 2007 2008 
 152 153 2009 2010 
 155 147 2011 2012 
 102 59 2013 2014 
 23 175 2015 2016 
 106 175 2017 2018 
 46 207 2019 2020 
 111 125 2021 2022 
 130 85 2023 2024 
 99 90 2025 2026 
 259 25 2027 2028 
 202 196 2029 2030 
 212 82 2031 2032 
 134 212 2033 2034 
 154 70 2035 2036 
 102 168 2037 2038 
 246 213 2039 2040 
 83 186 2041 2042 
 193 94 2043 2044 
 164 255 2045 2046 
 219 269 2047 2048 
 239 257 2049 2050 
 200 166 2051 2052 
 279 232 2053 2054 
 298 183 2055 2056 
 290 272 2057 2058 
 237 283 2059 2060 
 235 307 2061 2062 
 277 310 2063 2064 
 292 305 2065 2066 
 306 302 2067 2068 
 97 93 2069 2070 
 63 110 2071 2072 
 114 117 2073 2074 
 245 274 2075 2076 
 169 240 2077 2078 
 257 198 2079 2080 
 264 283 2081 2082 
 113 76 2083 2084 
 212 180 2085 2086 
 bcElement 60
1 80 1 
4 80 1 
25 80 1 
505 80 1 
159 80 1 
33 80 1 
488 80 1 
162 80 1 
35 80 1 
185 80 1 
81 80 1 
83 80 1 
132 80 1 
130 80 1 
206 80 1 
202 80 1 
200 80 1 
500 80 2 
147 80 1 
8 80 1 
7 134 1 
136 134 1 
18 134 1 
20 134 1 
143 134 1 
220 26 1 
151 26 1 
24 26 1 
158 26 1 
9 26 1 
10 31 1 
148 31 1 
21 31 1 
501 31 1 
154 31 1 
335 31 1 
513 31 2 
118 31 1 
97 31 1 
109 31 1 
114 31 1 
16 31 1 
15 31 1 
71 31 1 
236 31 1 
43 31 1 
45 31 1 
61 31 1 
67 31 1 
5 31 1 
6 36 1 
54 36 1 
55 36 1 
40 36 1 
175 36 1 
26 83 1 
11 83 1 
12 83 1 
32 83 1 
2 83 1 
