Edge min = 0.016153, max=0.041923, average=0.029577;
Grid_size 556
Node_size 321
Total_DOF 4617
maxDOF 15
Solution_Order
4 4 4 
 meshIEN 
4 92 76 
 90 1 43 
 151 121 3 
 3 48 151 
 152 123 122 
 152 15 2 
 152 2 123 
 169 14 15 
 153 169 171 
 171 169 15 
 15 152 171 
 49 46 172 
 173 13 16 
 153 170 174 
 174 169 153 
 175 17 18 
 51 50 176 
 177 173 154 
 154 172 177 
 178 12 19 
 52 45 179 
 180 175 155 
 155 176 180 
 181 21 22 
 55 54 182 
 183 178 156 
 156 179 183 
 56 53 184 
 185 20 23 
 157 182 186 
 186 181 157 
 187 24 25 
 58 57 188 
 189 185 158 
 158 184 189 
 190 11 26 
 59 44 191 
 192 187 159 
 159 188 192 
 62 64 193 
 63 62 193 
 194 31 29 
 194 29 30 
 160 191 195 
 195 190 160 
 198 196 162 
 162 197 198 
 66 65 199 
 200 32 33 
 162 196 201 
 201 197 162 
 202 27 34 
 67 60 203 
 204 200 163 
 163 199 204 
 70 69 205 
 206 36 37 
 164 203 207 
 207 202 164 
 71 68 208 
 209 35 38 
 165 205 210 
 210 206 165 
 73 72 211 
 212 39 40 
 166 208 213 
 213 209 166 
 214 43 42 
 214 42 41 
 74 75 215 
 216 212 167 
 167 211 216 
 217 91 90 
 217 214 168 
 43 214 217 
 90 43 217 
 218 151 48 
 48 47 218 
 49 172 219 
 219 174 170 
 154 174 219 
 219 172 154 
 47 49 219 
 220 173 16 
 169 174 220 
 220 174 154 
 154 173 220 
 14 169 220 
 220 16 14 
 221 175 18 
 173 177 221 
 221 177 155 
 155 175 221 
 13 173 221 
 221 18 13 
 51 176 222 
 222 177 172 
 155 177 222 
 222 176 155 
 222 172 46 
 46 51 222 
 223 178 19 
 175 180 223 
 223 180 156 
 156 178 223 
 17 175 223 
 223 19 17 
 52 179 224 
 224 180 176 
 156 180 224 
 224 179 156 
 224 176 50 
 50 52 224 
 225 181 22 
 178 183 225 
 225 183 157 
 157 181 225 
 12 178 225 
 225 22 12 
 55 182 226 
 226 183 179 
 157 183 226 
 226 182 157 
 226 179 45 
 45 55 226 
 56 184 227 
 227 186 182 
 158 186 227 
 227 184 158 
 227 182 54 
 54 56 227 
 228 185 23 
 181 186 228 
 228 186 158 
 158 185 228 
 21 181 228 
 228 23 21 
 229 187 25 
 185 189 229 
 229 189 159 
 159 187 229 
 20 185 229 
 229 25 20 
 58 188 230 
 230 189 184 
 159 189 230 
 230 188 159 
 230 184 53 
 53 58 230 
 231 190 26 
 187 192 231 
 231 192 160 
 160 190 231 
 24 187 231 
 231 26 24 
 59 191 232 
 232 192 188 
 160 192 232 
 232 191 160 
 232 188 57 
 57 59 232 
 63 193 233 
 233 195 191 
 161 195 233 
 233 193 161 
 233 191 44 
 44 63 233 
 234 194 30 
 190 195 234 
 234 195 161 
 161 194 234 
 11 190 234 
 234 30 11 
 196 198 235 
 235 193 64 
 61 196 235 
 64 61 235 
 235 198 161 
 161 193 235 
 236 198 197 
 31 194 236 
 236 28 31 
 236 197 28 
 161 198 236 
 236 194 161 
 66 199 237 
 237 201 196 
 163 201 237 
 237 199 163 
 237 196 61 
 61 66 237 
 238 200 33 
 197 201 238 
 238 201 163 
 163 200 238 
 28 197 238 
 238 33 28 
 239 202 34 
 200 204 239 
 239 204 164 
 164 202 239 
 32 200 239 
 239 34 32 
 67 203 240 
 240 204 199 
 164 204 240 
 240 203 164 
 240 199 65 
 65 67 240 
 70 205 241 
 241 207 203 
 165 207 241 
 241 205 165 
 241 203 60 
 60 70 241 
 242 206 37 
 202 207 242 
 242 207 165 
 165 206 242 
 27 202 242 
 242 37 27 
 71 208 243 
 243 210 205 
 166 210 243 
 243 208 166 
 243 205 69 
 69 71 243 
 244 209 38 
 206 210 244 
 244 210 166 
 166 209 244 
 36 206 244 
 244 38 36 
 73 211 245 
 245 213 208 
 167 213 245 
 245 211 167 
 245 208 68 
 68 73 245 
 246 212 40 
 209 213 246 
 246 213 167 
 167 212 246 
 35 209 246 
 246 40 35 
 76 92 247 
 247 215 75 
 75 76 247 
 91 217 247 
 247 92 91 
 248 214 41 
 212 216 248 
 248 216 168 
 168 214 248 
 39 212 248 
 248 41 39 
 74 215 249 
 249 216 211 
 168 216 249 
 249 215 168 
 249 211 72 
 72 74 249 
 250 122 121 
 121 151 250 
 153 171 251 
 171 250 251 
 251 170 153 
 251 218 170 
 250 171 152 
 152 122 250 
 215 247 217 
 217 168 215 
 251 250 151 
 151 218 251 
 170 218 47 
 47 219 170 
 4 76 93 
 252 120 9 
 252 9 150 
 253 3 120 
 253 48 3 
 120 252 253 
 254 150 148 
 254 252 150 
 254 253 252 
 255 148 149 
 255 254 148 
 255 47 48 
 256 149 145 
 256 255 149 
 47 255 256 
 256 49 47 
 257 145 147 
 257 256 145 
 49 256 257 
 257 46 49 
 258 147 146 
 258 257 147 
 46 257 258 
 258 51 46 
 259 146 138 
 259 258 146 
 51 258 259 
 259 50 51 
 260 138 144 
 260 259 138 
 50 259 260 
 260 52 50 
 261 144 142 
 261 260 144 
 52 260 261 
 261 45 52 
 262 142 143 
 262 261 142 
 45 261 262 
 262 55 45 
 263 143 139 
 263 262 143 
 55 262 263 
 263 54 55 
 264 139 141 
 264 263 139 
 54 263 264 
 264 56 54 
 265 141 140 
 265 264 141 
 56 264 265 
 265 53 56 
 266 140 125 
 266 265 140 
 53 265 266 
 266 58 53 
 267 125 137 
 267 266 125 
 58 266 267 
 267 57 58 
 268 137 135 
 268 267 137 
 57 267 268 
 268 59 57 
 269 135 136 
 269 268 135 
 59 268 269 
 269 44 59 
 270 136 132 
 270 269 136 
 44 269 270 
 270 63 44 
 271 132 134 
 271 270 132 
 63 270 271 
 271 62 63 
 272 134 133 
 272 271 134 
 62 271 272 
 272 64 62 
 273 133 126 
 273 272 133 
 64 272 273 
 273 61 64 
 274 126 131 
 274 273 126 
 61 273 274 
 274 66 61 
 275 131 130 
 275 274 131 
 66 274 275 
 275 65 66 
 276 130 127 
 276 275 130 
 65 275 276 
 276 67 65 
 277 127 129 
 277 276 127 
 67 276 277 
 277 60 67 
 278 129 128 
 278 277 129 
 60 277 278 
 278 70 60 
 279 128 10 
 279 278 128 
 70 278 279 
 279 69 70 
 280 10 88 
 280 279 10 
 69 279 280 
 280 71 69 
 281 88 87 
 281 280 88 
 71 280 281 
 281 68 71 
 282 87 86 
 282 281 87 
 68 281 282 
 282 73 68 
 283 86 83 
 283 282 86 
 73 282 283 
 283 72 73 
 284 83 85 
 284 283 83 
 72 283 284 
 284 74 72 
 285 85 84 
 285 284 85 
 74 284 285 
 285 75 74 
 93 76 286 
 286 285 84 
 286 6 93 
 286 84 6 
 75 285 286 
 286 76 75 
 254 255 48 
 48 253 254 
 43 1 89 
 2 15 287 
 287 124 2 
 288 97 8 
 288 8 124 
 124 287 288 
 289 98 97 
 97 288 289 
 289 288 287 
 290 96 98 
 98 289 290 
 15 14 290 
 291 99 96 
 96 290 291 
 291 290 14 
 14 16 291 
 292 100 99 
 99 291 292 
 292 291 16 
 16 13 292 
 293 95 100 
 100 292 293 
 293 292 13 
 13 18 293 
 294 102 95 
 95 293 294 
 294 293 18 
 18 17 294 
 295 103 102 
 102 294 295 
 295 294 17 
 17 19 295 
 296 101 103 
 103 295 296 
 296 295 19 
 19 12 296 
 297 105 101 
 101 296 297 
 297 296 12 
 12 22 297 
 298 104 105 
 105 297 298 
 298 297 22 
 22 21 298 
 299 106 104 
 104 298 299 
 299 298 21 
 21 23 299 
 300 94 106 
 106 299 300 
 300 299 23 
 23 20 300 
 301 109 94 
 94 300 301 
 301 300 20 
 20 25 301 
 302 110 109 
 109 301 302 
 302 301 25 
 25 24 302 
 303 108 110 
 110 302 303 
 303 302 24 
 24 26 303 
 304 112 108 
 108 303 304 
 304 303 26 
 26 11 304 
 305 111 112 
 112 304 305 
 305 304 11 
 11 30 305 
 306 113 111 
 111 305 306 
 306 305 30 
 30 29 306 
 307 107 113 
 113 306 307 
 307 306 29 
 29 31 307 
 308 115 107 
 107 307 308 
 308 307 31 
 31 28 308 
 309 116 115 
 115 308 309 
 309 308 28 
 28 33 309 
 310 114 116 
 116 309 310 
 310 309 33 
 33 32 310 
 311 118 114 
 114 310 311 
 311 310 32 
 32 34 311 
 312 117 118 
 118 311 312 
 312 311 34 
 34 27 312 
 313 119 117 
 117 312 313 
 313 312 27 
 27 37 313 
 314 7 119 
 119 313 314 
 314 313 37 
 37 36 314 
 315 78 7 
 7 314 315 
 315 314 36 
 36 38 315 
 316 79 78 
 78 315 316 
 316 315 38 
 38 35 316 
 317 77 79 
 79 316 317 
 317 316 35 
 35 40 317 
 318 80 77 
 77 317 318 
 318 317 40 
 40 39 318 
 319 81 80 
 80 318 319 
 319 318 39 
 39 41 319 
 320 82 81 
 81 319 320 
 320 319 41 
 41 42 320 
 43 89 321 
 82 320 321 
 321 89 5 
 321 5 82 
 321 320 42 
 42 43 321 
 289 287 15 
 15 290 289 
 solutionIEN 
4 92 76 585 584 583 780 779 778 523 524 525 2950 2951 2952 
 90 1 43 576 575 574 423 422 421 783 782 781 2953 2954 2955 
 151 121 3 789 788 787 681 680 679 784 785 786 2956 2957 2958 
 3 48 151 424 425 426 790 791 792 786 785 784 2959 2960 2961 
 152 123 122 798 797 796 687 686 685 793 794 795 2962 2963 2964 
 152 15 2 801 800 799 324 323 322 802 803 804 2965 2966 2967 
 152 2 123 804 803 802 690 689 688 796 797 798 2968 2969 2970 
 169 14 15 807 806 805 327 326 325 808 809 810 2971 2972 2973 
 153 169 171 811 812 813 823 824 825 822 821 820 2974 2975 2976 
 171 169 15 825 824 823 810 809 808 826 827 828 2977 2978 2979 
 15 152 171 799 800 801 817 818 819 828 827 826 2980 2981 2982 
 49 46 172 433 434 435 829 830 831 834 833 832 2983 2984 2985 
 173 13 16 840 839 838 333 332 331 841 842 843 2986 2987 2988 
 153 170 174 814 815 816 853 854 855 852 851 850 2989 2990 2991 
 174 169 153 858 857 856 813 812 811 850 851 852 2992 2993 2994 
 175 17 18 861 860 859 339 338 337 862 863 864 2995 2996 2997 
 51 50 176 439 440 441 868 869 870 873 872 871 2998 2999 3000 
 177 173 154 885 884 883 846 845 844 880 881 882 3001 3002 3003 
 154 172 177 835 836 837 886 887 888 882 881 880 3004 3005 3006 
 178 12 19 891 890 889 345 344 343 892 893 894 3007 3008 3009 
 52 45 179 445 446 447 898 899 900 903 902 901 3010 3011 3012 
 180 175 155 915 914 913 867 866 865 910 911 912 3013 3014 3015 
 155 176 180 874 875 876 916 917 918 912 911 910 3016 3017 3018 
 181 21 22 921 920 919 351 350 349 922 923 924 3019 3020 3021 
 55 54 182 451 452 453 928 929 930 933 932 931 3022 3023 3024 
 183 178 156 945 944 943 897 896 895 940 941 942 3025 3026 3027 
 156 179 183 904 905 906 946 947 948 942 941 940 3028 3029 3030 
 56 53 184 457 458 459 949 950 951 954 953 952 3031 3032 3033 
 185 20 23 960 959 958 357 356 355 961 962 963 3034 3035 3036 
 157 182 186 934 935 936 973 974 975 972 971 970 3037 3038 3039 
 186 181 157 978 977 976 927 926 925 970 971 972 3040 3041 3042 
 187 24 25 981 980 979 363 362 361 982 983 984 3043 3044 3045 
 58 57 188 463 464 465 988 989 990 993 992 991 3046 3047 3048 
 189 185 158 1005 1004 1003 966 965 964 1000 1001 1002 3049 3050 3051 
 158 184 189 955 956 957 1006 1007 1008 1002 1001 1000 3052 3053 3054 
 190 11 26 1011 1010 1009 369 368 367 1012 1013 1014 3055 3056 3057 
 59 44 191 469 470 471 1018 1019 1020 1023 1022 1021 3058 3059 3060 
 192 187 159 1035 1034 1033 987 986 985 1030 1031 1032 3061 3062 3063 
 159 188 192 994 995 996 1036 1037 1038 1032 1031 1030 3064 3065 3066 
 62 64 193 478 479 480 1042 1043 1044 1041 1040 1039 3067 3068 3069 
 63 62 193 475 476 477 1039 1040 1041 1047 1046 1045 3070 3071 3072 
 194 31 29 1056 1055 1054 378 377 376 1051 1052 1053 3073 3074 3075 
 194 29 30 1053 1052 1051 375 374 373 1057 1058 1059 3076 3077 3078 
 160 191 195 1024 1025 1026 1069 1070 1071 1068 1067 1066 3079 3080 3081 
 195 190 160 1074 1073 1072 1017 1016 1015 1066 1067 1068 3082 3083 3084 
 198 196 162 1092 1091 1090 1080 1079 1078 1087 1088 1089 3085 3086 3087 
 162 197 198 1084 1085 1086 1093 1094 1095 1089 1088 1087 3088 3089 3090 
 66 65 199 487 488 489 1099 1100 1101 1104 1103 1102 3091 3092 3093 
 200 32 33 1110 1109 1108 387 386 385 1111 1112 1113 3094 3095 3096 
 162 196 201 1078 1079 1080 1123 1124 1125 1122 1121 1120 3097 3098 3099 
 201 197 162 1128 1127 1126 1086 1085 1084 1120 1121 1122 3100 3101 3102 
 202 27 34 1131 1130 1129 393 392 391 1132 1133 1134 3103 3104 3105 
 67 60 203 493 494 495 1138 1139 1140 1143 1142 1141 3106 3107 3108 
 204 200 163 1155 1154 1153 1116 1115 1114 1150 1151 1152 3109 3110 3111 
 163 199 204 1105 1106 1107 1156 1157 1158 1152 1151 1150 3112 3113 3114 
 70 69 205 499 500 501 1159 1160 1161 1164 1163 1162 3115 3116 3117 
 206 36 37 1170 1169 1168 399 398 397 1171 1172 1173 3118 3119 3120 
 164 203 207 1144 1145 1146 1183 1184 1185 1182 1181 1180 3121 3122 3123 
 207 202 164 1188 1187 1186 1137 1136 1135 1180 1181 1182 3124 3125 3126 
 71 68 208 505 506 507 1189 1190 1191 1194 1193 1192 3127 3128 3129 
 209 35 38 1200 1199 1198 405 404 403 1201 1202 1203 3130 3131 3132 
 165 205 210 1165 1166 1167 1213 1214 1215 1212 1211 1210 3133 3134 3135 
 210 206 165 1218 1217 1216 1176 1175 1174 1210 1211 1212 3136 3137 3138 
 73 72 211 511 512 513 1219 1220 1221 1224 1223 1222 3139 3140 3141 
 212 39 40 1230 1229 1228 411 410 409 1231 1232 1233 3142 3143 3144 
 166 208 213 1195 1196 1197 1243 1244 1245 1242 1241 1240 3145 3146 3147 
 213 209 166 1248 1247 1246 1206 1205 1204 1240 1241 1242 3148 3149 3150 
 214 43 42 1254 1253 1252 420 419 418 1249 1250 1251 3151 3152 3153 
 214 42 41 1251 1250 1249 417 416 415 1255 1256 1257 3154 3155 3156 
 74 75 215 517 518 519 1261 1262 1263 1266 1265 1264 3157 3158 3159 
 216 212 167 1278 1277 1276 1236 1235 1234 1273 1274 1275 3160 3161 3162 
 167 211 216 1225 1226 1227 1279 1280 1281 1275 1274 1273 3163 3164 3165 
 217 91 90 1287 1286 1285 579 578 577 1282 1283 1284 3166 3167 3168 
 217 214 168 1293 1292 1291 1260 1259 1258 1288 1289 1290 3169 3170 3171 
 43 214 217 1252 1253 1254 1291 1292 1293 1296 1295 1294 3172 3173 3174 
 90 43 217 781 782 783 1294 1295 1296 1284 1283 1282 3175 3176 3177 
 218 151 48 1302 1301 1300 792 791 790 1297 1298 1299 3178 3179 3180 
 48 47 218 427 428 429 1303 1304 1305 1299 1298 1297 3181 3182 3183 
 49 172 219 832 833 834 1312 1313 1314 1311 1310 1309 3184 3185 3186 
 219 174 170 1320 1319 1318 855 854 853 1315 1316 1317 3187 3188 3189 
 154 174 219 847 848 849 1318 1319 1320 1323 1322 1321 3190 3191 3192 
 219 172 154 1314 1313 1312 837 836 835 1321 1322 1323 3193 3194 3195 
 47 49 219 430 431 432 1309 1310 1311 1326 1325 1324 3196 3197 3198 
 220 173 16 1332 1331 1330 843 842 841 1327 1328 1329 3199 3200 3201 
 169 174 220 856 857 858 1336 1337 1338 1335 1334 1333 3202 3203 3204 
 220 174 154 1338 1337 1336 849 848 847 1339 1340 1341 3205 3206 3207 
 154 173 220 844 845 846 1330 1331 1332 1341 1340 1339 3208 3209 3210 
 14 169 220 805 806 807 1333 1334 1335 1344 1343 1342 3211 3212 3213 
 220 16 14 1329 1328 1327 330 329 328 1342 1343 1344 3214 3215 3216 
 221 175 18 1350 1349 1348 864 863 862 1345 1346 1347 3217 3218 3219 
 173 177 221 883 884 885 1354 1355 1356 1353 1352 1351 3220 3221 3222 
 221 177 155 1356 1355 1354 879 878 877 1357 1358 1359 3223 3224 3225 
 155 175 221 865 866 867 1348 1349 1350 1359 1358 1357 3226 3227 3228 
 13 173 221 838 839 840 1351 1352 1353 1362 1361 1360 3229 3230 3231 
 221 18 13 1347 1346 1345 336 335 334 1360 1361 1362 3232 3233 3234 
 51 176 222 871 872 873 1366 1367 1368 1365 1364 1363 3235 3236 3237 
 222 177 172 1374 1373 1372 888 887 886 1369 1370 1371 3238 3239 3240 
 155 177 222 877 878 879 1372 1373 1374 1377 1376 1375 3241 3242 3243 
 222 176 155 1368 1367 1366 876 875 874 1375 1376 1377 3244 3245 3246 
 222 172 46 1371 1370 1369 831 830 829 1378 1379 1380 3247 3248 3249 
 46 51 222 436 437 438 1363 1364 1365 1380 1379 1378 3250 3251 3252 
 223 178 19 1386 1385 1384 894 893 892 1381 1382 1383 3253 3254 3255 
 175 180 223 913 914 915 1390 1391 1392 1389 1388 1387 3256 3257 3258 
 223 180 156 1392 1391 1390 909 908 907 1393 1394 1395 3259 3260 3261 
 156 178 223 895 896 897 1384 1385 1386 1395 1394 1393 3262 3263 3264 
 17 175 223 859 860 861 1387 1388 1389 1398 1397 1396 3265 3266 3267 
 223 19 17 1383 1382 1381 342 341 340 1396 1397 1398 3268 3269 3270 
 52 179 224 901 902 903 1402 1403 1404 1401 1400 1399 3271 3272 3273 
 224 180 176 1410 1409 1408 918 917 916 1405 1406 1407 3274 3275 3276 
 156 180 224 907 908 909 1408 1409 1410 1413 1412 1411 3277 3278 3279 
 224 179 156 1404 1403 1402 906 905 904 1411 1412 1413 3280 3281 3282 
 224 176 50 1407 1406 1405 870 869 868 1414 1415 1416 3283 3284 3285 
 50 52 224 442 443 444 1399 1400 1401 1416 1415 1414 3286 3287 3288 
 225 181 22 1422 1421 1420 924 923 922 1417 1418 1419 3289 3290 3291 
 178 183 225 943 944 945 1426 1427 1428 1425 1424 1423 3292 3293 3294 
 225 183 157 1428 1427 1426 939 938 937 1429 1430 1431 3295 3296 3297 
 157 181 225 925 926 927 1420 1421 1422 1431 1430 1429 3298 3299 3300 
 12 178 225 889 890 891 1423 1424 1425 1434 1433 1432 3301 3302 3303 
 225 22 12 1419 1418 1417 348 347 346 1432 1433 1434 3304 3305 3306 
 55 182 226 931 932 933 1438 1439 1440 1437 1436 1435 3307 3308 3309 
 226 183 179 1446 1445 1444 948 947 946 1441 1442 1443 3310 3311 3312 
 157 183 226 937 938 939 1444 1445 1446 1449 1448 1447 3313 3314 3315 
 226 182 157 1440 1439 1438 936 935 934 1447 1448 1449 3316 3317 3318 
 226 179 45 1443 1442 1441 900 899 898 1450 1451 1452 3319 3320 3321 
 45 55 226 448 449 450 1435 1436 1437 1452 1451 1450 3322 3323 3324 
 56 184 227 952 953 954 1456 1457 1458 1455 1454 1453 3325 3326 3327 
 227 186 182 1464 1463 1462 975 974 973 1459 1460 1461 3328 3329 3330 
 158 186 227 967 968 969 1462 1463 1464 1467 1466 1465 3331 3332 3333 
 227 184 158 1458 1457 1456 957 956 955 1465 1466 1467 3334 3335 3336 
 227 182 54 1461 1460 1459 930 929 928 1468 1469 1470 3337 3338 3339 
 54 56 227 454 455 456 1453 1454 1455 1470 1469 1468 3340 3341 3342 
 228 185 23 1476 1475 1474 963 962 961 1471 1472 1473 3343 3344 3345 
 181 186 228 976 977 978 1480 1481 1482 1479 1478 1477 3346 3347 3348 
 228 186 158 1482 1481 1480 969 968 967 1483 1484 1485 3349 3350 3351 
 158 185 228 964 965 966 1474 1475 1476 1485 1484 1483 3352 3353 3354 
 21 181 228 919 920 921 1477 1478 1479 1488 1487 1486 3355 3356 3357 
 228 23 21 1473 1472 1471 354 353 352 1486 1487 1488 3358 3359 3360 
 229 187 25 1494 1493 1492 984 983 982 1489 1490 1491 3361 3362 3363 
 185 189 229 1003 1004 1005 1498 1499 1500 1497 1496 1495 3364 3365 3366 
 229 189 159 1500 1499 1498 999 998 997 1501 1502 1503 3367 3368 3369 
 159 187 229 985 986 987 1492 1493 1494 1503 1502 1501 3370 3371 3372 
 20 185 229 958 959 960 1495 1496 1497 1506 1505 1504 3373 3374 3375 
 229 25 20 1491 1490 1489 360 359 358 1504 1505 1506 3376 3377 3378 
 58 188 230 991 992 993 1510 1511 1512 1509 1508 1507 3379 3380 3381 
 230 189 184 1518 1517 1516 1008 1007 1006 1513 1514 1515 3382 3383 3384 
 159 189 230 997 998 999 1516 1517 1518 1521 1520 1519 3385 3386 3387 
 230 188 159 1512 1511 1510 996 995 994 1519 1520 1521 3388 3389 3390 
 230 184 53 1515 1514 1513 951 950 949 1522 1523 1524 3391 3392 3393 
 53 58 230 460 461 462 1507 1508 1509 1524 1523 1522 3394 3395 3396 
 231 190 26 1530 1529 1528 1014 1013 1012 1525 1526 1527 3397 3398 3399 
 187 192 231 1033 1034 1035 1534 1535 1536 1533 1532 1531 3400 3401 3402 
 231 192 160 1536 1535 1534 1029 1028 1027 1537 1538 1539 3403 3404 3405 
 160 190 231 1015 1016 1017 1528 1529 1530 1539 1538 1537 3406 3407 3408 
 24 187 231 979 980 981 1531 1532 1533 1542 1541 1540 3409 3410 3411 
 231 26 24 1527 1526 1525 366 365 364 1540 1541 1542 3412 3413 3414 
 59 191 232 1021 1022 1023 1546 1547 1548 1545 1544 1543 3415 3416 3417 
 232 192 188 1554 1553 1552 1038 1037 1036 1549 1550 1551 3418 3419 3420 
 160 192 232 1027 1028 1029 1552 1553 1554 1557 1556 1555 3421 3422 3423 
 232 191 160 1548 1547 1546 1026 1025 1024 1555 1556 1557 3424 3425 3426 
 232 188 57 1551 1550 1549 990 989 988 1558 1559 1560 3427 3428 3429 
 57 59 232 466 467 468 1543 1544 1545 1560 1559 1558 3430 3431 3432 
 63 193 233 1045 1046 1047 1564 1565 1566 1563 1562 1561 3433 3434 3435 
 233 195 191 1572 1571 1570 1071 1070 1069 1567 1568 1569 3436 3437 3438 
 161 195 233 1063 1064 1065 1570 1571 1572 1575 1574 1573 3439 3440 3441 
 233 193 161 1566 1565 1564 1050 1049 1048 1573 1574 1575 3442 3443 3444 
 233 191 44 1569 1568 1567 1020 1019 1018 1576 1577 1578 3445 3446 3447 
 44 63 233 472 473 474 1561 1562 1563 1578 1577 1576 3448 3449 3450 
 234 194 30 1584 1583 1582 1059 1058 1057 1579 1580 1581 3451 3452 3453 
 190 195 234 1072 1073 1074 1588 1589 1590 1587 1586 1585 3454 3455 3456 
 234 195 161 1590 1589 1588 1065 1064 1063 1591 1592 1593 3457 3458 3459 
 161 194 234 1060 1061 1062 1582 1583 1584 1593 1592 1591 3460 3461 3462 
 11 190 234 1009 1010 1011 1585 1586 1587 1596 1595 1594 3463 3464 3465 
 234 30 11 1581 1580 1579 372 371 370 1594 1595 1596 3466 3467 3468 
 196 198 235 1090 1091 1092 1600 1601 1602 1599 1598 1597 3469 3470 3471 
 235 193 64 1608 1607 1606 1044 1043 1042 1603 1604 1605 3472 3473 3474 
 61 196 235 1075 1076 1077 1597 1598 1599 1611 1610 1609 3475 3476 3477 
 64 61 235 481 482 483 1609 1610 1611 1605 1604 1603 3478 3479 3480 
 235 198 161 1602 1601 1600 1098 1097 1096 1612 1613 1614 3481 3482 3483 
 161 193 235 1048 1049 1050 1606 1607 1608 1614 1613 1612 3484 3485 3486 
 236 198 197 1620 1619 1618 1095 1094 1093 1615 1616 1617 3487 3488 3489 
 31 194 236 1054 1055 1056 1624 1625 1626 1623 1622 1621 3490 3491 3492 
 236 28 31 1629 1628 1627 381 380 379 1621 1622 1623 3493 3494 3495 
 236 197 28 1617 1616 1615 1083 1082 1081 1627 1628 1629 3496 3497 3498 
 161 198 236 1096 1097 1098 1618 1619 1620 1632 1631 1630 3499 3500 3501 
 236 194 161 1626 1625 1624 1062 1061 1060 1630 1631 1632 3502 3503 3504 
 66 199 237 1102 1103 1104 1636 1637 1638 1635 1634 1633 3505 3506 3507 
 237 201 196 1644 1643 1642 1125 1124 1123 1639 1640 1641 3508 3509 3510 
 163 201 237 1117 1118 1119 1642 1643 1644 1647 1646 1645 3511 3512 3513 
 237 199 163 1638 1637 1636 1107 1106 1105 1645 1646 1647 3514 3515 3516 
 237 196 61 1641 1640 1639 1077 1076 1075 1648 1649 1650 3517 3518 3519 
 61 66 237 484 485 486 1633 1634 1635 1650 1649 1648 3520 3521 3522 
 238 200 33 1656 1655 1654 1113 1112 1111 1651 1652 1653 3523 3524 3525 
 197 201 238 1126 1127 1128 1660 1661 1662 1659 1658 1657 3526 3527 3528 
 238 201 163 1662 1661 1660 1119 1118 1117 1663 1664 1665 3529 3530 3531 
 163 200 238 1114 1115 1116 1654 1655 1656 1665 1664 1663 3532 3533 3534 
 28 197 238 1081 1082 1083 1657 1658 1659 1668 1667 1666 3535 3536 3537 
 238 33 28 1653 1652 1651 384 383 382 1666 1667 1668 3538 3539 3540 
 239 202 34 1674 1673 1672 1134 1133 1132 1669 1670 1671 3541 3542 3543 
 200 204 239 1153 1154 1155 1678 1679 1680 1677 1676 1675 3544 3545 3546 
 239 204 164 1680 1679 1678 1149 1148 1147 1681 1682 1683 3547 3548 3549 
 164 202 239 1135 1136 1137 1672 1673 1674 1683 1682 1681 3550 3551 3552 
 32 200 239 1108 1109 1110 1675 1676 1677 1686 1685 1684 3553 3554 3555 
 239 34 32 1671 1670 1669 390 389 388 1684 1685 1686 3556 3557 3558 
 67 203 240 1141 1142 1143 1690 1691 1692 1689 1688 1687 3559 3560 3561 
 240 204 199 1698 1697 1696 1158 1157 1156 1693 1694 1695 3562 3563 3564 
 164 204 240 1147 1148 1149 1696 1697 1698 1701 1700 1699 3565 3566 3567 
 240 203 164 1692 1691 1690 1146 1145 1144 1699 1700 1701 3568 3569 3570 
 240 199 65 1695 1694 1693 1101 1100 1099 1702 1703 1704 3571 3572 3573 
 65 67 240 490 491 492 1687 1688 1689 1704 1703 1702 3574 3575 3576 
 70 205 241 1162 1163 1164 1708 1709 1710 1707 1706 1705 3577 3578 3579 
 241 207 203 1716 1715 1714 1185 1184 1183 1711 1712 1713 3580 3581 3582 
 165 207 241 1177 1178 1179 1714 1715 1716 1719 1718 1717 3583 3584 3585 
 241 205 165 1710 1709 1708 1167 1166 1165 1717 1718 1719 3586 3587 3588 
 241 203 60 1713 1712 1711 1140 1139 1138 1720 1721 1722 3589 3590 3591 
 60 70 241 496 497 498 1705 1706 1707 1722 1721 1720 3592 3593 3594 
 242 206 37 1728 1727 1726 1173 1172 1171 1723 1724 1725 3595 3596 3597 
 202 207 242 1186 1187 1188 1732 1733 1734 1731 1730 1729 3598 3599 3600 
 242 207 165 1734 1733 1732 1179 1178 1177 1735 1736 1737 3601 3602 3603 
 165 206 242 1174 1175 1176 1726 1727 1728 1737 1736 1735 3604 3605 3606 
 27 202 242 1129 1130 1131 1729 1730 1731 1740 1739 1738 3607 3608 3609 
 242 37 27 1725 1724 1723 396 395 394 1738 1739 1740 3610 3611 3612 
 71 208 243 1192 1193 1194 1744 1745 1746 1743 1742 1741 3613 3614 3615 
 243 210 205 1752 1751 1750 1215 1214 1213 1747 1748 1749 3616 3617 3618 
 166 210 243 1207 1208 1209 1750 1751 1752 1755 1754 1753 3619 3620 3621 
 243 208 166 1746 1745 1744 1197 1196 1195 1753 1754 1755 3622 3623 3624 
 243 205 69 1749 1748 1747 1161 1160 1159 1756 1757 1758 3625 3626 3627 
 69 71 243 502 503 504 1741 1742 1743 1758 1757 1756 3628 3629 3630 
 244 209 38 1764 1763 1762 1203 1202 1201 1759 1760 1761 3631 3632 3633 
 206 210 244 1216 1217 1218 1768 1769 1770 1767 1766 1765 3634 3635 3636 
 244 210 166 1770 1769 1768 1209 1208 1207 1771 1772 1773 3637 3638 3639 
 166 209 244 1204 1205 1206 1762 1763 1764 1773 1772 1771 3640 3641 3642 
 36 206 244 1168 1169 1170 1765 1766 1767 1776 1775 1774 3643 3644 3645 
 244 38 36 1761 1760 1759 402 401 400 1774 1775 1776 3646 3647 3648 
 73 211 245 1222 1223 1224 1780 1781 1782 1779 1778 1777 3649 3650 3651 
 245 213 208 1788 1787 1786 1245 1244 1243 1783 1784 1785 3652 3653 3654 
 167 213 245 1237 1238 1239 1786 1787 1788 1791 1790 1789 3655 3656 3657 
 245 211 167 1782 1781 1780 1227 1226 1225 1789 1790 1791 3658 3659 3660 
 245 208 68 1785 1784 1783 1191 1190 1189 1792 1793 1794 3661 3662 3663 
 68 73 245 508 509 510 1777 1778 1779 1794 1793 1792 3664 3665 3666 
 246 212 40 1800 1799 1798 1233 1232 1231 1795 1796 1797 3667 3668 3669 
 209 213 246 1246 1247 1248 1804 1805 1806 1803 1802 1801 3670 3671 3672 
 246 213 167 1806 1805 1804 1239 1238 1237 1807 1808 1809 3673 3674 3675 
 167 212 246 1234 1235 1236 1798 1799 1800 1809 1808 1807 3676 3677 3678 
 35 209 246 1198 1199 1200 1801 1802 1803 1812 1811 1810 3679 3680 3681 
 246 40 35 1797 1796 1795 408 407 406 1810 1811 1812 3682 3683 3684 
 76 92 247 778 779 780 1816 1817 1818 1815 1814 1813 3685 3686 3687 
 247 215 75 1824 1823 1822 1263 1262 1261 1819 1820 1821 3688 3689 3690 
 75 76 247 520 521 522 1813 1814 1815 1821 1820 1819 3691 3692 3693 
 91 217 247 1285 1286 1287 1828 1829 1830 1827 1826 1825 3694 3695 3696 
 247 92 91 1818 1817 1816 582 581 580 1825 1826 1827 3697 3698 3699 
 248 214 41 1836 1835 1834 1257 1256 1255 1831 1832 1833 3700 3701 3702 
 212 216 248 1276 1277 1278 1840 1841 1842 1839 1838 1837 3703 3704 3705 
 248 216 168 1842 1841 1840 1272 1271 1270 1843 1844 1845 3706 3707 3708 
 168 214 248 1258 1259 1260 1834 1835 1836 1845 1844 1843 3709 3710 3711 
 39 212 248 1228 1229 1230 1837 1838 1839 1848 1847 1846 3712 3713 3714 
 248 41 39 1833 1832 1831 414 413 412 1846 1847 1848 3715 3716 3717 
 74 215 249 1264 1265 1266 1852 1853 1854 1851 1850 1849 3718 3719 3720 
 249 216 211 1860 1859 1858 1281 1280 1279 1855 1856 1857 3721 3722 3723 
 168 216 249 1270 1271 1272 1858 1859 1860 1863 1862 1861 3724 3725 3726 
 249 215 168 1854 1853 1852 1269 1268 1267 1861 1862 1863 3727 3728 3729 
 249 211 72 1857 1856 1855 1221 1220 1219 1864 1865 1866 3730 3731 3732 
 72 74 249 514 515 516 1849 1850 1851 1866 1865 1864 3733 3734 3735 
 250 122 121 1869 1868 1867 684 683 682 1873 1874 1875 3736 3737 3738 
 121 151 250 787 788 789 1876 1877 1878 1875 1874 1873 3739 3740 3741 
 153 171 251 820 821 822 1882 1883 1884 1881 1880 1879 3742 3743 3744 
 171 250 251 1870 1871 1872 1885 1886 1887 1884 1883 1882 3745 3746 3747 
 251 170 153 1893 1892 1891 816 815 814 1879 1880 1881 3748 3749 3750 
 251 218 170 1890 1889 1888 1308 1307 1306 1891 1892 1893 3751 3752 3753 
 250 171 152 1872 1871 1870 819 818 817 1896 1895 1894 3754 3755 3756 
 152 122 250 795 794 793 1867 1868 1869 1894 1895 1896 3757 3758 3759 
 215 247 217 1822 1823 1824 1830 1829 1828 1899 1898 1897 3760 3761 3762 
 217 168 215 1290 1289 1288 1267 1268 1269 1897 1898 1899 3763 3764 3765 
 251 250 151 1887 1886 1885 1878 1877 1876 1902 1901 1900 3766 3767 3768 
 151 218 251 1300 1301 1302 1888 1889 1890 1900 1901 1902 3769 3770 3771 
 170 218 47 1306 1307 1308 1305 1304 1303 1905 1904 1903 3772 3773 3774 
 47 219 170 1324 1325 1326 1317 1316 1315 1903 1904 1905 3775 3776 3777 
 4 76 93 525 524 523 1908 1907 1906 588 587 586 3778 3779 3780 
 252 120 9 1911 1910 1909 675 674 673 1915 1916 1917 3781 3782 3783 
 252 9 150 1917 1916 1915 777 776 775 1912 1913 1914 3784 3785 3786 
 253 3 120 1923 1922 1921 678 677 676 1918 1919 1920 3787 3788 3789 
 253 48 3 1926 1925 1924 426 425 424 1921 1922 1923 3790 3791 3792 
 120 252 253 1909 1910 1911 1927 1928 1929 1920 1919 1918 3793 3794 3795 
 254 150 148 1935 1934 1933 774 773 772 1930 1931 1932 3796 3797 3798 
 254 252 150 1941 1940 1939 1914 1913 1912 1933 1934 1935 3799 3800 3801 
 254 253 252 1938 1937 1936 1929 1928 1927 1939 1940 1941 3802 3803 3804 
 255 148 149 1947 1946 1945 771 770 769 1942 1943 1944 3805 3806 3807 
 255 254 148 1950 1949 1948 1932 1931 1930 1945 1946 1947 3808 3809 3810 
 255 47 48 1953 1952 1951 429 428 427 1954 1955 1956 3811 3812 3813 
 256 149 145 1962 1961 1960 768 767 766 1957 1958 1959 3814 3815 3816 
 256 255 149 1965 1964 1963 1944 1943 1942 1960 1961 1962 3817 3818 3819 
 47 255 256 1951 1952 1953 1963 1964 1965 1971 1970 1969 3820 3821 3822 
 256 49 47 1968 1967 1966 432 431 430 1969 1970 1971 3823 3824 3825 
 257 145 147 1977 1976 1975 765 764 763 1972 1973 1974 3826 3827 3828 
 257 256 145 1980 1979 1978 1959 1958 1957 1975 1976 1977 3829 3830 3831 
 49 256 257 1966 1967 1968 1978 1979 1980 1986 1985 1984 3832 3833 3834 
 257 46 49 1983 1982 1981 435 434 433 1984 1985 1986 3835 3836 3837 
 258 147 146 1992 1991 1990 762 761 760 1987 1988 1989 3838 3839 3840 
 258 257 147 1995 1994 1993 1974 1973 1972 1990 1991 1992 3841 3842 3843 
 46 257 258 1981 1982 1983 1993 1994 1995 2001 2000 1999 3844 3845 3846 
 258 51 46 1998 1997 1996 438 437 436 1999 2000 2001 3847 3848 3849 
 259 146 138 2007 2006 2005 759 758 757 2002 2003 2004 3850 3851 3852 
 259 258 146 2010 2009 2008 1989 1988 1987 2005 2006 2007 3853 3854 3855 
 51 258 259 1996 1997 1998 2008 2009 2010 2016 2015 2014 3856 3857 3858 
 259 50 51 2013 2012 2011 441 440 439 2014 2015 2016 3859 3860 3861 
 260 138 144 2022 2021 2020 756 755 754 2017 2018 2019 3862 3863 3864 
 260 259 138 2025 2024 2023 2004 2003 2002 2020 2021 2022 3865 3866 3867 
 50 259 260 2011 2012 2013 2023 2024 2025 2031 2030 2029 3868 3869 3870 
 260 52 50 2028 2027 2026 444 443 442 2029 2030 2031 3871 3872 3873 
 261 144 142 2037 2036 2035 753 752 751 2032 2033 2034 3874 3875 3876 
 261 260 144 2040 2039 2038 2019 2018 2017 2035 2036 2037 3877 3878 3879 
 52 260 261 2026 2027 2028 2038 2039 2040 2046 2045 2044 3880 3881 3882 
 261 45 52 2043 2042 2041 447 446 445 2044 2045 2046 3883 3884 3885 
 262 142 143 2052 2051 2050 750 749 748 2047 2048 2049 3886 3887 3888 
 262 261 142 2055 2054 2053 2034 2033 2032 2050 2051 2052 3889 3890 3891 
 45 261 262 2041 2042 2043 2053 2054 2055 2061 2060 2059 3892 3893 3894 
 262 55 45 2058 2057 2056 450 449 448 2059 2060 2061 3895 3896 3897 
 263 143 139 2067 2066 2065 747 746 745 2062 2063 2064 3898 3899 3900 
 263 262 143 2070 2069 2068 2049 2048 2047 2065 2066 2067 3901 3902 3903 
 55 262 263 2056 2057 2058 2068 2069 2070 2076 2075 2074 3904 3905 3906 
 263 54 55 2073 2072 2071 453 452 451 2074 2075 2076 3907 3908 3909 
 264 139 141 2082 2081 2080 744 743 742 2077 2078 2079 3910 3911 3912 
 264 263 139 2085 2084 2083 2064 2063 2062 2080 2081 2082 3913 3914 3915 
 54 263 264 2071 2072 2073 2083 2084 2085 2091 2090 2089 3916 3917 3918 
 264 56 54 2088 2087 2086 456 455 454 2089 2090 2091 3919 3920 3921 
 265 141 140 2097 2096 2095 741 740 739 2092 2093 2094 3922 3923 3924 
 265 264 141 2100 2099 2098 2079 2078 2077 2095 2096 2097 3925 3926 3927 
 56 264 265 2086 2087 2088 2098 2099 2100 2106 2105 2104 3928 3929 3930 
 265 53 56 2103 2102 2101 459 458 457 2104 2105 2106 3931 3932 3933 
 266 140 125 2112 2111 2110 738 737 736 2107 2108 2109 3934 3935 3936 
 266 265 140 2115 2114 2113 2094 2093 2092 2110 2111 2112 3937 3938 3939 
 53 265 266 2101 2102 2103 2113 2114 2115 2121 2120 2119 3940 3941 3942 
 266 58 53 2118 2117 2116 462 461 460 2119 2120 2121 3943 3944 3945 
 267 125 137 2127 2126 2125 735 734 733 2122 2123 2124 3946 3947 3948 
 267 266 125 2130 2129 2128 2109 2108 2107 2125 2126 2127 3949 3950 3951 
 58 266 267 2116 2117 2118 2128 2129 2130 2136 2135 2134 3952 3953 3954 
 267 57 58 2133 2132 2131 465 464 463 2134 2135 2136 3955 3956 3957 
 268 137 135 2142 2141 2140 732 731 730 2137 2138 2139 3958 3959 3960 
 268 267 137 2145 2144 2143 2124 2123 2122 2140 2141 2142 3961 3962 3963 
 57 267 268 2131 2132 2133 2143 2144 2145 2151 2150 2149 3964 3965 3966 
 268 59 57 2148 2147 2146 468 467 466 2149 2150 2151 3967 3968 3969 
 269 135 136 2157 2156 2155 729 728 727 2152 2153 2154 3970 3971 3972 
 269 268 135 2160 2159 2158 2139 2138 2137 2155 2156 2157 3973 3974 3975 
 59 268 269 2146 2147 2148 2158 2159 2160 2166 2165 2164 3976 3977 3978 
 269 44 59 2163 2162 2161 471 470 469 2164 2165 2166 3979 3980 3981 
 270 136 132 2172 2171 2170 726 725 724 2167 2168 2169 3982 3983 3984 
 270 269 136 2175 2174 2173 2154 2153 2152 2170 2171 2172 3985 3986 3987 
 44 269 270 2161 2162 2163 2173 2174 2175 2181 2180 2179 3988 3989 3990 
 270 63 44 2178 2177 2176 474 473 472 2179 2180 2181 3991 3992 3993 
 271 132 134 2187 2186 2185 723 722 721 2182 2183 2184 3994 3995 3996 
 271 270 132 2190 2189 2188 2169 2168 2167 2185 2186 2187 3997 3998 3999 
 63 270 271 2176 2177 2178 2188 2189 2190 2196 2195 2194 4000 4001 4002 
 271 62 63 2193 2192 2191 477 476 475 2194 2195 2196 4003 4004 4005 
 272 134 133 2202 2201 2200 720 719 718 2197 2198 2199 4006 4007 4008 
 272 271 134 2205 2204 2203 2184 2183 2182 2200 2201 2202 4009 4010 4011 
 62 271 272 2191 2192 2193 2203 2204 2205 2211 2210 2209 4012 4013 4014 
 272 64 62 2208 2207 2206 480 479 478 2209 2210 2211 4015 4016 4017 
 273 133 126 2217 2216 2215 717 716 715 2212 2213 2214 4018 4019 4020 
 273 272 133 2220 2219 2218 2199 2198 2197 2215 2216 2217 4021 4022 4023 
 64 272 273 2206 2207 2208 2218 2219 2220 2226 2225 2224 4024 4025 4026 
 273 61 64 2223 2222 2221 483 482 481 2224 2225 2226 4027 4028 4029 
 274 126 131 2232 2231 2230 714 713 712 2227 2228 2229 4030 4031 4032 
 274 273 126 2235 2234 2233 2214 2213 2212 2230 2231 2232 4033 4034 4035 
 61 273 274 2221 2222 2223 2233 2234 2235 2241 2240 2239 4036 4037 4038 
 274 66 61 2238 2237 2236 486 485 484 2239 2240 2241 4039 4040 4041 
 275 131 130 2247 2246 2245 711 710 709 2242 2243 2244 4042 4043 4044 
 275 274 131 2250 2249 2248 2229 2228 2227 2245 2246 2247 4045 4046 4047 
 66 274 275 2236 2237 2238 2248 2249 2250 2256 2255 2254 4048 4049 4050 
 275 65 66 2253 2252 2251 489 488 487 2254 2255 2256 4051 4052 4053 
 276 130 127 2262 2261 2260 708 707 706 2257 2258 2259 4054 4055 4056 
 276 275 130 2265 2264 2263 2244 2243 2242 2260 2261 2262 4057 4058 4059 
 65 275 276 2251 2252 2253 2263 2264 2265 2271 2270 2269 4060 4061 4062 
 276 67 65 2268 2267 2266 492 491 490 2269 2270 2271 4063 4064 4065 
 277 127 129 2277 2276 2275 705 704 703 2272 2273 2274 4066 4067 4068 
 277 276 127 2280 2279 2278 2259 2258 2257 2275 2276 2277 4069 4070 4071 
 67 276 277 2266 2267 2268 2278 2279 2280 2286 2285 2284 4072 4073 4074 
 277 60 67 2283 2282 2281 495 494 493 2284 2285 2286 4075 4076 4077 
 278 129 128 2292 2291 2290 702 701 700 2287 2288 2289 4078 4079 4080 
 278 277 129 2295 2294 2293 2274 2273 2272 2290 2291 2292 4081 4082 4083 
 60 277 278 2281 2282 2283 2293 2294 2295 2301 2300 2299 4084 4085 4086 
 278 70 60 2298 2297 2296 498 497 496 2299 2300 2301 4087 4088 4089 
 279 128 10 2307 2306 2305 699 698 697 2302 2303 2304 4090 4091 4092 
 279 278 128 2310 2309 2308 2289 2288 2287 2305 2306 2307 4093 4094 4095 
 70 278 279 2296 2297 2298 2308 2309 2310 2316 2315 2314 4096 4097 4098 
 279 69 70 2313 2312 2311 501 500 499 2314 2315 2316 4099 4100 4101 
 280 10 88 2322 2321 2320 567 566 565 2317 2318 2319 4102 4103 4104 
 280 279 10 2325 2324 2323 2304 2303 2302 2320 2321 2322 4105 4106 4107 
 69 279 280 2311 2312 2313 2323 2324 2325 2331 2330 2329 4108 4109 4110 
 280 71 69 2328 2327 2326 504 503 502 2329 2330 2331 4111 4112 4113 
 281 88 87 2337 2336 2335 564 563 562 2332 2333 2334 4114 4115 4116 
 281 280 88 2340 2339 2338 2319 2318 2317 2335 2336 2337 4117 4118 4119 
 71 280 281 2326 2327 2328 2338 2339 2340 2346 2345 2344 4120 4121 4122 
 281 68 71 2343 2342 2341 507 506 505 2344 2345 2346 4123 4124 4125 
 282 87 86 2352 2351 2350 561 560 559 2347 2348 2349 4126 4127 4128 
 282 281 87 2355 2354 2353 2334 2333 2332 2350 2351 2352 4129 4130 4131 
 68 281 282 2341 2342 2343 2353 2354 2355 2361 2360 2359 4132 4133 4134 
 282 73 68 2358 2357 2356 510 509 508 2359 2360 2361 4135 4136 4137 
 283 86 83 2367 2366 2365 558 557 556 2362 2363 2364 4138 4139 4140 
 283 282 86 2370 2369 2368 2349 2348 2347 2365 2366 2367 4141 4142 4143 
 73 282 283 2356 2357 2358 2368 2369 2370 2376 2375 2374 4144 4145 4146 
 283 72 73 2373 2372 2371 513 512 511 2374 2375 2376 4147 4148 4149 
 284 83 85 2382 2381 2380 555 554 553 2377 2378 2379 4150 4151 4152 
 284 283 83 2385 2384 2383 2364 2363 2362 2380 2381 2382 4153 4154 4155 
 72 283 284 2371 2372 2373 2383 2384 2385 2391 2390 2389 4156 4157 4158 
 284 74 72 2388 2387 2386 516 515 514 2389 2390 2391 4159 4160 4161 
 285 85 84 2397 2396 2395 552 551 550 2392 2393 2394 4162 4163 4164 
 285 284 85 2400 2399 2398 2379 2378 2377 2395 2396 2397 4165 4166 4167 
 74 284 285 2386 2387 2388 2398 2399 2400 2406 2405 2404 4168 4169 4170 
 285 75 74 2403 2402 2401 519 518 517 2404 2405 2406 4171 4172 4173 
 93 76 286 1906 1907 1908 2410 2411 2412 2409 2408 2407 4174 4175 4176 
 286 285 84 2418 2417 2416 2394 2393 2392 2413 2414 2415 4177 4178 4179 
 286 6 93 2421 2420 2419 591 590 589 2407 2408 2409 4180 4181 4182 
 286 84 6 2415 2414 2413 549 548 547 2419 2420 2421 4183 4184 4185 
 75 285 286 2401 2402 2403 2416 2417 2418 2424 2423 2422 4186 4187 4188 
 286 76 75 2412 2411 2410 522 521 520 2422 2423 2424 4189 4190 4191 
 254 255 48 1948 1949 1950 1956 1955 1954 2427 2426 2425 4192 4193 4194 
 48 253 254 1924 1925 1926 1936 1937 1938 2425 2426 2427 4195 4196 4197 
 43 1 89 421 422 423 573 572 571 2430 2429 2428 4198 4199 4200 
 2 15 287 322 323 324 2434 2435 2436 2439 2438 2437 4201 4202 4203 
 287 124 2 2433 2432 2431 693 692 691 2437 2438 2439 4204 4205 4206 
 288 97 8 2445 2444 2443 594 593 592 2440 2441 2442 4207 4208 4209 
 288 8 124 2442 2441 2440 696 695 694 2446 2447 2448 4210 4211 4212 
 124 287 288 2431 2432 2433 2449 2450 2451 2448 2447 2446 4213 4214 4215 
 289 98 97 2457 2456 2455 597 596 595 2452 2453 2454 4216 4217 4218 
 97 288 289 2443 2444 2445 2461 2462 2463 2454 2453 2452 4219 4220 4221 
 289 288 287 2463 2462 2461 2451 2450 2449 2458 2459 2460 4222 4223 4224 
 290 96 98 2469 2468 2467 600 599 598 2464 2465 2466 4225 4226 4227 
 98 289 290 2455 2456 2457 2470 2471 2472 2466 2465 2464 4228 4229 4230 
 15 14 290 325 326 327 2473 2474 2475 2478 2477 2476 4231 4232 4233 
 291 99 96 2484 2483 2482 603 602 601 2479 2480 2481 4234 4235 4236 
 96 290 291 2467 2468 2469 2485 2486 2487 2481 2480 2479 4237 4238 4239 
 291 290 14 2487 2486 2485 2475 2474 2473 2491 2492 2493 4240 4241 4242 
 14 16 291 328 329 330 2488 2489 2490 2493 2492 2491 4243 4244 4245 
 292 100 99 2499 2498 2497 606 605 604 2494 2495 2496 4246 4247 4248 
 99 291 292 2482 2483 2484 2500 2501 2502 2496 2495 2494 4249 4250 4251 
 292 291 16 2502 2501 2500 2490 2489 2488 2506 2507 2508 4252 4253 4254 
 16 13 292 331 332 333 2503 2504 2505 2508 2507 2506 4255 4256 4257 
 293 95 100 2514 2513 2512 609 608 607 2509 2510 2511 4258 4259 4260 
 100 292 293 2497 2498 2499 2515 2516 2517 2511 2510 2509 4261 4262 4263 
 293 292 13 2517 2516 2515 2505 2504 2503 2521 2522 2523 4264 4265 4266 
 13 18 293 334 335 336 2518 2519 2520 2523 2522 2521 4267 4268 4269 
 294 102 95 2529 2528 2527 612 611 610 2524 2525 2526 4270 4271 4272 
 95 293 294 2512 2513 2514 2530 2531 2532 2526 2525 2524 4273 4274 4275 
 294 293 18 2532 2531 2530 2520 2519 2518 2536 2537 2538 4276 4277 4278 
 18 17 294 337 338 339 2533 2534 2535 2538 2537 2536 4279 4280 4281 
 295 103 102 2544 2543 2542 615 614 613 2539 2540 2541 4282 4283 4284 
 102 294 295 2527 2528 2529 2545 2546 2547 2541 2540 2539 4285 4286 4287 
 295 294 17 2547 2546 2545 2535 2534 2533 2551 2552 2553 4288 4289 4290 
 17 19 295 340 341 342 2548 2549 2550 2553 2552 2551 4291 4292 4293 
 296 101 103 2559 2558 2557 618 617 616 2554 2555 2556 4294 4295 4296 
 103 295 296 2542 2543 2544 2560 2561 2562 2556 2555 2554 4297 4298 4299 
 296 295 19 2562 2561 2560 2550 2549 2548 2566 2567 2568 4300 4301 4302 
 19 12 296 343 344 345 2563 2564 2565 2568 2567 2566 4303 4304 4305 
 297 105 101 2574 2573 2572 621 620 619 2569 2570 2571 4306 4307 4308 
 101 296 297 2557 2558 2559 2575 2576 2577 2571 2570 2569 4309 4310 4311 
 297 296 12 2577 2576 2575 2565 2564 2563 2581 2582 2583 4312 4313 4314 
 12 22 297 346 347 348 2578 2579 2580 2583 2582 2581 4315 4316 4317 
 298 104 105 2589 2588 2587 624 623 622 2584 2585 2586 4318 4319 4320 
 105 297 298 2572 2573 2574 2590 2591 2592 2586 2585 2584 4321 4322 4323 
 298 297 22 2592 2591 2590 2580 2579 2578 2596 2597 2598 4324 4325 4326 
 22 21 298 349 350 351 2593 2594 2595 2598 2597 2596 4327 4328 4329 
 299 106 104 2604 2603 2602 627 626 625 2599 2600 2601 4330 4331 4332 
 104 298 299 2587 2588 2589 2605 2606 2607 2601 2600 2599 4333 4334 4335 
 299 298 21 2607 2606 2605 2595 2594 2593 2611 2612 2613 4336 4337 4338 
 21 23 299 352 353 354 2608 2609 2610 2613 2612 2611 4339 4340 4341 
 300 94 106 2619 2618 2617 630 629 628 2614 2615 2616 4342 4343 4344 
 106 299 300 2602 2603 2604 2620 2621 2622 2616 2615 2614 4345 4346 4347 
 300 299 23 2622 2621 2620 2610 2609 2608 2626 2627 2628 4348 4349 4350 
 23 20 300 355 356 357 2623 2624 2625 2628 2627 2626 4351 4352 4353 
 301 109 94 2634 2633 2632 633 632 631 2629 2630 2631 4354 4355 4356 
 94 300 301 2617 2618 2619 2635 2636 2637 2631 2630 2629 4357 4358 4359 
 301 300 20 2637 2636 2635 2625 2624 2623 2641 2642 2643 4360 4361 4362 
 20 25 301 358 359 360 2638 2639 2640 2643 2642 2641 4363 4364 4365 
 302 110 109 2649 2648 2647 636 635 634 2644 2645 2646 4366 4367 4368 
 109 301 302 2632 2633 2634 2650 2651 2652 2646 2645 2644 4369 4370 4371 
 302 301 25 2652 2651 2650 2640 2639 2638 2656 2657 2658 4372 4373 4374 
 25 24 302 361 362 363 2653 2654 2655 2658 2657 2656 4375 4376 4377 
 303 108 110 2664 2663 2662 639 638 637 2659 2660 2661 4378 4379 4380 
 110 302 303 2647 2648 2649 2665 2666 2667 2661 2660 2659 4381 4382 4383 
 303 302 24 2667 2666 2665 2655 2654 2653 2671 2672 2673 4384 4385 4386 
 24 26 303 364 365 366 2668 2669 2670 2673 2672 2671 4387 4388 4389 
 304 112 108 2679 2678 2677 642 641 640 2674 2675 2676 4390 4391 4392 
 108 303 304 2662 2663 2664 2680 2681 2682 2676 2675 2674 4393 4394 4395 
 304 303 26 2682 2681 2680 2670 2669 2668 2686 2687 2688 4396 4397 4398 
 26 11 304 367 368 369 2683 2684 2685 2688 2687 2686 4399 4400 4401 
 305 111 112 2694 2693 2692 645 644 643 2689 2690 2691 4402 4403 4404 
 112 304 305 2677 2678 2679 2695 2696 2697 2691 2690 2689 4405 4406 4407 
 305 304 11 2697 2696 2695 2685 2684 2683 2701 2702 2703 4408 4409 4410 
 11 30 305 370 371 372 2698 2699 2700 2703 2702 2701 4411 4412 4413 
 306 113 111 2709 2708 2707 648 647 646 2704 2705 2706 4414 4415 4416 
 111 305 306 2692 2693 2694 2710 2711 2712 2706 2705 2704 4417 4418 4419 
 306 305 30 2712 2711 2710 2700 2699 2698 2716 2717 2718 4420 4421 4422 
 30 29 306 373 374 375 2713 2714 2715 2718 2717 2716 4423 4424 4425 
 307 107 113 2724 2723 2722 651 650 649 2719 2720 2721 4426 4427 4428 
 113 306 307 2707 2708 2709 2725 2726 2727 2721 2720 2719 4429 4430 4431 
 307 306 29 2727 2726 2725 2715 2714 2713 2731 2732 2733 4432 4433 4434 
 29 31 307 376 377 378 2728 2729 2730 2733 2732 2731 4435 4436 4437 
 308 115 107 2739 2738 2737 654 653 652 2734 2735 2736 4438 4439 4440 
 107 307 308 2722 2723 2724 2740 2741 2742 2736 2735 2734 4441 4442 4443 
 308 307 31 2742 2741 2740 2730 2729 2728 2746 2747 2748 4444 4445 4446 
 31 28 308 379 380 381 2743 2744 2745 2748 2747 2746 4447 4448 4449 
 309 116 115 2754 2753 2752 657 656 655 2749 2750 2751 4450 4451 4452 
 115 308 309 2737 2738 2739 2755 2756 2757 2751 2750 2749 4453 4454 4455 
 309 308 28 2757 2756 2755 2745 2744 2743 2761 2762 2763 4456 4457 4458 
 28 33 309 382 383 384 2758 2759 2760 2763 2762 2761 4459 4460 4461 
 310 114 116 2769 2768 2767 660 659 658 2764 2765 2766 4462 4463 4464 
 116 309 310 2752 2753 2754 2770 2771 2772 2766 2765 2764 4465 4466 4467 
 310 309 33 2772 2771 2770 2760 2759 2758 2776 2777 2778 4468 4469 4470 
 33 32 310 385 386 387 2773 2774 2775 2778 2777 2776 4471 4472 4473 
 311 118 114 2784 2783 2782 663 662 661 2779 2780 2781 4474 4475 4476 
 114 310 311 2767 2768 2769 2785 2786 2787 2781 2780 2779 4477 4478 4479 
 311 310 32 2787 2786 2785 2775 2774 2773 2791 2792 2793 4480 4481 4482 
 32 34 311 388 389 390 2788 2789 2790 2793 2792 2791 4483 4484 4485 
 312 117 118 2799 2798 2797 666 665 664 2794 2795 2796 4486 4487 4488 
 118 311 312 2782 2783 2784 2800 2801 2802 2796 2795 2794 4489 4490 4491 
 312 311 34 2802 2801 2800 2790 2789 2788 2806 2807 2808 4492 4493 4494 
 34 27 312 391 392 393 2803 2804 2805 2808 2807 2806 4495 4496 4497 
 313 119 117 2814 2813 2812 669 668 667 2809 2810 2811 4498 4499 4500 
 117 312 313 2797 2798 2799 2815 2816 2817 2811 2810 2809 4501 4502 4503 
 313 312 27 2817 2816 2815 2805 2804 2803 2821 2822 2823 4504 4505 4506 
 27 37 313 394 395 396 2818 2819 2820 2823 2822 2821 4507 4508 4509 
 314 7 119 2829 2828 2827 672 671 670 2824 2825 2826 4510 4511 4512 
 119 313 314 2812 2813 2814 2830 2831 2832 2826 2825 2824 4513 4514 4515 
 314 313 37 2832 2831 2830 2820 2819 2818 2836 2837 2838 4516 4517 4518 
 37 36 314 397 398 399 2833 2834 2835 2838 2837 2836 4519 4520 4521 
 315 78 7 2844 2843 2842 528 527 526 2839 2840 2841 4522 4523 4524 
 7 314 315 2827 2828 2829 2845 2846 2847 2841 2840 2839 4525 4526 4527 
 315 314 36 2847 2846 2845 2835 2834 2833 2851 2852 2853 4528 4529 4530 
 36 38 315 400 401 402 2848 2849 2850 2853 2852 2851 4531 4532 4533 
 316 79 78 2859 2858 2857 531 530 529 2854 2855 2856 4534 4535 4536 
 78 315 316 2842 2843 2844 2860 2861 2862 2856 2855 2854 4537 4538 4539 
 316 315 38 2862 2861 2860 2850 2849 2848 2866 2867 2868 4540 4541 4542 
 38 35 316 403 404 405 2863 2864 2865 2868 2867 2866 4543 4544 4545 
 317 77 79 2874 2873 2872 534 533 532 2869 2870 2871 4546 4547 4548 
 79 316 317 2857 2858 2859 2875 2876 2877 2871 2870 2869 4549 4550 4551 
 317 316 35 2877 2876 2875 2865 2864 2863 2881 2882 2883 4552 4553 4554 
 35 40 317 406 407 408 2878 2879 2880 2883 2882 2881 4555 4556 4557 
 318 80 77 2889 2888 2887 537 536 535 2884 2885 2886 4558 4559 4560 
 77 317 318 2872 2873 2874 2890 2891 2892 2886 2885 2884 4561 4562 4563 
 318 317 40 2892 2891 2890 2880 2879 2878 2896 2897 2898 4564 4565 4566 
 40 39 318 409 410 411 2893 2894 2895 2898 2897 2896 4567 4568 4569 
 319 81 80 2904 2903 2902 540 539 538 2899 2900 2901 4570 4571 4572 
 80 318 319 2887 2888 2889 2905 2906 2907 2901 2900 2899 4573 4574 4575 
 319 318 39 2907 2906 2905 2895 2894 2893 2911 2912 2913 4576 4577 4578 
 39 41 319 412 413 414 2908 2909 2910 2913 2912 2911 4579 4580 4581 
 320 82 81 2919 2918 2917 543 542 541 2914 2915 2916 4582 4583 4584 
 81 319 320 2902 2903 2904 2920 2921 2922 2916 2915 2914 4585 4586 4587 
 320 319 41 2922 2921 2920 2910 2909 2908 2926 2927 2928 4588 4589 4590 
 41 42 320 415 416 417 2923 2924 2925 2928 2927 2926 4591 4592 4593 
 43 89 321 2428 2429 2430 2932 2933 2934 2931 2930 2929 4594 4595 4596 
 82 320 321 2917 2918 2919 2938 2939 2940 2937 2936 2935 4597 4598 4599 
 321 89 5 2934 2933 2932 570 569 568 2941 2942 2943 4600 4601 4602 
 321 5 82 2943 2942 2941 546 545 544 2935 2936 2937 4603 4604 4605 
 321 320 42 2940 2939 2938 2925 2924 2923 2944 2945 2946 4606 4607 4608 
 42 43 321 418 419 420 2929 2930 2931 2946 2945 2944 4609 4610 4611 
 289 287 15 2460 2459 2458 2436 2435 2434 2949 2948 2947 4612 4613 4614 
 15 290 289 2476 2477 2478 2472 2471 2470 2947 2948 2949 4615 4616 4617 
 solutionOrder
4 4 4 4 
 4 4 4 4 
 4 4 4 4 
 4 4 4 4 
 4 4 4 4 
 4 4 4 4 
 4 4 4 4 
 4 4 4 4 
 4 4 4 4 
 4 4 4 4 
 4 4 4 4 
 4 4 4 4 
 4 4 4 4 
 4 4 4 4 
 4 4 4 4 
 4 4 4 4 
 4 4 4 4 
 4 4 4 4 
 4 4 4 4 
 4 4 4 4 
 4 4 4 4 
 4 4 4 4 
 4 4 4 4 
 4 4 4 4 
 4 4 4 4 
 4 4 4 4 
 4 4 4 4 
 4 4 4 4 
 4 4 4 4 
 4 4 4 4 
 4 4 4 4 
 4 4 4 4 
 4 4 4 4 
 4 4 4 4 
 4 4 4 4 
 4 4 4 4 
 4 4 4 4 
 4 4 4 4 
 4 4 4 4 
 4 4 4 4 
 4 4 4 4 
 4 4 4 4 
 4 4 4 4 
 4 4 4 4 
 4 4 4 4 
 4 4 4 4 
 4 4 4 4 
 4 4 4 4 
 4 4 4 4 
 4 4 4 4 
 4 4 4 4 
 4 4 4 4 
 4 4 4 4 
 4 4 4 4 
 4 4 4 4 
 4 4 4 4 
 4 4 4 4 
 4 4 4 4 
 4 4 4 4 
 4 4 4 4 
 4 4 4 4 
 4 4 4 4 
 4 4 4 4 
 4 4 4 4 
 4 4 4 4 
 4 4 4 4 
 4 4 4 4 
 4 4 4 4 
 4 4 4 4 
 4 4 4 4 
 4 4 4 4 
 4 4 4 4 
 4 4 4 4 
 4 4 4 4 
 4 4 4 4 
 4 4 4 4 
 4 4 4 4 
 4 4 4 4 
 4 4 4 4 
 4 4 4 4 
 4 4 4 4 
 4 4 4 4 
 4 4 4 4 
 4 4 4 4 
 4 4 4 4 
 4 4 4 4 
 4 4 4 4 
 4 4 4 4 
 4 4 4 4 
 4 4 4 4 
 4 4 4 4 
 4 4 4 4 
 4 4 4 4 
 4 4 4 4 
 4 4 4 4 
 4 4 4 4 
 4 4 4 4 
 4 4 4 4 
 4 4 4 4 
 4 4 4 4 
 4 4 4 4 
 4 4 4 4 
 4 4 4 4 
 4 4 4 4 
 4 4 4 4 
 4 4 4 4 
 4 4 4 4 
 4 4 4 4 
 4 4 4 4 
 4 4 4 4 
 4 4 4 4 
 4 4 4 4 
 4 4 4 4 
 4 4 4 4 
 4 4 4 4 
 4 4 4 4 
 4 4 4 4 
 4 4 4 4 
 4 4 4 4 
 4 4 4 4 
 4 4 4 4 
 4 4 4 4 
 4 4 4 4 
 4 4 4 4 
 4 4 4 4 
 4 4 4 4 
 4 4 4 4 
 4 4 4 4 
 4 4 4 4 
 4 4 4 4 
 4 4 4 4 
 4 4 4 4 
 4 4 4 4 
 4 4 4 4 
 4 4 4 4 
 4 4 4 4 
 4 4 4 4 
 4 4 4 4 
 4 4 4 4 
 4 4 4 4 
 4 4 4 4 
 4 4 4 4 
 4 4 4 4 
 4 4 4 4 
 4 4 4 4 
 4 4 4 4 
 4 4 4 4 
 4 4 4 4 
 4 4 4 4 
 4 4 4 4 
 4 4 4 4 
 4 4 4 4 
 4 4 4 4 
 4 4 4 4 
 4 4 4 4 
 4 4 4 4 
 4 4 4 4 
 4 4 4 4 
 4 4 4 4 
 4 4 4 4 
 4 4 4 4 
 4 4 4 4 
 4 4 4 4 
 4 4 4 4 
 4 4 4 4 
 4 4 4 4 
 4 4 4 4 
 4 4 4 4 
 4 4 4 4 
 4 4 4 4 
 4 4 4 4 
 4 4 4 4 
 4 4 4 4 
 4 4 4 4 
 4 4 4 4 
 4 4 4 4 
 4 4 4 4 
 4 4 4 4 
 4 4 4 4 
 4 4 4 4 
 4 4 4 4 
 4 4 4 4 
 4 4 4 4 
 4 4 4 4 
 4 4 4 4 
 4 4 4 4 
 4 4 4 4 
 4 4 4 4 
 4 4 4 4 
 4 4 4 4 
 4 4 4 4 
 4 4 4 4 
 4 4 4 4 
 4 4 4 4 
 4 4 4 4 
 4 4 4 4 
 4 4 4 4 
 4 4 4 4 
 4 4 4 4 
 4 4 4 4 
 4 4 4 4 
 4 4 4 4 
 4 4 4 4 
 4 4 4 4 
 4 4 4 4 
 4 4 4 4 
 4 4 4 4 
 4 4 4 4 
 4 4 4 4 
 4 4 4 4 
 4 4 4 4 
 4 4 4 4 
 4 4 4 4 
 4 4 4 4 
 4 4 4 4 
 4 4 4 4 
 4 4 4 4 
 4 4 4 4 
 4 4 4 4 
 4 4 4 4 
 4 4 4 4 
 4 4 4 4 
 4 4 4 4 
 4 4 4 4 
 4 4 4 4 
 4 4 4 4 
 4 4 4 4 
 4 4 4 4 
 4 4 4 4 
 4 4 4 4 
 4 4 4 4 
 4 4 4 4 
 4 4 4 4 
 4 4 4 4 
 4 4 4 4 
 4 4 4 4 
 4 4 4 4 
 4 4 4 4 
 4 4 4 4 
 4 4 4 4 
 4 4 4 4 
 4 4 4 4 
 4 4 4 4 
 4 4 4 4 
 4 4 4 4 
 4 4 4 4 
 4 4 4 4 
 4 4 4 4 
 4 4 4 4 
 4 4 4 4 
 4 4 4 4 
 4 4 4 4 
 4 4 4 4 
 4 4 4 4 
 4 4 4 4 
 4 4 4 4 
 4 4 4 4 
 4 4 4 4 
 4 4 4 4 
 4 4 4 4 
 4 4 4 4 
 4 4 4 4 
 4 4 4 4 
 4 4 4 4 
 4 4 4 4 
 4 4 4 4 
 4 4 4 4 
 4 4 4 4 
 4 4 4 4 
 4 4 4 4 
 4 4 4 4 
 4 4 4 4 
 4 4 4 4 
 4 4 4 4 
 4 4 4 4 
 4 4 4 4 
 4 4 4 4 
 4 4 4 4 
 4 4 4 4 
 4 4 4 4 
 4 4 4 4 
 4 4 4 4 
 4 4 4 4 
 4 4 4 4 
 4 4 4 4 
 4 4 4 4 
 4 4 4 4 
 4 4 4 4 
 4 4 4 4 
 4 4 4 4 
 4 4 4 4 
 4 4 4 4 
 4 4 4 4 
 4 4 4 4 
 4 4 4 4 
 4 4 4 4 
 4 4 4 4 
 4 4 4 4 
 4 4 4 4 
 4 4 4 4 
 4 4 4 4 
 4 4 4 4 
 4 4 4 4 
 4 4 4 4 
 4 4 4 4 
 4 4 4 4 
 4 4 4 4 
 4 4 4 4 
 4 4 4 4 
 4 4 4 4 
 4 4 4 4 
 4 4 4 4 
 4 4 4 4 
 4 4 4 4 
 4 4 4 4 
 4 4 4 4 
 4 4 4 4 
 4 4 4 4 
 4 4 4 4 
 4 4 4 4 
 4 4 4 4 
 4 4 4 4 
 4 4 4 4 
 4 4 4 4 
 4 4 4 4 
 4 4 4 4 
 4 4 4 4 
 4 4 4 4 
 4 4 4 4 
 4 4 4 4 
 4 4 4 4 
 4 4 4 4 
 4 4 4 4 
 4 4 4 4 
 4 4 4 4 
 4 4 4 4 
 4 4 4 4 
 4 4 4 4 
 4 4 4 4 
 4 4 4 4 
 4 4 4 4 
 4 4 4 4 
 4 4 4 4 
 4 4 4 4 
 4 4 4 4 
 4 4 4 4 
 4 4 4 4 
 4 4 4 4 
 4 4 4 4 
 4 4 4 4 
 4 4 4 4 
 4 4 4 4 
 4 4 4 4 
 4 4 4 4 
 4 4 4 4 
 4 4 4 4 
 4 4 4 4 
 4 4 4 4 
 4 4 4 4 
 4 4 4 4 
 4 4 4 4 
 4 4 4 4 
 4 4 4 4 
 4 4 4 4 
 4 4 4 4 
 4 4 4 4 
 4 4 4 4 
 4 4 4 4 
 4 4 4 4 
 4 4 4 4 
 4 4 4 4 
 4 4 4 4 
 4 4 4 4 
 4 4 4 4 
 4 4 4 4 
 4 4 4 4 
 4 4 4 4 
 4 4 4 4 
 4 4 4 4 
 4 4 4 4 
 4 4 4 4 
 4 4 4 4 
 4 4 4 4 
 4 4 4 4 
 4 4 4 4 
 4 4 4 4 
 4 4 4 4 
 4 4 4 4 
 4 4 4 4 
 4 4 4 4 
 4 4 4 4 
 4 4 4 4 
 4 4 4 4 
 4 4 4 4 
 4 4 4 4 
 4 4 4 4 
 4 4 4 4 
 4 4 4 4 
 4 4 4 4 
 4 4 4 4 
 4 4 4 4 
 4 4 4 4 
 4 4 4 4 
 4 4 4 4 
 4 4 4 4 
 4 4 4 4 
 4 4 4 4 
 4 4 4 4 
 4 4 4 4 
 4 4 4 4 
 4 4 4 4 
 4 4 4 4 
 4 4 4 4 
 4 4 4 4 
 4 4 4 4 
 4 4 4 4 
 4 4 4 4 
 4 4 4 4 
 4 4 4 4 
 4 4 4 4 
 4 4 4 4 
 4 4 4 4 
 4 4 4 4 
 4 4 4 4 
 4 4 4 4 
 4 4 4 4 
 4 4 4 4 
 4 4 4 4 
 4 4 4 4 
 4 4 4 4 
 4 4 4 4 
 4 4 4 4 
 4 4 4 4 
 4 4 4 4 
 4 4 4 4 
 4 4 4 4 
 4 4 4 4 
 4 4 4 4 
 4 4 4 4 
 4 4 4 4 
 4 4 4 4 
 4 4 4 4 
 4 4 4 4 
 4 4 4 4 
 4 4 4 4 
 4 4 4 4 
 4 4 4 4 
 4 4 4 4 
 4 4 4 4 
 4 4 4 4 
 4 4 4 4 
 4 4 4 4 
 4 4 4 4 
 4 4 4 4 
 4 4 4 4 
 4 4 4 4 
 4 4 4 4 
 4 4 4 4 
 4 4 4 4 
 4 4 4 4 
 4 4 4 4 
 4 4 4 4 
 4 4 4 4 
 4 4 4 4 
 4 4 4 4 
 4 4 4 4 
 4 4 4 4 
 4 4 4 4 
 4 4 4 4 
 4 4 4 4 
 4 4 4 4 
 4 4 4 4 
 4 4 4 4 
 4 4 4 4 
 4 4 4 4 
 4 4 4 4 
 4 4 4 4 
 4 4 4 4 
 4 4 4 4 
 4 4 4 4 
 4 4 4 4 
 4 4 4 4 
 4 4 4 4 
 4 4 4 4 
 4 4 4 4 
 4 4 4 4 
 4 4 4 4 
 4 4 4 4 
 4 4 4 4 
 4 4 4 4 
 4 4 4 4 
 4 4 4 4 
 4 4 4 4 
 4 4 4 4 
 4 4 4 4 
 4 4 4 4 
 4 4 4 4 
 4 4 4 4 
 4 4 4 4 
 4 4 4 4 
 4 4 4 4 
 4 4 4 4 
 4 4 4 4 
 4 4 4 4 
 4 4 4 4 
 4 4 4 4 
 4 4 4 4 
 4 4 4 4 
 4 4 4 4 
 4 4 4 4 
 4 4 4 4 
 4 4 4 4 
 4 4 4 4 
 4 4 4 4 
 4 4 4 4 
 4 4 4 4 
 4 4 4 4 
 4 4 4 4 
 4 4 4 4 
 4 4 4 4 
 4 4 4 4 
 4 4 4 4 
 4 4 4 4 
 4 4 4 4 
 4 4 4 4 
 4 4 4 4 
 4 4 4 4 
 4 4 4 4 
 4 4 4 4 
 4 4 4 4 
 4 4 4 4 
 4 4 4 4 
 4 4 4 4 
 4 4 4 4 
 4 4 4 4 
 4 4 4 4 
 4 4 4 4 
 4 4 4 4 
 4 4 4 4 
 4 4 4 4 
 4 4 4 4 
 4 4 4 4 
 4 4 4 4 
 4 4 4 4 
 4 4 4 4 
 4 4 4 4 
 4 4 4 4 
 4 4 4 4 
 4 4 4 4 
 4 4 4 4 
 4 4 4 4 
 4 4 4 4 
 4 4 4 4 
 4 4 4 4 
 4 4 4 4 
 4 4 4 4 
 vertexCoord 
0.000000 0.050000 
 1.000000 0.050000 
 1.000000 0.150000 
 -0.000000 0.150000 
 0.000000 0.000000 
 -0.000000 0.200000 
 0.200000 0.000000 
 1.000000 0.000000 
 1.000000 0.200000 
 0.200000 0.200000 
 0.519992 0.050000 
 0.759972 0.050000 
 0.879963 0.050000 
 0.939966 0.050000 
 0.969971 0.050000 
 0.909961 0.050000 
 0.819968 0.050000 
 0.849964 0.050000 
 0.789970 0.050000 
 0.639981 0.050000 
 0.699975 0.050000 
 0.729971 0.050000 
 0.669978 0.050000 
 0.579988 0.050000 
 0.609984 0.050000 
 0.549990 0.050000 
 0.280476 0.050000 
 0.400084 0.050000 
 0.460032 0.050000 
 0.489992 0.050000 
 0.430072 0.050000 
 0.340228 0.050000 
 0.370149 0.050000 
 0.310306 0.050000 
 0.162944 0.050000 
 0.221131 0.050000 
 0.250760 0.050000 
 0.191855 0.050000 
 0.106231 0.050000 
 0.134336 0.050000 
 0.079043 0.050000 
 0.052238 0.050000 
 0.026118 0.050000 
 0.520018 0.150000 
 0.759972 0.150000 
 0.879963 0.150000 
 0.939966 0.150000 
 0.969983 0.150000 
 0.909961 0.150000 
 0.819968 0.150000 
 0.849964 0.150000 
 0.789970 0.150000 
 0.639981 0.150000 
 0.699975 0.150000 
 0.729971 0.150000 
 0.669978 0.150000 
 0.579990 0.150000 
 0.609984 0.150000 
 0.549996 0.150000 
 0.280476 0.150000 
 0.400084 0.150000 
 0.460032 0.150000 
 0.489992 0.150000 
 0.430072 0.150000 
 0.340231 0.150000 
 0.370149 0.150000 
 0.310306 0.150000 
 0.162944 0.150000 
 0.221131 0.150000 
 0.250760 0.150000 
 0.191855 0.150000 
 0.106231 0.150000 
 0.134336 0.150000 
 0.079043 0.150000 
 0.052189 0.150000 
 0.026118 0.150000 
 0.113281 0.000000 
 0.170962 0.000000 
 0.142121 0.000000 
 0.084795 0.000000 
 0.056465 0.000000 
 0.028233 0.000000 
 0.087239 0.200000 
 0.029169 0.200000 
 0.058238 0.200000 
 0.115828 0.200000 
 0.144002 0.200000 
 0.171940 0.200000 
 0.000000 0.025000 
 -0.000000 0.075171 
 -0.000000 0.100220 
 -0.000000 0.125071 
 -0.000000 0.175000 
 0.610777 0.000000 
 0.820110 0.000000 
 0.910036 0.000000 
 0.970020 0.000000 
 0.940028 0.000000 
 0.880065 0.000000 
 0.850093 0.000000 
 0.730267 0.000000 
 0.790127 0.000000 
 0.760188 0.000000 
 0.670461 0.000000 
 0.700371 0.000000 
 0.640556 0.000000 
 0.404321 0.000000 
 0.521894 0.000000 
 0.581086 0.000000 
 0.551453 0.000000 
 0.463030 0.000000 
 0.492459 0.000000 
 0.433678 0.000000 
 0.316538 0.000000 
 0.374993 0.000000 
 0.345728 0.000000 
 0.258262 0.000000 
 0.287396 0.000000 
 0.229203 0.000000 
 1.000000 0.175000 
 1.000000 0.124829 
 1.000000 0.099780 
 1.000000 0.074890 
 1.000000 0.025000 
 0.589223 0.200000 
 0.379903 0.200000 
 0.290000 0.200000 
 0.230000 0.200000 
 0.260000 0.200000 
 0.319970 0.200000 
 0.349937 0.200000 
 0.469733 0.200000 
 0.409873 0.200000 
 0.439812 0.200000 
 0.529539 0.200000 
 0.499629 0.200000 
 0.559444 0.200000 
 0.795679 0.200000 
 0.678106 0.200000 
 0.618914 0.200000 
 0.648547 0.200000 
 0.736970 0.200000 
 0.707541 0.200000 
 0.766322 0.200000 
 0.883462 0.200000 
 0.825007 0.200000 
 0.854272 0.200000 
 0.941738 0.200000 
 0.912604 0.200000 
 0.970869 0.200000 
 0.977079 0.128941 
 0.980172 0.074744 
 0.943024 0.097605 
 0.891028 0.098990 
 0.840679 0.099426 
 0.782685 0.099523 
 0.722686 0.099523 
 0.662690 0.099524 
 0.602707 0.099523 
 0.537647 0.099149 
 0.460706 0.099784 
 0.400544 0.099177 
 0.356646 0.099151 
 0.301426 0.099391 
 0.244219 0.099460 
 0.185989 0.099461 
 0.128738 0.099285 
 0.068880 0.096956 
 0.940962 0.075615 
 0.935893 0.118531 
 0.961837 0.085426 
 0.884913 0.125243 
 0.884432 0.073051 
 0.916868 0.098284 
 0.826955 0.074085 
 0.827074 0.124892 
 0.868284 0.099233 
 0.769198 0.074568 
 0.770030 0.124722 
 0.812451 0.099515 
 0.709198 0.074568 
 0.710031 0.124722 
 0.753652 0.099583 
 0.650038 0.124723 
 0.649203 0.074569 
 0.693654 0.099583 
 0.589198 0.074570 
 0.590044 0.124717 
 0.633664 0.099585 
 0.526880 0.074389 
 0.526915 0.124765 
 0.570277 0.099369 
 0.460529 0.133297 
 0.460255 0.071747 
 0.501939 0.098678 
 0.400591 0.122308 
 0.400801 0.075788 
 0.425910 0.099273 
 0.345191 0.125267 
 0.344659 0.073042 
 0.377343 0.099158 
 0.287727 0.074041 
 0.287877 0.124813 
 0.330039 0.099303 
 0.231665 0.124677 
 0.230812 0.074524 
 0.273431 0.099458 
 0.173486 0.124670 
 0.172624 0.074519 
 0.215751 0.099524 
 0.116378 0.124430 
 0.115519 0.074292 
 0.157978 0.099485 
 0.052234 0.071663 
 0.057954 0.122545 
 0.100387 0.098752 
 0.032813 0.091221 
 0.956496 0.131528 
 0.914903 0.125817 
 0.913870 0.074323 
 0.855611 0.073275 
 0.855957 0.125697 
 0.798637 0.074448 
 0.800363 0.124775 
 0.740779 0.074707 
 0.741057 0.124758 
 0.681061 0.124759 
 0.680783 0.074707 
 0.620789 0.074708 
 0.621070 0.124758 
 0.558997 0.074580 
 0.559145 0.124667 
 0.493350 0.126087 
 0.493294 0.074100 
 0.429147 0.125419 
 0.429375 0.073773 
 0.374386 0.125416 
 0.375134 0.073189 
 0.315963 0.073257 
 0.316347 0.125709 
 0.261405 0.124735 
 0.259635 0.074396 
 0.203313 0.124722 
 0.203027 0.074671 
 0.145643 0.124645 
 0.145357 0.074597 
 0.027992 0.123177 
 0.087049 0.073610 
 0.088145 0.123780 
 0.979774 0.103982 
 0.959558 0.110171 
 0.983078 0.183813 
 0.983574 0.167667 
 0.964904 0.179526 
 0.940179 0.175678 
 0.911743 0.175008 
 0.881906 0.175014 
 0.852118 0.175000 
 0.822493 0.175000 
 0.792829 0.175000 
 0.763158 0.175000 
 0.733470 0.175000 
 0.703762 0.175000 
 0.674042 0.175000 
 0.644270 0.175000 
 0.614449 0.175000 
 0.584608 0.175000 
 0.554720 0.175000 
 0.524779 0.175000 
 0.494811 0.175000 
 0.464868 0.175000 
 0.434942 0.175000 
 0.404978 0.175000 
 0.375021 0.175000 
 0.345073 0.175000 
 0.315132 0.175000 
 0.285209 0.175000 
 0.255337 0.175002 
 0.225578 0.175010 
 0.196242 0.175058 
 0.167591 0.174989 
 0.139288 0.174998 
 0.110944 0.175007 
 0.082730 0.175046 
 0.054684 0.175271 
 0.026676 0.176651 
 0.983274 0.031273 
 0.983038 0.015036 
 0.961896 0.018909 
 0.940029 0.025612 
 0.910007 0.025105 
 0.880018 0.025017 
 0.850032 0.025003 
 0.820042 0.025000 
 0.790053 0.025000 
 0.760091 0.025000 
 0.730119 0.025000 
 0.700177 0.025000 
 0.670220 0.025000 
 0.640275 0.025000 
 0.610381 0.025000 
 0.580540 0.025000 
 0.550724 0.025000 
 0.520956 0.025000 
 0.491226 0.025000 
 0.461517 0.025000 
 0.431875 0.025000 
 0.402202 0.025000 
 0.372571 0.025000 
 0.342979 0.025000 
 0.313422 0.025000 
 0.283936 0.025000 
 0.254511 0.025000 
 0.225167 0.025000 
 0.195996 0.025000 
 0.166940 0.025000 
 0.138205 0.024999 
 0.109740 0.024992 
 0.081715 0.024950 
 0.054079 0.024700 
 0.026780 0.023249 
 bc_tag 
399 
 393 
 336 
 330 
 184 
 110 
 15 
 10 
 5 
 2 
 405 
 405 
 405 
 405 
 405 
 405 
 405 
 405 
 405 
 405 
 405 
 405 
 405 
 405 
 405 
 405 
 405 
 405 
 405 
 405 
 405 
 405 
 405 
 405 
 405 
 405 
 405 
 405 
 405 
 405 
 405 
 405 
 405 
 343 
 343 
 343 
 343 
 343 
 343 
 343 
 343 
 343 
 343 
 343 
 343 
 343 
 343 
 343 
 343 
 343 
 343 
 343 
 343 
 343 
 343 
 343 
 343 
 343 
 343 
 343 
 343 
 343 
 343 
 343 
 343 
 343 
 190 
 190 
 190 
 190 
 190 
 190 
 117 
 117 
 117 
 117 
 117 
 117 
 185 
 400 
 400 
 400 
 331 
 16 
 16 
 16 
 16 
 16 
 16 
 16 
 16 
 16 
 16 
 16 
 16 
 16 
 16 
 16 
 16 
 16 
 16 
 16 
 16 
 16 
 16 
 16 
 16 
 16 
 16 
 11 
 337 
 337 
 337 
 394 
 6 
 6 
 6 
 6 
 6 
 6 
 6 
 6 
 6 
 6 
 6 
 6 
 6 
 6 
 6 
 6 
 6 
 6 
 6 
 6 
 6 
 6 
 6 
 6 
 6 
 6 
 408 
 408 
 408 
 408 
 408 
 408 
 408 
 408 
 408 
 408 
 408 
 408 
 408 
 408 
 408 
 408 
 408 
 408 
 408 
 408 
 408 
 408 
 408 
 408 
 408 
 408 
 408 
 408 
 408 
 408 
 408 
 408 
 408 
 408 
 408 
 408 
 408 
 408 
 408 
 408 
 408 
 408 
 408 
 408 
 408 
 408 
 408 
 408 
 408 
 408 
 408 
 408 
 408 
 408 
 408 
 408 
 408 
 408 
 408 
 408 
 408 
 408 
 408 
 408 
 408 
 408 
 408 
 408 
 408 
 408 
 408 
 408 
 408 
 408 
 408 
 408 
 408 
 408 
 408 
 408 
 408 
 408 
 408 
 408 
 408 
 408 
 408 
 408 
 408 
 408 
 408 
 408 
 408 
 408 
 408 
 408 
 408 
 408 
 408 
 408 
 408 
 346 
 346 
 346 
 346 
 346 
 346 
 346 
 346 
 346 
 346 
 346 
 346 
 346 
 346 
 346 
 346 
 346 
 346 
 346 
 346 
 346 
 346 
 346 
 346 
 346 
 346 
 346 
 346 
 346 
 346 
 346 
 346 
 346 
 346 
 346 
 120 
 120 
 120 
 120 
 120 
 120 
 120 
 120 
 120 
 120 
 120 
 120 
 120 
 120 
 120 
 120 
 120 
 120 
 120 
 120 
 120 
 120 
 120 
 120 
 120 
 120 
 120 
 120 
 120 
 120 
 120 
 120 
 120 
 120 
 120 
 405 
 405 
 405 
 405 
 405 
 405 
 405 
 405 
 405 
 405 
 405 
 405 
 405 
 405 
 405 
 405 
 405 
 405 
 405 
 405 
 405 
 405 
 405 
 405 
 405 
 405 
 405 
 405 
 405 
 405 
 405 
 405 
 405 
 405 
 405 
 405 
 405 
 405 
 405 
 405 
 405 
 405 
 405 
 405 
 405 
 405 
 405 
 405 
 405 
 405 
 405 
 405 
 405 
 405 
 405 
 405 
 405 
 405 
 405 
 405 
 405 
 405 
 405 
 405 
 405 
 405 
 405 
 405 
 405 
 405 
 405 
 405 
 405 
 405 
 405 
 405 
 405 
 405 
 405 
 405 
 405 
 405 
 405 
 405 
 405 
 405 
 405 
 405 
 405 
 405 
 405 
 405 
 405 
 405 
 405 
 405 
 405 
 405 
 405 
 405 
 405 
 405 
 343 
 343 
 343 
 343 
 343 
 343 
 343 
 343 
 343 
 343 
 343 
 343 
 343 
 343 
 343 
 343 
 343 
 343 
 343 
 343 
 343 
 343 
 343 
 343 
 343 
 343 
 343 
 343 
 343 
 343 
 343 
 343 
 343 
 343 
 343 
 343 
 343 
 343 
 343 
 343 
 343 
 343 
 343 
 343 
 343 
 343 
 343 
 343 
 343 
 343 
 343 
 343 
 343 
 343 
 343 
 343 
 343 
 343 
 343 
 343 
 343 
 343 
 343 
 343 
 343 
 343 
 343 
 343 
 343 
 343 
 343 
 343 
 343 
 343 
 343 
 343 
 343 
 343 
 343 
 343 
 343 
 343 
 343 
 343 
 343 
 343 
 343 
 343 
 343 
 343 
 343 
 343 
 343 
 343 
 343 
 343 
 343 
 343 
 343 
 343 
 343 
 343 
 190 
 190 
 190 
 190 
 190 
 190 
 190 
 190 
 190 
 190 
 190 
 190 
 190 
 190 
 190 
 190 
 190 
 190 
 190 
 190 
 190 
 117 
 117 
 117 
 117 
 117 
 117 
 117 
 117 
 117 
 117 
 117 
 117 
 117 
 117 
 117 
 117 
 117 
 117 
 117 
 117 
 117 
 185 
 185 
 185 
 185 
 185 
 185 
 400 
 400 
 400 
 400 
 400 
 400 
 400 
 400 
 400 
 400 
 400 
 400 
 331 
 331 
 331 
 331 
 331 
 331 
 16 
 16 
 16 
 16 
 16 
 16 
 16 
 16 
 16 
 16 
 16 
 16 
 16 
 16 
 16 
 16 
 16 
 16 
 16 
 16 
 16 
 16 
 16 
 16 
 16 
 16 
 16 
 16 
 16 
 16 
 16 
 16 
 16 
 16 
 16 
 16 
 16 
 16 
 16 
 16 
 16 
 16 
 16 
 16 
 16 
 16 
 16 
 16 
 16 
 16 
 16 
 16 
 16 
 16 
 16 
 16 
 16 
 16 
 16 
 16 
 16 
 16 
 16 
 16 
 16 
 16 
 16 
 16 
 16 
 16 
 16 
 16 
 16 
 16 
 16 
 16 
 16 
 16 
 16 
 16 
 16 
 11 
 11 
 11 
 11 
 11 
 11 
 337 
 337 
 337 
 337 
 337 
 337 
 337 
 337 
 337 
 337 
 337 
 337 
 394 
 394 
 394 
 394 
 394 
 394 
 6 
 6 
 6 
 6 
 6 
 6 
 6 
 6 
 6 
 6 
 6 
 6 
 6 
 6 
 6 
 6 
 6 
 6 
 6 
 6 
 6 
 6 
 6 
 6 
 6 
 6 
 6 
 6 
 6 
 6 
 6 
 6 
 6 
 6 
 6 
 6 
 6 
 6 
 6 
 6 
 6 
 6 
 6 
 6 
 6 
 6 
 6 
 6 
 6 
 6 
 6 
 6 
 6 
 6 
 6 
 6 
 6 
 6 
 6 
 6 
 6 
 6 
 6 
 6 
 6 
 6 
 6 
 6 
 6 
 6 
 6 
 6 
 6 
 6 
 6 
 6 
 6 
 6 
 6 
 6 
 6 
 408 
 408 
 408 
 408 
 408 
 408 
 408 
 408 
 408 
 408 
 408 
 408 
 408 
 408 
 408 
 408 
 408 
 408 
 408 
 408 
 408 
 408 
 408 
 408 
 408 
 408 
 408 
 408 
 408 
 408 
 408 
 408 
 408 
 408 
 408 
 408 
 408 
 408 
 408 
 408 
 408 
 408 
 408 
 408 
 408 
 408 
 408 
 408 
 408 
 408 
 408 
 408 
 408 
 408 
 408 
 408 
 408 
 408 
 408 
 408 
 408 
 408 
 408 
 408 
 408 
 408 
 408 
 408 
 408 
 408 
 408 
 408 
 408 
 408 
 408 
 408 
 408 
 408 
 408 
 408 
 408 
 408 
 408 
 408 
 408 
 408 
 408 
 408 
 408 
 408 
 408 
 408 
 408 
 408 
 408 
 408 
 408 
 408 
 408 
 408 
 408 
 408 
 408 
 408 
 408 
 408 
 408 
 408 
 408 
 408 
 408 
 408 
 408 
 408 
 408 
 408 
 408 
 408 
 408 
 408 
 408 
 408 
 408 
 408 
 408 
 408 
 408 
 408 
 408 
 408 
 408 
 408 
 408 
 408 
 408 
 408 
 408 
 408 
 408 
 408 
 408 
 408 
 408 
 408 
 408 
 408 
 408 
 408 
 408 
 408 
 408 
 408 
 408 
 408 
 408 
 408 
 408 
 408 
 408 
 408 
 408 
 408 
 408 
 408 
 408 
 408 
 408 
 408 
 408 
 408 
 408 
 408 
 408 
 408 
 408 
 408 
 408 
 408 
 408 
 408 
 408 
 408 
 408 
 408 
 408 
 408 
 408 
 408 
 408 
 408 
 408 
 408 
 408 
 408 
 408 
 408 
 408 
 408 
 408 
 408 
 408 
 408 
 408 
 408 
 408 
 408 
 408 
 408 
 408 
 408 
 408 
 408 
 408 
 408 
 408 
 408 
 408 
 408 
 408 
 408 
 408 
 408 
 408 
 408 
 408 
 408 
 408 
 408 
 408 
 408 
 408 
 408 
 408 
 408 
 408 
 408 
 408 
 408 
 408 
 408 
 408 
 408 
 408 
 408 
 408 
 408 
 408 
 408 
 408 
 408 
 408 
 408 
 408 
 408 
 408 
 408 
 408 
 408 
 408 
 408 
 408 
 408 
 408 
 408 
 408 
 408 
 408 
 408 
 408 
 408 
 408 
 408 
 408 
 408 
 408 
 408 
 408 
 408 
 408 
 408 
 408 
 408 
 408 
 408 
 408 
 408 
 408 
 408 
 408 
 408 
 408 
 408 
 408 
 408 
 408 
 408 
 408 
 408 
 408 
 408 
 408 
 408 
 408 
 408 
 408 
 408 
 408 
 408 
 408 
 408 
 408 
 408 
 408 
 408 
 408 
 408 
 408 
 408 
 408 
 408 
 408 
 408 
 408 
 408 
 408 
 408 
 408 
 408 
 408 
 408 
 408 
 408 
 408 
 408 
 408 
 408 
 408 
 408 
 408 
 408 
 408 
 408 
 408 
 408 
 408 
 408 
 408 
 408 
 408 
 408 
 408 
 408 
 408 
 408 
 408 
 408 
 408 
 408 
 408 
 408 
 408 
 408 
 408 
 408 
 408 
 408 
 408 
 408 
 408 
 408 
 408 
 408 
 408 
 408 
 408 
 408 
 408 
 408 
 408 
 408 
 408 
 408 
 408 
 408 
 408 
 408 
 408 
 408 
 408 
 408 
 408 
 408 
 408 
 408 
 408 
 408 
 408 
 408 
 408 
 408 
 408 
 408 
 408 
 408 
 408 
 408 
 408 
 408 
 408 
 408 
 408 
 408 
 408 
 408 
 408 
 408 
 408 
 408 
 408 
 408 
 408 
 408 
 408 
 408 
 408 
 408 
 408 
 408 
 408 
 408 
 408 
 408 
 408 
 408 
 408 
 408 
 408 
 408 
 408 
 408 
 408 
 408 
 408 
 408 
 408 
 408 
 408 
 408 
 408 
 408 
 408 
 408 
 408 
 408 
 408 
 408 
 408 
 408 
 408 
 408 
 408 
 408 
 408 
 408 
 408 
 408 
 408 
 408 
 408 
 408 
 408 
 408 
 408 
 408 
 408 
 408 
 408 
 408 
 408 
 408 
 408 
 408 
 408 
 408 
 408 
 408 
 408 
 408 
 408 
 408 
 408 
 408 
 408 
 408 
 408 
 408 
 408 
 408 
 408 
 408 
 408 
 408 
 408 
 408 
 408 
 408 
 408 
 408 
 408 
 408 
 408 
 408 
 408 
 408 
 408 
 408 
 408 
 408 
 408 
 408 
 408 
 408 
 408 
 408 
 408 
 408 
 408 
 408 
 408 
 408 
 408 
 408 
 408 
 408 
 408 
 408 
 408 
 408 
 408 
 408 
 408 
 408 
 408 
 408 
 408 
 408 
 408 
 408 
 408 
 408 
 408 
 408 
 408 
 408 
 408 
 408 
 408 
 408 
 408 
 408 
 408 
 408 
 408 
 408 
 408 
 408 
 408 
 408 
 408 
 408 
 408 
 408 
 408 
 408 
 408 
 408 
 408 
 408 
 408 
 408 
 408 
 408 
 408 
 408 
 408 
 408 
 408 
 408 
 408 
 408 
 408 
 408 
 408 
 408 
 408 
 408 
 408 
 408 
 408 
 408 
 408 
 408 
 408 
 408 
 408 
 408 
 408 
 408 
 408 
 408 
 408 
 408 
 408 
 408 
 408 
 408 
 408 
 408 
 408 
 408 
 408 
 408 
 408 
 408 
 408 
 408 
 408 
 408 
 408 
 408 
 408 
 408 
 408 
 408 
 408 
 408 
 408 
 408 
 408 
 408 
 408 
 408 
 408 
 408 
 408 
 408 
 408 
 408 
 408 
 408 
 408 
 408 
 408 
 408 
 408 
 408 
 408 
 408 
 408 
 408 
 408 
 408 
 408 
 408 
 408 
 408 
 408 
 408 
 408 
 408 
 408 
 408 
 408 
 408 
 408 
 408 
 408 
 408 
 408 
 408 
 408 
 408 
 408 
 408 
 408 
 408 
 408 
 408 
 408 
 408 
 408 
 408 
 408 
 408 
 408 
 408 
 408 
 408 
 408 
 408 
 408 
 408 
 408 
 408 
 408 
 408 
 408 
 408 
 408 
 408 
 408 
 408 
 408 
 408 
 408 
 408 
 408 
 408 
 408 
 408 
 408 
 408 
 408 
 408 
 408 
 408 
 408 
 408 
 408 
 408 
 408 
 408 
 408 
 408 
 408 
 408 
 408 
 408 
 408 
 408 
 408 
 408 
 408 
 408 
 408 
 408 
 408 
 408 
 408 
 408 
 408 
 408 
 408 
 408 
 408 
 408 
 408 
 408 
 408 
 408 
 408 
 408 
 408 
 408 
 408 
 408 
 408 
 408 
 408 
 408 
 408 
 408 
 408 
 408 
 408 
 408 
 408 
 408 
 408 
 408 
 408 
 408 
 408 
 408 
 408 
 408 
 408 
 408 
 408 
 408 
 408 
 408 
 408 
 408 
 408 
 408 
 408 
 408 
 408 
 408 
 408 
 408 
 408 
 408 
 408 
 408 
 408 
 408 
 408 
 408 
 408 
 408 
 408 
 408 
 408 
 408 
 408 
 408 
 408 
 408 
 408 
 408 
 408 
 408 
 408 
 408 
 408 
 408 
 408 
 408 
 408 
 408 
 408 
 408 
 408 
 408 
 408 
 408 
 408 
 408 
 408 
 408 
 408 
 408 
 408 
 408 
 408 
 408 
 408 
 408 
 408 
 408 
 408 
 408 
 408 
 408 
 408 
 408 
 408 
 408 
 408 
 408 
 408 
 408 
 408 
 408 
 408 
 408 
 408 
 408 
 408 
 408 
 408 
 408 
 408 
 408 
 408 
 408 
 408 
 408 
 408 
 408 
 408 
 408 
 408 
 408 
 408 
 408 
 408 
 408 
 408 
 408 
 408 
 408 
 408 
 408 
 408 
 408 
 408 
 408 
 408 
 408 
 408 
 408 
 408 
 408 
 408 
 408 
 408 
 408 
 408 
 408 
 408 
 408 
 408 
 408 
 408 
 408 
 408 
 408 
 408 
 408 
 408 
 408 
 408 
 408 
 408 
 408 
 408 
 408 
 408 
 408 
 408 
 408 
 408 
 408 
 408 
 408 
 408 
 408 
 408 
 408 
 408 
 408 
 408 
 408 
 408 
 408 
 408 
 408 
 408 
 408 
 408 
 408 
 408 
 408 
 408 
 408 
 408 
 408 
 408 
 408 
 408 
 408 
 408 
 408 
 408 
 408 
 408 
 408 
 408 
 408 
 408 
 408 
 408 
 408 
 408 
 408 
 408 
 408 
 408 
 408 
 408 
 408 
 408 
 408 
 408 
 408 
 408 
 408 
 408 
 408 
 408 
 408 
 408 
 408 
 408 
 408 
 408 
 408 
 408 
 408 
 408 
 408 
 408 
 408 
 408 
 408 
 408 
 408 
 408 
 408 
 408 
 408 
 408 
 408 
 408 
 408 
 408 
 408 
 408 
 408 
 408 
 408 
 408 
 408 
 408 
 408 
 408 
 408 
 408 
 408 
 408 
 408 
 408 
 408 
 408 
 408 
 408 
 408 
 408 
 408 
 408 
 408 
 408 
 408 
 408 
 408 
 408 
 408 
 408 
 408 
 408 
 408 
 408 
 408 
 408 
 408 
 408 
 408 
 408 
 408 
 408 
 408 
 408 
 408 
 408 
 408 
 408 
 408 
 408 
 408 
 408 
 408 
 408 
 408 
 408 
 408 
 408 
 408 
 408 
 408 
 408 
 408 
 408 
 408 
 408 
 408 
 408 
 408 
 408 
 408 
 408 
 408 
 408 
 408 
 408 
 408 
 408 
 408 
 408 
 408 
 408 
 408 
 408 
 408 
 408 
 408 
 408 
 408 
 408 
 408 
 408 
 408 
 408 
 408 
 408 
 408 
 408 
 408 
 408 
 408 
 408 
 408 
 408 
 408 
 408 
 408 
 346 
 346 
 346 
 346 
 346 
 346 
 346 
 346 
 346 
 346 
 346 
 346 
 346 
 346 
 346 
 346 
 346 
 346 
 346 
 346 
 346 
 346 
 346 
 346 
 346 
 346 
 346 
 346 
 346 
 346 
 346 
 346 
 346 
 346 
 346 
 346 
 346 
 346 
 346 
 346 
 346 
 346 
 346 
 346 
 346 
 346 
 346 
 346 
 346 
 346 
 346 
 346 
 346 
 346 
 346 
 346 
 346 
 346 
 346 
 346 
 346 
 346 
 346 
 346 
 346 
 346 
 346 
 346 
 346 
 346 
 346 
 346 
 346 
 346 
 346 
 346 
 346 
 346 
 346 
 346 
 346 
 346 
 346 
 346 
 346 
 346 
 346 
 346 
 346 
 346 
 346 
 346 
 346 
 346 
 346 
 346 
 346 
 346 
 346 
 346 
 346 
 346 
 346 
 346 
 346 
 346 
 346 
 346 
 346 
 346 
 346 
 346 
 346 
 346 
 346 
 346 
 346 
 346 
 346 
 346 
 346 
 346 
 346 
 346 
 346 
 346 
 346 
 346 
 346 
 346 
 346 
 346 
 346 
 346 
 346 
 346 
 346 
 346 
 346 
 346 
 346 
 346 
 346 
 346 
 346 
 346 
 346 
 346 
 346 
 346 
 346 
 346 
 346 
 346 
 346 
 346 
 346 
 346 
 346 
 346 
 346 
 346 
 346 
 346 
 346 
 346 
 346 
 346 
 346 
 346 
 346 
 346 
 346 
 346 
 346 
 346 
 346 
 346 
 346 
 346 
 346 
 346 
 346 
 346 
 346 
 346 
 346 
 346 
 346 
 346 
 346 
 346 
 346 
 346 
 346 
 346 
 346 
 346 
 346 
 346 
 346 
 346 
 346 
 346 
 346 
 346 
 346 
 346 
 346 
 346 
 346 
 346 
 346 
 346 
 346 
 346 
 346 
 346 
 346 
 346 
 346 
 346 
 346 
 346 
 346 
 346 
 346 
 346 
 346 
 346 
 346 
 346 
 346 
 346 
 346 
 346 
 346 
 346 
 346 
 346 
 346 
 346 
 346 
 346 
 346 
 346 
 346 
 346 
 346 
 346 
 346 
 346 
 346 
 346 
 346 
 346 
 346 
 346 
 346 
 346 
 346 
 346 
 346 
 346 
 346 
 346 
 346 
 346 
 346 
 346 
 346 
 346 
 346 
 346 
 346 
 346 
 346 
 346 
 346 
 346 
 346 
 346 
 346 
 346 
 346 
 346 
 346 
 346 
 346 
 346 
 346 
 346 
 346 
 346 
 346 
 346 
 346 
 346 
 346 
 346 
 346 
 346 
 346 
 346 
 346 
 346 
 346 
 346 
 346 
 346 
 346 
 346 
 346 
 346 
 346 
 346 
 346 
 346 
 346 
 346 
 346 
 346 
 346 
 346 
 346 
 346 
 346 
 346 
 346 
 346 
 346 
 346 
 346 
 346 
 346 
 346 
 346 
 346 
 346 
 346 
 346 
 346 
 346 
 346 
 346 
 346 
 346 
 346 
 346 
 346 
 346 
 346 
 346 
 346 
 346 
 346 
 346 
 346 
 346 
 346 
 346 
 346 
 346 
 346 
 346 
 346 
 346 
 346 
 346 
 346 
 346 
 346 
 346 
 346 
 346 
 346 
 346 
 346 
 346 
 346 
 346 
 346 
 346 
 346 
 346 
 346 
 346 
 346 
 346 
 346 
 346 
 346 
 346 
 346 
 346 
 346 
 346 
 346 
 346 
 346 
 346 
 346 
 346 
 346 
 346 
 346 
 346 
 346 
 346 
 346 
 346 
 346 
 346 
 346 
 346 
 346 
 346 
 346 
 346 
 346 
 346 
 346 
 346 
 346 
 346 
 346 
 346 
 346 
 346 
 346 
 346 
 346 
 346 
 346 
 346 
 346 
 346 
 346 
 346 
 346 
 346 
 346 
 346 
 346 
 346 
 346 
 346 
 346 
 346 
 346 
 346 
 346 
 346 
 346 
 346 
 346 
 346 
 346 
 346 
 346 
 346 
 346 
 346 
 346 
 346 
 346 
 346 
 346 
 346 
 346 
 346 
 346 
 346 
 346 
 346 
 346 
 346 
 346 
 346 
 346 
 346 
 346 
 346 
 346 
 346 
 346 
 346 
 346 
 346 
 346 
 346 
 346 
 346 
 346 
 346 
 346 
 346 
 346 
 346 
 346 
 346 
 346 
 346 
 346 
 346 
 346 
 346 
 346 
 346 
 346 
 346 
 346 
 346 
 346 
 346 
 346 
 346 
 346 
 346 
 346 
 346 
 346 
 120 
 120 
 120 
 120 
 120 
 120 
 120 
 120 
 120 
 120 
 120 
 120 
 120 
 120 
 120 
 120 
 120 
 120 
 120 
 120 
 120 
 120 
 120 
 120 
 120 
 120 
 120 
 120 
 120 
 120 
 120 
 120 
 120 
 120 
 120 
 120 
 120 
 120 
 120 
 120 
 120 
 120 
 120 
 120 
 120 
 120 
 120 
 120 
 120 
 120 
 120 
 120 
 120 
 120 
 120 
 120 
 120 
 120 
 120 
 120 
 120 
 120 
 120 
 120 
 120 
 120 
 120 
 120 
 120 
 120 
 120 
 120 
 120 
 120 
 120 
 120 
 120 
 120 
 120 
 120 
 120 
 120 
 120 
 120 
 120 
 120 
 120 
 120 
 120 
 120 
 120 
 120 
 120 
 120 
 120 
 120 
 120 
 120 
 120 
 120 
 120 
 120 
 120 
 120 
 120 
 120 
 120 
 120 
 120 
 120 
 120 
 120 
 120 
 120 
 120 
 120 
 120 
 120 
 120 
 120 
 120 
 120 
 120 
 120 
 120 
 120 
 120 
 120 
 120 
 120 
 120 
 120 
 120 
 120 
 120 
 120 
 120 
 120 
 120 
 120 
 120 
 120 
 120 
 120 
 120 
 120 
 120 
 120 
 120 
 120 
 120 
 120 
 120 
 120 
 120 
 120 
 120 
 120 
 120 
 120 
 120 
 120 
 120 
 120 
 120 
 120 
 120 
 120 
 120 
 120 
 120 
 120 
 120 
 120 
 120 
 120 
 120 
 120 
 120 
 120 
 120 
 120 
 120 
 120 
 120 
 120 
 120 
 120 
 120 
 120 
 120 
 120 
 120 
 120 
 120 
 120 
 120 
 120 
 120 
 120 
 120 
 120 
 120 
 120 
 120 
 120 
 120 
 120 
 120 
 120 
 120 
 120 
 120 
 120 
 120 
 120 
 120 
 120 
 120 
 120 
 120 
 120 
 120 
 120 
 120 
 120 
 120 
 120 
 120 
 120 
 120 
 120 
 120 
 120 
 120 
 120 
 120 
 120 
 120 
 120 
 120 
 120 
 120 
 120 
 120 
 120 
 120 
 120 
 120 
 120 
 120 
 120 
 120 
 120 
 120 
 120 
 120 
 120 
 120 
 120 
 120 
 120 
 120 
 120 
 120 
 120 
 120 
 120 
 120 
 120 
 120 
 120 
 120 
 120 
 120 
 120 
 120 
 120 
 120 
 120 
 120 
 120 
 120 
 120 
 120 
 120 
 120 
 120 
 120 
 120 
 120 
 120 
 120 
 120 
 120 
 120 
 120 
 120 
 120 
 120 
 120 
 120 
 120 
 120 
 120 
 120 
 120 
 120 
 120 
 120 
 120 
 120 
 120 
 120 
 120 
 120 
 120 
 120 
 120 
 120 
 120 
 120 
 120 
 120 
 120 
 120 
 120 
 120 
 120 
 120 
 120 
 120 
 120 
 120 
 120 
 120 
 120 
 120 
 120 
 120 
 120 
 120 
 120 
 120 
 120 
 120 
 120 
 120 
 120 
 120 
 120 
 120 
 120 
 120 
 120 
 120 
 120 
 120 
 120 
 120 
 120 
 120 
 120 
 120 
 120 
 120 
 120 
 120 
 120 
 120 
 120 
 120 
 120 
 120 
 120 
 120 
 120 
 120 
 120 
 120 
 120 
 120 
 120 
 120 
 120 
 120 
 120 
 120 
 120 
 120 
 120 
 120 
 120 
 120 
 120 
 120 
 120 
 120 
 120 
 120 
 120 
 120 
 120 
 120 
 120 
 120 
 120 
 120 
 120 
 120 
 120 
 120 
 120 
 120 
 120 
 120 
 120 
 120 
 120 
 120 
 120 
 120 
 120 
 120 
 120 
 120 
 120 
 120 
 120 
 120 
 120 
 120 
 120 
 120 
 120 
 120 
 120 
 120 
 120 
 120 
 120 
 120 
 120 
 120 
 120 
 120 
 120 
 120 
 120 
 120 
 120 
 120 
 120 
 120 
 120 
 120 
 120 
 120 
 120 
 120 
 120 
 120 
 120 
 120 
 120 
 120 
 120 
 120 
 120 
 120 
 120 
 120 
 120 
 120 
 120 
 120 
 120 
 120 
 120 
 120 
 120 
 120 
 120 
 120 
 120 
 120 
 120 
 120 
 120 
 120 
 120 
 120 
 120 
 120 
 120 
 120 
 120 
 120 
 120 
 120 
 120 
 120 
 120 
 120 
 120 
 120 
 120 
 120 
 120 
 120 
 120 
 120 
 120 
 120 
 120 
 120 
 120 
 120 
 120 
 120 
 120 
 120 
 408 
 408 
 408 
 408 
 408 
 408 
 408 
 408 
 408 
 408 
 408 
 408 
 408 
 408 
 408 
 408 
 408 
 408 
 408 
 408 
 408 
 408 
 408 
 408 
 408 
 408 
 408 
 408 
 408 
 408 
 408 
 408 
 408 
 408 
 408 
 408 
 408 
 408 
 408 
 408 
 408 
 408 
 408 
 408 
 408 
 408 
 408 
 408 
 408 
 408 
 408 
 408 
 408 
 408 
 408 
 408 
 408 
 408 
 408 
 408 
 408 
 408 
 408 
 408 
 408 
 408 
 408 
 408 
 408 
 408 
 408 
 408 
 408 
 408 
 408 
 408 
 408 
 408 
 408 
 408 
 408 
 408 
 408 
 408 
 408 
 408 
 408 
 408 
 408 
 408 
 408 
 408 
 408 
 408 
 408 
 408 
 408 
 408 
 408 
 408 
 408 
 408 
 408 
 408 
 408 
 408 
 408 
 408 
 408 
 408 
 408 
 408 
 408 
 408 
 408 
 408 
 408 
 408 
 408 
 408 
 408 
 408 
 408 
 408 
 408 
 408 
 408 
 408 
 408 
 408 
 408 
 408 
 408 
 408 
 408 
 408 
 408 
 408 
 408 
 408 
 408 
 408 
 408 
 408 
 408 
 408 
 408 
 408 
 408 
 408 
 408 
 408 
 408 
 408 
 408 
 408 
 408 
 408 
 408 
 408 
 408 
 408 
 408 
 408 
 408 
 408 
 408 
 408 
 408 
 408 
 408 
 408 
 408 
 408 
 408 
 408 
 408 
 408 
 408 
 408 
 408 
 408 
 408 
 408 
 408 
 408 
 408 
 408 
 408 
 408 
 408 
 408 
 408 
 408 
 408 
 408 
 408 
 408 
 408 
 408 
 408 
 408 
 408 
 408 
 408 
 408 
 408 
 408 
 408 
 408 
 408 
 408 
 408 
 408 
 408 
 408 
 408 
 408 
 408 
 408 
 408 
 408 
 408 
 408 
 408 
 408 
 408 
 408 
 408 
 408 
 408 
 408 
 408 
 408 
 408 
 408 
 408 
 408 
 408 
 408 
 408 
 408 
 408 
 408 
 408 
 408 
 408 
 408 
 408 
 408 
 408 
 408 
 408 
 408 
 408 
 408 
 408 
 408 
 408 
 408 
 408 
 408 
 408 
 408 
 408 
 408 
 408 
 408 
 408 
 408 
 408 
 408 
 408 
 408 
 408 
 408 
 408 
 408 
 408 
 408 
 408 
 408 
 408 
 408 
 408 
 408 
 408 
 408 
 408 
 408 
 408 
 408 
 408 
 408 
 408 
 408 
 408 
 408 
 408 
 408 
 408 
 408 
 408 
 408 
 408 
 408 
 408 
 408 
 408 
 408 
 408 
 408 
 408 
 408 
 408 
 408 
 408 
 408 
 408 
 408 
 408 
 408 
 408 
 408 
 408 
 408 
 408 
 408 
 408 
 408 
 408 
 408 
 408 
 408 
 408 
 408 
 408 
 408 
 408 
 408 
 408 
 408 
 408 
 408 
 408 
 408 
 408 
 408 
 408 
 408 
 408 
 408 
 408 
 408 
 408 
 408 
 408 
 408 
 408 
 408 
 408 
 408 
 408 
 408 
 408 
 408 
 408 
 408 
 408 
 408 
 408 
 408 
 408 
 408 
 408 
 408 
 408 
 408 
 408 
 408 
 408 
 408 
 408 
 408 
 408 
 408 
 408 
 408 
 408 
 408 
 408 
 408 
 408 
 408 
 408 
 408 
 408 
 408 
 408 
 408 
 408 
 408 
 408 
 408 
 408 
 408 
 408 
 408 
 408 
 408 
 408 
 408 
 408 
 408 
 408 
 408 
 408 
 408 
 408 
 408 
 408 
 408 
 408 
 408 
 408 
 408 
 408 
 408 
 408 
 408 
 408 
 408 
 408 
 408 
 408 
 408 
 408 
 408 
 408 
 408 
 408 
 408 
 408 
 408 
 408 
 408 
 408 
 408 
 408 
 408 
 408 
 408 
 408 
 408 
 408 
 408 
 408 
 408 
 408 
 408 
 408 
 408 
 408 
 408 
 408 
 408 
 408 
 408 
 408 
 408 
 408 
 408 
 408 
 408 
 408 
 408 
 408 
 408 
 408 
 408 
 408 
 408 
 408 
 408 
 408 
 408 
 408 
 408 
 408 
 408 
 408 
 408 
 408 
 408 
 408 
 408 
 408 
 408 
 408 
 408 
 408 
 408 
 408 
 408 
 408 
 408 
 408 
 408 
 408 
 408 
 408 
 408 
 408 
 408 
 408 
 408 
 408 
 408 
 408 
 408 
 408 
 408 
 408 
 408 
 408 
 408 
 408 
 408 
 408 
 408 
 408 
 408 
 408 
 408 
 408 
 408 
 408 
 408 
 408 
 408 
 408 
 408 
 408 
 408 
 408 
 408 
 408 
 408 
 408 
 408 
 408 
 408 
 408 
 408 
 408 
 408 
 408 
 408 
 408 
 408 
 408 
 408 
 408 
 408 
 408 
 408 
 408 
 408 
 408 
 408 
 408 
 408 
 408 
 408 
 408 
 408 
 408 
 408 
 408 
 408 
 408 
 408 
 408 
 408 
 408 
 408 
 408 
 408 
 408 
 408 
 408 
 408 
 408 
 408 
 408 
 408 
 408 
 408 
 408 
 408 
 408 
 408 
 408 
 408 
 408 
 408 
 408 
 408 
 408 
 408 
 408 
 408 
 408 
 408 
 408 
 408 
 408 
 408 
 408 
 408 
 408 
 408 
 408 
 408 
 408 
 408 
 408 
 408 
 408 
 408 
 408 
 408 
 408 
 408 
 408 
 408 
 408 
 408 
 408 
 408 
 408 
 408 
 408 
 408 
 408 
 408 
 408 
 408 
 408 
 408 
 408 
 408 
 408 
 408 
 408 
 408 
 408 
 408 
 408 
 408 
 408 
 408 
 408 
 408 
 408 
 408 
 408 
 408 
 408 
 408 
 408 
 408 
 408 
 408 
 408 
 408 
 408 
 408 
 408 
 408 
 408 
 408 
 408 
 408 
 408 
 408 
 408 
 408 
 408 
 408 
 408 
 408 
 408 
 408 
 408 
 408 
 408 
 408 
 408 
 408 
 408 
 408 
 408 
 408 
 408 
 408 
 408 
 408 
 408 
 408 
 408 
 408 
 408 
 408 
 408 
 408 
 408 
 408 
 408 
 408 
 408 
 408 
 408 
 408 
 408 
 408 
 408 
 408 
 408 
 408 
 408 
 408 
 408 
 408 
 408 
 408 
 408 
 408 
 408 
 408 
 408 
 408 
 408 
 408 
 408 
 408 
 408 
 408 
 408 
 408 
 408 
 408 
 408 
 408 
 408 
 408 
 408 
 408 
 408 
 408 
 408 
 408 
 408 
 408 
 408 
 408 
 408 
 408 
 408 
 408 
 408 
 408 
 408 
 408 
 408 
 408 
 408 
 408 
 408 
 408 
 408 
 408 
 408 
 408 
 408 
 408 
 408 
 408 
 408 
 408 
 408 
 408 
 408 
 408 
 408 
 408 
 408 
 408 
 408 
 408 
 408 
 408 
 408 
 408 
 408 
 408 
 408 
 408 
 408 
 408 
 408 
 408 
 408 
 408 
 408 
 408 
 408 
 408 
 408 
 408 
 408 
 408 
 408 
 408 
 408 
 408 
 408 
 408 
 346 
 346 
 346 
 346 
 346 
 346 
 346 
 346 
 346 
 346 
 346 
 346 
 346 
 346 
 346 
 346 
 346 
 346 
 346 
 346 
 346 
 346 
 346 
 346 
 346 
 346 
 346 
 346 
 346 
 346 
 346 
 346 
 346 
 346 
 346 
 346 
 346 
 346 
 346 
 346 
 346 
 346 
 346 
 346 
 346 
 346 
 346 
 346 
 346 
 346 
 346 
 346 
 346 
 346 
 346 
 346 
 346 
 346 
 346 
 346 
 346 
 346 
 346 
 346 
 346 
 346 
 346 
 346 
 346 
 346 
 346 
 346 
 346 
 346 
 346 
 346 
 346 
 346 
 346 
 346 
 346 
 346 
 346 
 346 
 346 
 346 
 346 
 346 
 346 
 346 
 346 
 346 
 346 
 346 
 346 
 346 
 346 
 346 
 346 
 346 
 346 
 346 
 346 
 346 
 346 
 346 
 346 
 346 
 346 
 346 
 346 
 346 
 346 
 346 
 346 
 346 
 346 
 346 
 346 
 346 
 346 
 346 
 346 
 346 
 346 
 346 
 346 
 346 
 346 
 346 
 346 
 346 
 346 
 346 
 346 
 346 
 346 
 346 
 346 
 346 
 346 
 346 
 346 
 346 
 346 
 346 
 346 
 346 
 346 
 346 
 346 
 346 
 346 
 346 
 346 
 346 
 346 
 346 
 346 
 346 
 346 
 346 
 346 
 346 
 346 
 346 
 346 
 346 
 346 
 346 
 346 
 346 
 346 
 346 
 346 
 346 
 346 
 346 
 346 
 346 
 346 
 346 
 346 
 346 
 346 
 346 
 346 
 346 
 346 
 346 
 346 
 346 
 346 
 346 
 346 
 346 
 346 
 346 
 346 
 346 
 346 
 346 
 346 
 346 
 346 
 346 
 346 
 346 
 346 
 346 
 346 
 346 
 346 
 346 
 346 
 346 
 346 
 346 
 346 
 346 
 346 
 346 
 346 
 346 
 346 
 346 
 346 
 346 
 346 
 346 
 346 
 346 
 346 
 346 
 346 
 346 
 346 
 346 
 346 
 346 
 346 
 346 
 346 
 346 
 346 
 346 
 346 
 346 
 346 
 346 
 346 
 346 
 346 
 346 
 346 
 346 
 346 
 346 
 346 
 346 
 346 
 346 
 346 
 346 
 346 
 346 
 346 
 346 
 346 
 346 
 346 
 346 
 346 
 346 
 346 
 346 
 346 
 346 
 346 
 346 
 346 
 346 
 346 
 346 
 346 
 346 
 346 
 346 
 346 
 346 
 346 
 346 
 346 
 346 
 346 
 346 
 346 
 346 
 346 
 346 
 346 
 346 
 346 
 346 
 346 
 346 
 346 
 346 
 346 
 346 
 346 
 346 
 346 
 346 
 346 
 346 
 346 
 346 
 346 
 346 
 346 
 346 
 346 
 346 
 346 
 346 
 346 
 346 
 346 
 346 
 346 
 346 
 346 
 346 
 346 
 346 
 346 
 346 
 346 
 346 
 346 
 346 
 346 
 346 
 346 
 346 
 346 
 346 
 346 
 346 
 346 
 346 
 346 
 346 
 346 
 346 
 346 
 346 
 346 
 346 
 346 
 346 
 346 
 346 
 346 
 346 
 346 
 346 
 346 
 346 
 346 
 346 
 346 
 346 
 346 
 346 
 346 
 346 
 346 
 346 
 346 
 346 
 346 
 346 
 346 
 346 
 346 
 346 
 346 
 346 
 346 
 346 
 346 
 346 
 346 
 346 
 346 
 346 
 346 
 346 
 346 
 346 
 346 
 346 
 346 
 346 
 346 
 346 
 346 
 346 
 346 
 346 
 346 
 346 
 346 
 346 
 346 
 346 
 346 
 346 
 120 
 120 
 120 
 120 
 120 
 120 
 120 
 120 
 120 
 120 
 120 
 120 
 120 
 120 
 120 
 120 
 120 
 120 
 120 
 120 
 120 
 120 
 120 
 120 
 120 
 120 
 120 
 120 
 120 
 120 
 120 
 120 
 120 
 120 
 120 
 120 
 120 
 120 
 120 
 120 
 120 
 120 
 120 
 120 
 120 
 120 
 120 
 120 
 120 
 120 
 120 
 120 
 120 
 120 
 120 
 120 
 120 
 120 
 120 
 120 
 120 
 120 
 120 
 120 
 120 
 120 
 120 
 120 
 120 
 120 
 120 
 120 
 120 
 120 
 120 
 120 
 120 
 120 
 120 
 120 
 120 
 120 
 120 
 120 
 120 
 120 
 120 
 120 
 120 
 120 
 120 
 120 
 120 
 120 
 120 
 120 
 120 
 120 
 120 
 120 
 120 
 120 
 120 
 120 
 120 
 120 
 120 
 120 
 120 
 120 
 120 
 120 
 120 
 120 
 120 
 120 
 120 
 120 
 120 
 120 
 120 
 120 
 120 
 120 
 120 
 120 
 120 
 120 
 120 
 120 
 120 
 120 
 120 
 120 
 120 
 120 
 120 
 120 
 120 
 120 
 120 
 120 
 120 
 120 
 120 
 120 
 120 
 120 
 120 
 120 
 120 
 120 
 120 
 120 
 120 
 120 
 120 
 120 
 120 
 120 
 120 
 120 
 120 
 120 
 120 
 120 
 120 
 120 
 120 
 120 
 120 
 120 
 120 
 120 
 120 
 120 
 120 
 120 
 120 
 120 
 120 
 120 
 120 
 120 
 120 
 120 
 120 
 120 
 120 
 120 
 120 
 120 
 120 
 120 
 120 
 120 
 120 
 120 
 120 
 120 
 120 
 120 
 120 
 120 
 120 
 120 
 120 
 120 
 120 
 120 
 120 
 120 
 120 
 120 
 120 
 120 
 120 
 120 
 120 
 120 
 120 
 120 
 120 
 120 
 120 
 120 
 120 
 120 
 120 
 120 
 120 
 120 
 120 
 120 
 120 
 120 
 120 
 120 
 120 
 120 
 120 
 120 
 120 
 120 
 120 
 120 
 120 
 120 
 120 
 120 
 120 
 120 
 120 
 120 
 120 
 120 
 120 
 120 
 120 
 120 
 120 
 120 
 120 
 120 
 120 
 120 
 120 
 120 
 120 
 120 
 120 
 120 
 120 
 120 
 120 
 120 
 120 
 120 
 120 
 120 
 120 
 120 
 120 
 120 
 120 
 120 
 120 
 120 
 120 
 120 
 120 
 120 
 120 
 120 
 120 
 120 
 120 
 120 
 120 
 120 
 120 
 120 
 120 
 120 
 120 
 120 
 120 
 120 
 120 
 120 
 120 
 120 
 120 
 120 
 120 
 120 
 120 
 120 
 120 
 120 
 120 
 120 
 120 
 120 
 120 
 120 
 120 
 120 
 120 
 120 
 120 
 120 
 120 
 120 
 120 
 120 
 120 
 120 
 120 
 120 
 120 
 120 
 120 
 120 
 120 
 120 
 120 
 120 
 120 
 120 
 120 
 120 
 120 
 120 
 120 
 120 
 120 
 120 
 120 
 120 
 120 
 120 
 120 
 120 
 120 
 120 
 120 
 120 
 120 
 120 
 120 
 120 
 120 
 120 
 120 
 120 
 120 
 120 
 120 
 120 
 120 
 120 
 120 
 120 
 120 
 120 
 120 
 120 
 120 
 120 
 120 
 120 
 120 
 120 
 120 
 120 
 120 
 120 
 120 
 120 
 120 
 120 
 120 
 120 
 120 
 120 
 120 
 120 
 120 
 120 
 120 
 120 
 120 
 120 
 120 
 120 
 120 
 120 
 120 
 120 
 bcElement 84
3 337 1 
263 337 1 
5 337 1 
7 337 1 
2 400 3 
73 400 1 
250 400 1 
1 400 3 
278 11 1 
280 11 1 
277 331 2 
411 331 1 
412 117 1 
405 117 1 
401 117 1 
397 117 1 
393 117 1 
389 117 1 
385 117 1 
381 6 1 
377 6 1 
373 6 1 
369 6 1 
365 6 1 
361 6 1 
357 6 1 
353 6 1 
349 6 1 
345 6 1 
341 6 1 
337 6 1 
333 6 1 
329 6 1 
325 6 1 
321 6 1 
317 6 1 
313 6 1 
309 6 1 
305 6 1 
301 6 1 
297 6 1 
293 6 1 
289 6 1 
286 6 1 
283 6 1 
279 6 1 
419 394 1 
421 394 1 
420 16 1 
423 16 1 
426 16 1 
429 16 1 
433 16 1 
437 16 1 
441 16 1 
445 16 1 
449 16 1 
453 16 1 
457 16 1 
461 16 1 
465 16 1 
469 16 1 
473 16 1 
477 16 1 
481 16 1 
485 16 1 
489 16 1 
493 16 1 
497 16 1 
501 16 1 
505 16 1 
509 16 1 
513 16 1 
517 16 1 
521 16 1 
525 190 1 
529 190 1 
533 190 1 
537 190 1 
541 190 1 
545 190 1 
552 190 1 
551 185 1 
417 185 1 
