Edge min = 0.016435, max=0.052401, average=0.036306;
Grid_size 392
Node_size 229
Total_DOF 4797
maxDOF 28
Solution_Order
2 6 6 
 meshIEN 
113 91 3 
 3 38 113 
 114 2 92 
 114 14 2 
 43 44 120 
 48 51 126 
 54 55 129 
 58 4 133 
 133 4 69 
 134 68 1 
 134 1 34 
 91 113 135 
 135 92 91 
 135 114 92 
 136 113 38 
 38 39 136 
 136 135 113 
 14 114 137 
 114 135 137 
 137 15 14 
 115 116 138 
 138 13 15 
 139 116 115 
 39 37 139 
 139 136 39 
 115 136 139 
 140 117 116 
 37 40 140 
 140 139 37 
 116 139 140 
 116 117 141 
 141 16 13 
 13 138 141 
 141 138 116 
 142 118 117 
 40 41 142 
 142 140 40 
 117 140 142 
 117 118 143 
 143 17 16 
 16 141 143 
 143 141 117 
 36 43 144 
 43 120 144 
 145 19 12 
 119 144 145 
 145 144 120 
 118 119 146 
 146 12 17 
 17 143 146 
 146 143 118 
 146 145 12 
 119 145 146 
 147 119 118 
 41 36 147 
 147 142 41 
 118 142 147 
 36 144 147 
 147 144 119 
 148 120 44 
 44 42 148 
 120 148 149 
 149 148 121 
 45 46 150 
 151 22 21 
 152 122 121 
 42 45 152 
 152 148 42 
 121 148 152 
 45 150 152 
 152 150 122 
 121 122 153 
 153 21 18 
 153 151 21 
 122 151 153 
 46 35 154 
 154 150 46 
 155 11 22 
 22 151 155 
 156 124 123 
 35 49 156 
 156 154 35 
 123 154 156 
 123 124 157 
 157 25 11 
 11 155 157 
 157 155 123 
 50 48 158 
 48 126 158 
 159 24 26 
 125 158 159 
 159 158 126 
 124 125 160 
 160 26 25 
 25 157 160 
 160 157 124 
 160 159 26 
 125 159 160 
 161 125 124 
 49 50 161 
 161 156 49 
 124 156 161 
 50 158 161 
 161 158 125 
 162 126 51 
 51 52 162 
 126 162 163 
 163 162 127 
 47 54 164 
 54 129 164 
 165 30 23 
 128 164 165 
 165 164 129 
 127 128 166 
 166 23 28 
 166 165 23 
 128 165 166 
 167 128 127 
 52 47 167 
 167 162 52 
 127 162 167 
 47 164 167 
 167 164 128 
 168 129 55 
 55 53 168 
 129 168 169 
 169 168 130 
 130 131 170 
 170 33 29 
 171 131 130 
 53 57 171 
 171 168 53 
 130 168 171 
 56 58 172 
 58 133 172 
 173 34 32 
 173 134 34 
 131 132 174 
 174 32 33 
 33 170 174 
 174 170 131 
 174 173 32 
 132 173 174 
 175 132 131 
 57 56 175 
 175 171 57 
 131 171 175 
 56 172 175 
 175 172 132 
 68 134 176 
 176 172 133 
 176 69 68 
 176 133 69 
 134 173 176 
 20 149 177 
 177 18 20 
 177 149 121 
 177 153 18 
 121 153 177 
 150 154 178 
 178 155 151 
 123 155 178 
 178 154 123 
 178 151 122 
 122 150 178 
 27 163 179 
 179 28 27 
 179 163 127 
 179 166 28 
 127 166 179 
 31 169 180 
 180 29 31 
 180 169 130 
 180 170 29 
 130 170 180 
 137 115 138 
 138 15 137 
 149 20 19 
 163 27 24 
 169 31 30 
 115 137 135 
 135 136 115 
 176 173 132 
 132 172 176 
 145 120 149 
 149 19 145 
 159 126 163 
 163 24 159 
 165 129 169 
 169 30 165 
 9 112 90 
 58 70 4 
 90 112 181 
 181 112 111 
 181 3 90 
 181 38 3 
 182 111 109 
 182 181 111 
 38 181 182 
 182 39 38 
 183 109 110 
 183 182 109 
 39 182 183 
 183 37 39 
 184 110 104 
 184 183 110 
 37 183 184 
 184 40 37 
 185 36 41 
 185 184 104 
 40 184 185 
 185 41 40 
 186 108 107 
 36 185 186 
 186 104 108 
 186 185 104 
 187 107 105 
 187 186 107 
 36 186 187 
 187 43 36 
 188 105 106 
 188 187 105 
 43 187 188 
 188 44 43 
 189 45 42 
 189 188 106 
 44 188 189 
 189 42 44 
 190 46 45 
 45 189 190 
 190 106 94 
 190 189 106 
 191 35 46 
 46 190 191 
 191 94 103 
 191 190 94 
 192 49 35 
 35 191 192 
 192 103 102 
 192 191 103 
 193 50 49 
 49 192 193 
 193 102 100 
 193 192 102 
 194 48 50 
 50 193 194 
 194 100 101 
 194 193 100 
 195 51 48 
 48 194 195 
 195 101 95 
 195 194 101 
 196 52 51 
 51 195 196 
 196 95 99 
 196 195 95 
 197 47 52 
 52 196 197 
 197 99 98 
 197 196 99 
 198 54 47 
 47 197 198 
 198 98 96 
 198 197 98 
 199 55 54 
 54 198 199 
 199 96 97 
 199 198 96 
 200 53 55 
 55 199 200 
 200 97 10 
 200 199 97 
 201 57 53 
 53 200 201 
 201 10 66 
 201 200 10 
 202 56 57 
 57 201 202 
 202 66 65 
 202 201 66 
 203 63 64 
 56 202 203 
 203 65 63 
 203 202 65 
 204 70 58 
 204 203 64 
 204 64 6 
 204 6 70 
 56 203 204 
 204 58 56 
 5 62 67 
 14 15 205 
 2 14 205 
 205 93 2 
 205 8 93 
 205 74 8 
 15 13 206 
 206 205 15 
 74 205 206 
 206 73 74 
 13 16 207 
 207 76 75 
 208 206 13 
 208 207 75 
 13 207 208 
 73 206 208 
 208 75 73 
 16 17 209 
 76 207 209 
 209 207 16 
 17 12 210 
 210 209 17 
 76 209 210 
 210 72 76 
 12 19 211 
 211 210 12 
 72 210 211 
 211 78 72 
 19 20 212 
 212 211 19 
 78 211 212 
 212 77 78 
 20 18 213 
 213 212 20 
 77 212 213 
 213 79 77 
 18 21 214 
 214 213 18 
 79 213 214 
 214 80 79 
 21 22 215 
 215 214 21 
 80 214 215 
 215 71 80 
 22 11 216 
 216 215 22 
 71 215 216 
 216 83 71 
 11 25 217 
 217 216 11 
 83 216 217 
 217 82 83 
 25 26 218 
 218 217 25 
 82 217 218 
 218 84 82 
 26 24 219 
 219 218 26 
 84 218 219 
 219 85 84 
 24 27 220 
 220 219 24 
 85 219 220 
 220 81 85 
 27 28 221 
 221 220 27 
 81 220 221 
 221 87 81 
 28 23 222 
 222 221 28 
 87 221 222 
 222 86 87 
 23 30 223 
 223 222 23 
 86 222 223 
 223 88 86 
 30 31 224 
 224 223 30 
 88 223 224 
 224 89 88 
 31 29 225 
 225 224 31 
 89 224 225 
 225 7 89 
 29 33 226 
 226 225 29 
 7 225 226 
 226 60 7 
 33 32 227 
 227 226 33 
 60 226 227 
 227 59 60 
 32 34 228 
 228 227 32 
 59 227 228 
 228 61 59 
 67 62 229 
 229 228 34 
 229 1 67 
 34 1 229 
 61 228 229 
 229 62 61 
 solutionIEN 
113 91 3 777 663 776 0 0 0 0 0 0 0 0 0 0 0 0 0 0 0 0 0 0 0 0 0 0 
 3 38 113 355 356 357 358 359 778 776 2278 2279 2280 2281 2282 2283 2284 2285 2286 2287 0 0 0 0 0 0 0 0 
 114 2 92 780 665 779 0 0 0 0 0 0 0 0 0 0 0 0 0 0 0 0 0 0 0 0 0 0 
 114 14 2 781 234 233 232 231 230 780 2288 2289 2290 2291 2292 2293 2294 2295 2296 2297 0 0 0 0 0 0 0 0 
 43 44 120 390 391 392 393 394 787 786 2298 2299 2300 2301 2302 2303 2304 2305 2306 2307 0 0 0 0 0 0 0 0 
 48 51 126 430 431 432 433 434 792 791 2308 2309 2310 2311 2312 2313 2314 2315 2316 2317 0 0 0 0 0 0 0 0 
 54 55 129 450 451 452 453 454 795 794 2318 2319 2320 2321 2322 2323 2324 2325 2326 2327 0 0 0 0 0 0 0 0 
 58 4 133 475 476 477 478 479 799 798 2328 2329 2330 2331 2332 2333 2334 2335 2336 2337 0 0 0 0 0 0 0 0 
 133 4 69 799 542 800 0 0 0 0 0 0 0 0 0 0 0 0 0 0 0 0 0 0 0 0 0 0 
 134 68 1 802 540 801 0 0 0 0 0 0 0 0 0 0 0 0 0 0 0 0 0 0 0 0 0 0 
 134 1 34 801 354 353 352 351 350 803 2338 2339 2340 2341 2342 2343 2344 2345 2346 2347 0 0 0 0 0 0 0 0 
 91 113 135 777 805 804 0 0 0 0 0 0 0 0 0 0 0 0 0 0 0 0 0 0 0 0 0 0 
 135 92 91 807 664 804 0 0 0 0 0 0 0 0 0 0 0 0 0 0 0 0 0 0 0 0 0 0 
 135 114 92 806 779 807 0 0 0 0 0 0 0 0 0 0 0 0 0 0 0 0 0 0 0 0 0 0 
 136 113 38 809 778 808 0 0 0 0 0 0 0 0 0 0 0 0 0 0 0 0 0 0 0 0 0 0 
 38 39 136 360 361 362 363 364 810 808 2348 2349 2350 2351 2352 2353 2354 2355 2356 2357 0 0 0 0 0 0 0 0 
 136 135 113 812 805 809 0 0 0 0 0 0 0 0 0 0 0 0 0 0 0 0 0 0 0 0 0 0 
 14 114 137 781 814 813 0 0 0 0 0 0 0 0 0 0 0 0 0 0 0 0 0 0 0 0 0 0 
 114 135 137 806 815 814 0 0 0 0 0 0 0 0 0 0 0 0 0 0 0 0 0 0 0 0 0 0 
 137 15 14 816 239 238 237 236 235 813 2358 2359 2360 2361 2362 2363 2364 2365 2366 2367 0 0 0 0 0 0 0 0 
 115 116 138 782 819 818 0 0 0 0 0 0 0 0 0 0 0 0 0 0 0 0 0 0 0 0 0 0 
 138 13 15 821 244 243 242 241 240 820 2368 2369 2370 2371 2372 2373 2374 2375 2376 2377 0 0 0 0 0 0 0 0 
 139 116 115 823 782 822 0 0 0 0 0 0 0 0 0 0 0 0 0 0 0 0 0 0 0 0 0 0 
 39 37 139 365 366 367 368 369 824 825 2378 2379 2380 2381 2382 2383 2384 2385 2386 2387 0 0 0 0 0 0 0 0 
 139 136 39 826 810 825 0 0 0 0 0 0 0 0 0 0 0 0 0 0 0 0 0 0 0 0 0 0 
 115 136 139 811 826 822 0 0 0 0 0 0 0 0 0 0 0 0 0 0 0 0 0 0 0 0 0 0 
 140 117 116 828 783 827 0 0 0 0 0 0 0 0 0 0 0 0 0 0 0 0 0 0 0 0 0 0 
 37 40 140 370 371 372 373 374 829 830 2388 2389 2390 2391 2392 2393 2394 2395 2396 2397 0 0 0 0 0 0 0 0 
 140 139 37 831 824 830 0 0 0 0 0 0 0 0 0 0 0 0 0 0 0 0 0 0 0 0 0 0 
 116 139 140 823 831 827 0 0 0 0 0 0 0 0 0 0 0 0 0 0 0 0 0 0 0 0 0 0 
 116 117 141 783 833 832 0 0 0 0 0 0 0 0 0 0 0 0 0 0 0 0 0 0 0 0 0 0 
 141 16 13 835 249 248 247 246 245 834 2398 2399 2400 2401 2402 2403 2404 2405 2406 2407 0 0 0 0 0 0 0 0 
 13 138 141 821 836 834 0 0 0 0 0 0 0 0 0 0 0 0 0 0 0 0 0 0 0 0 0 0 
 141 138 116 836 819 832 0 0 0 0 0 0 0 0 0 0 0 0 0 0 0 0 0 0 0 0 0 0 
 142 118 117 838 784 837 0 0 0 0 0 0 0 0 0 0 0 0 0 0 0 0 0 0 0 0 0 0 
 40 41 142 375 376 377 378 379 839 840 2408 2409 2410 2411 2412 2413 2414 2415 2416 2417 0 0 0 0 0 0 0 0 
 142 140 40 841 829 840 0 0 0 0 0 0 0 0 0 0 0 0 0 0 0 0 0 0 0 0 0 0 
 117 140 142 828 841 837 0 0 0 0 0 0 0 0 0 0 0 0 0 0 0 0 0 0 0 0 0 0 
 117 118 143 784 843 842 0 0 0 0 0 0 0 0 0 0 0 0 0 0 0 0 0 0 0 0 0 0 
 143 17 16 845 254 253 252 251 250 844 2418 2419 2420 2421 2422 2423 2424 2425 2426 2427 0 0 0 0 0 0 0 0 
 16 141 143 835 846 844 0 0 0 0 0 0 0 0 0 0 0 0 0 0 0 0 0 0 0 0 0 0 
 143 141 117 846 833 842 0 0 0 0 0 0 0 0 0 0 0 0 0 0 0 0 0 0 0 0 0 0 
 36 43 144 385 386 387 388 389 849 847 2428 2429 2430 2431 2432 2433 2434 2435 2436 2437 0 0 0 0 0 0 0 0 
 43 120 144 786 850 849 0 0 0 0 0 0 0 0 0 0 0 0 0 0 0 0 0 0 0 0 0 0 
 145 19 12 853 264 263 262 261 260 851 2438 2439 2440 2441 2442 2443 2444 2445 2446 2447 0 0 0 0 0 0 0 0 
 119 144 145 848 855 852 0 0 0 0 0 0 0 0 0 0 0 0 0 0 0 0 0 0 0 0 0 0 
 145 144 120 855 850 854 0 0 0 0 0 0 0 0 0 0 0 0 0 0 0 0 0 0 0 0 0 0 
 118 119 146 785 857 856 0 0 0 0 0 0 0 0 0 0 0 0 0 0 0 0 0 0 0 0 0 0 
 146 12 17 859 259 258 257 256 255 858 2448 2449 2450 2451 2452 2453 2454 2455 2456 2457 0 0 0 0 0 0 0 0 
 17 143 146 845 860 858 0 0 0 0 0 0 0 0 0 0 0 0 0 0 0 0 0 0 0 0 0 0 
 146 143 118 860 843 856 0 0 0 0 0 0 0 0 0 0 0 0 0 0 0 0 0 0 0 0 0 0 
 146 145 12 861 851 859 0 0 0 0 0 0 0 0 0 0 0 0 0 0 0 0 0 0 0 0 0 0 
 119 145 146 852 861 857 0 0 0 0 0 0 0 0 0 0 0 0 0 0 0 0 0 0 0 0 0 0 
 147 119 118 863 785 862 0 0 0 0 0 0 0 0 0 0 0 0 0 0 0 0 0 0 0 0 0 0 
 41 36 147 380 381 382 383 384 865 864 2458 2459 2460 2461 2462 2463 2464 2465 2466 2467 0 0 0 0 0 0 0 0 
 147 142 41 866 839 864 0 0 0 0 0 0 0 0 0 0 0 0 0 0 0 0 0 0 0 0 0 0 
 118 142 147 838 866 862 0 0 0 0 0 0 0 0 0 0 0 0 0 0 0 0 0 0 0 0 0 0 
 36 144 147 847 867 865 0 0 0 0 0 0 0 0 0 0 0 0 0 0 0 0 0 0 0 0 0 0 
 147 144 119 867 848 863 0 0 0 0 0 0 0 0 0 0 0 0 0 0 0 0 0 0 0 0 0 0 
 148 120 44 869 787 868 0 0 0 0 0 0 0 0 0 0 0 0 0 0 0 0 0 0 0 0 0 0 
 44 42 148 395 396 397 398 399 871 868 2468 2469 2470 2471 2472 2473 2474 2475 2476 2477 0 0 0 0 0 0 0 0 
 120 148 149 869 874 873 0 0 0 0 0 0 0 0 0 0 0 0 0 0 0 0 0 0 0 0 0 0 
 149 148 121 874 870 875 0 0 0 0 0 0 0 0 0 0 0 0 0 0 0 0 0 0 0 0 0 0 
 45 46 150 405 406 407 408 409 878 876 2478 2479 2480 2481 2482 2483 2484 2485 2486 2487 0 0 0 0 0 0 0 0 
 151 22 21 881 284 283 282 281 280 879 2488 2489 2490 2491 2492 2493 2494 2495 2496 2497 0 0 0 0 0 0 0 0 
 152 122 121 883 788 882 0 0 0 0 0 0 0 0 0 0 0 0 0 0 0 0 0 0 0 0 0 0 
 42 45 152 400 401 402 403 404 885 884 2498 2499 2500 2501 2502 2503 2504 2505 2506 2507 0 0 0 0 0 0 0 0 
 152 148 42 886 871 884 0 0 0 0 0 0 0 0 0 0 0 0 0 0 0 0 0 0 0 0 0 0 
 121 148 152 870 886 882 0 0 0 0 0 0 0 0 0 0 0 0 0 0 0 0 0 0 0 0 0 0 
 45 150 152 876 887 885 0 0 0 0 0 0 0 0 0 0 0 0 0 0 0 0 0 0 0 0 0 0 
 152 150 122 887 877 883 0 0 0 0 0 0 0 0 0 0 0 0 0 0 0 0 0 0 0 0 0 0 
 121 122 153 788 889 888 0 0 0 0 0 0 0 0 0 0 0 0 0 0 0 0 0 0 0 0 0 0 
 153 21 18 891 279 278 277 276 275 890 2508 2509 2510 2511 2512 2513 2514 2515 2516 2517 0 0 0 0 0 0 0 0 
 153 151 21 892 879 891 0 0 0 0 0 0 0 0 0 0 0 0 0 0 0 0 0 0 0 0 0 0 
 122 151 153 880 892 889 0 0 0 0 0 0 0 0 0 0 0 0 0 0 0 0 0 0 0 0 0 0 
 46 35 154 410 411 412 413 414 893 895 2518 2519 2520 2521 2522 2523 2524 2525 2526 2527 0 0 0 0 0 0 0 0 
 154 150 46 896 878 895 0 0 0 0 0 0 0 0 0 0 0 0 0 0 0 0 0 0 0 0 0 0 
 155 11 22 898 289 288 287 286 285 897 2528 2529 2530 2531 2532 2533 2534 2535 2536 2537 0 0 0 0 0 0 0 0 
 22 151 155 881 900 897 0 0 0 0 0 0 0 0 0 0 0 0 0 0 0 0 0 0 0 0 0 0 
 156 124 123 902 789 901 0 0 0 0 0 0 0 0 0 0 0 0 0 0 0 0 0 0 0 0 0 0 
 35 49 156 415 416 417 418 419 903 904 2538 2539 2540 2541 2542 2543 2544 2545 2546 2547 0 0 0 0 0 0 0 0 
 156 154 35 905 893 904 0 0 0 0 0 0 0 0 0 0 0 0 0 0 0 0 0 0 0 0 0 0 
 123 154 156 894 905 901 0 0 0 0 0 0 0 0 0 0 0 0 0 0 0 0 0 0 0 0 0 0 
 123 124 157 789 907 906 0 0 0 0 0 0 0 0 0 0 0 0 0 0 0 0 0 0 0 0 0 0 
 157 25 11 909 294 293 292 291 290 908 2548 2549 2550 2551 2552 2553 2554 2555 2556 2557 0 0 0 0 0 0 0 0 
 11 155 157 898 910 908 0 0 0 0 0 0 0 0 0 0 0 0 0 0 0 0 0 0 0 0 0 0 
 157 155 123 910 899 906 0 0 0 0 0 0 0 0 0 0 0 0 0 0 0 0 0 0 0 0 0 0 
 50 48 158 425 426 427 428 429 913 911 2558 2559 2560 2561 2562 2563 2564 2565 2566 2567 0 0 0 0 0 0 0 0 
 48 126 158 791 914 913 0 0 0 0 0 0 0 0 0 0 0 0 0 0 0 0 0 0 0 0 0 0 
 159 24 26 917 304 303 302 301 300 915 2568 2569 2570 2571 2572 2573 2574 2575 2576 2577 0 0 0 0 0 0 0 0 
 125 158 159 912 919 916 0 0 0 0 0 0 0 0 0 0 0 0 0 0 0 0 0 0 0 0 0 0 
 159 158 126 919 914 918 0 0 0 0 0 0 0 0 0 0 0 0 0 0 0 0 0 0 0 0 0 0 
 124 125 160 790 921 920 0 0 0 0 0 0 0 0 0 0 0 0 0 0 0 0 0 0 0 0 0 0 
 160 26 25 923 299 298 297 296 295 922 2578 2579 2580 2581 2582 2583 2584 2585 2586 2587 0 0 0 0 0 0 0 0 
 25 157 160 909 924 922 0 0 0 0 0 0 0 0 0 0 0 0 0 0 0 0 0 0 0 0 0 0 
 160 157 124 924 907 920 0 0 0 0 0 0 0 0 0 0 0 0 0 0 0 0 0 0 0 0 0 0 
 160 159 26 925 915 923 0 0 0 0 0 0 0 0 0 0 0 0 0 0 0 0 0 0 0 0 0 0 
 125 159 160 916 925 921 0 0 0 0 0 0 0 0 0 0 0 0 0 0 0 0 0 0 0 0 0 0 
 161 125 124 927 790 926 0 0 0 0 0 0 0 0 0 0 0 0 0 0 0 0 0 0 0 0 0 0 
 49 50 161 420 421 422 423 424 929 928 2588 2589 2590 2591 2592 2593 2594 2595 2596 2597 0 0 0 0 0 0 0 0 
 161 156 49 930 903 928 0 0 0 0 0 0 0 0 0 0 0 0 0 0 0 0 0 0 0 0 0 0 
 124 156 161 902 930 926 0 0 0 0 0 0 0 0 0 0 0 0 0 0 0 0 0 0 0 0 0 0 
 50 158 161 911 931 929 0 0 0 0 0 0 0 0 0 0 0 0 0 0 0 0 0 0 0 0 0 0 
 161 158 125 931 912 927 0 0 0 0 0 0 0 0 0 0 0 0 0 0 0 0 0 0 0 0 0 0 
 162 126 51 933 792 932 0 0 0 0 0 0 0 0 0 0 0 0 0 0 0 0 0 0 0 0 0 0 
 51 52 162 435 436 437 438 439 935 932 2598 2599 2600 2601 2602 2603 2604 2605 2606 2607 0 0 0 0 0 0 0 0 
 126 162 163 933 938 937 0 0 0 0 0 0 0 0 0 0 0 0 0 0 0 0 0 0 0 0 0 0 
 163 162 127 938 934 939 0 0 0 0 0 0 0 0 0 0 0 0 0 0 0 0 0 0 0 0 0 0 
 47 54 164 445 446 447 448 449 942 940 2608 2609 2610 2611 2612 2613 2614 2615 2616 2617 0 0 0 0 0 0 0 0 
 54 129 164 794 943 942 0 0 0 0 0 0 0 0 0 0 0 0 0 0 0 0 0 0 0 0 0 0 
 165 30 23 946 324 323 322 321 320 944 2618 2619 2620 2621 2622 2623 2624 2625 2626 2627 0 0 0 0 0 0 0 0 
 128 164 165 941 948 945 0 0 0 0 0 0 0 0 0 0 0 0 0 0 0 0 0 0 0 0 0 0 
 165 164 129 948 943 947 0 0 0 0 0 0 0 0 0 0 0 0 0 0 0 0 0 0 0 0 0 0 
 127 128 166 793 950 949 0 0 0 0 0 0 0 0 0 0 0 0 0 0 0 0 0 0 0 0 0 0 
 166 23 28 952 319 318 317 316 315 951 2628 2629 2630 2631 2632 2633 2634 2635 2636 2637 0 0 0 0 0 0 0 0 
 166 165 23 953 944 952 0 0 0 0 0 0 0 0 0 0 0 0 0 0 0 0 0 0 0 0 0 0 
 128 165 166 945 953 950 0 0 0 0 0 0 0 0 0 0 0 0 0 0 0 0 0 0 0 0 0 0 
 167 128 127 955 793 954 0 0 0 0 0 0 0 0 0 0 0 0 0 0 0 0 0 0 0 0 0 0 
 52 47 167 440 441 442 443 444 957 956 2638 2639 2640 2641 2642 2643 2644 2645 2646 2647 0 0 0 0 0 0 0 0 
 167 162 52 958 935 956 0 0 0 0 0 0 0 0 0 0 0 0 0 0 0 0 0 0 0 0 0 0 
 127 162 167 934 958 954 0 0 0 0 0 0 0 0 0 0 0 0 0 0 0 0 0 0 0 0 0 0 
 47 164 167 940 959 957 0 0 0 0 0 0 0 0 0 0 0 0 0 0 0 0 0 0 0 0 0 0 
 167 164 128 959 941 955 0 0 0 0 0 0 0 0 0 0 0 0 0 0 0 0 0 0 0 0 0 0 
 168 129 55 961 795 960 0 0 0 0 0 0 0 0 0 0 0 0 0 0 0 0 0 0 0 0 0 0 
 55 53 168 455 456 457 458 459 963 960 2648 2649 2650 2651 2652 2653 2654 2655 2656 2657 0 0 0 0 0 0 0 0 
 129 168 169 961 966 965 0 0 0 0 0 0 0 0 0 0 0 0 0 0 0 0 0 0 0 0 0 0 
 169 168 130 966 962 967 0 0 0 0 0 0 0 0 0 0 0 0 0 0 0 0 0 0 0 0 0 0 
 130 131 170 796 969 968 0 0 0 0 0 0 0 0 0 0 0 0 0 0 0 0 0 0 0 0 0 0 
 170 33 29 971 339 338 337 336 335 970 2658 2659 2660 2661 2662 2663 2664 2665 2666 2667 0 0 0 0 0 0 0 0 
 171 131 130 973 796 972 0 0 0 0 0 0 0 0 0 0 0 0 0 0 0 0 0 0 0 0 0 0 
 53 57 171 460 461 462 463 464 974 975 2668 2669 2670 2671 2672 2673 2674 2675 2676 2677 0 0 0 0 0 0 0 0 
 171 168 53 976 963 975 0 0 0 0 0 0 0 0 0 0 0 0 0 0 0 0 0 0 0 0 0 0 
 130 168 171 962 976 972 0 0 0 0 0 0 0 0 0 0 0 0 0 0 0 0 0 0 0 0 0 0 
 56 58 172 470 471 472 473 474 979 977 2678 2679 2680 2681 2682 2683 2684 2685 2686 2687 0 0 0 0 0 0 0 0 
 58 133 172 798 980 979 0 0 0 0 0 0 0 0 0 0 0 0 0 0 0 0 0 0 0 0 0 0 
 173 34 32 983 349 348 347 346 345 981 2688 2689 2690 2691 2692 2693 2694 2695 2696 2697 0 0 0 0 0 0 0 0 
 173 134 34 984 803 983 0 0 0 0 0 0 0 0 0 0 0 0 0 0 0 0 0 0 0 0 0 0 
 131 132 174 797 986 985 0 0 0 0 0 0 0 0 0 0 0 0 0 0 0 0 0 0 0 0 0 0 
 174 32 33 988 344 343 342 341 340 987 2698 2699 2700 2701 2702 2703 2704 2705 2706 2707 0 0 0 0 0 0 0 0 
 33 170 174 971 989 987 0 0 0 0 0 0 0 0 0 0 0 0 0 0 0 0 0 0 0 0 0 0 
 174 170 131 989 969 985 0 0 0 0 0 0 0 0 0 0 0 0 0 0 0 0 0 0 0 0 0 0 
 174 173 32 990 981 988 0 0 0 0 0 0 0 0 0 0 0 0 0 0 0 0 0 0 0 0 0 0 
 132 173 174 982 990 986 0 0 0 0 0 0 0 0 0 0 0 0 0 0 0 0 0 0 0 0 0 0 
 175 132 131 992 797 991 0 0 0 0 0 0 0 0 0 0 0 0 0 0 0 0 0 0 0 0 0 0 
 57 56 175 465 466 467 468 469 994 993 2708 2709 2710 2711 2712 2713 2714 2715 2716 2717 0 0 0 0 0 0 0 0 
 175 171 57 995 974 993 0 0 0 0 0 0 0 0 0 0 0 0 0 0 0 0 0 0 0 0 0 0 
 131 171 175 973 995 991 0 0 0 0 0 0 0 0 0 0 0 0 0 0 0 0 0 0 0 0 0 0 
 56 172 175 977 996 994 0 0 0 0 0 0 0 0 0 0 0 0 0 0 0 0 0 0 0 0 0 0 
 175 172 132 996 978 992 0 0 0 0 0 0 0 0 0 0 0 0 0 0 0 0 0 0 0 0 0 0 
 68 134 176 802 998 997 0 0 0 0 0 0 0 0 0 0 0 0 0 0 0 0 0 0 0 0 0 0 
 176 172 133 1000 980 999 0 0 0 0 0 0 0 0 0 0 0 0 0 0 0 0 0 0 0 0 0 0 
 176 69 68 1001 541 997 0 0 0 0 0 0 0 0 0 0 0 0 0 0 0 0 0 0 0 0 0 0 
 176 133 69 999 800 1001 0 0 0 0 0 0 0 0 0 0 0 0 0 0 0 0 0 0 0 0 0 0 
 134 173 176 984 1002 998 0 0 0 0 0 0 0 0 0 0 0 0 0 0 0 0 0 0 0 0 0 0 
 20 149 177 872 1004 1003 0 0 0 0 0 0 0 0 0 0 0 0 0 0 0 0 0 0 0 0 0 0 
 177 18 20 1005 274 273 272 271 270 1003 2718 2719 2720 2721 2722 2723 2724 2725 2726 2727 0 0 0 0 0 0 0 0 
 177 149 121 1004 875 1006 0 0 0 0 0 0 0 0 0 0 0 0 0 0 0 0 0 0 0 0 0 0 
 177 153 18 1007 890 1005 0 0 0 0 0 0 0 0 0 0 0 0 0 0 0 0 0 0 0 0 0 0 
 121 153 177 888 1007 1006 0 0 0 0 0 0 0 0 0 0 0 0 0 0 0 0 0 0 0 0 0 0 
 150 154 178 896 1009 1008 0 0 0 0 0 0 0 0 0 0 0 0 0 0 0 0 0 0 0 0 0 0 
 178 155 151 1011 900 1010 0 0 0 0 0 0 0 0 0 0 0 0 0 0 0 0 0 0 0 0 0 0 
 123 155 178 899 1011 1012 0 0 0 0 0 0 0 0 0 0 0 0 0 0 0 0 0 0 0 0 0 0 
 178 154 123 1009 894 1012 0 0 0 0 0 0 0 0 0 0 0 0 0 0 0 0 0 0 0 0 0 0 
 178 151 122 1010 880 1013 0 0 0 0 0 0 0 0 0 0 0 0 0 0 0 0 0 0 0 0 0 0 
 122 150 178 877 1008 1013 0 0 0 0 0 0 0 0 0 0 0 0 0 0 0 0 0 0 0 0 0 0 
 27 163 179 936 1015 1014 0 0 0 0 0 0 0 0 0 0 0 0 0 0 0 0 0 0 0 0 0 0 
 179 28 27 1016 314 313 312 311 310 1014 2728 2729 2730 2731 2732 2733 2734 2735 2736 2737 0 0 0 0 0 0 0 0 
 179 163 127 1015 939 1017 0 0 0 0 0 0 0 0 0 0 0 0 0 0 0 0 0 0 0 0 0 0 
 179 166 28 1018 951 1016 0 0 0 0 0 0 0 0 0 0 0 0 0 0 0 0 0 0 0 0 0 0 
 127 166 179 949 1018 1017 0 0 0 0 0 0 0 0 0 0 0 0 0 0 0 0 0 0 0 0 0 0 
 31 169 180 964 1020 1019 0 0 0 0 0 0 0 0 0 0 0 0 0 0 0 0 0 0 0 0 0 0 
 180 29 31 1021 334 333 332 331 330 1019 2738 2739 2740 2741 2742 2743 2744 2745 2746 2747 0 0 0 0 0 0 0 0 
 180 169 130 1020 967 1022 0 0 0 0 0 0 0 0 0 0 0 0 0 0 0 0 0 0 0 0 0 0 
 180 170 29 1023 970 1021 0 0 0 0 0 0 0 0 0 0 0 0 0 0 0 0 0 0 0 0 0 0 
 130 170 180 968 1023 1022 0 0 0 0 0 0 0 0 0 0 0 0 0 0 0 0 0 0 0 0 0 0 
 137 115 138 817 818 1024 0 0 0 0 0 0 0 0 0 0 0 0 0 0 0 0 0 0 0 0 0 0 
 138 15 137 820 816 1024 0 0 0 0 0 0 0 0 0 0 0 0 0 0 0 0 0 0 0 0 0 0 
 149 20 19 872 269 268 267 266 265 1025 2748 2749 2750 2751 2752 2753 2754 2755 2756 2757 0 0 0 0 0 0 0 0 
 163 27 24 936 309 308 307 306 305 1026 2758 2759 2760 2761 2762 2763 2764 2765 2766 2767 0 0 0 0 0 0 0 0 
 169 31 30 964 329 328 327 326 325 1027 2768 2769 2770 2771 2772 2773 2774 2775 2776 2777 0 0 0 0 0 0 0 0 
 115 137 135 817 815 1028 0 0 0 0 0 0 0 0 0 0 0 0 0 0 0 0 0 0 0 0 0 0 
 135 136 115 812 811 1028 0 0 0 0 0 0 0 0 0 0 0 0 0 0 0 0 0 0 0 0 0 0 
 176 173 132 1002 982 1029 0 0 0 0 0 0 0 0 0 0 0 0 0 0 0 0 0 0 0 0 0 0 
 132 172 176 978 1000 1029 0 0 0 0 0 0 0 0 0 0 0 0 0 0 0 0 0 0 0 0 0 0 
 145 120 149 854 873 1030 0 0 0 0 0 0 0 0 0 0 0 0 0 0 0 0 0 0 0 0 0 0 
 149 19 145 1025 853 1030 0 0 0 0 0 0 0 0 0 0 0 0 0 0 0 0 0 0 0 0 0 0 
 159 126 163 918 937 1031 0 0 0 0 0 0 0 0 0 0 0 0 0 0 0 0 0 0 0 0 0 0 
 163 24 159 1026 917 1031 0 0 0 0 0 0 0 0 0 0 0 0 0 0 0 0 0 0 0 0 0 0 
 165 129 169 947 965 1032 0 0 0 0 0 0 0 0 0 0 0 0 0 0 0 0 0 0 0 0 0 0 
 169 30 165 1027 946 1032 0 0 0 0 0 0 0 0 0 0 0 0 0 0 0 0 0 0 0 0 0 0 
 9 112 90 775 774 773 772 771 1037 1036 1035 1034 1033 657 656 655 654 653 2778 2779 2780 2781 2782 2783 2784 2785 2786 2787 
 58 70 4 1038 1039 1040 1041 1042 547 546 545 544 543 479 478 477 476 475 2788 2789 2790 2791 2792 2793 2794 2795 2796 2797 
 90 112 181 1033 1034 1035 1036 1037 1048 1049 1050 1051 1052 1047 1046 1045 1044 1043 2798 2799 2800 2801 2802 2803 2804 2805 2806 2807 
 181 112 111 1052 1051 1050 1049 1048 770 769 768 767 766 1053 1054 1055 1056 1057 2808 2809 2810 2811 2812 2813 2814 2815 2816 2817 
 181 3 90 1062 1061 1060 1059 1058 662 661 660 659 658 1043 1044 1045 1046 1047 2818 2819 2820 2821 2822 2823 2824 2825 2826 2827 
 181 38 3 1067 1066 1065 1064 1063 359 358 357 356 355 1058 1059 1060 1061 1062 2828 2829 2830 2831 2832 2833 2834 2835 2836 2837 
 182 111 109 1077 1076 1075 1074 1073 765 764 763 762 761 1068 1069 1070 1071 1072 2838 2839 2840 2841 2842 2843 2844 2845 2846 2847 
 182 181 111 1082 1081 1080 1079 1078 1057 1056 1055 1054 1053 1073 1074 1075 1076 1077 2848 2849 2850 2851 2852 2853 2854 2855 2856 2857 
 38 181 182 1063 1064 1065 1066 1067 1078 1079 1080 1081 1082 1092 1091 1090 1089 1088 2858 2859 2860 2861 2862 2863 2864 2865 2866 2867 
 182 39 38 1087 1086 1085 1084 1083 364 363 362 361 360 1088 1089 1090 1091 1092 2868 2869 2870 2871 2872 2873 2874 2875 2876 2877 
 183 109 110 1102 1101 1100 1099 1098 760 759 758 757 756 1093 1094 1095 1096 1097 2878 2879 2880 2881 2882 2883 2884 2885 2886 2887 
 183 182 109 1107 1106 1105 1104 1103 1072 1071 1070 1069 1068 1098 1099 1100 1101 1102 2888 2889 2890 2891 2892 2893 2894 2895 2896 2897 
 39 182 183 1083 1084 1085 1086 1087 1103 1104 1105 1106 1107 1117 1116 1115 1114 1113 2898 2899 2900 2901 2902 2903 2904 2905 2906 2907 
 183 37 39 1112 1111 1110 1109 1108 369 368 367 366 365 1113 1114 1115 1116 1117 2908 2909 2910 2911 2912 2913 2914 2915 2916 2917 
 184 110 104 1127 1126 1125 1124 1123 755 754 753 752 751 1118 1119 1120 1121 1122 2918 2919 2920 2921 2922 2923 2924 2925 2926 2927 
 184 183 110 1132 1131 1130 1129 1128 1097 1096 1095 1094 1093 1123 1124 1125 1126 1127 2928 2929 2930 2931 2932 2933 2934 2935 2936 2937 
 37 183 184 1108 1109 1110 1111 1112 1128 1129 1130 1131 1132 1142 1141 1140 1139 1138 2938 2939 2940 2941 2942 2943 2944 2945 2946 2947 
 184 40 37 1137 1136 1135 1134 1133 374 373 372 371 370 1138 1139 1140 1141 1142 2948 2949 2950 2951 2952 2953 2954 2955 2956 2957 
 185 36 41 1152 1151 1150 1149 1148 384 383 382 381 380 1143 1144 1145 1146 1147 2958 2959 2960 2961 2962 2963 2964 2965 2966 2967 
 185 184 104 1162 1161 1160 1159 1158 1122 1121 1120 1119 1118 1153 1154 1155 1156 1157 2968 2969 2970 2971 2972 2973 2974 2975 2976 2977 
 40 184 185 1133 1134 1135 1136 1137 1158 1159 1160 1161 1162 1167 1166 1165 1164 1163 2978 2979 2980 2981 2982 2983 2984 2985 2986 2987 
 185 41 40 1147 1146 1145 1144 1143 379 378 377 376 375 1163 1164 1165 1166 1167 2988 2989 2990 2991 2992 2993 2994 2995 2996 2997 
 186 108 107 1177 1176 1175 1174 1173 745 744 743 742 741 1168 1169 1170 1171 1172 2998 2999 3000 3001 3002 3003 3004 3005 3006 3007 
 36 185 186 1148 1149 1150 1151 1152 1183 1184 1185 1186 1187 1182 1181 1180 1179 1178 3008 3009 3010 3011 3012 3013 3014 3015 3016 3017 
 186 104 108 1192 1191 1190 1189 1188 750 749 748 747 746 1173 1174 1175 1176 1177 3018 3019 3020 3021 3022 3023 3024 3025 3026 3027 
 186 185 104 1187 1186 1185 1184 1183 1157 1156 1155 1154 1153 1188 1189 1190 1191 1192 3028 3029 3030 3031 3032 3033 3034 3035 3036 3037 
 187 107 105 1202 1201 1200 1199 1198 740 739 738 737 736 1193 1194 1195 1196 1197 3038 3039 3040 3041 3042 3043 3044 3045 3046 3047 
 187 186 107 1207 1206 1205 1204 1203 1172 1171 1170 1169 1168 1198 1199 1200 1201 1202 3048 3049 3050 3051 3052 3053 3054 3055 3056 3057 
 36 186 187 1178 1179 1180 1181 1182 1203 1204 1205 1206 1207 1217 1216 1215 1214 1213 3058 3059 3060 3061 3062 3063 3064 3065 3066 3067 
 187 43 36 1212 1211 1210 1209 1208 389 388 387 386 385 1213 1214 1215 1216 1217 3068 3069 3070 3071 3072 3073 3074 3075 3076 3077 
 188 105 106 1227 1226 1225 1224 1223 735 734 733 732 731 1218 1219 1220 1221 1222 3078 3079 3080 3081 3082 3083 3084 3085 3086 3087 
 188 187 105 1232 1231 1230 1229 1228 1197 1196 1195 1194 1193 1223 1224 1225 1226 1227 3088 3089 3090 3091 3092 3093 3094 3095 3096 3097 
 43 187 188 1208 1209 1210 1211 1212 1228 1229 1230 1231 1232 1242 1241 1240 1239 1238 3098 3099 3100 3101 3102 3103 3104 3105 3106 3107 
 188 44 43 1237 1236 1235 1234 1233 394 393 392 391 390 1238 1239 1240 1241 1242 3108 3109 3110 3111 3112 3113 3114 3115 3116 3117 
 189 45 42 1252 1251 1250 1249 1248 404 403 402 401 400 1243 1244 1245 1246 1247 3118 3119 3120 3121 3122 3123 3124 3125 3126 3127 
 189 188 106 1262 1261 1260 1259 1258 1222 1221 1220 1219 1218 1253 1254 1255 1256 1257 3128 3129 3130 3131 3132 3133 3134 3135 3136 3137 
 44 188 189 1233 1234 1235 1236 1237 1258 1259 1260 1261 1262 1267 1266 1265 1264 1263 3138 3139 3140 3141 3142 3143 3144 3145 3146 3147 
 189 42 44 1247 1246 1245 1244 1243 399 398 397 396 395 1263 1264 1265 1266 1267 3148 3149 3150 3151 3152 3153 3154 3155 3156 3157 
 190 46 45 1277 1276 1275 1274 1273 409 408 407 406 405 1268 1269 1270 1271 1272 3158 3159 3160 3161 3162 3163 3164 3165 3166 3167 
 45 189 190 1248 1249 1250 1251 1252 1278 1279 1280 1281 1282 1272 1271 1270 1269 1268 3168 3169 3170 3171 3172 3173 3174 3175 3176 3177 
 190 106 94 1292 1291 1290 1289 1288 730 729 728 727 726 1283 1284 1285 1286 1287 3178 3179 3180 3181 3182 3183 3184 3185 3186 3187 
 190 189 106 1282 1281 1280 1279 1278 1257 1256 1255 1254 1253 1288 1289 1290 1291 1292 3188 3189 3190 3191 3192 3193 3194 3195 3196 3197 
 191 35 46 1302 1301 1300 1299 1298 414 413 412 411 410 1293 1294 1295 1296 1297 3198 3199 3200 3201 3202 3203 3204 3205 3206 3207 
 46 190 191 1273 1274 1275 1276 1277 1303 1304 1305 1306 1307 1297 1296 1295 1294 1293 3208 3209 3210 3211 3212 3213 3214 3215 3216 3217 
 191 94 103 1317 1316 1315 1314 1313 725 724 723 722 721 1308 1309 1310 1311 1312 3218 3219 3220 3221 3222 3223 3224 3225 3226 3227 
 191 190 94 1307 1306 1305 1304 1303 1287 1286 1285 1284 1283 1313 1314 1315 1316 1317 3228 3229 3230 3231 3232 3233 3234 3235 3236 3237 
 192 49 35 1327 1326 1325 1324 1323 419 418 417 416 415 1318 1319 1320 1321 1322 3238 3239 3240 3241 3242 3243 3244 3245 3246 3247 
 35 191 192 1298 1299 1300 1301 1302 1328 1329 1330 1331 1332 1322 1321 1320 1319 1318 3248 3249 3250 3251 3252 3253 3254 3255 3256 3257 
 192 103 102 1342 1341 1340 1339 1338 720 719 718 717 716 1333 1334 1335 1336 1337 3258 3259 3260 3261 3262 3263 3264 3265 3266 3267 
 192 191 103 1332 1331 1330 1329 1328 1312 1311 1310 1309 1308 1338 1339 1340 1341 1342 3268 3269 3270 3271 3272 3273 3274 3275 3276 3277 
 193 50 49 1352 1351 1350 1349 1348 424 423 422 421 420 1343 1344 1345 1346 1347 3278 3279 3280 3281 3282 3283 3284 3285 3286 3287 
 49 192 193 1323 1324 1325 1326 1327 1353 1354 1355 1356 1357 1347 1346 1345 1344 1343 3288 3289 3290 3291 3292 3293 3294 3295 3296 3297 
 193 102 100 1367 1366 1365 1364 1363 715 714 713 712 711 1358 1359 1360 1361 1362 3298 3299 3300 3301 3302 3303 3304 3305 3306 3307 
 193 192 102 1357 1356 1355 1354 1353 1337 1336 1335 1334 1333 1363 1364 1365 1366 1367 3308 3309 3310 3311 3312 3313 3314 3315 3316 3317 
 194 48 50 1377 1376 1375 1374 1373 429 428 427 426 425 1368 1369 1370 1371 1372 3318 3319 3320 3321 3322 3323 3324 3325 3326 3327 
 50 193 194 1348 1349 1350 1351 1352 1378 1379 1380 1381 1382 1372 1371 1370 1369 1368 3328 3329 3330 3331 3332 3333 3334 3335 3336 3337 
 194 100 101 1392 1391 1390 1389 1388 710 709 708 707 706 1383 1384 1385 1386 1387 3338 3339 3340 3341 3342 3343 3344 3345 3346 3347 
 194 193 100 1382 1381 1380 1379 1378 1362 1361 1360 1359 1358 1388 1389 1390 1391 1392 3348 3349 3350 3351 3352 3353 3354 3355 3356 3357 
 195 51 48 1402 1401 1400 1399 1398 434 433 432 431 430 1393 1394 1395 1396 1397 3358 3359 3360 3361 3362 3363 3364 3365 3366 3367 
 48 194 195 1373 1374 1375 1376 1377 1403 1404 1405 1406 1407 1397 1396 1395 1394 1393 3368 3369 3370 3371 3372 3373 3374 3375 3376 3377 
 195 101 95 1417 1416 1415 1414 1413 705 704 703 702 701 1408 1409 1410 1411 1412 3378 3379 3380 3381 3382 3383 3384 3385 3386 3387 
 195 194 101 1407 1406 1405 1404 1403 1387 1386 1385 1384 1383 1413 1414 1415 1416 1417 3388 3389 3390 3391 3392 3393 3394 3395 3396 3397 
 196 52 51 1427 1426 1425 1424 1423 439 438 437 436 435 1418 1419 1420 1421 1422 3398 3399 3400 3401 3402 3403 3404 3405 3406 3407 
 51 195 196 1398 1399 1400 1401 1402 1428 1429 1430 1431 1432 1422 1421 1420 1419 1418 3408 3409 3410 3411 3412 3413 3414 3415 3416 3417 
 196 95 99 1442 1441 1440 1439 1438 700 699 698 697 696 1433 1434 1435 1436 1437 3418 3419 3420 3421 3422 3423 3424 3425 3426 3427 
 196 195 95 1432 1431 1430 1429 1428 1412 1411 1410 1409 1408 1438 1439 1440 1441 1442 3428 3429 3430 3431 3432 3433 3434 3435 3436 3437 
 197 47 52 1452 1451 1450 1449 1448 444 443 442 441 440 1443 1444 1445 1446 1447 3438 3439 3440 3441 3442 3443 3444 3445 3446 3447 
 52 196 197 1423 1424 1425 1426 1427 1453 1454 1455 1456 1457 1447 1446 1445 1444 1443 3448 3449 3450 3451 3452 3453 3454 3455 3456 3457 
 197 99 98 1467 1466 1465 1464 1463 695 694 693 692 691 1458 1459 1460 1461 1462 3458 3459 3460 3461 3462 3463 3464 3465 3466 3467 
 197 196 99 1457 1456 1455 1454 1453 1437 1436 1435 1434 1433 1463 1464 1465 1466 1467 3468 3469 3470 3471 3472 3473 3474 3475 3476 3477 
 198 54 47 1477 1476 1475 1474 1473 449 448 447 446 445 1468 1469 1470 1471 1472 3478 3479 3480 3481 3482 3483 3484 3485 3486 3487 
 47 197 198 1448 1449 1450 1451 1452 1478 1479 1480 1481 1482 1472 1471 1470 1469 1468 3488 3489 3490 3491 3492 3493 3494 3495 3496 3497 
 198 98 96 1492 1491 1490 1489 1488 690 689 688 687 686 1483 1484 1485 1486 1487 3498 3499 3500 3501 3502 3503 3504 3505 3506 3507 
 198 197 98 1482 1481 1480 1479 1478 1462 1461 1460 1459 1458 1488 1489 1490 1491 1492 3508 3509 3510 3511 3512 3513 3514 3515 3516 3517 
 199 55 54 1502 1501 1500 1499 1498 454 453 452 451 450 1493 1494 1495 1496 1497 3518 3519 3520 3521 3522 3523 3524 3525 3526 3527 
 54 198 199 1473 1474 1475 1476 1477 1503 1504 1505 1506 1507 1497 1496 1495 1494 1493 3528 3529 3530 3531 3532 3533 3534 3535 3536 3537 
 199 96 97 1517 1516 1515 1514 1513 685 684 683 682 681 1508 1509 1510 1511 1512 3538 3539 3540 3541 3542 3543 3544 3545 3546 3547 
 199 198 96 1507 1506 1505 1504 1503 1487 1486 1485 1484 1483 1513 1514 1515 1516 1517 3548 3549 3550 3551 3552 3553 3554 3555 3556 3557 
 200 53 55 1527 1526 1525 1524 1523 459 458 457 456 455 1518 1519 1520 1521 1522 3558 3559 3560 3561 3562 3563 3564 3565 3566 3567 
 55 199 200 1498 1499 1500 1501 1502 1528 1529 1530 1531 1532 1522 1521 1520 1519 1518 3568 3569 3570 3571 3572 3573 3574 3575 3576 3577 
 200 97 10 1542 1541 1540 1539 1538 680 679 678 677 676 1533 1534 1535 1536 1537 3578 3579 3580 3581 3582 3583 3584 3585 3586 3587 
 200 199 97 1532 1531 1530 1529 1528 1512 1511 1510 1509 1508 1538 1539 1540 1541 1542 3588 3589 3590 3591 3592 3593 3594 3595 3596 3597 
 201 57 53 1552 1551 1550 1549 1548 464 463 462 461 460 1543 1544 1545 1546 1547 3598 3599 3600 3601 3602 3603 3604 3605 3606 3607 
 53 200 201 1523 1524 1525 1526 1527 1553 1554 1555 1556 1557 1547 1546 1545 1544 1543 3608 3609 3610 3611 3612 3613 3614 3615 3616 3617 
 201 10 66 1567 1566 1565 1564 1563 529 528 527 526 525 1558 1559 1560 1561 1562 3618 3619 3620 3621 3622 3623 3624 3625 3626 3627 
 201 200 10 1557 1556 1555 1554 1553 1537 1536 1535 1534 1533 1563 1564 1565 1566 1567 3628 3629 3630 3631 3632 3633 3634 3635 3636 3637 
 202 56 57 1577 1576 1575 1574 1573 469 468 467 466 465 1568 1569 1570 1571 1572 3638 3639 3640 3641 3642 3643 3644 3645 3646 3647 
 57 201 202 1548 1549 1550 1551 1552 1578 1579 1580 1581 1582 1572 1571 1570 1569 1568 3648 3649 3650 3651 3652 3653 3654 3655 3656 3657 
 202 66 65 1592 1591 1590 1589 1588 524 523 522 521 520 1583 1584 1585 1586 1587 3658 3659 3660 3661 3662 3663 3664 3665 3666 3667 
 202 201 66 1582 1581 1580 1579 1578 1562 1561 1560 1559 1558 1588 1589 1590 1591 1592 3668 3669 3670 3671 3672 3673 3674 3675 3676 3677 
 203 63 64 1602 1601 1600 1599 1598 514 513 512 511 510 1593 1594 1595 1596 1597 3678 3679 3680 3681 3682 3683 3684 3685 3686 3687 
 56 202 203 1573 1574 1575 1576 1577 1608 1609 1610 1611 1612 1607 1606 1605 1604 1603 3688 3689 3690 3691 3692 3693 3694 3695 3696 3697 
 203 65 63 1617 1616 1615 1614 1613 519 518 517 516 515 1598 1599 1600 1601 1602 3698 3699 3700 3701 3702 3703 3704 3705 3706 3707 
 203 202 65 1612 1611 1610 1609 1608 1587 1586 1585 1584 1583 1613 1614 1615 1616 1617 3708 3709 3710 3711 3712 3713 3714 3715 3716 3717 
 204 70 58 1627 1626 1625 1624 1623 1042 1041 1040 1039 1038 1618 1619 1620 1621 1622 3718 3719 3720 3721 3722 3723 3724 3725 3726 3727 
 204 203 64 1637 1636 1635 1634 1633 1597 1596 1595 1594 1593 1628 1629 1630 1631 1632 3728 3729 3730 3731 3732 3733 3734 3735 3736 3737 
 204 64 6 1632 1631 1630 1629 1628 509 508 507 506 505 1638 1639 1640 1641 1642 3738 3739 3740 3741 3742 3743 3744 3745 3746 3747 
 204 6 70 1642 1641 1640 1639 1638 552 551 550 549 548 1623 1624 1625 1626 1627 3748 3749 3750 3751 3752 3753 3754 3755 3756 3757 
 56 203 204 1603 1604 1605 1606 1607 1633 1634 1635 1636 1637 1647 1646 1645 1644 1643 3758 3759 3760 3761 3762 3763 3764 3765 3766 3767 
 204 58 56 1622 1621 1620 1619 1618 474 473 472 471 470 1643 1644 1645 1646 1647 3768 3769 3770 3771 3772 3773 3774 3775 3776 3777 
 5 62 67 504 503 502 501 500 1652 1651 1650 1649 1648 534 533 532 531 530 3778 3779 3780 3781 3782 3783 3784 3785 3786 3787 
 14 15 205 235 236 237 238 239 1658 1659 1660 1661 1662 1657 1656 1655 1654 1653 3788 3789 3790 3791 3792 3793 3794 3795 3796 3797 
 2 14 205 230 231 232 233 234 1653 1654 1655 1656 1657 1667 1666 1665 1664 1663 3798 3799 3800 3801 3802 3803 3804 3805 3806 3807 
 205 93 2 1672 1671 1670 1669 1668 670 669 668 667 666 1663 1664 1665 1666 1667 3808 3809 3810 3811 3812 3813 3814 3815 3816 3817 
 205 8 93 1677 1676 1675 1674 1673 675 674 673 672 671 1668 1669 1670 1671 1672 3818 3819 3820 3821 3822 3823 3824 3825 3826 3827 
 205 74 8 1682 1681 1680 1679 1678 557 556 555 554 553 1673 1674 1675 1676 1677 3828 3829 3830 3831 3832 3833 3834 3835 3836 3837 
 15 13 206 240 241 242 243 244 1688 1689 1690 1691 1692 1687 1686 1685 1684 1683 3838 3839 3840 3841 3842 3843 3844 3845 3846 3847 
 206 205 15 1697 1696 1695 1694 1693 1662 1661 1660 1659 1658 1683 1684 1685 1686 1687 3848 3849 3850 3851 3852 3853 3854 3855 3856 3857 
 74 205 206 1678 1679 1680 1681 1682 1693 1694 1695 1696 1697 1707 1706 1705 1704 1703 3858 3859 3860 3861 3862 3863 3864 3865 3866 3867 
 206 73 74 1702 1701 1700 1699 1698 562 561 560 559 558 1703 1704 1705 1706 1707 3868 3869 3870 3871 3872 3873 3874 3875 3876 3877 
 13 16 207 245 246 247 248 249 1713 1714 1715 1716 1717 1712 1711 1710 1709 1708 3878 3879 3880 3881 3882 3883 3884 3885 3886 3887 
 207 76 75 1727 1726 1725 1724 1723 572 571 570 569 568 1718 1719 1720 1721 1722 3888 3889 3890 3891 3892 3893 3894 3895 3896 3897 
 208 206 13 1737 1736 1735 1734 1733 1692 1691 1690 1689 1688 1728 1729 1730 1731 1732 3898 3899 3900 3901 3902 3903 3904 3905 3906 3907 
 208 207 75 1747 1746 1745 1744 1743 1722 1721 1720 1719 1718 1738 1739 1740 1741 1742 3908 3909 3910 3911 3912 3913 3914 3915 3916 3917 
 13 207 208 1708 1709 1710 1711 1712 1743 1744 1745 1746 1747 1732 1731 1730 1729 1728 3918 3919 3920 3921 3922 3923 3924 3925 3926 3927 
 73 206 208 1698 1699 1700 1701 1702 1733 1734 1735 1736 1737 1752 1751 1750 1749 1748 3928 3929 3930 3931 3932 3933 3934 3935 3936 3937 
 208 75 73 1742 1741 1740 1739 1738 567 566 565 564 563 1748 1749 1750 1751 1752 3938 3939 3940 3941 3942 3943 3944 3945 3946 3947 
 16 17 209 250 251 252 253 254 1758 1759 1760 1761 1762 1757 1756 1755 1754 1753 3948 3949 3950 3951 3952 3953 3954 3955 3956 3957 
 76 207 209 1723 1724 1725 1726 1727 1768 1769 1770 1771 1772 1767 1766 1765 1764 1763 3958 3959 3960 3961 3962 3963 3964 3965 3966 3967 
 209 207 16 1772 1771 1770 1769 1768 1717 1716 1715 1714 1713 1753 1754 1755 1756 1757 3968 3969 3970 3971 3972 3973 3974 3975 3976 3977 
 17 12 210 255 256 257 258 259 1778 1779 1780 1781 1782 1777 1776 1775 1774 1773 3978 3979 3980 3981 3982 3983 3984 3985 3986 3987 
 210 209 17 1787 1786 1785 1784 1783 1762 1761 1760 1759 1758 1773 1774 1775 1776 1777 3988 3989 3990 3991 3992 3993 3994 3995 3996 3997 
 76 209 210 1763 1764 1765 1766 1767 1783 1784 1785 1786 1787 1797 1796 1795 1794 1793 3998 3999 4000 4001 4002 4003 4004 4005 4006 4007 
 210 72 76 1792 1791 1790 1789 1788 577 576 575 574 573 1793 1794 1795 1796 1797 4008 4009 4010 4011 4012 4013 4014 4015 4016 4017 
 12 19 211 260 261 262 263 264 1803 1804 1805 1806 1807 1802 1801 1800 1799 1798 4018 4019 4020 4021 4022 4023 4024 4025 4026 4027 
 211 210 12 1812 1811 1810 1809 1808 1782 1781 1780 1779 1778 1798 1799 1800 1801 1802 4028 4029 4030 4031 4032 4033 4034 4035 4036 4037 
 72 210 211 1788 1789 1790 1791 1792 1808 1809 1810 1811 1812 1822 1821 1820 1819 1818 4038 4039 4040 4041 4042 4043 4044 4045 4046 4047 
 211 78 72 1817 1816 1815 1814 1813 582 581 580 579 578 1818 1819 1820 1821 1822 4048 4049 4050 4051 4052 4053 4054 4055 4056 4057 
 19 20 212 265 266 267 268 269 1828 1829 1830 1831 1832 1827 1826 1825 1824 1823 4058 4059 4060 4061 4062 4063 4064 4065 4066 4067 
 212 211 19 1837 1836 1835 1834 1833 1807 1806 1805 1804 1803 1823 1824 1825 1826 1827 4068 4069 4070 4071 4072 4073 4074 4075 4076 4077 
 78 211 212 1813 1814 1815 1816 1817 1833 1834 1835 1836 1837 1847 1846 1845 1844 1843 4078 4079 4080 4081 4082 4083 4084 4085 4086 4087 
 212 77 78 1842 1841 1840 1839 1838 587 586 585 584 583 1843 1844 1845 1846 1847 4088 4089 4090 4091 4092 4093 4094 4095 4096 4097 
 20 18 213 270 271 272 273 274 1853 1854 1855 1856 1857 1852 1851 1850 1849 1848 4098 4099 4100 4101 4102 4103 4104 4105 4106 4107 
 213 212 20 1862 1861 1860 1859 1858 1832 1831 1830 1829 1828 1848 1849 1850 1851 1852 4108 4109 4110 4111 4112 4113 4114 4115 4116 4117 
 77 212 213 1838 1839 1840 1841 1842 1858 1859 1860 1861 1862 1872 1871 1870 1869 1868 4118 4119 4120 4121 4122 4123 4124 4125 4126 4127 
 213 79 77 1867 1866 1865 1864 1863 592 591 590 589 588 1868 1869 1870 1871 1872 4128 4129 4130 4131 4132 4133 4134 4135 4136 4137 
 18 21 214 275 276 277 278 279 1878 1879 1880 1881 1882 1877 1876 1875 1874 1873 4138 4139 4140 4141 4142 4143 4144 4145 4146 4147 
 214 213 18 1887 1886 1885 1884 1883 1857 1856 1855 1854 1853 1873 1874 1875 1876 1877 4148 4149 4150 4151 4152 4153 4154 4155 4156 4157 
 79 213 214 1863 1864 1865 1866 1867 1883 1884 1885 1886 1887 1897 1896 1895 1894 1893 4158 4159 4160 4161 4162 4163 4164 4165 4166 4167 
 214 80 79 1892 1891 1890 1889 1888 597 596 595 594 593 1893 1894 1895 1896 1897 4168 4169 4170 4171 4172 4173 4174 4175 4176 4177 
 21 22 215 280 281 282 283 284 1903 1904 1905 1906 1907 1902 1901 1900 1899 1898 4178 4179 4180 4181 4182 4183 4184 4185 4186 4187 
 215 214 21 1912 1911 1910 1909 1908 1882 1881 1880 1879 1878 1898 1899 1900 1901 1902 4188 4189 4190 4191 4192 4193 4194 4195 4196 4197 
 80 214 215 1888 1889 1890 1891 1892 1908 1909 1910 1911 1912 1922 1921 1920 1919 1918 4198 4199 4200 4201 4202 4203 4204 4205 4206 4207 
 215 71 80 1917 1916 1915 1914 1913 602 601 600 599 598 1918 1919 1920 1921 1922 4208 4209 4210 4211 4212 4213 4214 4215 4216 4217 
 22 11 216 285 286 287 288 289 1928 1929 1930 1931 1932 1927 1926 1925 1924 1923 4218 4219 4220 4221 4222 4223 4224 4225 4226 4227 
 216 215 22 1937 1936 1935 1934 1933 1907 1906 1905 1904 1903 1923 1924 1925 1926 1927 4228 4229 4230 4231 4232 4233 4234 4235 4236 4237 
 71 215 216 1913 1914 1915 1916 1917 1933 1934 1935 1936 1937 1947 1946 1945 1944 1943 4238 4239 4240 4241 4242 4243 4244 4245 4246 4247 
 216 83 71 1942 1941 1940 1939 1938 607 606 605 604 603 1943 1944 1945 1946 1947 4248 4249 4250 4251 4252 4253 4254 4255 4256 4257 
 11 25 217 290 291 292 293 294 1953 1954 1955 1956 1957 1952 1951 1950 1949 1948 4258 4259 4260 4261 4262 4263 4264 4265 4266 4267 
 217 216 11 1962 1961 1960 1959 1958 1932 1931 1930 1929 1928 1948 1949 1950 1951 1952 4268 4269 4270 4271 4272 4273 4274 4275 4276 4277 
 83 216 217 1938 1939 1940 1941 1942 1958 1959 1960 1961 1962 1972 1971 1970 1969 1968 4278 4279 4280 4281 4282 4283 4284 4285 4286 4287 
 217 82 83 1967 1966 1965 1964 1963 612 611 610 609 608 1968 1969 1970 1971 1972 4288 4289 4290 4291 4292 4293 4294 4295 4296 4297 
 25 26 218 295 296 297 298 299 1978 1979 1980 1981 1982 1977 1976 1975 1974 1973 4298 4299 4300 4301 4302 4303 4304 4305 4306 4307 
 218 217 25 1987 1986 1985 1984 1983 1957 1956 1955 1954 1953 1973 1974 1975 1976 1977 4308 4309 4310 4311 4312 4313 4314 4315 4316 4317 
 82 217 218 1963 1964 1965 1966 1967 1983 1984 1985 1986 1987 1997 1996 1995 1994 1993 4318 4319 4320 4321 4322 4323 4324 4325 4326 4327 
 218 84 82 1992 1991 1990 1989 1988 617 616 615 614 613 1993 1994 1995 1996 1997 4328 4329 4330 4331 4332 4333 4334 4335 4336 4337 
 26 24 219 300 301 302 303 304 2003 2004 2005 2006 2007 2002 2001 2000 1999 1998 4338 4339 4340 4341 4342 4343 4344 4345 4346 4347 
 219 218 26 2012 2011 2010 2009 2008 1982 1981 1980 1979 1978 1998 1999 2000 2001 2002 4348 4349 4350 4351 4352 4353 4354 4355 4356 4357 
 84 218 219 1988 1989 1990 1991 1992 2008 2009 2010 2011 2012 2022 2021 2020 2019 2018 4358 4359 4360 4361 4362 4363 4364 4365 4366 4367 
 219 85 84 2017 2016 2015 2014 2013 622 621 620 619 618 2018 2019 2020 2021 2022 4368 4369 4370 4371 4372 4373 4374 4375 4376 4377 
 24 27 220 305 306 307 308 309 2028 2029 2030 2031 2032 2027 2026 2025 2024 2023 4378 4379 4380 4381 4382 4383 4384 4385 4386 4387 
 220 219 24 2037 2036 2035 2034 2033 2007 2006 2005 2004 2003 2023 2024 2025 2026 2027 4388 4389 4390 4391 4392 4393 4394 4395 4396 4397 
 85 219 220 2013 2014 2015 2016 2017 2033 2034 2035 2036 2037 2047 2046 2045 2044 2043 4398 4399 4400 4401 4402 4403 4404 4405 4406 4407 
 220 81 85 2042 2041 2040 2039 2038 627 626 625 624 623 2043 2044 2045 2046 2047 4408 4409 4410 4411 4412 4413 4414 4415 4416 4417 
 27 28 221 310 311 312 313 314 2053 2054 2055 2056 2057 2052 2051 2050 2049 2048 4418 4419 4420 4421 4422 4423 4424 4425 4426 4427 
 221 220 27 2062 2061 2060 2059 2058 2032 2031 2030 2029 2028 2048 2049 2050 2051 2052 4428 4429 4430 4431 4432 4433 4434 4435 4436 4437 
 81 220 221 2038 2039 2040 2041 2042 2058 2059 2060 2061 2062 2072 2071 2070 2069 2068 4438 4439 4440 4441 4442 4443 4444 4445 4446 4447 
 221 87 81 2067 2066 2065 2064 2063 632 631 630 629 628 2068 2069 2070 2071 2072 4448 4449 4450 4451 4452 4453 4454 4455 4456 4457 
 28 23 222 315 316 317 318 319 2078 2079 2080 2081 2082 2077 2076 2075 2074 2073 4458 4459 4460 4461 4462 4463 4464 4465 4466 4467 
 222 221 28 2087 2086 2085 2084 2083 2057 2056 2055 2054 2053 2073 2074 2075 2076 2077 4468 4469 4470 4471 4472 4473 4474 4475 4476 4477 
 87 221 222 2063 2064 2065 2066 2067 2083 2084 2085 2086 2087 2097 2096 2095 2094 2093 4478 4479 4480 4481 4482 4483 4484 4485 4486 4487 
 222 86 87 2092 2091 2090 2089 2088 637 636 635 634 633 2093 2094 2095 2096 2097 4488 4489 4490 4491 4492 4493 4494 4495 4496 4497 
 23 30 223 320 321 322 323 324 2103 2104 2105 2106 2107 2102 2101 2100 2099 2098 4498 4499 4500 4501 4502 4503 4504 4505 4506 4507 
 223 222 23 2112 2111 2110 2109 2108 2082 2081 2080 2079 2078 2098 2099 2100 2101 2102 4508 4509 4510 4511 4512 4513 4514 4515 4516 4517 
 86 222 223 2088 2089 2090 2091 2092 2108 2109 2110 2111 2112 2122 2121 2120 2119 2118 4518 4519 4520 4521 4522 4523 4524 4525 4526 4527 
 223 88 86 2117 2116 2115 2114 2113 642 641 640 639 638 2118 2119 2120 2121 2122 4528 4529 4530 4531 4532 4533 4534 4535 4536 4537 
 30 31 224 325 326 327 328 329 2128 2129 2130 2131 2132 2127 2126 2125 2124 2123 4538 4539 4540 4541 4542 4543 4544 4545 4546 4547 
 224 223 30 2137 2136 2135 2134 2133 2107 2106 2105 2104 2103 2123 2124 2125 2126 2127 4548 4549 4550 4551 4552 4553 4554 4555 4556 4557 
 88 223 224 2113 2114 2115 2116 2117 2133 2134 2135 2136 2137 2147 2146 2145 2144 2143 4558 4559 4560 4561 4562 4563 4564 4565 4566 4567 
 224 89 88 2142 2141 2140 2139 2138 647 646 645 644 643 2143 2144 2145 2146 2147 4568 4569 4570 4571 4572 4573 4574 4575 4576 4577 
 31 29 225 330 331 332 333 334 2153 2154 2155 2156 2157 2152 2151 2150 2149 2148 4578 4579 4580 4581 4582 4583 4584 4585 4586 4587 
 225 224 31 2162 2161 2160 2159 2158 2132 2131 2130 2129 2128 2148 2149 2150 2151 2152 4588 4589 4590 4591 4592 4593 4594 4595 4596 4597 
 89 224 225 2138 2139 2140 2141 2142 2158 2159 2160 2161 2162 2172 2171 2170 2169 2168 4598 4599 4600 4601 4602 4603 4604 4605 4606 4607 
 225 7 89 2167 2166 2165 2164 2163 652 651 650 649 648 2168 2169 2170 2171 2172 4608 4609 4610 4611 4612 4613 4614 4615 4616 4617 
 29 33 226 335 336 337 338 339 2178 2179 2180 2181 2182 2177 2176 2175 2174 2173 4618 4619 4620 4621 4622 4623 4624 4625 4626 4627 
 226 225 29 2187 2186 2185 2184 2183 2157 2156 2155 2154 2153 2173 2174 2175 2176 2177 4628 4629 4630 4631 4632 4633 4634 4635 4636 4637 
 7 225 226 2163 2164 2165 2166 2167 2183 2184 2185 2186 2187 2197 2196 2195 2194 2193 4638 4639 4640 4641 4642 4643 4644 4645 4646 4647 
 226 60 7 2192 2191 2190 2189 2188 484 483 482 481 480 2193 2194 2195 2196 2197 4648 4649 4650 4651 4652 4653 4654 4655 4656 4657 
 33 32 227 340 341 342 343 344 2203 2204 2205 2206 2207 2202 2201 2200 2199 2198 4658 4659 4660 4661 4662 4663 4664 4665 4666 4667 
 227 226 33 2212 2211 2210 2209 2208 2182 2181 2180 2179 2178 2198 2199 2200 2201 2202 4668 4669 4670 4671 4672 4673 4674 4675 4676 4677 
 60 226 227 2188 2189 2190 2191 2192 2208 2209 2210 2211 2212 2222 2221 2220 2219 2218 4678 4679 4680 4681 4682 4683 4684 4685 4686 4687 
 227 59 60 2217 2216 2215 2214 2213 489 488 487 486 485 2218 2219 2220 2221 2222 4688 4689 4690 4691 4692 4693 4694 4695 4696 4697 
 32 34 228 345 346 347 348 349 2228 2229 2230 2231 2232 2227 2226 2225 2224 2223 4698 4699 4700 4701 4702 4703 4704 4705 4706 4707 
 228 227 32 2237 2236 2235 2234 2233 2207 2206 2205 2204 2203 2223 2224 2225 2226 2227 4708 4709 4710 4711 4712 4713 4714 4715 4716 4717 
 59 227 228 2213 2214 2215 2216 2217 2233 2234 2235 2236 2237 2247 2246 2245 2244 2243 4718 4719 4720 4721 4722 4723 4724 4725 4726 4727 
 228 61 59 2242 2241 2240 2239 2238 494 493 492 491 490 2243 2244 2245 2246 2247 4728 4729 4730 4731 4732 4733 4734 4735 4736 4737 
 67 62 229 1648 1649 1650 1651 1652 2253 2254 2255 2256 2257 2252 2251 2250 2249 2248 4738 4739 4740 4741 4742 4743 4744 4745 4746 4747 
 229 228 34 2267 2266 2265 2264 2263 2232 2231 2230 2229 2228 2258 2259 2260 2261 2262 4748 4749 4750 4751 4752 4753 4754 4755 4756 4757 
 229 1 67 2272 2271 2270 2269 2268 539 538 537 536 535 2248 2249 2250 2251 2252 4758 4759 4760 4761 4762 4763 4764 4765 4766 4767 
 34 1 229 350 351 352 353 354 2268 2269 2270 2271 2272 2262 2261 2260 2259 2258 4768 4769 4770 4771 4772 4773 4774 4775 4776 4777 
 61 228 229 2238 2239 2240 2241 2242 2263 2264 2265 2266 2267 2277 2276 2275 2274 2273 4778 4779 4780 4781 4782 4783 4784 4785 4786 4787 
 229 62 61 2257 2256 2255 2254 2253 499 498 497 496 495 2273 2274 2275 2276 2277 4788 4789 4790 4791 4792 4793 4794 4795 4796 4797 
 solutionOrder
2 2 2 2 
 6 2 2 6 
 2 2 2 2 
 2 6 2 6 
 6 2 2 6 
 6 2 2 6 
 6 2 2 6 
 6 2 2 6 
 2 2 2 2 
 2 2 2 2 
 2 6 2 6 
 2 2 2 2 
 2 2 2 2 
 2 2 2 2 
 2 2 2 2 
 6 2 2 6 
 2 2 2 2 
 2 2 2 2 
 2 2 2 2 
 2 6 2 6 
 2 2 2 2 
 2 6 2 6 
 2 2 2 2 
 6 2 2 6 
 2 2 2 2 
 2 2 2 2 
 2 2 2 2 
 6 2 2 6 
 2 2 2 2 
 2 2 2 2 
 2 2 2 2 
 2 6 2 6 
 2 2 2 2 
 2 2 2 2 
 2 2 2 2 
 6 2 2 6 
 2 2 2 2 
 2 2 2 2 
 2 2 2 2 
 2 6 2 6 
 2 2 2 2 
 2 2 2 2 
 6 2 2 6 
 2 2 2 2 
 2 6 2 6 
 2 2 2 2 
 2 2 2 2 
 2 2 2 2 
 2 6 2 6 
 2 2 2 2 
 2 2 2 2 
 2 2 2 2 
 2 2 2 2 
 2 2 2 2 
 6 2 2 6 
 2 2 2 2 
 2 2 2 2 
 2 2 2 2 
 2 2 2 2 
 2 2 2 2 
 6 2 2 6 
 2 2 2 2 
 2 2 2 2 
 6 2 2 6 
 2 6 2 6 
 2 2 2 2 
 6 2 2 6 
 2 2 2 2 
 2 2 2 2 
 2 2 2 2 
 2 2 2 2 
 2 2 2 2 
 2 6 2 6 
 2 2 2 2 
 2 2 2 2 
 6 2 2 6 
 2 2 2 2 
 2 6 2 6 
 2 2 2 2 
 2 2 2 2 
 6 2 2 6 
 2 2 2 2 
 2 2 2 2 
 2 2 2 2 
 2 6 2 6 
 2 2 2 2 
 2 2 2 2 
 6 2 2 6 
 2 2 2 2 
 2 6 2 6 
 2 2 2 2 
 2 2 2 2 
 2 2 2 2 
 2 6 2 6 
 2 2 2 2 
 2 2 2 2 
 2 2 2 2 
 2 2 2 2 
 2 2 2 2 
 6 2 2 6 
 2 2 2 2 
 2 2 2 2 
 2 2 2 2 
 2 2 2 2 
 2 2 2 2 
 6 2 2 6 
 2 2 2 2 
 2 2 2 2 
 6 2 2 6 
 2 2 2 2 
 2 6 2 6 
 2 2 2 2 
 2 2 2 2 
 2 2 2 2 
 2 6 2 6 
 2 2 2 2 
 2 2 2 2 
 2 2 2 2 
 6 2 2 6 
 2 2 2 2 
 2 2 2 2 
 2 2 2 2 
 2 2 2 2 
 2 2 2 2 
 6 2 2 6 
 2 2 2 2 
 2 2 2 2 
 2 2 2 2 
 2 6 2 6 
 2 2 2 2 
 6 2 2 6 
 2 2 2 2 
 2 2 2 2 
 6 2 2 6 
 2 2 2 2 
 2 6 2 6 
 2 2 2 2 
 2 2 2 2 
 2 6 2 6 
 2 2 2 2 
 2 2 2 2 
 2 2 2 2 
 2 2 2 2 
 2 2 2 2 
 6 2 2 6 
 2 2 2 2 
 2 2 2 2 
 2 2 2 2 
 2 2 2 2 
 2 2 2 2 
 2 2 2 2 
 2 2 2 2 
 2 2 2 2 
 2 2 2 2 
 2 2 2 2 
 2 6 2 6 
 2 2 2 2 
 2 2 2 2 
 2 2 2 2 
 2 2 2 2 
 2 2 2 2 
 2 2 2 2 
 2 2 2 2 
 2 2 2 2 
 2 2 2 2 
 2 2 2 2 
 2 6 2 6 
 2 2 2 2 
 2 2 2 2 
 2 2 2 2 
 2 2 2 2 
 2 6 2 6 
 2 2 2 2 
 2 2 2 2 
 2 2 2 2 
 2 2 2 2 
 2 2 2 2 
 2 6 2 6 
 2 6 2 6 
 2 6 2 6 
 2 2 2 2 
 2 2 2 2 
 2 2 2 2 
 2 2 2 2 
 2 2 2 2 
 2 2 2 2 
 2 2 2 2 
 2 2 2 2 
 2 2 2 2 
 2 2 2 2 
 6 6 6 6 
 6 6 6 6 
 6 6 6 6 
 6 6 6 6 
 6 6 6 6 
 6 6 6 6 
 6 6 6 6 
 6 6 6 6 
 6 6 6 6 
 6 6 6 6 
 6 6 6 6 
 6 6 6 6 
 6 6 6 6 
 6 6 6 6 
 6 6 6 6 
 6 6 6 6 
 6 6 6 6 
 6 6 6 6 
 6 6 6 6 
 6 6 6 6 
 6 6 6 6 
 6 6 6 6 
 6 6 6 6 
 6 6 6 6 
 6 6 6 6 
 6 6 6 6 
 6 6 6 6 
 6 6 6 6 
 6 6 6 6 
 6 6 6 6 
 6 6 6 6 
 6 6 6 6 
 6 6 6 6 
 6 6 6 6 
 6 6 6 6 
 6 6 6 6 
 6 6 6 6 
 6 6 6 6 
 6 6 6 6 
 6 6 6 6 
 6 6 6 6 
 6 6 6 6 
 6 6 6 6 
 6 6 6 6 
 6 6 6 6 
 6 6 6 6 
 6 6 6 6 
 6 6 6 6 
 6 6 6 6 
 6 6 6 6 
 6 6 6 6 
 6 6 6 6 
 6 6 6 6 
 6 6 6 6 
 6 6 6 6 
 6 6 6 6 
 6 6 6 6 
 6 6 6 6 
 6 6 6 6 
 6 6 6 6 
 6 6 6 6 
 6 6 6 6 
 6 6 6 6 
 6 6 6 6 
 6 6 6 6 
 6 6 6 6 
 6 6 6 6 
 6 6 6 6 
 6 6 6 6 
 6 6 6 6 
 6 6 6 6 
 6 6 6 6 
 6 6 6 6 
 6 6 6 6 
 6 6 6 6 
 6 6 6 6 
 6 6 6 6 
 6 6 6 6 
 6 6 6 6 
 6 6 6 6 
 6 6 6 6 
 6 6 6 6 
 6 6 6 6 
 6 6 6 6 
 6 6 6 6 
 6 6 6 6 
 6 6 6 6 
 6 6 6 6 
 6 6 6 6 
 6 6 6 6 
 6 6 6 6 
 6 6 6 6 
 6 6 6 6 
 6 6 6 6 
 6 6 6 6 
 6 6 6 6 
 6 6 6 6 
 6 6 6 6 
 6 6 6 6 
 6 6 6 6 
 6 6 6 6 
 6 6 6 6 
 6 6 6 6 
 6 6 6 6 
 6 6 6 6 
 6 6 6 6 
 6 6 6 6 
 6 6 6 6 
 6 6 6 6 
 6 6 6 6 
 6 6 6 6 
 6 6 6 6 
 6 6 6 6 
 6 6 6 6 
 6 6 6 6 
 6 6 6 6 
 6 6 6 6 
 6 6 6 6 
 6 6 6 6 
 6 6 6 6 
 6 6 6 6 
 6 6 6 6 
 6 6 6 6 
 6 6 6 6 
 6 6 6 6 
 6 6 6 6 
 6 6 6 6 
 6 6 6 6 
 6 6 6 6 
 6 6 6 6 
 6 6 6 6 
 6 6 6 6 
 6 6 6 6 
 6 6 6 6 
 6 6 6 6 
 6 6 6 6 
 6 6 6 6 
 6 6 6 6 
 6 6 6 6 
 6 6 6 6 
 6 6 6 6 
 6 6 6 6 
 6 6 6 6 
 6 6 6 6 
 6 6 6 6 
 6 6 6 6 
 6 6 6 6 
 6 6 6 6 
 6 6 6 6 
 6 6 6 6 
 6 6 6 6 
 6 6 6 6 
 6 6 6 6 
 6 6 6 6 
 6 6 6 6 
 6 6 6 6 
 6 6 6 6 
 6 6 6 6 
 6 6 6 6 
 6 6 6 6 
 6 6 6 6 
 6 6 6 6 
 6 6 6 6 
 6 6 6 6 
 6 6 6 6 
 6 6 6 6 
 6 6 6 6 
 6 6 6 6 
 6 6 6 6 
 6 6 6 6 
 6 6 6 6 
 6 6 6 6 
 6 6 6 6 
 6 6 6 6 
 6 6 6 6 
 6 6 6 6 
 6 6 6 6 
 6 6 6 6 
 6 6 6 6 
 6 6 6 6 
 6 6 6 6 
 6 6 6 6 
 6 6 6 6 
 6 6 6 6 
 6 6 6 6 
 6 6 6 6 
 6 6 6 6 
 6 6 6 6 
 6 6 6 6 
 6 6 6 6 
 6 6 6 6 
 6 6 6 6 
 6 6 6 6 
 6 6 6 6 
 6 6 6 6 
 6 6 6 6 
 6 6 6 6 
 6 6 6 6 
 6 6 6 6 
 6 6 6 6 
 6 6 6 6 
 6 6 6 6 
 vertexCoord 
0.000000 0.050000 
 1.000000 0.050000 
 1.000000 0.150000 
 -0.000000 0.150000 
 0.000000 0.000000 
 -0.000000 0.200000 
 0.200000 0.000000 
 1.000000 0.000000 
 1.000000 0.200000 
 0.200000 0.200000 
 0.520047 0.050000 
 0.760020 0.050000 
 0.880006 0.050000 
 0.959985 0.050000 
 0.919970 0.050000 
 0.840012 0.050000 
 0.800018 0.050000 
 0.640024 0.050000 
 0.720022 0.050000 
 0.680024 0.050000 
 0.600024 0.050000 
 0.560024 0.050000 
 0.280072 0.050000 
 0.400053 0.050000 
 0.480053 0.050000 
 0.440055 0.050000 
 0.360052 0.050000 
 0.320062 0.050000 
 0.160085 0.050000 
 0.240075 0.050000 
 0.200080 0.050000 
 0.080043 0.050000 
 0.120064 0.050000 
 0.040021 0.050000 
 0.520047 0.150000 
 0.760013 0.150000 
 0.879991 0.150000 
 0.959961 0.150000 
 0.919970 0.150000 
 0.840012 0.150000 
 0.800015 0.150000 
 0.640024 0.150000 
 0.720021 0.150000 
 0.680023 0.150000 
 0.600024 0.150000 
 0.560036 0.150000 
 0.280072 0.150000 
 0.400049 0.150000 
 0.480053 0.150000 
 0.440055 0.150000 
 0.360055 0.150000 
 0.320063 0.150000 
 0.160085 0.150000 
 0.240071 0.150000 
 0.200067 0.150000 
 0.080043 0.150000 
 0.120064 0.150000 
 0.040021 0.150000 
 0.119967 0.000000 
 0.159961 0.000000 
 0.079959 0.000000 
 0.039979 0.000000 
 0.080040 0.200000 
 0.040039 0.200000 
 0.120030 0.200000 
 0.160021 0.200000 
 0.000000 0.025000 
 -0.000000 0.083394 
 -0.000000 0.116666 
 -0.000000 0.175000 
 0.599963 0.000000 
 0.799963 0.000000 
 0.919960 0.000000 
 0.959961 0.000000 
 0.879962 0.000000 
 0.839962 0.000000 
 0.719960 0.000000 
 0.759961 0.000000 
 0.679959 0.000000 
 0.639961 0.000000 
 0.399963 0.000000 
 0.519960 0.000000 
 0.559961 0.000000 
 0.479959 0.000000 
 0.439961 0.000000 
 0.319960 0.000000 
 0.359961 0.000000 
 0.279959 0.000000 
 0.239979 0.000000 
 1.000000 0.175000 
 1.000000 0.116606 
 1.000000 0.083334 
 1.000000 0.025000 
 0.600000 0.200000 
 0.400000 0.200000 
 0.280020 0.200000 
 0.240010 0.200000 
 0.320016 0.200000 
 0.360008 0.200000 
 0.480020 0.200000 
 0.440010 0.200000 
 0.520016 0.200000 
 0.560008 0.200000 
 0.800000 0.200000 
 0.680040 0.200000 
 0.640039 0.200000 
 0.720041 0.200000 
 0.760021 0.200000 
 0.880040 0.200000 
 0.840039 0.200000 
 0.920041 0.200000 
 0.960021 0.200000 
 0.973121 0.128144 
 0.973137 0.071340 
 0.921616 0.099404 
 0.880929 0.099541 
 0.840718 0.099614 
 0.800821 0.099569 
 0.768777 0.101050 
 0.705191 0.118962 
 0.638870 0.100341 
 0.599695 0.099933 
 0.520336 0.099864 
 0.480707 0.099656 
 0.448734 0.101091 
 0.385212 0.118969 
 0.321864 0.096467 
 0.288359 0.101017 
 0.225187 0.118934 
 0.158934 0.100339 
 0.119320 0.099746 
 0.078549 0.099269 
 0.027344 0.127811 
 0.027339 0.070961 
 0.965120 0.099221 
 0.940136 0.125207 
 0.940139 0.074061 
 0.900543 0.074618 
 0.900541 0.124800 
 0.860438 0.124770 
 0.860596 0.074703 
 0.820412 0.124705 
 0.820417 0.074807 
 0.745320 0.121627 
 0.737449 0.085474 
 0.780347 0.074853 
 0.780468 0.124278 
 0.661885 0.121620 
 0.685213 0.085528 
 0.580029 0.124855 
 0.579880 0.074996 
 0.620088 0.124458 
 0.619227 0.075110 
 0.540132 0.124907 
 0.540117 0.074981 
 0.500271 0.124799 
 0.500269 0.074892 
 0.425311 0.121652 
 0.417464 0.085482 
 0.460354 0.074849 
 0.460351 0.124368 
 0.341762 0.121174 
 0.367147 0.086062 
 0.265429 0.121523 
 0.257181 0.085421 
 0.299151 0.074584 
 0.301706 0.123768 
 0.181906 0.121607 
 0.205206 0.085518 
 0.139134 0.075215 
 0.140007 0.124387 
 0.060313 0.124794 
 0.060319 0.073756 
 0.099571 0.074664 
 0.099716 0.124699 
 0.036387 0.097593 
 0.652672 0.072196 
 0.560032 0.099922 
 0.333655 0.071423 
 0.172688 0.072214 
 0.960005 0.175000 
 0.920005 0.175000 
 0.880019 0.175000 
 0.840027 0.175000 
 0.800015 0.167826 
 0.760020 0.182138 
 0.720031 0.175000 
 0.680030 0.173609 
 0.640025 0.166435 
 0.600012 0.175000 
 0.560023 0.175000 
 0.520034 0.175000 
 0.480036 0.175000 
 0.440037 0.175000 
 0.400025 0.175000 
 0.360033 0.175000 
 0.320043 0.175000 
 0.280044 0.175000 
 0.240045 0.175000 
 0.200033 0.175000 
 0.160053 0.175000 
 0.120042 0.176391 
 0.080040 0.183344 
 0.040024 0.176391 
 0.965502 0.024064 
 0.922468 0.024860 
 0.860260 0.025001 
 0.892531 0.019972 
 0.827628 0.029917 
 0.797886 0.024583 
 0.759630 0.024928 
 0.719930 0.024988 
 0.679982 0.024998 
 0.639991 0.025000 
 0.599993 0.025000 
 0.559993 0.025000 
 0.520007 0.025000 
 0.480006 0.025000 
 0.440008 0.025000 
 0.400007 0.025000 
 0.360006 0.025000 
 0.320009 0.025000 
 0.280015 0.025000 
 0.240025 0.025000 
 0.200033 0.025000 
 0.160023 0.025000 
 0.120016 0.025000 
 0.080001 0.025000 
 0.039993 0.025000 
 bc_tag 
399 
 393 
 336 
 330 
 184 
 110 
 15 
 10 
 5 
 2 
 405 
 405 
 405 
 405 
 405 
 405 
 405 
 405 
 405 
 405 
 405 
 405 
 405 
 405 
 405 
 405 
 405 
 405 
 405 
 405 
 405 
 405 
 405 
 405 
 343 
 343 
 343 
 343 
 343 
 343 
 343 
 343 
 343 
 343 
 343 
 343 
 343 
 343 
 343 
 343 
 343 
 343 
 343 
 343 
 343 
 343 
 343 
 343 
 190 
 190 
 190 
 190 
 117 
 117 
 117 
 117 
 185 
 400 
 400 
 331 
 16 
 16 
 16 
 16 
 16 
 16 
 16 
 16 
 16 
 16 
 16 
 16 
 16 
 16 
 16 
 16 
 16 
 16 
 16 
 11 
 337 
 337 
 394 
 6 
 6 
 6 
 6 
 6 
 6 
 6 
 6 
 6 
 6 
 6 
 6 
 6 
 6 
 6 
 6 
 6 
 6 
 6 
 408 
 408 
 408 
 408 
 408 
 408 
 408 
 408 
 408 
 408 
 408 
 408 
 408 
 408 
 408 
 408 
 408 
 408 
 408 
 408 
 408 
 408 
 408 
 408 
 408 
 408 
 408 
 408 
 408 
 408 
 408 
 408 
 408 
 408 
 408 
 408 
 408 
 408 
 408 
 408 
 408 
 408 
 408 
 408 
 408 
 408 
 408 
 408 
 408 
 408 
 408 
 408 
 408 
 408 
 408 
 408 
 408 
 408 
 408 
 408 
 408 
 408 
 408 
 408 
 408 
 408 
 408 
 408 
 346 
 346 
 346 
 346 
 346 
 346 
 346 
 346 
 346 
 346 
 346 
 346 
 346 
 346 
 346 
 346 
 346 
 346 
 346 
 346 
 346 
 346 
 346 
 346 
 120 
 120 
 120 
 120 
 120 
 120 
 120 
 120 
 120 
 120 
 120 
 120 
 120 
 120 
 120 
 120 
 120 
 120 
 120 
 120 
 120 
 120 
 120 
 120 
 120 
 405 
 405 
 405 
 405 
 405 
 405 
 405 
 405 
 405 
 405 
 405 
 405 
 405 
 405 
 405 
 405 
 405 
 405 
 405 
 405 
 405 
 405 
 405 
 405 
 405 
 405 
 405 
 405 
 405 
 405 
 405 
 405 
 405 
 405 
 405 
 405 
 405 
 405 
 405 
 405 
 405 
 405 
 405 
 405 
 405 
 405 
 405 
 405 
 405 
 405 
 405 
 405 
 405 
 405 
 405 
 405 
 405 
 405 
 405 
 405 
 405 
 405 
 405 
 405 
 405 
 405 
 405 
 405 
 405 
 405 
 405 
 405 
 405 
 405 
 405 
 405 
 405 
 405 
 405 
 405 
 405 
 405 
 405 
 405 
 405 
 405 
 405 
 405 
 405 
 405 
 405 
 405 
 405 
 405 
 405 
 405 
 405 
 405 
 405 
 405 
 405 
 405 
 405 
 405 
 405 
 405 
 405 
 405 
 405 
 405 
 405 
 405 
 405 
 405 
 405 
 405 
 405 
 405 
 405 
 405 
 405 
 405 
 405 
 405 
 405 
 343 
 343 
 343 
 343 
 343 
 343 
 343 
 343 
 343 
 343 
 343 
 343 
 343 
 343 
 343 
 343 
 343 
 343 
 343 
 343 
 343 
 343 
 343 
 343 
 343 
 343 
 343 
 343 
 343 
 343 
 343 
 343 
 343 
 343 
 343 
 343 
 343 
 343 
 343 
 343 
 343 
 343 
 343 
 343 
 343 
 343 
 343 
 343 
 343 
 343 
 343 
 343 
 343 
 343 
 343 
 343 
 343 
 343 
 343 
 343 
 343 
 343 
 343 
 343 
 343 
 343 
 343 
 343 
 343 
 343 
 343 
 343 
 343 
 343 
 343 
 343 
 343 
 343 
 343 
 343 
 343 
 343 
 343 
 343 
 343 
 343 
 343 
 343 
 343 
 343 
 343 
 343 
 343 
 343 
 343 
 343 
 343 
 343 
 343 
 343 
 343 
 343 
 343 
 343 
 343 
 343 
 343 
 343 
 343 
 343 
 343 
 343 
 343 
 343 
 343 
 343 
 343 
 343 
 343 
 343 
 343 
 343 
 343 
 343 
 343 
 190 
 190 
 190 
 190 
 190 
 190 
 190 
 190 
 190 
 190 
 190 
 190 
 190 
 190 
 190 
 190 
 190 
 190 
 190 
 190 
 190 
 190 
 190 
 190 
 190 
 117 
 117 
 117 
 117 
 117 
 117 
 117 
 117 
 117 
 117 
 117 
 117 
 117 
 117 
 117 
 117 
 117 
 117 
 117 
 117 
 117 
 117 
 117 
 117 
 117 
 185 
 185 
 185 
 185 
 185 
 185 
 185 
 185 
 185 
 185 
 400 
 400 
 400 
 331 
 331 
 331 
 331 
 331 
 331 
 331 
 331 
 331 
 331 
 16 
 16 
 16 
 16 
 16 
 16 
 16 
 16 
 16 
 16 
 16 
 16 
 16 
 16 
 16 
 16 
 16 
 16 
 16 
 16 
 16 
 16 
 16 
 16 
 16 
 16 
 16 
 16 
 16 
 16 
 16 
 16 
 16 
 16 
 16 
 16 
 16 
 16 
 16 
 16 
 16 
 16 
 16 
 16 
 16 
 16 
 16 
 16 
 16 
 16 
 16 
 16 
 16 
 16 
 16 
 16 
 16 
 16 
 16 
 16 
 16 
 16 
 16 
 16 
 16 
 16 
 16 
 16 
 16 
 16 
 16 
 16 
 16 
 16 
 16 
 16 
 16 
 16 
 16 
 16 
 16 
 16 
 16 
 16 
 16 
 16 
 16 
 16 
 16 
 16 
 16 
 16 
 16 
 16 
 16 
 16 
 16 
 16 
 16 
 16 
 11 
 11 
 11 
 11 
 11 
 11 
 11 
 11 
 11 
 11 
 337 
 337 
 337 
 394 
 394 
 394 
 394 
 394 
 394 
 394 
 394 
 394 
 394 
 6 
 6 
 6 
 6 
 6 
 6 
 6 
 6 
 6 
 6 
 6 
 6 
 6 
 6 
 6 
 6 
 6 
 6 
 6 
 6 
 6 
 6 
 6 
 6 
 6 
 6 
 6 
 6 
 6 
 6 
 6 
 6 
 6 
 6 
 6 
 6 
 6 
 6 
 6 
 6 
 6 
 6 
 6 
 6 
 6 
 6 
 6 
 6 
 6 
 6 
 6 
 6 
 6 
 6 
 6 
 6 
 6 
 6 
 6 
 6 
 6 
 6 
 6 
 6 
 6 
 6 
 6 
 6 
 6 
 6 
 6 
 6 
 6 
 6 
 6 
 6 
 6 
 6 
 6 
 6 
 6 
 6 
 6 
 6 
 6 
 6 
 6 
 6 
 6 
 6 
 6 
 6 
 6 
 6 
 6 
 6 
 6 
 6 
 6 
 6 
 408 
 408 
 408 
 408 
 408 
 408 
 408 
 408 
 408 
 408 
 408 
 408 
 408 
 408 
 408 
 408 
 408 
 408 
 408 
 408 
 408 
 408 
 408 
 408 
 408 
 408 
 408 
 408 
 408 
 408 
 408 
 408 
 408 
 408 
 408 
 408 
 408 
 408 
 408 
 408 
 408 
 408 
 408 
 408 
 408 
 408 
 408 
 408 
 408 
 408 
 408 
 408 
 408 
 408 
 408 
 408 
 408 
 408 
 408 
 408 
 408 
 408 
 408 
 408 
 408 
 408 
 408 
 408 
 408 
 408 
 408 
 408 
 408 
 408 
 408 
 408 
 408 
 408 
 408 
 408 
 408 
 408 
 408 
 408 
 408 
 408 
 408 
 408 
 408 
 408 
 408 
 408 
 408 
 408 
 408 
 408 
 408 
 408 
 408 
 408 
 408 
 408 
 408 
 408 
 408 
 408 
 408 
 408 
 408 
 408 
 408 
 408 
 408 
 408 
 408 
 408 
 408 
 408 
 408 
 408 
 408 
 408 
 408 
 408 
 408 
 408 
 408 
 408 
 408 
 408 
 408 
 408 
 408 
 408 
 408 
 408 
 408 
 408 
 408 
 408 
 408 
 408 
 408 
 408 
 408 
 408 
 408 
 408 
 408 
 408 
 408 
 408 
 408 
 408 
 408 
 408 
 408 
 408 
 408 
 408 
 408 
 408 
 408 
 408 
 408 
 408 
 408 
 408 
 408 
 408 
 408 
 408 
 408 
 408 
 408 
 408 
 408 
 408 
 408 
 408 
 408 
 408 
 408 
 408 
 408 
 408 
 408 
 408 
 408 
 408 
 408 
 408 
 408 
 408 
 408 
 408 
 408 
 408 
 408 
 408 
 408 
 408 
 408 
 408 
 408 
 408 
 408 
 408 
 408 
 408 
 408 
 408 
 408 
 408 
 408 
 408 
 408 
 408 
 408 
 408 
 408 
 408 
 408 
 408 
 408 
 408 
 408 
 408 
 408 
 408 
 408 
 408 
 408 
 408 
 408 
 408 
 408 
 408 
 408 
 408 
 408 
 408 
 408 
 408 
 408 
 408 
 408 
 408 
 408 
 408 
 408 
 408 
 408 
 408 
 408 
 408 
 408 
 346 
 346 
 346 
 346 
 346 
 346 
 346 
 346 
 346 
 346 
 346 
 346 
 346 
 346 
 346 
 346 
 346 
 346 
 346 
 346 
 346 
 346 
 346 
 346 
 346 
 346 
 346 
 346 
 346 
 346 
 346 
 346 
 346 
 346 
 346 
 346 
 346 
 346 
 346 
 346 
 346 
 346 
 346 
 346 
 346 
 346 
 346 
 346 
 346 
 346 
 346 
 346 
 346 
 346 
 346 
 346 
 346 
 346 
 346 
 346 
 346 
 346 
 346 
 346 
 346 
 346 
 346 
 346 
 346 
 346 
 346 
 346 
 346 
 346 
 346 
 346 
 346 
 346 
 346 
 346 
 346 
 346 
 346 
 346 
 346 
 346 
 346 
 346 
 346 
 346 
 346 
 346 
 346 
 346 
 346 
 346 
 346 
 346 
 346 
 346 
 346 
 346 
 346 
 346 
 346 
 346 
 346 
 346 
 346 
 346 
 346 
 346 
 346 
 346 
 346 
 346 
 346 
 346 
 346 
 346 
 346 
 346 
 346 
 346 
 346 
 346 
 346 
 346 
 346 
 346 
 346 
 346 
 346 
 346 
 346 
 346 
 346 
 346 
 346 
 346 
 346 
 346 
 346 
 346 
 346 
 346 
 346 
 346 
 346 
 346 
 346 
 346 
 346 
 346 
 346 
 346 
 346 
 346 
 346 
 346 
 346 
 346 
 346 
 346 
 346 
 346 
 346 
 346 
 346 
 346 
 346 
 346 
 346 
 346 
 346 
 346 
 346 
 346 
 346 
 346 
 346 
 346 
 346 
 346 
 346 
 346 
 346 
 346 
 346 
 346 
 346 
 346 
 346 
 346 
 346 
 346 
 346 
 346 
 346 
 346 
 346 
 346 
 346 
 346 
 346 
 346 
 346 
 346 
 346 
 346 
 346 
 346 
 346 
 346 
 346 
 346 
 346 
 346 
 346 
 346 
 346 
 346 
 346 
 346 
 346 
 346 
 346 
 346 
 346 
 346 
 346 
 346 
 346 
 346 
 346 
 346 
 346 
 346 
 346 
 346 
 346 
 346 
 346 
 346 
 346 
 346 
 346 
 346 
 346 
 346 
 346 
 346 
 346 
 346 
 346 
 346 
 346 
 346 
 346 
 346 
 346 
 346 
 346 
 346 
 346 
 346 
 346 
 346 
 346 
 346 
 346 
 346 
 346 
 346 
 346 
 346 
 346 
 346 
 346 
 346 
 346 
 346 
 346 
 346 
 346 
 346 
 346 
 346 
 346 
 346 
 346 
 346 
 346 
 346 
 346 
 346 
 346 
 346 
 346 
 346 
 346 
 346 
 346 
 346 
 346 
 346 
 346 
 346 
 346 
 346 
 346 
 346 
 346 
 346 
 346 
 346 
 346 
 346 
 346 
 346 
 346 
 346 
 346 
 346 
 346 
 346 
 346 
 346 
 346 
 346 
 346 
 346 
 346 
 346 
 346 
 346 
 346 
 346 
 346 
 346 
 346 
 346 
 346 
 346 
 346 
 346 
 346 
 346 
 346 
 346 
 346 
 346 
 346 
 346 
 346 
 346 
 346 
 346 
 346 
 346 
 346 
 346 
 346 
 346 
 346 
 346 
 346 
 346 
 346 
 346 
 346 
 346 
 346 
 346 
 346 
 346 
 346 
 346 
 346 
 346 
 346 
 346 
 346 
 346 
 346 
 346 
 346 
 346 
 346 
 346 
 346 
 346 
 346 
 346 
 346 
 346 
 346 
 346 
 346 
 346 
 346 
 346 
 346 
 346 
 346 
 346 
 346 
 346 
 346 
 346 
 346 
 346 
 346 
 346 
 346 
 346 
 346 
 346 
 346 
 346 
 346 
 346 
 346 
 346 
 346 
 346 
 346 
 346 
 346 
 346 
 346 
 346 
 346 
 346 
 346 
 346 
 346 
 346 
 346 
 346 
 346 
 346 
 346 
 346 
 346 
 346 
 346 
 346 
 346 
 346 
 346 
 346 
 346 
 346 
 346 
 346 
 346 
 346 
 346 
 346 
 346 
 346 
 346 
 346 
 346 
 346 
 346 
 346 
 346 
 346 
 346 
 346 
 346 
 346 
 346 
 346 
 346 
 346 
 346 
 346 
 346 
 346 
 346 
 346 
 346 
 346 
 346 
 346 
 346 
 346 
 346 
 346 
 346 
 346 
 346 
 346 
 346 
 346 
 346 
 346 
 346 
 346 
 346 
 346 
 346 
 346 
 346 
 346 
 346 
 346 
 346 
 346 
 346 
 346 
 346 
 346 
 346 
 346 
 346 
 346 
 346 
 346 
 346 
 346 
 346 
 346 
 346 
 346 
 346 
 346 
 346 
 346 
 346 
 346 
 346 
 346 
 346 
 346 
 346 
 346 
 346 
 346 
 346 
 346 
 346 
 346 
 346 
 346 
 346 
 346 
 346 
 346 
 346 
 346 
 346 
 346 
 346 
 346 
 346 
 346 
 346 
 346 
 346 
 346 
 346 
 346 
 346 
 346 
 346 
 346 
 346 
 346 
 346 
 346 
 346 
 346 
 346 
 346 
 346 
 346 
 346 
 346 
 346 
 346 
 346 
 346 
 346 
 346 
 346 
 346 
 346 
 346 
 346 
 346 
 346 
 346 
 346 
 346 
 346 
 346 
 346 
 346 
 346 
 346 
 346 
 346 
 346 
 346 
 346 
 346 
 346 
 346 
 346 
 346 
 346 
 120 
 120 
 120 
 120 
 120 
 120 
 120 
 120 
 120 
 120 
 120 
 120 
 120 
 120 
 120 
 120 
 120 
 120 
 120 
 120 
 120 
 120 
 120 
 120 
 120 
 120 
 120 
 120 
 120 
 120 
 120 
 120 
 120 
 120 
 120 
 120 
 120 
 120 
 120 
 120 
 120 
 120 
 120 
 120 
 120 
 120 
 120 
 120 
 120 
 120 
 120 
 120 
 120 
 120 
 120 
 120 
 120 
 120 
 120 
 120 
 120 
 120 
 120 
 120 
 120 
 120 
 120 
 120 
 120 
 120 
 120 
 120 
 120 
 120 
 120 
 120 
 120 
 120 
 120 
 120 
 120 
 120 
 120 
 120 
 120 
 120 
 120 
 120 
 120 
 120 
 120 
 120 
 120 
 120 
 120 
 120 
 120 
 120 
 120 
 120 
 120 
 120 
 120 
 120 
 120 
 120 
 120 
 120 
 120 
 120 
 120 
 120 
 120 
 120 
 120 
 120 
 120 
 120 
 120 
 120 
 120 
 120 
 120 
 120 
 120 
 120 
 120 
 120 
 120 
 120 
 120 
 120 
 120 
 120 
 120 
 120 
 120 
 120 
 120 
 120 
 120 
 120 
 120 
 120 
 120 
 120 
 120 
 120 
 120 
 120 
 120 
 120 
 120 
 120 
 120 
 120 
 120 
 120 
 120 
 120 
 120 
 120 
 120 
 120 
 120 
 120 
 120 
 120 
 120 
 120 
 120 
 120 
 120 
 120 
 120 
 120 
 120 
 120 
 120 
 120 
 120 
 120 
 120 
 120 
 120 
 120 
 120 
 120 
 120 
 120 
 120 
 120 
 120 
 120 
 120 
 120 
 120 
 120 
 120 
 120 
 120 
 120 
 120 
 120 
 120 
 120 
 120 
 120 
 120 
 120 
 120 
 120 
 120 
 120 
 120 
 120 
 120 
 120 
 120 
 120 
 120 
 120 
 120 
 120 
 120 
 120 
 120 
 120 
 120 
 120 
 120 
 120 
 120 
 120 
 120 
 120 
 120 
 120 
 120 
 120 
 120 
 120 
 120 
 120 
 120 
 120 
 120 
 120 
 120 
 120 
 120 
 120 
 120 
 120 
 120 
 120 
 120 
 120 
 120 
 120 
 120 
 120 
 120 
 120 
 120 
 120 
 120 
 120 
 120 
 120 
 120 
 120 
 120 
 120 
 120 
 120 
 120 
 120 
 120 
 120 
 120 
 120 
 120 
 120 
 120 
 120 
 120 
 120 
 120 
 120 
 120 
 120 
 120 
 120 
 120 
 120 
 120 
 120 
 120 
 120 
 120 
 120 
 120 
 120 
 120 
 120 
 120 
 120 
 120 
 120 
 120 
 120 
 120 
 120 
 120 
 120 
 120 
 120 
 120 
 120 
 120 
 120 
 120 
 120 
 120 
 120 
 120 
 120 
 120 
 120 
 120 
 120 
 120 
 120 
 120 
 120 
 120 
 120 
 120 
 120 
 120 
 120 
 120 
 120 
 120 
 120 
 120 
 120 
 120 
 120 
 120 
 120 
 120 
 120 
 120 
 120 
 120 
 120 
 120 
 120 
 120 
 120 
 120 
 120 
 120 
 120 
 120 
 120 
 120 
 120 
 120 
 120 
 120 
 120 
 120 
 120 
 120 
 120 
 120 
 120 
 120 
 120 
 120 
 120 
 120 
 120 
 120 
 120 
 120 
 120 
 120 
 120 
 120 
 120 
 120 
 120 
 120 
 120 
 120 
 120 
 120 
 120 
 120 
 120 
 120 
 120 
 120 
 120 
 120 
 120 
 120 
 120 
 120 
 120 
 120 
 120 
 120 
 120 
 120 
 120 
 120 
 120 
 120 
 120 
 120 
 120 
 120 
 120 
 120 
 120 
 120 
 120 
 120 
 120 
 120 
 120 
 120 
 120 
 120 
 120 
 120 
 120 
 120 
 120 
 120 
 120 
 120 
 120 
 120 
 120 
 120 
 120 
 120 
 120 
 120 
 120 
 120 
 120 
 120 
 120 
 120 
 120 
 120 
 120 
 120 
 120 
 120 
 120 
 120 
 120 
 120 
 120 
 120 
 120 
 120 
 120 
 120 
 120 
 120 
 120 
 120 
 120 
 120 
 120 
 120 
 120 
 120 
 120 
 120 
 120 
 120 
 120 
 120 
 120 
 120 
 120 
 120 
 120 
 120 
 120 
 120 
 120 
 120 
 120 
 120 
 120 
 120 
 120 
 120 
 120 
 120 
 120 
 120 
 120 
 120 
 120 
 120 
 120 
 120 
 120 
 120 
 120 
 120 
 120 
 120 
 120 
 120 
 120 
 120 
 120 
 120 
 120 
 120 
 120 
 120 
 120 
 120 
 120 
 120 
 120 
 120 
 120 
 120 
 120 
 120 
 120 
 120 
 120 
 120 
 120 
 120 
 120 
 120 
 120 
 120 
 120 
 120 
 120 
 120 
 120 
 120 
 120 
 120 
 120 
 120 
 120 
 120 
 120 
 120 
 120 
 120 
 120 
 120 
 120 
 120 
 120 
 120 
 120 
 120 
 120 
 120 
 120 
 120 
 120 
 120 
 120 
 120 
 120 
 120 
 120 
 120 
 120 
 120 
 120 
 120 
 120 
 120 
 120 
 120 
 120 
 120 
 120 
 120 
 120 
 120 
 120 
 120 
 120 
 120 
 120 
 120 
 120 
 120 
 120 
 120 
 120 
 120 
 120 
 120 
 120 
 120 
 120 
 120 
 120 
 120 
 120 
 120 
 120 
 120 
 120 
 408 
 408 
 408 
 408 
 408 
 408 
 408 
 408 
 408 
 408 
 408 
 408 
 408 
 408 
 408 
 408 
 408 
 408 
 408 
 408 
 408 
 408 
 408 
 408 
 408 
 408 
 408 
 408 
 408 
 408 
 408 
 408 
 408 
 408 
 408 
 408 
 408 
 408 
 408 
 408 
 408 
 408 
 408 
 408 
 408 
 408 
 408 
 408 
 408 
 408 
 408 
 408 
 408 
 408 
 408 
 408 
 408 
 408 
 408 
 408 
 408 
 408 
 408 
 408 
 408 
 408 
 408 
 408 
 408 
 408 
 408 
 408 
 408 
 408 
 408 
 408 
 408 
 408 
 408 
 408 
 408 
 408 
 408 
 408 
 408 
 408 
 408 
 408 
 408 
 408 
 408 
 408 
 408 
 408 
 408 
 408 
 408 
 408 
 408 
 408 
 408 
 408 
 408 
 408 
 408 
 408 
 408 
 408 
 408 
 408 
 408 
 408 
 408 
 408 
 408 
 408 
 408 
 408 
 408 
 408 
 408 
 408 
 408 
 408 
 408 
 408 
 408 
 408 
 408 
 408 
 408 
 408 
 408 
 408 
 408 
 408 
 408 
 408 
 408 
 408 
 408 
 408 
 408 
 408 
 408 
 408 
 408 
 408 
 408 
 408 
 408 
 408 
 408 
 408 
 408 
 408 
 408 
 408 
 408 
 408 
 408 
 408 
 408 
 408 
 408 
 408 
 408 
 408 
 408 
 408 
 408 
 408 
 408 
 408 
 408 
 408 
 408 
 408 
 408 
 408 
 408 
 408 
 408 
 408 
 408 
 408 
 408 
 408 
 408 
 408 
 408 
 408 
 408 
 408 
 408 
 408 
 408 
 408 
 408 
 408 
 408 
 408 
 408 
 408 
 408 
 408 
 408 
 408 
 408 
 408 
 408 
 408 
 408 
 408 
 408 
 408 
 408 
 408 
 408 
 408 
 408 
 408 
 408 
 408 
 408 
 408 
 408 
 408 
 408 
 408 
 408 
 408 
 408 
 408 
 408 
 408 
 408 
 408 
 408 
 408 
 408 
 408 
 408 
 408 
 408 
 408 
 408 
 408 
 408 
 408 
 408 
 408 
 408 
 408 
 408 
 408 
 408 
 408 
 408 
 408 
 408 
 408 
 408 
 408 
 408 
 408 
 408 
 408 
 408 
 408 
 408 
 408 
 408 
 408 
 408 
 408 
 408 
 408 
 408 
 408 
 408 
 408 
 408 
 408 
 408 
 408 
 408 
 408 
 408 
 408 
 408 
 408 
 408 
 408 
 408 
 408 
 408 
 408 
 408 
 408 
 408 
 408 
 408 
 408 
 408 
 408 
 408 
 408 
 408 
 408 
 408 
 408 
 408 
 408 
 408 
 408 
 408 
 408 
 408 
 408 
 408 
 408 
 408 
 408 
 408 
 408 
 408 
 408 
 408 
 408 
 408 
 408 
 408 
 408 
 408 
 408 
 408 
 408 
 408 
 408 
 408 
 408 
 408 
 408 
 408 
 408 
 408 
 408 
 408 
 408 
 408 
 408 
 408 
 408 
 408 
 408 
 408 
 408 
 408 
 408 
 408 
 408 
 408 
 408 
 408 
 408 
 408 
 408 
 408 
 408 
 408 
 408 
 408 
 408 
 408 
 408 
 408 
 408 
 408 
 408 
 408 
 408 
 408 
 408 
 408 
 408 
 408 
 408 
 408 
 408 
 408 
 408 
 408 
 408 
 408 
 408 
 408 
 408 
 408 
 408 
 408 
 408 
 408 
 408 
 408 
 408 
 408 
 408 
 408 
 408 
 408 
 408 
 408 
 408 
 408 
 408 
 408 
 408 
 408 
 408 
 408 
 408 
 408 
 408 
 408 
 408 
 408 
 408 
 408 
 408 
 408 
 408 
 408 
 408 
 408 
 408 
 408 
 408 
 408 
 408 
 408 
 408 
 408 
 408 
 408 
 408 
 408 
 408 
 408 
 408 
 408 
 408 
 408 
 408 
 408 
 408 
 408 
 408 
 408 
 408 
 408 
 408 
 408 
 408 
 408 
 408 
 408 
 408 
 408 
 408 
 408 
 408 
 408 
 408 
 408 
 408 
 408 
 408 
 408 
 408 
 408 
 408 
 408 
 408 
 408 
 408 
 408 
 408 
 408 
 408 
 408 
 408 
 408 
 408 
 408 
 408 
 408 
 408 
 408 
 408 
 346 
 346 
 346 
 346 
 346 
 346 
 346 
 346 
 346 
 346 
 346 
 346 
 346 
 346 
 346 
 346 
 346 
 346 
 346 
 346 
 346 
 346 
 346 
 346 
 346 
 346 
 346 
 346 
 346 
 346 
 346 
 346 
 346 
 346 
 346 
 346 
 346 
 346 
 346 
 346 
 346 
 346 
 346 
 346 
 346 
 346 
 346 
 346 
 346 
 346 
 346 
 346 
 346 
 346 
 346 
 346 
 346 
 346 
 346 
 346 
 346 
 346 
 346 
 346 
 346 
 346 
 346 
 346 
 346 
 346 
 346 
 346 
 346 
 346 
 346 
 346 
 346 
 346 
 346 
 346 
 346 
 346 
 346 
 346 
 346 
 346 
 346 
 346 
 346 
 346 
 346 
 346 
 346 
 346 
 346 
 346 
 346 
 346 
 346 
 346 
 346 
 346 
 346 
 346 
 346 
 346 
 346 
 346 
 346 
 346 
 346 
 346 
 346 
 346 
 346 
 346 
 346 
 346 
 346 
 346 
 346 
 346 
 346 
 346 
 346 
 346 
 346 
 346 
 346 
 346 
 346 
 346 
 346 
 346 
 346 
 346 
 346 
 346 
 346 
 346 
 346 
 346 
 346 
 346 
 346 
 346 
 346 
 346 
 346 
 346 
 346 
 346 
 346 
 346 
 346 
 346 
 346 
 346 
 346 
 346 
 346 
 346 
 346 
 346 
 346 
 346 
 346 
 346 
 346 
 346 
 346 
 346 
 346 
 346 
 346 
 346 
 346 
 346 
 346 
 346 
 346 
 346 
 346 
 346 
 346 
 346 
 346 
 346 
 346 
 346 
 346 
 346 
 346 
 346 
 346 
 346 
 346 
 346 
 346 
 346 
 346 
 346 
 346 
 346 
 346 
 346 
 346 
 346 
 346 
 346 
 346 
 346 
 346 
 346 
 346 
 346 
 346 
 346 
 346 
 346 
 346 
 346 
 346 
 346 
 346 
 346 
 346 
 346 
 346 
 346 
 346 
 346 
 346 
 346 
 346 
 346 
 346 
 346 
 346 
 346 
 346 
 346 
 346 
 346 
 346 
 346 
 346 
 346 
 346 
 346 
 346 
 346 
 346 
 346 
 346 
 346 
 346 
 346 
 346 
 346 
 346 
 346 
 346 
 346 
 346 
 346 
 346 
 346 
 346 
 346 
 346 
 346 
 346 
 346 
 346 
 346 
 346 
 346 
 346 
 346 
 346 
 346 
 346 
 346 
 346 
 346 
 346 
 346 
 346 
 346 
 346 
 346 
 346 
 346 
 346 
 346 
 346 
 346 
 346 
 346 
 346 
 346 
 346 
 346 
 346 
 346 
 346 
 346 
 346 
 346 
 346 
 346 
 346 
 346 
 346 
 346 
 346 
 346 
 346 
 346 
 346 
 346 
 346 
 346 
 346 
 346 
 346 
 346 
 346 
 346 
 346 
 346 
 346 
 346 
 346 
 346 
 346 
 346 
 346 
 346 
 346 
 346 
 346 
 346 
 346 
 346 
 346 
 346 
 346 
 346 
 346 
 346 
 346 
 346 
 346 
 346 
 346 
 346 
 346 
 346 
 346 
 346 
 346 
 346 
 346 
 346 
 346 
 346 
 346 
 346 
 346 
 346 
 346 
 346 
 346 
 346 
 346 
 346 
 346 
 346 
 346 
 346 
 346 
 346 
 346 
 346 
 346 
 346 
 346 
 346 
 346 
 346 
 346 
 346 
 346 
 346 
 346 
 346 
 346 
 346 
 346 
 346 
 346 
 346 
 346 
 346 
 346 
 346 
 346 
 346 
 346 
 346 
 346 
 346 
 346 
 346 
 346 
 346 
 346 
 346 
 346 
 346 
 346 
 346 
 346 
 346 
 346 
 346 
 346 
 346 
 346 
 346 
 346 
 346 
 346 
 346 
 346 
 346 
 346 
 346 
 346 
 346 
 346 
 346 
 346 
 346 
 346 
 346 
 346 
 346 
 346 
 346 
 346 
 346 
 346 
 346 
 346 
 346 
 346 
 346 
 346 
 346 
 346 
 346 
 346 
 346 
 346 
 346 
 346 
 346 
 346 
 346 
 346 
 346 
 346 
 346 
 346 
 346 
 346 
 346 
 346 
 346 
 346 
 346 
 346 
 346 
 346 
 346 
 346 
 346 
 346 
 346 
 346 
 346 
 346 
 346 
 346 
 346 
 346 
 346 
 346 
 346 
 346 
 346 
 346 
 346 
 346 
 346 
 346 
 346 
 346 
 346 
 346 
 346 
 346 
 346 
 346 
 346 
 346 
 346 
 346 
 346 
 346 
 346 
 346 
 346 
 346 
 346 
 346 
 346 
 346 
 346 
 346 
 346 
 346 
 346 
 346 
 346 
 346 
 346 
 346 
 346 
 346 
 346 
 346 
 346 
 346 
 346 
 346 
 346 
 346 
 346 
 346 
 346 
 346 
 346 
 346 
 346 
 346 
 346 
 346 
 346 
 346 
 346 
 346 
 346 
 346 
 346 
 346 
 346 
 346 
 346 
 346 
 346 
 346 
 346 
 346 
 346 
 346 
 346 
 346 
 346 
 346 
 346 
 346 
 346 
 346 
 346 
 346 
 346 
 346 
 346 
 346 
 346 
 346 
 346 
 346 
 346 
 346 
 346 
 346 
 346 
 346 
 346 
 346 
 346 
 346 
 346 
 346 
 346 
 346 
 346 
 346 
 346 
 346 
 346 
 346 
 346 
 346 
 346 
 346 
 346 
 346 
 346 
 346 
 346 
 346 
 346 
 346 
 346 
 346 
 346 
 346 
 346 
 346 
 346 
 346 
 346 
 346 
 346 
 346 
 346 
 346 
 346 
 346 
 346 
 346 
 346 
 346 
 346 
 346 
 346 
 346 
 346 
 346 
 346 
 346 
 346 
 346 
 346 
 346 
 346 
 346 
 346 
 346 
 346 
 346 
 346 
 346 
 346 
 346 
 346 
 346 
 346 
 346 
 346 
 346 
 346 
 346 
 346 
 346 
 346 
 346 
 346 
 346 
 346 
 346 
 346 
 346 
 346 
 346 
 346 
 346 
 346 
 346 
 346 
 346 
 346 
 346 
 346 
 346 
 346 
 346 
 346 
 346 
 346 
 346 
 346 
 346 
 346 
 346 
 346 
 346 
 346 
 346 
 346 
 346 
 346 
 346 
 346 
 346 
 346 
 346 
 346 
 346 
 346 
 346 
 346 
 346 
 346 
 346 
 346 
 346 
 346 
 346 
 346 
 346 
 346 
 346 
 346 
 346 
 346 
 346 
 346 
 346 
 346 
 346 
 346 
 346 
 346 
 346 
 346 
 346 
 346 
 346 
 346 
 346 
 346 
 346 
 346 
 346 
 346 
 346 
 346 
 346 
 346 
 346 
 346 
 346 
 346 
 346 
 346 
 346 
 346 
 346 
 346 
 346 
 346 
 346 
 346 
 346 
 346 
 346 
 346 
 346 
 346 
 346 
 346 
 346 
 346 
 346 
 346 
 346 
 346 
 346 
 346 
 346 
 346 
 346 
 346 
 346 
 346 
 346 
 346 
 346 
 346 
 346 
 346 
 346 
 346 
 346 
 346 
 346 
 346 
 346 
 346 
 346 
 346 
 346 
 346 
 346 
 346 
 346 
 346 
 346 
 346 
 346 
 346 
 346 
 346 
 346 
 346 
 346 
 346 
 346 
 346 
 346 
 346 
 346 
 346 
 346 
 346 
 346 
 346 
 346 
 346 
 346 
 346 
 346 
 346 
 346 
 346 
 346 
 346 
 346 
 346 
 346 
 346 
 346 
 346 
 346 
 346 
 346 
 346 
 346 
 346 
 346 
 346 
 346 
 346 
 346 
 346 
 346 
 346 
 346 
 346 
 346 
 346 
 346 
 346 
 346 
 346 
 346 
 346 
 346 
 346 
 346 
 346 
 346 
 346 
 346 
 346 
 346 
 346 
 346 
 346 
 346 
 346 
 346 
 346 
 346 
 346 
 346 
 346 
 346 
 346 
 346 
 346 
 346 
 346 
 346 
 346 
 346 
 346 
 346 
 346 
 346 
 346 
 346 
 346 
 346 
 346 
 346 
 346 
 346 
 346 
 346 
 346 
 346 
 346 
 346 
 346 
 346 
 346 
 346 
 346 
 346 
 346 
 346 
 346 
 346 
 346 
 346 
 346 
 346 
 346 
 346 
 346 
 346 
 346 
 346 
 346 
 346 
 346 
 346 
 346 
 346 
 346 
 346 
 346 
 346 
 346 
 346 
 346 
 346 
 346 
 346 
 346 
 346 
 346 
 346 
 346 
 346 
 346 
 346 
 346 
 346 
 346 
 346 
 346 
 346 
 346 
 346 
 346 
 346 
 346 
 346 
 346 
 346 
 346 
 346 
 346 
 346 
 346 
 346 
 346 
 346 
 346 
 346 
 346 
 120 
 120 
 120 
 120 
 120 
 120 
 120 
 120 
 120 
 120 
 120 
 120 
 120 
 120 
 120 
 120 
 120 
 120 
 120 
 120 
 120 
 120 
 120 
 120 
 120 
 120 
 120 
 120 
 120 
 120 
 120 
 120 
 120 
 120 
 120 
 120 
 120 
 120 
 120 
 120 
 120 
 120 
 120 
 120 
 120 
 120 
 120 
 120 
 120 
 120 
 120 
 120 
 120 
 120 
 120 
 120 
 120 
 120 
 120 
 120 
 120 
 120 
 120 
 120 
 120 
 120 
 120 
 120 
 120 
 120 
 120 
 120 
 120 
 120 
 120 
 120 
 120 
 120 
 120 
 120 
 120 
 120 
 120 
 120 
 120 
 120 
 120 
 120 
 120 
 120 
 120 
 120 
 120 
 120 
 120 
 120 
 120 
 120 
 120 
 120 
 120 
 120 
 120 
 120 
 120 
 120 
 120 
 120 
 120 
 120 
 120 
 120 
 120 
 120 
 120 
 120 
 120 
 120 
 120 
 120 
 120 
 120 
 120 
 120 
 120 
 120 
 120 
 120 
 120 
 120 
 120 
 120 
 120 
 120 
 120 
 120 
 120 
 120 
 120 
 120 
 120 
 120 
 120 
 120 
 120 
 120 
 120 
 120 
 120 
 120 
 120 
 120 
 120 
 120 
 120 
 120 
 120 
 120 
 120 
 120 
 120 
 120 
 120 
 120 
 120 
 120 
 120 
 120 
 120 
 120 
 120 
 120 
 120 
 120 
 120 
 120 
 120 
 120 
 120 
 120 
 120 
 120 
 120 
 120 
 120 
 120 
 120 
 120 
 120 
 120 
 120 
 120 
 120 
 120 
 120 
 120 
 120 
 120 
 120 
 120 
 120 
 120 
 120 
 120 
 120 
 120 
 120 
 120 
 120 
 120 
 120 
 120 
 120 
 120 
 120 
 120 
 120 
 120 
 120 
 120 
 120 
 120 
 120 
 120 
 120 
 120 
 120 
 120 
 120 
 120 
 120 
 120 
 120 
 120 
 120 
 120 
 120 
 120 
 120 
 120 
 120 
 120 
 120 
 120 
 120 
 120 
 120 
 120 
 120 
 120 
 120 
 120 
 120 
 120 
 120 
 120 
 120 
 120 
 120 
 120 
 120 
 120 
 120 
 120 
 120 
 120 
 120 
 120 
 120 
 120 
 120 
 120 
 120 
 120 
 120 
 120 
 120 
 120 
 120 
 120 
 120 
 120 
 120 
 120 
 120 
 120 
 120 
 120 
 120 
 120 
 120 
 120 
 120 
 120 
 120 
 120 
 120 
 120 
 120 
 120 
 120 
 120 
 120 
 120 
 120 
 120 
 120 
 120 
 120 
 120 
 120 
 120 
 120 
 120 
 120 
 120 
 120 
 120 
 120 
 120 
 120 
 120 
 120 
 120 
 120 
 120 
 120 
 120 
 120 
 120 
 120 
 120 
 120 
 120 
 120 
 120 
 120 
 120 
 120 
 120 
 120 
 120 
 120 
 120 
 120 
 120 
 120 
 120 
 120 
 120 
 120 
 120 
 120 
 120 
 120 
 120 
 120 
 120 
 120 
 120 
 120 
 120 
 120 
 120 
 120 
 120 
 120 
 120 
 120 
 120 
 120 
 120 
 120 
 120 
 120 
 120 
 120 
 120 
 120 
 120 
 120 
 120 
 120 
 120 
 120 
 120 
 120 
 120 
 120 
 120 
 120 
 120 
 120 
 120 
 120 
 120 
 120 
 120 
 120 
 120 
 120 
 120 
 120 
 120 
 120 
 120 
 120 
 120 
 120 
 120 
 120 
 120 
 120 
 120 
 120 
 120 
 120 
 120 
 120 
 120 
 120 
 120 
 120 
 120 
 120 
 120 
 120 
 120 
 120 
 120 
 120 
 120 
 120 
 120 
 120 
 120 
 120 
 120 
 120 
 120 
 120 
 120 
 120 
 120 
 120 
 120 
 120 
 120 
 120 
 120 
 120 
 120 
 120 
 120 
 120 
 120 
 120 
 120 
 120 
 120 
 120 
 120 
 120 
 120 
 120 
 120 
 120 
 120 
 120 
 120 
 120 
 120 
 120 
 120 
 120 
 120 
 120 
 120 
 120 
 120 
 120 
 120 
 120 
 120 
 120 
 120 
 120 
 120 
 120 
 120 
 120 
 120 
 120 
 120 
 120 
 120 
 120 
 120 
 120 
 120 
 120 
 120 
 120 
 120 
 120 
 120 
 120 
 120 
 120 
 120 
 120 
 120 
 120 
 120 
 120 
 120 
 120 
 120 
 120 
 120 
 120 
 120 
 120 
 120 
 120 
 120 
 120 
 120 
 120 
 120 
 120 
 120 
 120 
 120 
 120 
 120 
 120 
 120 
 120 
 120 
 120 
 120 
 120 
 120 
 120 
 120 
 120 
 120 
 120 
 120 
 120 
 120 
 120 
 120 
 120 
 120 
 120 
 120 
 120 
 120 
 120 
 120 
 120 
 120 
 120 
 120 
 120 
 120 
 120 
 120 
 120 
 120 
 120 
 120 
 120 
 120 
 120 
 120 
 120 
 120 
 120 
 120 
 120 
 120 
 120 
 120 
 120 
 120 
 120 
 120 
 120 
 120 
 120 
 120 
 120 
 120 
 120 
 120 
 120 
 120 
 120 
 120 
 120 
 120 
 120 
 120 
 120 
 120 
 120 
 120 
 120 
 120 
 120 
 120 
 120 
 120 
 120 
 120 
 120 
 120 
 120 
 120 
 120 
 120 
 120 
 120 
 120 
 120 
 120 
 120 
 120 
 120 
 120 
 120 
 120 
 120 
 120 
 120 
 120 
 120 
 120 
 120 
 120 
 120 
 120 
 120 
 120 
 120 
 120 
 120 
 120 
 120 
 120 
 120 
 120 
 120 
 120 
 120 
 120 
 120 
 120 
 120 
 120 
 120 
 120 
 120 
 120 
 120 
 120 
 120 
 120 
 120 
 120 
 120 
 120 
 120 
 120 
 120 
 120 
 120 
 120 
 120 
 120 
 120 
 120 
 120 
 120 
 120 
 120 
 120 
 120 
 120 
 120 
 120 
 120 
 120 
 120 
 120 
 120 
 120 
 120 
 120 
 120 
 120 
 120 
 120 
 120 
 120 
 120 
 120 
 120 
 120 
 120 
 120 
 120 
 120 
 120 
 120 
 120 
 120 
 120 
 120 
 120 
 120 
 120 
 120 
 120 
 120 
 120 
 120 
 120 
 120 
 120 
 120 
 120 
 120 
 120 
 120 
 120 
 120 
 120 
 120 
 120 
 120 
 120 
 120 
 120 
 120 
 120 
 120 
 120 
 120 
 120 
 120 
 120 
 120 
 120 
 120 
 120 
 120 
 120 
 120 
 120 
 120 
 120 
 120 
 120 
 120 
 120 
 120 
 120 
 120 
 120 
 120 
 120 
 120 
 120 
 120 
 120 
 120 
 120 
 120 
 120 
 120 
 120 
 120 
 120 
 120 
 120 
 120 
 120 
 120 
 120 
 120 
 120 
 120 
 120 
 120 
 120 
 120 
 120 
 120 
 120 
 120 
 120 
 120 
 120 
 120 
 120 
 120 
 120 
 120 
 120 
 120 
 120 
 120 
 120 
 120 
 120 
 120 
 120 
 120 
 120 
 120 
 120 
 120 
 120 
 120 
 120 
 120 
 120 
 120 
 120 
 120 
 120 
 120 
 120 
 120 
 120 
 120 
 120 
 120 
 120 
 120 
 120 
 120 
 120 
 120 
 120 
 120 
 120 
 120 
 120 
 120 
 120 
 120 
 120 
 120 
 120 
 120 
 120 
 120 
 120 
 120 
 120 
 120 
 120 
 120 
 120 
 120 
 120 
 120 
 120 
 120 
 120 
 120 
 120 
 120 
 120 
 120 
 120 
 120 
 120 
 120 
 120 
 120 
 120 
 120 
 120 
 120 
 120 
 120 
 120 
 120 
 120 
 120 
 120 
 120 
 120 
 120 
 120 
 120 
 120 
 120 
 120 
 120 
 120 
 120 
 120 
 120 
 120 
 120 
 120 
 120 
 120 
 120 
 120 
 120 
 120 
 120 
 120 
 120 
 120 
 120 
 120 
 120 
 120 
 120 
 120 
 120 
 120 
 120 
 120 
 120 
 120 
 120 
 120 
 120 
 120 
 120 
 120 
 120 
 120 
 120 
 120 
 120 
 120 
 120 
 120 
 120 
 120 
 120 
 120 
 120 
 120 
 120 
 120 
 120 
 120 
 120 
 120 
 120 
 120 
 120 
 120 
 120 
 120 
 120 
 120 
 120 
 120 
 120 
 120 
 120 
 120 
 120 
 120 
 120 
 120 
 120 
 120 
 120 
 120 
 120 
 120 
 120 
 120 
 120 
 120 
 120 
 120 
 120 
 120 
 120 
 120 
 120 
 120 
 120 
 120 
 120 
 120 
 120 
 120 
 120 
 120 
 120 
 120 
 120 
 120 
 120 
 120 
 120 
 120 
 120 
 120 
 120 
 120 
 120 
 120 
 120 
 bcElement 64
271 6 1 
267 6 1 
263 6 1 
259 6 1 
255 6 1 
251 6 1 
247 6 1 
243 6 1 
239 6 1 
235 6 1 
231 6 1 
221 6 1 
217 6 1 
213 6 1 
215 6 1 
205 6 1 
201 6 1 
197 6 1 
194 6 1 
191 6 3 
287 117 1 
281 117 1 
283 117 1 
279 117 1 
275 117 1 
192 331 1 
288 331 1 
10 400 1 
152 400 1 
9 400 1 
291 185 2 
389 185 1 
378 190 1 
382 190 1 
386 190 1 
392 190 1 
291 190 3 
296 16 1 
300 16 1 
307 16 1 
302 16 1 
314 16 1 
318 16 1 
322 16 1 
326 16 1 
330 16 1 
334 16 1 
338 16 1 
342 16 1 
346 16 1 
350 16 1 
354 16 1 
358 16 1 
362 16 1 
366 16 1 
370 16 1 
374 16 1 
294 394 1 
295 394 1 
1 337 1 
13 337 1 
3 337 1 
191 11 2 
195 11 1 
