Edge min = 0.009752, max=0.028500, average=0.017503;
Grid_size 1540
Node_size 831
Solution_Order 1
meshIEN 
1 123 17 1 
2 123 1 10 
3 126 2 23 
4 126 12 2 
5 135 70 5 
6 135 5 120 
7 136 4 76 
8 136 28 4 
9 137 18 16 
10 138 7 8 
11 18 137 139 
12 139 19 18 
13 141 11 12 
14 12 126 141 
15 142 141 124 
16 11 141 142 
17 142 13 11 
18 144 126 23 
19 144 143 124 
20 124 141 144 
21 144 141 126 
22 144 23 22 
23 165 71 69 
24 167 164 134 
25 116 164 167 
26 167 119 116 
27 168 16 17 
28 168 137 16 
29 17 123 168 
30 169 8 3 
31 169 138 8 
32 121 293 170 
33 171 139 137 
34 19 139 172 
35 172 15 19 
36 173 123 10 
37 173 168 123 
38 173 10 9 
39 121 170 182 
40 140 182 183 
41 183 182 170 
42 185 184 140 
43 274 30 29 
44 30 274 275 
45 275 26 30 
46 160 162 276 
47 277 74 68 
48 133 163 278 
49 279 73 74 
50 74 277 279 
51 279 277 161 
52 161 278 279 
53 28 136 280 
54 280 27 28 
55 281 29 27 
56 281 162 160 
57 27 280 281 
58 281 280 162 
59 281 274 29 
60 160 274 281 
61 282 75 73 
62 73 279 282 
63 282 278 163 
64 282 279 278 
65 283 136 76 
66 283 280 136 
67 283 76 75 
68 162 280 283 
69 283 163 162 
70 75 282 283 
71 283 282 163 
72 284 72 71 
73 285 69 70 
74 285 165 69 
75 70 135 285 
76 286 278 161 
77 287 286 161 
78 166 287 290 
79 291 135 120 
80 291 285 135 
81 119 167 291 
82 291 120 119 
83 137 168 292 
84 168 173 292 
85 121 171 292 
86 292 171 137 
87 292 293 121 
88 292 173 293 
89 138 170 293 
90 7 138 293 
91 293 9 7 
92 294 21 15 
93 295 80 81 
94 174 175 295 
95 296 175 174 
96 297 82 80 
97 80 295 297 
98 297 295 175 
99 298 6 14 
100 174 176 299 
101 621 296 299 
102 299 296 174 
103 300 81 6 
104 300 176 174 
105 6 298 300 
106 300 298 176 
107 300 295 81 
108 174 295 300 
109 301 299 176 
110 176 298 302 
111 302 301 176 
112 304 303 177 
113 304 14 13 
114 304 298 14 
115 177 302 304 
116 304 302 298 
117 142 303 304 
118 13 142 304 
119 305 67 66 
120 179 181 306 
121 307 63 65 
122 308 66 63 
123 63 307 308 
124 308 305 66 
125 179 305 308 
126 121 182 309 
127 309 171 121 
128 138 169 310 
129 310 170 138 
130 310 183 170 
131 139 171 311 
132 171 309 311 
133 312 182 140 
134 312 309 182 
135 314 184 122 
136 315 185 140 
137 140 183 315 
138 316 86 85 
139 187 188 316 
140 317 84 86 
141 86 316 317 
142 317 316 188 
143 318 188 187 
144 187 189 319 
145 319 318 187 
146 82 297 320 
147 320 83 82 
148 321 79 83 
149 83 320 321 
150 322 85 79 
151 322 189 187 
152 79 321 322 
153 322 321 189 
154 322 316 85 
155 187 316 322 
156 323 57 62 
157 191 192 323 
158 325 64 57 
159 57 323 325 
160 325 323 192 
161 191 194 327 
162 145 324 327 
163 328 61 58 
164 329 62 61 
165 61 328 329 
166 329 323 62 
167 191 323 329 
168 122 195 330 
169 331 195 122 
170 122 180 331 
171 180 196 331 
172 332 196 180 
173 333 306 181 
174 333 332 306 
175 195 331 334 
176 334 331 196 
177 335 197 125 
178 190 198 335 
179 125 197 336 
180 197 335 338 
181 338 335 198 
182 339 91 78 
183 199 200 339 
184 340 90 91 
185 91 339 340 
186 340 339 200 
187 341 200 199 
188 342 88 87 
189 199 201 344 
190 344 341 199 
191 345 78 88 
192 345 201 199 
193 88 342 345 
194 345 342 201 
195 345 339 78 
196 199 339 345 
197 346 59 46 
198 203 204 346 
199 348 60 59 
200 59 346 348 
201 348 346 204 
202 203 206 350 
203 147 347 350 
204 351 56 55 
205 352 46 56 
206 56 351 352 
207 352 346 46 
208 203 346 352 
209 125 207 353 
210 354 207 125 
211 193 208 354 
212 125 336 354 
213 354 336 193 
214 355 208 193 
215 356 327 194 
216 356 355 145 
217 145 327 356 
218 207 354 357 
219 357 354 208 
220 358 209 127 
221 358 210 209 
222 209 210 361 
223 362 95 89 
224 211 212 362 
225 363 96 95 
226 95 362 363 
227 363 362 212 
228 364 212 211 
229 365 93 92 
230 211 213 367 
231 367 364 211 
232 368 89 93 
233 368 213 211 
234 93 365 368 
235 368 365 213 
236 368 362 89 
237 211 362 368 
238 369 54 53 
239 215 216 369 
240 371 52 54 
241 54 369 371 
242 371 369 216 
243 215 218 373 
244 149 370 373 
245 374 47 51 
246 375 53 47 
247 47 374 375 
248 375 369 53 
249 215 369 375 
250 127 219 376 
251 377 219 127 
252 205 220 377 
253 127 359 377 
254 377 359 205 
255 378 220 205 
256 379 350 206 
257 379 378 147 
258 147 350 379 
259 219 377 380 
260 380 377 220 
261 381 221 128 
262 214 222 381 
263 128 221 382 
264 221 381 384 
265 384 381 222 
266 385 77 98 
267 223 224 385 
268 386 102 77 
269 77 385 386 
270 386 385 224 
271 387 224 223 
272 388 97 94 
273 223 225 390 
274 390 387 223 
275 391 98 97 
276 391 225 223 
277 97 388 391 
278 391 388 225 
279 391 385 98 
280 223 385 391 
281 392 48 49 
282 227 228 392 
283 394 50 48 
284 48 392 394 
285 394 392 228 
286 227 230 396 
287 151 393 396 
288 397 24 45 
289 398 49 24 
290 24 397 398 
291 398 392 49 
292 227 392 398 
293 128 231 399 
294 399 381 128 
295 214 381 399 
296 400 231 128 
297 217 232 400 
298 128 382 400 
299 400 382 217 
300 401 232 217 
301 402 373 218 
302 402 401 149 
303 149 373 402 
304 231 400 403 
305 403 400 232 
306 404 233 129 
307 404 234 233 
308 233 234 407 
309 408 100 104 
310 235 236 408 
311 409 106 100 
312 100 408 409 
313 409 408 236 
314 410 236 235 
315 411 103 101 
316 235 237 413 
317 413 410 235 
318 414 104 103 
319 414 237 235 
320 103 411 414 
321 414 411 237 
322 414 408 104 
323 235 408 414 
324 415 41 43 
325 239 240 415 
326 417 44 41 
327 41 415 417 
328 417 415 240 
329 239 242 419 
330 153 416 419 
331 420 42 36 
332 421 43 42 
333 42 420 421 
334 421 415 43 
335 239 415 421 
336 129 243 422 
337 422 404 129 
338 226 404 422 
339 423 243 129 
340 229 244 423 
341 129 405 423 
342 423 405 229 
343 424 244 229 
344 425 396 230 
345 425 424 151 
346 151 396 425 
347 243 423 426 
348 426 423 244 
349 427 245 130 
350 238 246 427 
351 130 245 428 
352 245 427 430 
353 430 427 246 
354 431 109 108 
355 247 248 431 
356 432 99 109 
357 109 431 432 
358 432 431 248 
359 433 248 247 
360 434 105 107 
361 247 249 436 
362 436 433 247 
363 437 108 105 
364 437 249 247 
365 105 434 437 
366 437 434 249 
367 437 431 108 
368 247 431 437 
369 438 39 37 
370 251 252 438 
371 440 40 39 
372 39 438 440 
373 440 438 252 
374 251 254 442 
375 155 439 442 
376 443 38 25 
377 444 37 38 
378 38 443 444 
379 444 438 37 
380 251 438 444 
381 130 255 445 
382 445 427 130 
383 238 427 445 
384 446 255 130 
385 241 256 446 
386 130 428 446 
387 446 428 241 
388 447 256 241 
389 448 419 242 
390 448 447 153 
391 153 419 448 
392 255 446 449 
393 449 446 256 
394 450 257 131 
395 250 258 450 
396 131 257 451 
397 257 450 453 
398 453 450 258 
399 454 114 111 
400 455 113 112 
401 259 260 457 
402 458 111 113 
403 458 260 259 
404 113 455 458 
405 458 455 260 
406 458 454 111 
407 259 454 458 
408 459 34 31 
409 262 263 459 
410 460 263 262 
411 461 35 34 
412 34 459 461 
413 461 459 263 
414 262 264 463 
415 464 33 32 
416 465 31 33 
417 465 264 262 
418 33 464 465 
419 465 464 264 
420 465 459 31 
421 262 459 465 
422 131 266 466 
423 467 266 131 
424 253 267 467 
425 131 451 467 
426 467 451 253 
427 468 267 253 
428 469 442 254 
429 469 468 155 
430 155 442 469 
431 266 467 470 
432 470 467 267 
433 471 268 132 
434 471 269 268 
435 268 269 474 
436 475 270 261 
437 261 471 475 
438 159 271 477 
439 157 271 478 
440 478 457 157 
441 259 457 478 
442 261 270 479 
443 479 271 157 
444 270 477 479 
445 479 477 271 
446 157 473 479 
447 479 473 261 
448 480 117 110 
449 481 110 115 
450 481 273 272 
451 481 480 110 
452 272 480 481 
453 483 271 159 
454 483 478 271 
455 484 115 114 
456 114 454 484 
457 484 481 115 
458 273 481 484 
459 485 32 26 
460 485 464 32 
461 165 285 486 
462 285 291 486 
463 486 167 134 
464 486 291 167 
465 489 488 288 
466 482 488 489 
467 492 290 284 
468 21 294 493 
469 299 301 494 
470 621 299 494 
471 124 143 495 
472 67 305 496 
473 496 3 67 
474 139 311 497 
475 497 172 139 
476 185 315 502 
477 180 185 502 
478 503 297 175 
479 503 320 297 
480 189 321 505 
481 505 321 320 
482 506 324 145 
483 145 355 506 
484 506 355 193 
485 307 326 507 
486 508 325 192 
487 509 65 64 
488 509 508 326 
489 509 307 65 
490 509 326 307 
491 325 508 509 
492 64 325 509 
493 621 494 510 
494 510 494 178 
495 511 507 326 
496 181 507 511 
497 512 338 146 
498 197 338 512 
499 332 333 513 
500 196 332 513 
501 514 334 146 
502 195 334 514 
503 201 342 515 
504 516 515 343 
505 517 317 188 
506 518 347 147 
507 147 378 518 
508 518 378 205 
509 328 349 519 
510 520 348 204 
511 521 58 60 
512 521 520 349 
513 521 328 58 
514 521 349 328 
515 348 520 521 
516 60 348 521 
517 523 519 349 
518 194 519 523 
519 524 361 148 
520 209 361 524 
521 355 356 525 
522 208 355 525 
523 526 357 148 
524 207 357 526 
525 213 365 527 
526 528 527 366 
527 529 340 200 
528 530 370 149 
529 149 401 530 
530 530 401 217 
531 351 372 531 
532 532 371 216 
533 533 55 52 
534 533 532 372 
535 533 351 55 
536 533 372 351 
537 371 532 533 
538 52 371 533 
539 534 360 202 
540 535 531 372 
541 206 531 535 
542 536 384 150 
543 221 384 536 
544 378 379 537 
545 220 378 537 
546 538 380 150 
547 219 380 538 
548 225 388 539 
549 540 539 389 
550 541 363 212 
551 542 393 151 
552 151 424 542 
553 542 424 229 
554 374 395 543 
555 544 394 228 
556 545 51 50 
557 545 544 395 
558 545 374 51 
559 545 395 374 
560 394 544 545 
561 50 394 545 
562 547 543 395 
563 218 543 547 
564 548 407 152 
565 233 407 548 
566 401 402 549 
567 232 401 549 
568 550 403 152 
569 231 403 550 
570 237 411 551 
571 552 551 412 
572 553 386 224 
573 554 416 153 
574 153 447 554 
575 554 447 241 
576 397 418 555 
577 556 417 240 
578 557 45 44 
579 557 556 418 
580 557 397 45 
581 557 418 397 
582 417 556 557 
583 44 417 557 
584 558 406 226 
585 559 555 418 
586 230 555 559 
587 560 430 154 
588 245 430 560 
589 424 425 561 
590 244 424 561 
591 562 426 154 
592 243 426 562 
593 249 434 563 
594 564 563 435 
595 565 409 236 
596 566 439 155 
597 155 468 566 
598 566 468 253 
599 420 441 567 
600 568 440 252 
601 569 36 40 
602 569 568 441 
603 569 420 36 
604 569 441 420 
605 440 568 569 
606 40 440 569 
607 571 567 441 
608 242 567 571 
609 572 453 156 
610 257 453 572 
611 447 448 573 
612 256 447 573 
613 574 449 156 
614 255 449 574 
615 260 455 575 
616 576 575 456 
617 577 432 248 
618 578 460 463 
619 443 462 579 
620 580 461 263 
621 581 25 35 
622 581 580 462 
623 581 443 25 
624 581 462 443 
625 461 580 581 
626 35 461 581 
627 582 578 463 
628 265 578 582 
629 584 579 462 
630 254 579 584 
631 585 474 158 
632 268 474 585 
633 468 469 586 
634 267 468 586 
635 587 470 158 
636 266 470 587 
637 117 480 589 
638 589 118 117 
639 478 483 590 
640 590 484 454 
641 273 484 590 
642 590 483 273 
643 259 478 590 
644 590 454 259 
645 464 485 591 
646 264 464 591 
647 592 485 26 
648 26 275 592 
649 159 477 593 
650 593 588 488 
651 593 482 159 
652 593 488 482 
653 594 480 272 
654 482 489 594 
655 272 482 594 
656 595 287 166 
657 166 289 596 
658 491 597 598 
659 599 489 288 
660 288 490 599 
661 600 594 489 
662 489 599 600 
663 600 599 491 
664 289 492 601 
665 601 492 165 
666 134 597 601 
667 601 597 289 
668 601 486 134 
669 165 486 601 
670 178 494 602 
671 602 314 178 
672 3 496 701 
673 701 169 3 
674 172 497 603 
675 177 303 604 
676 177 604 605 
677 605 604 498 
678 605 302 177 
679 301 302 605 
680 606 311 309 
681 606 497 311 
682 312 499 606 
683 309 312 606 
684 143 186 607 
685 500 607 608 
686 610 607 500 
687 610 604 303 
688 303 495 610 
689 184 314 611 
690 313 501 612 
691 612 498 313 
692 140 184 613 
693 613 312 140 
694 184 611 613 
695 613 611 501 
696 613 499 312 
697 613 501 499 
698 306 502 614 
699 179 306 614 
700 615 315 183 
701 183 310 615 
702 616 338 198 
703 337 504 616 
704 198 337 616 
705 617 504 337 
706 617 319 189 
707 189 505 617 
708 617 505 504 
709 504 505 618 
710 619 506 193 
711 193 336 619 
712 620 508 192 
713 192 324 620 
714 197 512 622 
715 622 336 197 
716 623 513 333 
717 196 513 624 
718 624 334 196 
719 195 514 625 
720 625 330 195 
721 626 361 210 
722 360 516 626 
723 210 360 626 
724 627 517 188 
725 188 318 627 
726 343 517 627 
727 627 516 343 
728 628 516 360 
729 628 344 201 
730 515 516 628 
731 201 515 628 
732 629 518 205 
733 205 359 629 
734 630 520 204 
735 204 347 630 
736 631 318 319 
737 209 524 632 
738 633 525 356 
739 208 525 634 
740 634 357 208 
741 207 526 635 
742 635 353 207 
743 636 384 222 
744 383 528 636 
745 222 383 636 
746 637 529 200 
747 200 341 637 
748 366 529 637 
749 637 528 366 
750 638 528 383 
751 638 367 213 
752 527 528 638 
753 213 527 638 
754 639 530 217 
755 217 382 639 
756 640 532 216 
757 216 370 640 
758 221 536 642 
759 642 382 221 
760 643 537 379 
761 220 537 644 
762 644 380 220 
763 219 538 645 
764 645 376 219 
765 646 407 234 
766 406 540 646 
767 234 406 646 
768 647 541 212 
769 212 364 647 
770 389 541 647 
771 647 540 389 
772 648 540 406 
773 648 390 225 
774 539 540 648 
775 225 539 648 
776 649 542 229 
777 229 405 649 
778 650 544 228 
779 228 393 650 
780 651 364 367 
781 233 548 652 
782 653 549 402 
783 232 549 654 
784 654 403 232 
785 231 550 655 
786 655 399 231 
787 656 430 246 
788 429 552 656 
789 246 429 656 
790 657 553 224 
791 224 387 657 
792 412 553 657 
793 657 552 412 
794 658 552 429 
795 658 413 237 
796 551 552 658 
797 237 551 658 
798 659 554 241 
799 241 428 659 
800 660 556 240 
801 240 416 660 
802 245 560 662 
803 662 428 245 
804 663 561 425 
805 244 561 664 
806 664 426 244 
807 243 562 665 
808 665 422 243 
809 666 453 258 
810 452 564 666 
811 258 452 666 
812 667 565 236 
813 236 410 667 
814 435 565 667 
815 667 564 435 
816 668 564 452 
817 668 436 249 
818 563 564 668 
819 249 563 668 
820 669 566 253 
821 253 451 669 
822 670 568 252 
823 252 439 670 
824 671 410 413 
825 257 572 672 
826 672 451 257 
827 673 573 448 
828 256 573 674 
829 674 449 256 
830 255 574 675 
831 675 445 255 
832 676 474 269 
833 473 576 676 
834 269 473 676 
835 677 577 248 
836 248 433 677 
837 456 577 677 
838 677 576 456 
839 678 576 473 
840 678 457 260 
841 575 576 678 
842 260 575 678 
843 679 578 265 
844 265 472 679 
845 680 580 263 
846 263 460 680 
847 681 476 132 
848 682 433 436 
849 268 585 683 
850 684 586 469 
851 267 586 685 
852 685 470 267 
853 266 587 686 
854 686 466 266 
855 488 588 687 
856 288 488 687 
857 475 476 688 
858 270 475 688 
859 689 688 476 
860 476 681 689 
861 690 593 477 
862 588 593 690 
863 270 688 690 
864 690 477 270 
865 264 591 691 
866 691 463 264 
867 160 276 692 
868 692 592 275 
869 693 487 286 
870 694 597 491 
871 491 599 694 
872 289 597 694 
873 694 596 289 
874 694 599 490 
875 490 596 694 
876 118 589 695 
877 695 598 164 
878 695 116 118 
879 695 164 116 
880 294 603 696 
881 696 493 294 
882 696 608 493 
883 301 605 697 
884 498 612 697 
885 697 605 498 
886 313 609 698 
887 609 696 698 
888 498 604 699 
889 604 610 699 
890 699 609 313 
891 313 498 699 
892 699 610 500 
893 500 609 699 
894 700 496 305 
895 700 701 496 
896 179 614 700 
897 700 305 179 
898 614 615 700 
899 701 615 310 
900 701 700 615 
901 701 310 169 
902 338 616 702 
903 702 514 146 
904 146 338 702 
905 703 618 503 
906 703 503 175 
907 175 296 703 
908 504 618 704 
909 704 616 504 
910 506 619 705 
911 706 511 326 
912 508 620 706 
913 326 508 706 
914 336 622 707 
915 707 619 336 
916 330 625 708 
917 708 510 178 
918 178 330 708 
919 361 626 709 
920 709 526 148 
921 148 361 709 
922 710 631 522 
923 318 631 710 
924 710 627 318 
925 516 627 711 
926 711 626 516 
927 711 709 626 
928 627 710 711 
929 518 629 712 
930 713 523 349 
931 520 630 713 
932 349 520 713 
933 359 632 714 
934 714 629 359 
935 384 636 715 
936 715 538 150 
937 150 384 715 
938 341 641 716 
939 716 637 341 
940 528 637 717 
941 717 636 528 
942 717 715 636 
943 637 716 717 
944 530 639 718 
945 719 535 372 
946 532 640 719 
947 372 532 719 
948 382 642 720 
949 720 639 382 
950 407 646 721 
951 721 550 152 
952 152 407 721 
953 722 651 546 
954 364 651 722 
955 722 647 364 
956 540 647 723 
957 723 646 540 
958 723 721 646 
959 647 722 723 
960 542 649 724 
961 725 547 395 
962 544 650 725 
963 395 544 725 
964 405 652 726 
965 726 649 405 
966 430 656 727 
967 727 562 154 
968 154 430 727 
969 387 661 728 
970 728 657 387 
971 552 657 729 
972 729 656 552 
973 729 727 656 
974 657 728 729 
975 554 659 730 
976 731 559 418 
977 556 660 731 
978 418 556 731 
979 428 662 732 
980 732 659 428 
981 453 666 733 
982 733 574 156 
983 156 453 733 
984 734 671 570 
985 410 671 734 
986 734 667 410 
987 564 667 735 
988 735 666 564 
989 735 733 666 
990 667 734 735 
991 566 669 736 
992 737 571 441 
993 568 670 737 
994 441 568 737 
995 451 672 738 
996 738 669 451 
997 474 676 739 
998 739 587 158 
999 158 474 739 
1000 740 682 583 
1001 433 682 740 
1002 740 677 433 
1003 576 677 741 
1004 741 676 576 
1005 741 739 676 
1006 677 740 741 
1007 578 679 742 
1008 743 584 462 
1009 580 680 743 
1010 462 580 743 
1011 472 683 744 
1012 744 679 472 
1013 288 687 745 
1014 745 490 288 
1015 746 689 681 
1016 746 681 265 
1017 265 582 746 
1018 749 692 276 
1019 133 487 749 
1020 749 276 133 
1021 750 695 589 
1022 594 600 750 
1023 598 695 750 
1024 750 600 491 
1025 491 598 750 
1026 497 606 751 
1027 751 698 696 
1028 751 603 497 
1029 751 696 603 
1030 499 698 751 
1031 751 606 499 
1032 602 697 752 
1033 752 697 612 
1034 752 611 314 
1035 314 602 752 
1036 753 704 618 
1037 618 703 753 
1038 754 706 620 
1039 620 705 754 
1040 511 706 755 
1041 755 623 511 
1042 756 707 622 
1043 512 624 756 
1044 756 622 512 
1045 757 708 625 
1046 514 702 757 
1047 757 625 514 
1048 353 635 758 
1049 758 710 522 
1050 758 522 190 
1051 190 353 758 
1052 759 713 630 
1053 630 712 759 
1054 523 713 760 
1055 760 633 523 
1056 761 714 632 
1057 524 634 761 
1058 761 632 524 
1059 376 645 762 
1060 762 534 202 
1061 202 376 762 
1062 763 719 640 
1063 640 718 763 
1064 535 719 764 
1065 764 643 535 
1066 765 720 642 
1067 536 644 765 
1068 765 642 536 
1069 399 655 766 
1070 766 722 546 
1071 766 546 214 
1072 214 399 766 
1073 767 725 650 
1074 650 724 767 
1075 547 725 768 
1076 768 653 547 
1077 769 726 652 
1078 548 654 769 
1079 769 652 548 
1080 422 665 770 
1081 770 558 226 
1082 226 422 770 
1083 771 731 660 
1084 660 730 771 
1085 559 731 772 
1086 772 663 559 
1087 773 732 662 
1088 560 664 773 
1089 773 662 560 
1090 445 675 774 
1091 774 734 570 
1092 774 570 238 
1093 238 445 774 
1094 775 737 670 
1095 670 736 775 
1096 571 737 776 
1097 776 673 571 
1098 777 738 672 
1099 572 674 777 
1100 777 672 572 
1101 466 686 778 
1102 778 740 583 
1103 778 583 250 
1104 250 466 778 
1105 779 743 680 
1106 680 742 779 
1107 584 743 780 
1108 780 684 584 
1109 781 744 683 
1110 585 685 781 
1111 781 683 585 
1112 490 745 782 
1113 783 691 591 
1114 783 747 691 
1115 689 746 784 
1116 588 748 786 
1117 786 687 588 
1118 787 753 703 
1119 787 703 296 
1120 296 621 787 
1121 788 754 705 
1122 619 707 788 
1123 788 705 619 
1124 623 755 789 
1125 789 756 624 
1126 789 624 513 
1127 513 623 789 
1128 704 753 790 
1129 790 757 702 
1130 616 704 790 
1131 790 702 616 
1132 791 758 635 
1133 709 711 791 
1134 526 709 791 
1135 791 635 526 
1136 710 758 791 
1137 791 711 710 
1138 792 759 712 
1139 629 714 792 
1140 792 712 629 
1141 633 760 793 
1142 793 761 634 
1143 793 634 525 
1144 525 633 793 
1145 794 762 645 
1146 715 717 794 
1147 538 715 794 
1148 794 645 538 
1149 716 762 794 
1150 794 717 716 
1151 795 763 718 
1152 639 720 795 
1153 795 718 639 
1154 643 764 796 
1155 796 765 644 
1156 796 644 537 
1157 537 643 796 
1158 797 766 655 
1159 721 723 797 
1160 550 721 797 
1161 797 655 550 
1162 722 766 797 
1163 797 723 722 
1164 798 767 724 
1165 649 726 798 
1166 798 724 649 
1167 653 768 799 
1168 799 769 654 
1169 799 654 549 
1170 549 653 799 
1171 800 770 665 
1172 727 729 800 
1173 562 727 800 
1174 800 665 562 
1175 728 770 800 
1176 800 729 728 
1177 801 771 730 
1178 659 732 801 
1179 801 730 659 
1180 663 772 802 
1181 802 773 664 
1182 802 664 561 
1183 561 663 802 
1184 803 774 675 
1185 733 735 803 
1186 574 733 803 
1187 803 675 574 
1188 734 774 803 
1189 803 735 734 
1190 804 775 736 
1191 669 738 804 
1192 804 736 669 
1193 673 776 805 
1194 805 777 674 
1195 805 674 573 
1196 573 673 805 
1197 806 778 686 
1198 739 741 806 
1199 587 739 806 
1200 806 686 587 
1201 740 778 806 
1202 806 741 740 
1203 807 779 742 
1204 679 744 807 
1205 807 742 679 
1206 684 780 808 
1207 808 781 685 
1208 808 685 586 
1209 586 684 808 
1210 595 782 809 
1211 809 693 595 
1212 485 592 810 
1213 689 784 811 
1214 487 693 812 
1215 693 809 812 
1216 785 812 813 
1217 813 812 809 
1218 747 783 814 
1219 815 812 785 
1220 487 812 815 
1221 815 749 487 
1222 708 757 817 
1223 757 790 817 
1224 510 708 817 
1225 817 790 753 
1226 753 787 817 
1227 754 788 818 
1228 818 789 755 
1229 756 789 818 
1230 759 792 819 
1231 819 793 760 
1232 761 793 819 
1233 763 795 820 
1234 820 796 764 
1235 765 796 820 
1236 767 798 821 
1237 821 799 768 
1238 769 799 821 
1239 771 801 822 
1240 822 802 772 
1241 773 802 822 
1242 775 804 823 
1243 823 805 776 
1244 777 805 823 
1245 779 807 824 
1246 824 808 780 
1247 781 808 824 
1248 785 814 825 
1249 825 815 785 
1250 825 814 783 
1251 783 810 825 
1252 826 782 745 
1253 826 816 813 
1254 827 811 784 
1255 747 814 827 
1256 827 784 747 
1257 828 814 785 
1258 828 827 814 
1259 687 786 829 
1260 816 826 829 
1261 829 745 687 
1262 829 826 745 
1263 748 811 830 
1264 811 827 830 
1265 830 786 748 
1266 830 828 816 
1267 827 828 830 
1268 815 825 831 
1269 592 692 831 
1270 749 815 831 
1271 692 749 831 
1272 831 810 592 
1273 831 825 810 
1274 173 9 293 
1275 22 20 186 
1276 276 162 163 
1277 163 133 276 
1278 330 178 314 
1279 314 122 330 
1280 332 180 502 
1281 502 306 332 
1282 122 184 185 
1283 185 180 122 
1284 493 186 20 
1285 20 21 493 
1286 353 190 335 
1287 335 125 353 
1288 376 202 358 
1289 358 127 376 
1290 466 250 450 
1291 450 131 466 
1292 472 265 681 
1293 681 132 472 
1294 68 72 284 
1295 284 290 277 
1296 277 68 284 
1297 495 303 142 
1298 142 124 495 
1299 308 307 507 
1300 329 328 519 
1301 522 337 198 
1302 198 190 522 
1303 84 317 517 
1304 352 351 531 
1305 632 359 127 
1306 127 209 632 
1307 628 360 534 
1308 534 344 628 
1309 202 360 210 
1310 210 358 202 
1311 90 340 529 
1312 375 374 543 
1313 546 383 222 
1314 222 214 546 
1315 96 363 541 
1316 398 397 555 
1317 652 405 129 
1318 129 233 652 
1319 648 406 558 
1320 558 390 648 
1321 226 406 234 
1322 234 404 226 
1323 102 386 553 
1324 421 420 567 
1325 570 429 246 
1326 246 238 570 
1327 106 409 565 
1328 444 443 579 
1329 583 452 258 
1330 258 250 583 
1331 99 432 577 
1332 463 460 262 
1333 683 472 132 
1334 132 268 683 
1335 678 473 157 
1336 157 457 678 
1337 261 473 269 
1338 269 471 261 
1339 476 475 471 
1340 471 132 476 
1341 272 273 483 
1342 286 487 133 
1343 133 278 286 
1344 595 166 596 
1345 698 499 501 
1346 501 313 698 
1347 181 511 623 
1348 623 333 181 
1349 624 512 146 
1350 146 334 624 
1351 337 522 631 
1352 194 523 633 
1353 633 356 194 
1354 634 524 148 
1355 148 357 634 
1356 206 535 643 
1357 643 379 206 
1358 644 536 150 
1359 150 380 644 
1360 383 546 651 
1361 218 547 653 
1362 653 402 218 
1363 654 548 152 
1364 152 403 654 
1365 230 559 663 
1366 663 425 230 
1367 664 560 154 
1368 154 426 664 
1369 429 570 671 
1370 242 571 673 
1371 673 448 242 
1372 674 572 156 
1373 156 449 674 
1374 452 583 682 
1375 254 584 684 
1376 684 469 254 
1377 685 585 158 
1378 158 470 685 
1379 782 595 596 
1380 596 490 782 
1381 287 595 693 
1382 693 286 287 
1383 598 597 134 
1384 134 164 598 
1385 172 603 294 
1386 294 15 172 
1387 608 607 186 
1388 186 493 608 
1389 607 610 495 
1390 495 143 607 
1391 315 615 614 
1392 614 502 315 
1393 705 620 324 
1394 324 506 705 
1395 712 630 347 
1396 347 518 712 
1397 718 640 370 
1398 370 530 718 
1399 724 650 393 
1400 393 542 724 
1401 730 660 416 
1402 416 554 730 
1403 736 670 439 
1404 439 566 736 
1405 742 680 460 
1406 460 578 742 
1407 690 688 748 
1408 748 588 690 
1409 160 692 275 
1410 275 274 160 
1411 608 696 609 
1412 609 500 608 
1413 301 697 602 
1414 602 494 301 
1415 762 716 641 
1416 641 534 762 
1417 770 728 661 
1418 661 558 770 
1419 582 747 784 
1420 784 746 582 
1421 811 748 688 
1422 688 689 811 
1423 594 750 589 
1424 589 480 594 
1425 611 752 612 
1426 612 501 611 
1427 810 783 591 
1428 591 485 810 
1429 826 813 809 
1430 809 782 826 
1431 813 816 828 
1432 828 785 813 
1433 754 818 755 
1434 755 706 754 
1435 759 819 760 
1436 760 713 759 
1437 763 820 764 
1438 764 719 763 
1439 767 821 768 
1440 768 725 767 
1441 771 822 772 
1442 772 731 771 
1443 775 823 776 
1444 776 737 775 
1445 779 824 780 
1446 780 743 779 
1447 786 830 816 
1448 816 829 786 
1449 143 144 22 
1450 22 186 143 
1451 343 515 342 
1452 342 87 343 
1453 366 527 365 
1454 365 92 366 
1455 389 539 388 
1456 388 94 389 
1457 412 551 411 
1458 411 101 412 
1459 435 563 434 
1460 434 107 435 
1461 456 575 455 
1462 455 112 456 
1463 290 287 161 
1464 161 277 290 
1465 166 290 492 
1466 492 289 166 
1467 179 308 507 
1468 507 181 179 
1469 641 341 344 
1470 344 534 641 
1471 517 343 87 
1472 87 84 517 
1473 529 366 92 
1474 92 90 529 
1475 661 387 390 
1476 390 558 661 
1477 541 389 94 
1478 94 96 541 
1479 553 412 101 
1480 101 102 553 
1481 565 435 107 
1482 107 106 565 
1483 577 456 112 
1484 112 99 577 
1485 272 483 159 
1486 159 482 272 
1487 503 618 505 
1488 505 320 503 
1489 818 788 707 
1490 707 756 818 
1491 819 792 714 
1492 714 761 819 
1493 820 795 720 
1494 720 765 820 
1495 821 798 726 
1496 726 769 821 
1497 822 801 732 
1498 732 773 822 
1499 823 804 738 
1500 738 777 823 
1501 824 807 744 
1502 744 781 824 
1503 284 71 165 
1504 165 492 284 
1505 617 337 631 
1506 631 319 617 
1507 638 383 651 
1508 651 367 638 
1509 658 429 671 
1510 671 413 658 
1511 668 452 682 
1512 682 436 668 
1513 691 747 582 
1514 582 463 691 
1515 329 519 194 
1516 194 191 329 
1517 352 531 206 
1518 206 203 352 
1519 375 543 218 
1520 218 215 375 
1521 398 555 230 
1522 230 227 398 
1523 421 567 242 
1524 242 239 421 
1525 444 579 254 
1526 254 251 444 
1527 324 192 191 
1528 191 327 324 
1529 347 204 203 
1530 203 350 347 
1531 370 216 215 
1532 215 373 370 
1533 393 228 227 
1534 227 396 393 
1535 416 240 239 
1536 239 419 416 
1537 439 252 251 
1538 251 442 439 
1539 817 787 621 
1540 621 510 817 
vertexCoord 
1 0.000000 0.000000 
2 -0.000000 0.200000 
3 0.100000 0.000000 
4 1.000000 0.000000 
5 1.000000 0.200000 
6 0.100000 0.200000 
7 0.059980 0.000000 
8 0.079980 0.000000 
9 0.039979 0.000000 
10 0.019990 0.000000 
11 0.040014 0.200000 
12 0.020007 0.200000 
13 0.060021 0.200000 
14 0.080010 0.200000 
15 -0.000000 0.100000 
16 0.000000 0.040010 
17 0.000000 0.020005 
18 0.000000 0.060008 
19 -0.000000 0.080007 
20 -0.000000 0.140016 
21 -0.000000 0.120008 
22 -0.000000 0.160021 
23 -0.000000 0.180010 
24 0.560025 0.000000 
25 0.780014 0.000000 
26 0.900007 0.000000 
27 0.960001 0.000000 
28 0.980005 0.000000 
29 0.939999 0.000000 
30 0.920005 0.000000 
31 0.840009 0.000000 
32 0.880006 0.000000 
33 0.860007 0.000000 
34 0.820010 0.000000 
35 0.800012 0.000000 
36 0.680027 0.000000 
37 0.740015 0.000000 
38 0.760016 0.000000 
39 0.720017 0.000000 
40 0.700022 0.000000 
41 0.620017 0.000000 
42 0.660024 0.000000 
43 0.640021 0.000000 
44 0.600019 0.000000 
45 0.580022 0.000000 
46 0.340049 0.000000 
47 0.460042 0.000000 
48 0.520032 0.000000 
49 0.540028 0.000000 
50 0.500040 0.000000 
51 0.480047 0.000000 
52 0.400048 0.000000 
53 0.440037 0.000000 
54 0.420036 0.000000 
55 0.380059 0.000000 
56 0.360063 0.000000 
57 0.220024 0.000000 
58 0.280051 0.000000 
59 0.320050 0.000000 
60 0.300050 0.000000 
61 0.260052 0.000000 
62 0.240038 0.000000 
63 0.160026 0.000000 
64 0.200039 0.000000 
65 0.180032 0.000000 
66 0.140018 0.000000 
67 0.120009 0.000000 
68 1.000000 0.100000 
69 1.000000 0.159986 
70 1.000000 0.179993 
71 1.000000 0.139979 
72 1.000000 0.119990 
73 1.000000 0.059980 
74 1.000000 0.079980 
75 1.000000 0.039985 
76 1.000000 0.019992 
77 0.539976 0.200000 
78 0.319993 0.200000 
79 0.199995 0.200000 
80 0.139999 0.200000 
81 0.120000 0.200000 
82 0.159997 0.200000 
83 0.179995 0.200000 
84 0.259992 0.200000 
85 0.219995 0.200000 
86 0.239995 0.200000 
87 0.279989 0.200000 
88 0.299991 0.200000 
89 0.419980 0.200000 
90 0.359982 0.200000 
91 0.339988 0.200000 
92 0.379976 0.200000 
93 0.399978 0.200000 
94 0.479983 0.200000 
95 0.439979 0.200000 
96 0.459978 0.200000 
97 0.499984 0.200000 
98 0.519985 0.200000 
99 0.759936 0.200000 
100 0.639964 0.200000 
101 0.579967 0.200000 
102 0.559967 0.200000 
103 0.599967 0.200000 
104 0.619966 0.200000 
105 0.699958 0.200000 
106 0.659962 0.200000 
107 0.679960 0.200000 
108 0.719952 0.200000 
109 0.739944 0.200000 
110 0.879961 0.200000 
111 0.819963 0.200000 
112 0.779936 0.200000 
113 0.799950 0.200000 
114 0.839963 0.200000 
115 0.859962 0.200000 
116 0.939988 0.200000 
117 0.899967 0.200000 
118 0.919974 0.200000 
119 0.959991 0.200000 
120 0.979995 0.200000 
121 0.047188 0.041503 
122 0.122003 0.089609 
123 0.012622 0.012803 
124 0.028513 0.169934 
125 0.221884 0.100364 
126 0.012852 0.187589 
127 0.318513 0.098334 
128 0.421659 0.099854 
129 0.518496 0.098334 
130 0.621636 0.099856 
131 0.721633 0.099854 
132 0.815431 0.094297 
133 0.951246 0.054097 
134 0.952895 0.165742 
135 0.987927 0.186454 
136 0.986482 0.012618 
137 0.015289 0.046089 
138 0.069309 0.014880 
139 0.015918 0.064699 
140 0.083233 0.065767 
141 0.027178 0.184844 
142 0.046697 0.180255 
143 0.021053 0.157601 
144 0.014650 0.173068 
145 0.237861 0.048405 
146 0.171021 0.100053 
147 0.337877 0.048402 
148 0.269126 0.101754 
149 0.437863 0.048400 
150 0.370249 0.101755 
151 0.537857 0.048403 
152 0.469125 0.101751 
153 0.637842 0.048404 
154 0.570222 0.101760 
155 0.737839 0.048403 
156 0.670204 0.101685 
157 0.819213 0.150703 
158 0.769248 0.101865 
159 0.859432 0.150826 
160 0.938102 0.023251 
161 0.971199 0.083514 
162 0.958837 0.026381 
163 0.965380 0.043467 
164 0.942252 0.179939 
165 0.982938 0.147749 
166 0.955969 0.113490 
167 0.957974 0.183545 
168 0.014342 0.027760 
169 0.084901 0.013754 
170 0.063673 0.033542 
171 0.031002 0.051685 
172 0.013199 0.087124 
173 0.027558 0.015394 
174 0.122695 0.172576 
175 0.141729 0.173824 
176 0.102464 0.170360 
177 0.070469 0.160546 
178 0.120847 0.121061 
179 0.138315 0.027963 
180 0.129484 0.073307 
181 0.154150 0.039399 
182 0.063552 0.053128 
183 0.077912 0.046160 
184 0.100362 0.084807 
185 0.107831 0.070481 
186 0.015447 0.141112 
187 0.220958 0.174124 
188 0.241225 0.174757 
189 0.204395 0.172732 
190 0.220207 0.121614 
191 0.237125 0.025306 
192 0.218680 0.025760 
193 0.230219 0.073653 
194 0.255554 0.031260 
195 0.140237 0.098581 
196 0.147517 0.075944 
197 0.202769 0.098957 
198 0.204798 0.125326 
199 0.323822 0.172795 
200 0.342503 0.174831 
201 0.305721 0.170670 
202 0.314690 0.125521 
203 0.337142 0.025304 
204 0.318703 0.025741 
205 0.331282 0.072631 
206 0.355569 0.031257 
207 0.241889 0.102103 
208 0.248445 0.077165 
209 0.299241 0.104513 
210 0.298805 0.120066 
211 0.420843 0.174033 
212 0.441201 0.174743 
213 0.405191 0.172086 
214 0.420179 0.121626 
215 0.437326 0.027165 
216 0.418747 0.026049 
217 0.430225 0.073655 
218 0.455556 0.031260 
219 0.341082 0.102019 
220 0.348696 0.077095 
221 0.402729 0.099071 
222 0.404841 0.125321 
223 0.523809 0.172800 
224 0.542488 0.174832 
225 0.505708 0.170679 
226 0.514674 0.125525 
227 0.537121 0.025304 
228 0.518670 0.025729 
229 0.531265 0.072631 
230 0.555545 0.031255 
231 0.441888 0.102104 
232 0.448445 0.077164 
233 0.499228 0.104513 
234 0.498793 0.120068 
235 0.620830 0.174036 
236 0.641410 0.174687 
237 0.605184 0.172089 
238 0.620283 0.121671 
239 0.637108 0.025306 
240 0.618633 0.025737 
241 0.630165 0.073668 
242 0.655535 0.031258 
243 0.541063 0.102020 
244 0.548677 0.077095 
245 0.602693 0.099066 
246 0.604904 0.125363 
247 0.720829 0.174042 
248 0.741371 0.174693 
249 0.705210 0.172167 
250 0.720229 0.121661 
251 0.737104 0.025304 
252 0.718684 0.025736 
253 0.730205 0.073642 
254 0.755529 0.031258 
255 0.641889 0.102127 
256 0.648422 0.077162 
257 0.702706 0.099078 
258 0.704863 0.125406 
259 0.820745 0.174267 
260 0.804993 0.172068 
261 0.819891 0.124016 
262 0.835830 0.025572 
263 0.817748 0.025244 
264 0.854461 0.026251 
265 0.828855 0.068998 
266 0.741853 0.102114 
267 0.748424 0.077165 
268 0.800232 0.103252 
269 0.801077 0.120581 
270 0.838590 0.123675 
271 0.839604 0.150081 
272 0.871016 0.168150 
273 0.856236 0.175896 
274 0.933717 0.009979 
275 0.920272 0.014350 
276 0.945296 0.037199 
277 0.986418 0.093775 
278 0.969601 0.062718 
279 0.985420 0.072412 
280 0.969681 0.013480 
281 0.950056 0.012182 
282 0.983826 0.051358 
283 0.982554 0.029588 
284 0.987532 0.120031 
285 0.985775 0.170922 
286 0.954869 0.073057 
287 0.956396 0.093111 
288 0.903095 0.129781 
289 0.952647 0.132868 
290 0.971418 0.105371 
291 0.973630 0.184620 
292 0.030566 0.033590 
293 0.048017 0.019106 
294 0.012971 0.104717 
295 0.130760 0.186789 
296 0.135228 0.159880 
297 0.150828 0.186852 
298 0.091130 0.183806 
299 0.117520 0.156480 
300 0.111175 0.185588 
301 0.099507 0.148112 
302 0.085423 0.165444 
303 0.055424 0.162302 
304 0.068756 0.180217 
305 0.129641 0.012622 
306 0.137283 0.044838 
307 0.170803 0.012233 
308 0.150625 0.011885 
309 0.047230 0.060581 
310 0.079421 0.029626 
311 0.033951 0.067734 
312 0.062473 0.072072 
313 0.062889 0.117556 
314 0.109106 0.106763 
315 0.101041 0.052528 
316 0.229888 0.187323 
317 0.246150 0.188404 
318 0.234044 0.160288 
319 0.216438 0.162769 
320 0.171069 0.186379 
321 0.191490 0.185913 
322 0.211008 0.186651 
323 0.229646 0.012625 
324 0.226563 0.040879 
325 0.209934 0.012628 
326 0.181509 0.024806 
327 0.241593 0.038866 
328 0.272006 0.012350 
329 0.251634 0.013401 
330 0.129034 0.108281 
331 0.138607 0.085703 
332 0.140479 0.061147 
333 0.150738 0.052025 
334 0.153792 0.091073 
335 0.211269 0.111725 
336 0.214551 0.084404 
337 0.203372 0.141170 
338 0.189978 0.111222 
339 0.330651 0.187055 
340 0.346554 0.188464 
341 0.336603 0.159364 
342 0.293817 0.183100 
343 0.276484 0.174142 
344 0.318949 0.157402 
345 0.312333 0.185603 
346 0.329663 0.012624 
347 0.326615 0.040855 
348 0.309956 0.012615 
349 0.282276 0.024741 
350 0.341617 0.038864 
351 0.372015 0.012351 
352 0.351647 0.013401 
353 0.228970 0.112327 
354 0.234996 0.088481 
355 0.242074 0.061729 
356 0.250031 0.048906 
357 0.252991 0.093199 
358 0.311776 0.112402 
359 0.316731 0.082342 
360 0.299156 0.137207 
361 0.284428 0.111693 
362 0.429761 0.187288 
363 0.446126 0.188395 
364 0.434091 0.160083 
365 0.392134 0.183943 
366 0.372001 0.174620 
367 0.416406 0.162487 
368 0.411314 0.186225 
369 0.429664 0.013206 
370 0.426588 0.040863 
371 0.409965 0.012760 
372 0.382286 0.024745 
373 0.441474 0.039341 
374 0.472035 0.012396 
375 0.451794 0.013607 
376 0.327225 0.114062 
377 0.334939 0.087610 
378 0.342364 0.061529 
379 0.350105 0.048867 
380 0.353137 0.093272 
381 0.411252 0.111752 
382 0.414523 0.084387 
383 0.402523 0.141039 
384 0.390040 0.111837 
385 0.530639 0.187057 
386 0.546540 0.188464 
387 0.536587 0.159368 
388 0.493809 0.183103 
389 0.476485 0.174137 
390 0.518933 0.157411 
391 0.512322 0.185606 
392 0.529588 0.012540 
393 0.526597 0.040856 
394 0.509931 0.012600 
395 0.482274 0.024748 
396 0.541596 0.038864 
397 0.571984 0.012350 
398 0.551624 0.013403 
399 0.428967 0.112338 
400 0.434955 0.088393 
401 0.442078 0.061728 
402 0.450012 0.048984 
403 0.452990 0.093197 
404 0.511761 0.112403 
405 0.516715 0.082343 
406 0.499143 0.137214 
407 0.484418 0.111693 
408 0.629826 0.187282 
409 0.646316 0.188442 
410 0.634170 0.160013 
411 0.592117 0.183944 
412 0.571983 0.174623 
413 0.616456 0.162500 
414 0.611315 0.186225 
415 0.629575 0.012540 
416 0.626506 0.040889 
417 0.609908 0.012600 
418 0.582254 0.024740 
419 0.641575 0.038866 
420 0.671983 0.012350 
421 0.651616 0.013402 
422 0.527207 0.114064 
423 0.534921 0.087611 
424 0.542344 0.061529 
425 0.550084 0.048867 
426 0.553116 0.093279 
427 0.611275 0.111768 
428 0.614435 0.084396 
429 0.602588 0.141086 
430 0.590030 0.111843 
431 0.729781 0.187279 
432 0.746179 0.188376 
433 0.732903 0.160592 
434 0.692135 0.184009 
435 0.671975 0.174621 
436 0.715576 0.162964 
437 0.711311 0.186249 
438 0.729628 0.012624 
439 0.726557 0.040865 
440 0.709932 0.012611 
441 0.682252 0.024740 
442 0.741576 0.038851 
443 0.771955 0.012371 
444 0.751609 0.013402 
445 0.629023 0.112352 
446 0.634945 0.088401 
447 0.642040 0.061737 
448 0.650009 0.048910 
449 0.653123 0.093199 
450 0.711248 0.111772 
451 0.714500 0.084388 
452 0.702665 0.141407 
453 0.689980 0.111830 
454 0.830253 0.187065 
455 0.791753 0.183611 
456 0.771543 0.175251 
457 0.815530 0.163349 
458 0.811276 0.186169 
459 0.828593 0.012576 
460 0.823954 0.038788 
461 0.809616 0.012518 
462 0.782229 0.024812 
463 0.841572 0.039154 
464 0.867160 0.013520 
465 0.847677 0.012986 
466 0.728961 0.112333 
467 0.734938 0.088390 
468 0.742080 0.061644 
469 0.750036 0.048821 
470 0.753012 0.093176 
471 0.816484 0.109116 
472 0.815341 0.079688 
473 0.805125 0.139029 
474 0.784398 0.112524 
475 0.830923 0.112541 
476 0.831063 0.099659 
477 0.848150 0.136484 
478 0.831064 0.162587 
479 0.828429 0.137331 
480 0.887055 0.184159 
481 0.867367 0.185893 
482 0.879341 0.150234 
483 0.851298 0.162270 
484 0.849973 0.187155 
485 0.886679 0.014921 
486 0.970118 0.166798 
487 0.937577 0.063452 
488 0.885289 0.133645 
489 0.898274 0.146136 
490 0.921047 0.125119 
491 0.925846 0.153620 
492 0.969409 0.127932 
493 0.014673 0.123498 
494 0.117771 0.138430 
495 0.038110 0.159681 
496 0.112621 0.011075 
497 0.028568 0.080201 
498 0.071665 0.132064 
499 0.057917 0.089386 
500 0.041386 0.132644 
501 0.069950 0.102698 
502 0.122393 0.056990 
503 0.161414 0.174121 
504 0.186705 0.150882 
505 0.183616 0.169760 
506 0.227695 0.057627 
507 0.161664 0.024323 
508 0.200056 0.025229 
509 0.190396 0.012483 
510 0.130998 0.132723 
511 0.172447 0.037722 
512 0.184839 0.093429 
513 0.157120 0.064346 
514 0.155492 0.106568 
515 0.291621 0.166950 
516 0.280973 0.152497 
517 0.260145 0.183061 
518 0.328077 0.057462 
519 0.267047 0.023585 
520 0.300223 0.025167 
521 0.290760 0.012479 
522 0.220843 0.134073 
523 0.273071 0.036212 
524 0.284025 0.094587 
525 0.258008 0.064318 
526 0.255450 0.109474 
527 0.390682 0.167690 
528 0.382626 0.152983 
529 0.360448 0.180247 
530 0.427710 0.057624 
531 0.367058 0.023585 
532 0.400258 0.025229 
533 0.390772 0.012514 
534 0.316297 0.140918 
535 0.373079 0.036212 
536 0.384628 0.093777 
537 0.358080 0.064291 
538 0.355350 0.109979 
539 0.491612 0.166957 
540 0.480961 0.152509 
541 0.460142 0.183045 
542 0.528059 0.057462 
543 0.467084 0.023636 
544 0.500209 0.025166 
545 0.490756 0.012485 
546 0.420645 0.133993 
547 0.473074 0.036222 
548 0.484017 0.094587 
549 0.458006 0.064316 
550 0.455452 0.109465 
551 0.590665 0.167692 
552 0.582619 0.152991 
553 0.560430 0.180244 
554 0.627610 0.057654 
555 0.567032 0.023583 
556 0.600176 0.025166 
557 0.590727 0.012476 
558 0.516278 0.140931 
559 0.573054 0.036211 
560 0.584576 0.093762 
561 0.558059 0.064291 
562 0.555329 0.109982 
563 0.690813 0.168114 
564 0.682242 0.152842 
565 0.660420 0.180242 
566 0.727689 0.057610 
567 0.667026 0.023584 
568 0.700223 0.025152 
569 0.690740 0.012476 
570 0.620956 0.134169 
571 0.673048 0.036211 
572 0.684630 0.093813 
573 0.657986 0.064327 
574 0.655501 0.109581 
575 0.790207 0.167955 
576 0.780979 0.151621 
577 0.759540 0.180093 
578 0.827635 0.053402 
579 0.766997 0.023599 
580 0.799778 0.024963 
581 0.790601 0.012444 
582 0.843344 0.055500 
583 0.720926 0.134210 
584 0.772941 0.036190 
585 0.784479 0.094122 
586 0.758112 0.063885 
587 0.755099 0.109668 
588 0.874605 0.119401 
589 0.907484 0.184012 
590 0.839928 0.174873 
591 0.873330 0.028351 
592 0.906278 0.021602 
593 0.867193 0.135199 
594 0.895812 0.166140 
595 0.940809 0.101013 
596 0.938354 0.119618 
597 0.944299 0.150701 
598 0.933867 0.166825 
599 0.915528 0.141225 
600 0.910204 0.155462 
601 0.962051 0.148631 
602 0.106026 0.126600 
603 0.024602 0.094749 
604 0.062946 0.147057 
605 0.079793 0.147711 
606 0.045088 0.077491 
607 0.031915 0.143861 
608 0.029981 0.127805 
609 0.045704 0.117065 
610 0.047529 0.146204 
611 0.090028 0.101470 
612 0.079802 0.116889 
613 0.077327 0.086033 
614 0.118240 0.039640 
615 0.098258 0.036342 
616 0.184864 0.131671 
617 0.203086 0.157186 
618 0.169447 0.158906 
619 0.215393 0.067329 
620 0.208152 0.038691 
621 0.132337 0.145519 
622 0.197927 0.085476 
623 0.165198 0.051203 
624 0.168508 0.079796 
625 0.143308 0.111420 
626 0.283060 0.129898 
627 0.256909 0.160800 
628 0.302120 0.154274 
629 0.316308 0.068621 
630 0.308184 0.038634 
631 0.219708 0.149516 
632 0.301015 0.088470 
633 0.265095 0.048857 
634 0.267645 0.081712 
635 0.243808 0.114578 
636 0.386034 0.131123 
637 0.358319 0.160679 
638 0.402530 0.156932 
639 0.415409 0.067346 
640 0.408268 0.038670 
641 0.330587 0.146281 
642 0.397879 0.085660 
643 0.365123 0.048859 
644 0.367964 0.081470 
645 0.343575 0.116090 
646 0.483055 0.129895 
647 0.456907 0.160749 
648 0.502106 0.154284 
649 0.516293 0.068622 
650 0.508168 0.038633 
651 0.419373 0.149302 
652 0.501003 0.088470 
653 0.465094 0.048858 
654 0.467641 0.081711 
655 0.443812 0.114564 
656 0.586014 0.131124 
657 0.558304 0.160681 
658 0.602510 0.156934 
659 0.615286 0.068367 
660 0.608091 0.038661 
661 0.530570 0.146287 
662 0.597774 0.085641 
663 0.565100 0.048859 
664 0.567937 0.081504 
665 0.543556 0.116091 
666 0.685809 0.131102 
667 0.656876 0.160572 
668 0.702503 0.156931 
669 0.715385 0.067342 
670 0.708232 0.038606 
671 0.619586 0.149426 
672 0.697860 0.085672 
673 0.665076 0.048869 
674 0.667892 0.081474 
675 0.644038 0.114600 
676 0.784363 0.130497 
677 0.756191 0.160504 
678 0.802675 0.157454 
679 0.814979 0.064286 
680 0.807162 0.037796 
681 0.829562 0.083918 
682 0.719477 0.149790 
683 0.800344 0.087724 
684 0.765082 0.048885 
685 0.767864 0.081515 
686 0.743842 0.114557 
687 0.890825 0.117862 
688 0.848588 0.106242 
689 0.845244 0.087306 
690 0.857239 0.120901 
691 0.859559 0.041290 
692 0.925762 0.030175 
693 0.939604 0.082275 
694 0.932954 0.137192 
695 0.926539 0.183582 
696 0.030761 0.108649 
697 0.088688 0.131245 
698 0.051031 0.104772 
699 0.055394 0.131678 
700 0.115625 0.025488 
701 0.098471 0.019381 
702 0.170102 0.117272 
703 0.151563 0.161084 
704 0.173095 0.144327 
705 0.213511 0.052637 
706 0.190797 0.037458 
707 0.201436 0.074223 
708 0.137391 0.121763 
709 0.268180 0.119572 
710 0.241097 0.142007 
711 0.263808 0.138422 
712 0.313656 0.052843 
713 0.290742 0.037396 
714 0.301654 0.073891 
715 0.370311 0.120061 
716 0.347375 0.143715 
717 0.366363 0.139207 
718 0.413565 0.052622 
719 0.390840 0.037369 
720 0.401466 0.074316 
721 0.468180 0.119559 
722 0.441075 0.141905 
723 0.463802 0.138391 
724 0.513641 0.052844 
725 0.490735 0.037400 
726 0.501641 0.073893 
727 0.570291 0.120064 
728 0.547358 0.143717 
729 0.566346 0.139209 
730 0.613312 0.052861 
731 0.590689 0.037398 
732 0.601354 0.073124 
733 0.670071 0.119839 
734 0.642333 0.142690 
735 0.665114 0.138828 
736 0.713538 0.052609 
737 0.690807 0.037346 
738 0.701441 0.074320 
739 0.768428 0.119818 
740 0.742290 0.142635 
741 0.764167 0.138464 
742 0.812530 0.050641 
743 0.790323 0.037074 
744 0.801945 0.071704 
745 0.907505 0.114072 
746 0.840372 0.073454 
747 0.865610 0.057287 
748 0.866763 0.104406 
749 0.931713 0.046500 
750 0.915559 0.170189 
751 0.039726 0.092560 
752 0.094730 0.116593 
753 0.158696 0.147148 
754 0.198811 0.050021 
755 0.182183 0.050394 
756 0.186426 0.076480 
757 0.153054 0.120989 
758 0.235876 0.124805 
759 0.298577 0.050082 
760 0.282237 0.049772 
761 0.286713 0.077458 
762 0.333323 0.130467 
763 0.398926 0.049920 
764 0.382334 0.049657 
765 0.386328 0.076800 
766 0.435879 0.124765 
767 0.498567 0.050085 
768 0.482233 0.049776 
769 0.486705 0.077458 
770 0.533305 0.130471 
771 0.598471 0.050095 
772 0.582188 0.049744 
773 0.586243 0.076656 
774 0.636046 0.124779 
775 0.698898 0.049923 
776 0.682298 0.049658 
777 0.686297 0.076813 
778 0.735921 0.124732 
779 0.797950 0.049414 
780 0.782009 0.049445 
781 0.786732 0.076695 
782 0.923714 0.108087 
783 0.879095 0.043413 
784 0.854560 0.072300 
785 0.903540 0.065581 
786 0.882305 0.103728 
787 0.146040 0.149658 
788 0.204452 0.061272 
789 0.174832 0.063771 
790 0.165564 0.132968 
791 0.252627 0.125759 
792 0.304176 0.061403 
793 0.275108 0.064066 
794 0.352716 0.126586 
795 0.404491 0.061309 
796 0.375160 0.063884 
797 0.452631 0.125728 
798 0.504164 0.061405 
799 0.475103 0.064067 
800 0.552698 0.126589 
801 0.603847 0.061330 
802 0.575057 0.063876 
803 0.652184 0.125053 
804 0.704464 0.061310 
805 0.675108 0.063896 
806 0.752750 0.125712 
807 0.803630 0.059517 
808 0.775091 0.063661 
809 0.923956 0.090721 
810 0.892671 0.031432 
811 0.860737 0.088524 
812 0.921728 0.073245 
813 0.906977 0.082577 
814 0.884706 0.059486 
815 0.917536 0.055995 
816 0.893518 0.092303 
817 0.146465 0.135944 
818 0.191357 0.062694 
819 0.291411 0.062779 
820 0.391451 0.062648 
821 0.491402 0.062781 
822 0.591193 0.062471 
823 0.691418 0.062653 
824 0.791226 0.061739 
825 0.898296 0.049115 
826 0.909345 0.098245 
827 0.872073 0.073598 
828 0.889663 0.076991 
829 0.895657 0.105275 
830 0.877510 0.089925 
831 0.912043 0.039137 
BC_Tag
1 184
2 110
3 15
4 10
5 5
6 2
7 190
8 190
9 190
10 190
11 117
12 117
13 117
14 117
15 185
16 185
17 185
18 185
19 185
20 185
21 185
22 185
23 185
24 16
25 16
26 16
27 16
28 16
29 16
30 16
31 16
32 16
33 16
34 16
35 16
36 16
37 16
38 16
39 16
40 16
41 16
42 16
43 16
44 16
45 16
46 16
47 16
48 16
49 16
50 16
51 16
52 16
53 16
54 16
55 16
56 16
57 16
58 16
59 16
60 16
61 16
62 16
63 16
64 16
65 16
66 16
67 16
68 11
69 11
70 11
71 11
72 11
73 11
74 11
75 11
76 11
77 6
78 6
79 6
80 6
81 6
82 6
83 6
84 6
85 6
86 6
87 6
88 6
89 6
90 6
91 6
92 6
93 6
94 6
95 6
96 6
97 6
98 6
99 6
100 6
101 6
102 6
103 6
104 6
105 6
106 6
107 6
108 6
109 6
110 6
111 6
112 6
113 6
114 6
115 6
116 6
117 6
118 6
119 6
120 6
121 120
122 120
123 120
124 120
125 120
126 120
127 120
128 120
129 120
130 120
131 120
132 120
133 120
134 120
135 120
136 120
137 120
138 120
139 120
140 120
141 120
142 120
143 120
144 120
145 120
146 120
147 120
148 120
149 120
150 120
151 120
152 120
153 120
154 120
155 120
156 120
157 120
158 120
159 120
160 120
161 120
162 120
163 120
164 120
165 120
166 120
167 120
168 120
169 120
170 120
171 120
172 120
173 120
174 120
175 120
176 120
177 120
178 120
179 120
180 120
181 120
182 120
183 120
184 120
185 120
186 120
187 120
188 120
189 120
190 120
191 120
192 120
193 120
194 120
195 120
196 120
197 120
198 120
199 120
200 120
201 120
202 120
203 120
204 120
205 120
206 120
207 120
208 120
209 120
210 120
211 120
212 120
213 120
214 120
215 120
216 120
217 120
218 120
219 120
220 120
221 120
222 120
223 120
224 120
225 120
226 120
227 120
228 120
229 120
230 120
231 120
232 120
233 120
234 120
235 120
236 120
237 120
238 120
239 120
240 120
241 120
242 120
243 120
244 120
245 120
246 120
247 120
248 120
249 120
250 120
251 120
252 120
253 120
254 120
255 120
256 120
257 120
258 120
259 120
260 120
261 120
262 120
263 120
264 120
265 120
266 120
267 120
268 120
269 120
270 120
271 120
272 120
273 120
274 120
275 120
276 120
277 120
278 120
279 120
280 120
281 120
282 120
283 120
284 120
285 120
286 120
287 120
288 120
289 120
290 120
291 120
292 120
293 120
294 120
295 120
296 120
297 120
298 120
299 120
300 120
301 120
302 120
303 120
304 120
305 120
306 120
307 120
308 120
309 120
310 120
311 120
312 120
313 120
314 120
315 120
316 120
317 120
318 120
319 120
320 120
321 120
322 120
323 120
324 120
325 120
326 120
327 120
328 120
329 120
330 120
331 120
332 120
333 120
334 120
335 120
336 120
337 120
338 120
339 120
340 120
341 120
342 120
343 120
344 120
345 120
346 120
347 120
348 120
349 120
350 120
351 120
352 120
353 120
354 120
355 120
356 120
357 120
358 120
359 120
360 120
361 120
362 120
363 120
364 120
365 120
366 120
367 120
368 120
369 120
370 120
371 120
372 120
373 120
374 120
375 120
376 120
377 120
378 120
379 120
380 120
381 120
382 120
383 120
384 120
385 120
386 120
387 120
388 120
389 120
390 120
391 120
392 120
393 120
394 120
395 120
396 120
397 120
398 120
399 120
400 120
401 120
402 120
403 120
404 120
405 120
406 120
407 120
408 120
409 120
410 120
411 120
412 120
413 120
414 120
415 120
416 120
417 120
418 120
419 120
420 120
421 120
422 120
423 120
424 120
425 120
426 120
427 120
428 120
429 120
430 120
431 120
432 120
433 120
434 120
435 120
436 120
437 120
438 120
439 120
440 120
441 120
442 120
443 120
444 120
445 120
446 120
447 120
448 120
449 120
450 120
451 120
452 120
453 120
454 120
455 120
456 120
457 120
458 120
459 120
460 120
461 120
462 120
463 120
464 120
465 120
466 120
467 120
468 120
469 120
470 120
471 120
472 120
473 120
474 120
475 120
476 120
477 120
478 120
479 120
480 120
481 120
482 120
483 120
484 120
485 120
486 120
487 120
488 120
489 120
490 120
491 120
492 120
493 120
494 120
495 120
496 120
497 120
498 120
499 120
500 120
501 120
502 120
503 120
504 120
505 120
506 120
507 120
508 120
509 120
510 120
511 120
512 120
513 120
514 120
515 120
516 120
517 120
518 120
519 120
520 120
521 120
522 120
523 120
524 120
525 120
526 120
527 120
528 120
529 120
530 120
531 120
532 120
533 120
534 120
535 120
536 120
537 120
538 120
539 120
540 120
541 120
542 120
543 120
544 120
545 120
546 120
547 120
548 120
549 120
550 120
551 120
552 120
553 120
554 120
555 120
556 120
557 120
558 120
559 120
560 120
561 120
562 120
563 120
564 120
565 120
566 120
567 120
568 120
569 120
570 120
571 120
572 120
573 120
574 120
575 120
576 120
577 120
578 120
579 120
580 120
581 120
582 120
583 120
584 120
585 120
586 120
587 120
588 120
589 120
590 120
591 120
592 120
593 120
594 120
595 120
596 120
597 120
598 120
599 120
600 120
601 120
602 120
603 120
604 120
605 120
606 120
607 120
608 120
609 120
610 120
611 120
612 120
613 120
614 120
615 120
616 120
617 120
618 120
619 120
620 120
621 120
622 120
623 120
624 120
625 120
626 120
627 120
628 120
629 120
630 120
631 120
632 120
633 120
634 120
635 120
636 120
637 120
638 120
639 120
640 120
641 120
642 120
643 120
644 120
645 120
646 120
647 120
648 120
649 120
650 120
651 120
652 120
653 120
654 120
655 120
656 120
657 120
658 120
659 120
660 120
661 120
662 120
663 120
664 120
665 120
666 120
667 120
668 120
669 120
670 120
671 120
672 120
673 120
674 120
675 120
676 120
677 120
678 120
679 120
680 120
681 120
682 120
683 120
684 120
685 120
686 120
687 120
688 120
689 120
690 120
691 120
692 120
693 120
694 120
695 120
696 120
697 120
698 120
699 120
700 120
701 120
702 120
703 120
704 120
705 120
706 120
707 120
708 120
709 120
710 120
711 120
712 120
713 120
714 120
715 120
716 120
717 120
718 120
719 120
720 120
721 120
722 120
723 120
724 120
725 120
726 120
727 120
728 120
729 120
730 120
731 120
732 120
733 120
734 120
735 120
736 120
737 120
738 120
739 120
740 120
741 120
742 120
743 120
744 120
745 120
746 120
747 120
748 120
749 120
750 120
751 120
752 120
753 120
754 120
755 120
756 120
757 120
758 120
759 120
760 120
761 120
762 120
763 120
764 120
765 120
766 120
767 120
768 120
769 120
770 120
771 120
772 120
773 120
774 120
775 120
776 120
777 120
778 120
779 120
780 120
781 120
782 120
783 120
784 120
785 120
786 120
787 120
788 120
789 120
790 120
791 120
792 120
793 120
794 120
795 120
796 120
797 120
798 120
799 120
800 120
801 120
802 120
803 120
804 120
805 120
806 120
807 120
808 120
809 120
810 120
811 120
812 120
813 120
814 120
815 120
816 120
817 120
818 120
819 120
820 120
821 120
822 120
823 120
824 120
825 120
826 120
827 120
828 120
829 120
830 120
831 120
BCelement14 0 
BCelement6 45 
103 
93 
96 
147 
148 
150 
138 
140 
1472 
188 
191 
182 
184 
1474 
229 
232 
223 
225 
1478 
272 
275 
266 
268 
1480 
315 
318 
309 
311 
1482 
360 
363 
354 
356 
1484 
400 
402 
399 
455 
449 
448 
638 
878 
26 
82 
6 
BCelement24 0 
BCelement11 10 
5 
73 
23 
72 
1294 
47 
49 
61 
67 
7 
