Grid_size 2591
Node_size 1340
Solution_Order 1
meshIEN 
1 4 81 96 
2 78 4 96 
3 98 97 91 
4 83 79 101 
5 88 101 107 
6 107 101 79 
7 79 85 107 
8 87 3 114 
9 3 7 114 
10 5 11 115 
11 10 12 117 
12 1 16 122 
13 13 1 122 
14 49 2 123 
15 2 58 123 
16 124 96 81 
17 81 80 124 
18 91 97 127 
19 128 101 88 
20 83 101 129 
21 82 83 129 
22 129 128 99 
23 101 128 129 
24 131 130 91 
25 91 127 131 
26 144 137 88 
27 90 143 145 
28 146 145 143 
29 147 144 106 
30 137 144 147 
31 103 137 147 
32 85 84 376 
33 61 54 158 
34 54 62 160 
35 160 158 54 
36 111 158 160 
37 90 115 164 
38 165 117 93 
39 166 165 93 
40 87 114 167 
41 86 87 167 
42 169 115 90 
43 5 115 169 
44 169 116 9 
45 9 5 169 
46 170 115 11 
47 170 165 113 
48 117 165 170 
49 113 164 170 
50 170 164 115 
51 10 117 170 
52 11 10 170 
53 172 159 95 
54 173 172 118 
55 159 172 173 
56 179 117 12 
57 12 13 181 
58 13 122 181 
59 181 179 12 
60 294 179 181 
61 59 56 184 
62 93 178 188 
63 189 123 58 
64 58 57 189 
65 74 78 190 
66 76 75 192 
67 91 130 193 
68 193 98 91 
69 195 194 130 
70 130 131 195 
71 138 208 209 
72 209 206 136 
73 62 63 218 
74 141 218 219 
75 220 213 104 
76 221 220 141 
77 95 159 223 
78 224 159 111 
79 142 223 224 
80 224 223 159 
81 229 144 88 
82 88 107 229 
83 90 145 230 
84 230 169 90 
85 116 169 230 
86 232 231 95 
87 95 223 232 
88 108 235 237 
89 237 233 108 
90 245 227 105 
91 246 245 152 
92 227 245 246 
93 53 66 254 
94 110 255 259 
95 260 255 155 
96 260 259 255 
97 67 65 261 
98 67 261 262 
99 262 261 157 
100 262 260 66 
101 66 67 262 
102 61 158 263 
103 55 61 263 
104 62 218 264 
105 264 160 62 
106 163 272 273 
107 86 167 275 
108 84 86 275 
109 276 167 114 
110 116 230 278 
111 493 158 111 
112 280 282 283 
113 171 280 283 
114 596 291 292 
115 175 596 292 
116 93 117 179 
117 179 178 93 
118 295 181 122 
119 180 294 295 
120 295 294 181 
121 180 296 297 
122 16 17 298 
123 182 299 300 
124 57 59 303 
125 304 184 56 
126 56 60 304 
127 120 302 305 
128 305 302 183 
129 183 184 305 
130 185 306 307 
131 307 306 280 
132 118 306 308 
133 308 173 118 
134 48 49 311 
135 123 189 312 
136 186 311 312 
137 120 301 313 
138 93 188 318 
139 319 190 78 
140 78 96 319 
141 125 190 320 
142 190 319 320 
143 64 76 321 
144 191 192 322 
145 323 192 75 
146 75 77 323 
147 125 126 324 
148 192 323 324 
149 98 193 325 
150 325 126 125 
151 328 194 100 
152 330 259 157 
153 333 322 126 
154 334 325 193 
155 194 195 337 
156 100 194 337 
157 336 345 346 
158 347 205 102 
159 348 207 89 
160 89 204 348 
161 348 209 136 
162 136 207 348 
163 348 211 138 
164 138 209 348 
165 349 208 138 
166 350 127 99 
167 351 195 131 
168 139 355 358 
169 360 341 102 
170 341 360 361 
171 202 341 361 
172 63 53 367 
173 53 254 367 
174 368 356 213 
175 141 219 369 
176 369 221 141 
177 372 225 142 
178 142 224 372 
179 213 214 373 
180 104 213 373 
181 136 206 374 
182 374 207 136 
183 374 228 207 
184 375 227 246 
185 376 229 107 
186 95 231 377 
187 377 172 95 
188 378 223 142 
189 378 232 223 
190 231 232 379 
191 148 231 379 
192 149 235 384 
193 388 382 234 
194 388 387 382 
195 239 288 390 
196 393 205 135 
197 151 243 394 
198 395 226 246 
199 395 241 89 
200 89 226 395 
201 395 246 152 
202 152 244 395 
203 109 399 402 
204 403 399 248 
205 403 402 399 
206 408 240 108 
207 413 412 252 
208 150 392 413 
209 416 254 155 
210 424 261 65 
211 65 69 424 
212 141 220 426 
213 438 317 187 
214 268 437 441 
215 441 270 268 
216 442 433 266 
217 266 270 442 
218 447 272 112 
219 447 273 272 
220 152 245 448 
221 165 166 450 
222 113 165 450 
223 452 276 168 
224 167 276 452 
225 452 275 167 
226 453 276 114 
227 453 114 7 
228 7 6 453 
229 454 230 145 
230 454 278 230 
231 106 277 454 
232 144 229 455 
233 455 277 106 
234 106 144 455 
235 9 116 456 
236 8 9 456 
237 456 453 6 
238 6 8 456 
239 457 278 168 
240 168 276 457 
241 276 453 457 
242 453 456 457 
243 459 458 45 
244 45 41 459 
245 45 458 460 
246 44 45 460 
247 31 43 462 
248 463 462 43 
249 118 172 465 
250 467 466 42 
251 42 44 467 
252 284 464 468 
253 469 464 284 
254 471 286 285 
255 472 471 285 
256 33 471 472 
257 34 33 472 
258 473 471 33 
259 33 35 473 
260 474 473 35 
261 175 470 475 
262 475 470 285 
263 285 286 475 
264 478 287 176 
265 119 289 482 
266 482 291 596 
267 14 34 484 
268 293 481 485 
269 486 481 293 
270 178 487 488 
271 488 188 178 
272 490 311 186 
273 186 313 490 
274 182 300 490 
275 491 303 183 
276 183 302 491 
277 492 306 185 
278 492 308 306 
279 120 305 494 
280 495 494 309 
281 184 304 496 
282 496 305 184 
283 496 494 305 
284 498 497 185 
285 185 307 498 
286 19 15 502 
287 503 315 314 
288 18 19 504 
289 187 503 506 
290 506 503 314 
291 269 440 507 
292 98 320 508 
293 508 320 319 
294 508 124 97 
295 97 98 508 
296 508 319 96 
297 96 124 508 
298 64 321 509 
299 73 64 509 
300 125 324 511 
301 511 323 77 
302 511 324 323 
303 77 74 511 
304 74 190 511 
305 511 190 125 
306 513 512 326 
307 514 510 198 
308 515 513 326 
309 71 70 516 
310 71 516 517 
311 197 526 519 
312 110 329 520 
313 523 751 132 
314 524 332 331 
315 524 523 132 
316 332 524 526 
317 100 200 527 
318 527 197 100 
319 528 525 331 
320 331 332 528 
321 529 333 126 
322 126 325 529 
323 325 334 529 
324 322 333 530 
325 191 322 530 
326 531 529 334 
327 333 529 531 
328 198 333 531 
329 532 193 130 
330 532 334 193 
331 533 519 526 
332 536 417 256 
333 536 535 417 
334 540 538 92 
335 541 342 134 
336 339 343 541 
337 134 339 541 
338 542 537 201 
339 344 543 544 
340 544 343 339 
341 133 338 545 
342 545 345 336 
343 203 543 546 
344 765 341 202 
345 765 347 102 
346 102 341 765 
347 547 349 138 
348 138 211 547 
349 547 211 210 
350 88 137 548 
351 548 128 88 
352 208 349 548 
353 212 350 548 
354 548 349 212 
355 195 351 549 
356 549 337 195 
357 550 351 131 
358 550 350 212 
359 552 549 351 
360 351 551 552 
361 555 552 352 
362 549 552 555 
363 557 419 353 
364 559 557 353 
365 559 558 557 
366 215 359 566 
367 566 358 215 
368 139 358 566 
369 566 356 139 
370 566 359 214 
371 567 365 216 
372 570 569 363 
373 217 570 571 
374 572 570 363 
375 572 571 570 
376 564 573 574 
377 565 564 574 
378 576 567 362 
379 365 567 576 
380 362 569 576 
381 569 570 576 
382 576 570 217 
383 217 365 576 
384 577 366 134 
385 134 342 577 
386 202 361 577 
387 577 342 202 
388 578 355 139 
389 579 369 219 
390 219 367 579 
391 579 416 222 
392 222 369 579 
393 580 255 110 
394 580 370 255 
395 582 580 258 
396 258 581 582 
397 370 580 582 
398 582 371 370 
399 221 369 583 
400 583 369 222 
401 586 374 206 
402 586 206 103 
403 103 147 586 
404 587 375 228 
405 228 374 587 
406 374 586 587 
407 227 375 146 
408 588 586 147 
409 588 147 106 
410 588 587 586 
411 589 378 142 
412 142 225 589 
413 589 225 104 
414 380 381 590 
415 38 37 591 
416 36 32 592 
417 593 592 32 
418 32 38 593 
419 595 596 175 
420 595 383 596 
421 597 384 235 
422 108 240 597 
423 597 235 108 
424 234 382 598 
425 385 599 600 
426 600 599 236 
427 601 599 385 
428 605 604 386 
429 606 594 380 
430 234 594 606 
431 608 607 39 
432 39 40 608 
433 609 607 389 
434 612 288 239 
435 613 476 287 
436 613 612 391 
437 287 478 613 
438 619 615 396 
439 619 618 615 
440 620 612 239 
441 248 399 622 
442 622 399 109 
443 109 402 623 
444 623 401 109 
445 243 401 623 
446 249 407 625 
447 628 627 406 
448 404 625 629 
449 629 625 407 
450 629 628 404 
451 627 628 629 
452 250 627 629 
453 629 407 250 
454 153 405 630 
455 630 400 153 
456 630 403 248 
457 248 400 630 
458 631 233 148 
459 409 632 634 
460 634 633 410 
461 632 633 634 
462 637 635 410 
463 637 636 635 
464 638 627 250 
465 627 638 639 
466 406 627 639 
467 641 392 240 
468 251 412 641 
469 641 413 392 
470 412 413 641 
471 240 408 641 
472 641 408 251 
473 256 417 951 
474 653 420 336 
475 653 649 420 
476 422 649 653 
477 199 422 653 
478 654 418 156 
479 655 654 423 
480 418 654 655 
481 157 261 658 
482 261 424 658 
483 659 424 69 
484 659 425 424 
485 427 660 662 
486 662 660 94 
487 94 616 662 
488 176 287 663 
489 664 663 287 
490 427 661 665 
491 153 400 666 
492 666 397 153 
493 666 429 397 
494 668 667 432 
495 432 667 669 
496 669 667 265 
497 265 431 669 
498 670 615 247 
499 670 668 432 
500 671 433 161 
501 428 430 671 
502 161 428 671 
503 673 672 25 
504 25 20 673 
505 434 674 675 
506 676 672 434 
507 434 675 676 
508 678 676 435 
509 672 676 678 
510 25 672 678 
511 26 25 678 
512 187 506 680 
513 680 438 187 
514 317 438 681 
515 683 440 268 
516 683 507 440 
517 112 272 683 
518 683 268 112 
519 163 507 683 
520 683 272 163 
521 162 437 684 
522 684 682 162 
523 439 682 684 
524 433 442 685 
525 161 433 685 
526 690 437 162 
527 690 441 437 
528 691 674 434 
529 28 27 693 
530 152 448 696 
531 696 244 152 
532 1061 244 696 
533 698 450 166 
534 274 450 698 
535 698 449 274 
536 113 450 699 
537 699 448 245 
538 699 450 274 
539 274 448 699 
540 449 697 702 
541 702 701 449 
542 451 701 702 
543 703 702 697 
544 275 452 704 
545 704 455 229 
546 229 376 704 
547 705 452 168 
548 705 704 452 
549 455 704 705 
550 277 455 705 
551 168 277 705 
552 458 459 914 
553 279 458 914 
554 707 280 171 
555 707 307 280 
556 708 463 281 
557 462 463 708 
558 464 469 710 
559 711 468 464 
560 118 465 712 
561 712 282 280 
562 281 463 713 
563 715 470 175 
564 175 292 715 
565 850 664 717 
566 288 478 718 
567 719 478 176 
568 479 480 720 
569 29 479 721 
570 27 29 721 
571 481 486 722 
572 290 485 723 
573 723 485 481 
574 724 485 290 
575 187 317 726 
576 727 297 296 
577 297 727 728 
578 729 728 489 
579 730 491 302 
580 120 313 730 
581 730 302 120 
582 303 491 731 
583 731 312 189 
584 732 499 309 
585 497 499 732 
586 263 493 733 
587 734 299 182 
588 182 301 734 
589 497 498 735 
590 309 499 736 
591 736 495 309 
592 737 501 500 
593 738 501 310 
594 500 501 738 
595 739 737 500 
596 47 737 739 
597 41 47 739 
598 740 739 500 
599 47 46 741 
600 742 316 314 
601 73 509 744 
602 191 530 745 
603 745 530 510 
604 747 514 198 
605 748 515 326 
606 749 516 70 
607 750 518 196 
608 329 330 522 
609 521 522 753 
610 754 527 200 
611 332 526 755 
612 756 755 527 
613 525 528 757 
614 521 753 757 
615 757 753 525 
616 198 531 758 
617 758 747 198 
618 335 747 758 
619 535 536 759 
620 534 535 759 
621 344 542 760 
622 546 760 761 
623 349 547 762 
624 762 551 212 
625 212 349 762 
626 764 541 343 
627 202 342 766 
628 554 765 766 
629 766 765 202 
630 201 537 768 
631 768 539 201 
632 768 560 539 
633 769 559 353 
634 353 556 769 
635 769 561 354 
636 354 559 769 
637 770 359 215 
638 564 565 770 
639 770 565 357 
640 357 359 770 
641 771 568 140 
642 140 563 771 
643 771 572 363 
644 363 568 771 
645 364 572 771 
646 355 578 776 
647 557 355 776 
648 419 557 776 
649 777 581 156 
650 156 418 777 
651 111 160 778 
652 778 224 111 
653 264 584 778 
654 160 264 778 
655 778 372 224 
656 778 584 372 
657 592 593 783 
658 785 475 286 
659 786 596 383 
660 119 596 786 
661 786 477 119 
662 787 597 240 
663 240 392 787 
664 234 598 788 
665 236 599 789 
666 789 384 236 
667 599 601 789 
668 789 601 149 
669 149 384 789 
670 790 600 383 
671 383 595 790 
672 791 710 174 
673 795 794 603 
674 238 794 795 
675 795 387 238 
676 237 604 797 
677 797 231 148 
678 233 237 797 
679 148 233 797 
680 797 377 231 
681 603 796 798 
682 798 796 386 
683 386 604 798 
684 799 792 602 
685 799 712 465 
686 465 605 799 
687 800 606 380 
688 590 591 800 
689 380 590 800 
690 607 608 801 
691 389 607 801 
692 802 610 238 
693 805 804 614 
694 806 617 247 
695 807 616 94 
696 94 611 807 
697 807 619 396 
698 396 616 807 
699 398 619 807 
700 808 804 394 
701 808 394 243 
702 809 635 252 
703 252 412 809 
704 409 634 809 
705 809 412 409 
706 810 633 154 
707 154 626 810 
708 810 637 410 
709 410 633 810 
710 411 637 810 
711 239 390 813 
712 813 620 239 
713 249 625 818 
714 643 818 820 
715 820 625 404 
716 820 818 625 
717 822 821 251 
718 251 408 822 
719 828 567 216 
720 831 828 647 
721 567 828 831 
722 362 567 831 
723 834 951 417 
724 419 951 834 
725 92 556 834 
726 834 417 92 
727 521 757 835 
728 521 835 836 
729 836 835 650 
730 650 835 837 
731 837 757 528 
732 837 835 757 
733 838 520 329 
734 257 656 842 
735 843 841 421 
736 420 649 844 
737 257 842 844 
738 844 649 257 
739 845 536 256 
740 846 656 257 
741 196 518 847 
742 326 512 848 
743 848 659 326 
744 425 659 848 
745 848 657 425 
746 94 660 849 
747 849 717 476 
748 663 664 850 
749 851 661 431 
750 851 665 661 
751 427 662 853 
752 853 661 427 
753 24 21 855 
754 21 26 856 
755 26 678 856 
756 857 678 435 
757 677 856 857 
758 857 856 678 
759 858 679 267 
760 445 692 858 
761 267 679 859 
762 859 674 267 
763 859 675 674 
764 861 681 438 
765 269 507 861 
766 121 681 861 
767 861 507 121 
768 177 291 864 
769 870 869 270 
770 270 441 870 
771 270 869 871 
772 871 442 270 
773 879 691 434 
774 672 673 879 
775 434 672 879 
776 880 692 445 
777 436 679 881 
778 881 692 444 
779 679 858 881 
780 881 858 692 
781 28 693 882 
782 446 28 882 
783 883 695 271 
784 271 880 883 
785 883 880 445 
786 700 884 885 
787 429 666 885 
788 885 884 265 
789 886 696 448 
790 886 448 274 
791 888 400 248 
792 888 887 1060 
793 622 887 888 
794 248 622 888 
795 889 671 430 
796 430 884 889 
797 889 884 700 
798 266 433 890 
799 890 889 703 
800 671 889 890 
801 433 671 890 
802 893 461 171 
803 893 706 461 
804 171 283 893 
805 894 461 279 
806 894 707 171 
807 171 461 894 
808 468 713 896 
809 284 468 896 
810 896 466 284 
811 897 714 469 
812 897 893 283 
813 283 714 897 
814 470 715 898 
815 285 470 898 
816 150 390 899 
817 899 392 150 
818 899 787 392 
819 477 718 900 
820 900 719 289 
821 478 719 900 
822 900 718 478 
823 119 477 900 
824 900 289 119 
825 485 724 902 
826 293 485 902 
827 902 483 293 
828 903 486 293 
829 903 725 486 
830 904 504 315 
831 315 503 904 
832 18 504 905 
833 504 904 905 
834 728 729 906 
835 297 728 906 
836 906 488 297 
837 188 488 906 
838 121 188 906 
839 186 312 907 
840 312 731 907 
841 908 732 309 
842 494 496 908 
843 309 494 908 
844 492 732 909 
845 732 908 909 
846 60 55 910 
847 910 304 60 
848 911 908 496 
849 911 910 733 
850 911 909 908 
851 304 910 911 
852 911 496 304 
853 733 909 911 
854 495 736 912 
855 913 735 498 
856 913 738 310 
857 310 735 913 
858 459 740 914 
859 299 734 915 
860 316 742 916 
861 916 502 15 
862 916 742 502 
863 24 855 917 
864 918 509 321 
865 919 918 745 
866 510 514 920 
867 921 515 327 
868 327 517 922 
869 922 517 516 
870 335 533 923 
871 923 533 132 
872 657 847 925 
873 421 839 927 
874 335 758 928 
875 928 533 335 
876 519 533 928 
877 334 532 929 
878 929 928 758 
879 929 531 334 
880 929 758 531 
881 519 928 929 
882 929 532 328 
883 328 519 929 
884 534 759 930 
885 199 534 930 
886 930 422 199 
887 931 760 542 
888 931 761 760 
889 931 542 201 
890 201 539 931 
891 932 535 534 
892 932 540 535 
893 761 931 933 
894 540 932 933 
895 933 932 761 
896 933 539 340 
897 933 931 539 
898 546 761 934 
899 346 546 934 
900 761 932 934 
901 934 534 199 
902 199 346 934 
903 554 766 935 
904 936 547 210 
905 541 764 937 
906 937 935 766 
907 937 766 342 
908 342 541 937 
909 938 767 200 
910 549 555 938 
911 337 549 938 
912 345 545 939 
913 338 767 939 
914 939 545 338 
915 940 572 364 
916 571 572 940 
917 941 940 364 
918 772 940 941 
919 354 942 943 
920 943 942 773 
921 943 559 354 
922 558 559 943 
923 944 773 575 
924 944 943 773 
925 945 339 134 
926 775 945 946 
927 947 772 575 
928 217 571 948 
929 775 946 948 
930 581 777 950 
931 951 418 256 
932 951 777 418 
933 952 373 214 
934 952 779 373 
935 589 780 953 
936 378 589 953 
937 373 779 955 
938 779 954 955 
939 955 954 780 
940 955 780 589 
941 958 956 781 
942 832 956 958 
943 648 832 958 
944 415 833 959 
945 960 598 385 
946 961 785 286 
947 286 716 961 
948 282 712 962 
949 712 799 962 
950 962 791 174 
951 174 282 962 
952 962 799 602 
953 602 791 962 
954 602 792 964 
955 464 710 965 
956 793 963 965 
957 791 793 965 
958 710 791 965 
959 965 711 464 
960 965 963 711 
961 966 794 238 
962 238 610 966 
963 387 795 967 
964 382 387 967 
965 968 800 591 
966 389 801 969 
967 970 802 388 
968 606 800 970 
969 803 971 972 
970 975 974 805 
971 216 974 975 
972 975 828 216 
973 804 808 976 
974 614 804 976 
975 977 623 402 
976 979 978 411 
977 811 978 979 
978 411 639 979 
979 979 639 638 
980 398 621 980 
981 980 621 620 
982 398 980 981 
983 981 980 812 
984 981 619 398 
985 640 812 982 
986 812 980 982 
987 153 397 983 
988 984 983 814 
989 640 811 985 
990 986 638 250 
991 986 984 814 
992 987 626 154 
993 624 626 987 
994 154 633 988 
995 988 633 632 
996 643 820 993 
997 993 990 643 
998 819 990 993 
999 994 820 404 
1000 404 628 994 
1001 994 628 624 
1002 995 822 408 
1003 815 988 998 
1004 999 824 823 
1005 999 992 642 
1006 816 992 999 
1007 999 996 816 
1008 823 996 999 
1009 1000 989 414 
1010 140 568 1001 
1011 140 1001 1005 
1012 1005 1001 826 
1013 1005 1004 562 
1014 1002 1004 1005 
1015 646 1002 1008 
1016 1008 1002 826 
1017 1009 827 646 
1018 646 1008 1009 
1019 1009 1008 830 
1020 1009 1007 829 
1021 830 1007 1009 
1022 1010 831 647 
1023 1010 1007 830 
1024 362 831 1011 
1025 1011 569 362 
1026 568 569 1011 
1027 521 836 1012 
1028 1012 838 329 
1029 836 838 1012 
1030 755 756 1013 
1031 332 755 1013 
1032 1013 528 332 
1033 1013 837 528 
1034 520 838 1014 
1035 1014 841 651 
1036 652 842 1015 
1037 651 840 1016 
1038 258 651 1016 
1039 536 845 1018 
1040 1018 759 536 
1041 1018 930 759 
1042 423 656 1019 
1043 656 846 1019 
1044 1019 655 423 
1045 1019 845 655 
1046 1020 847 518 
1047 196 847 1021 
1048 657 848 1021 
1049 1021 847 657 
1050 1021 512 196 
1051 1021 848 512 
1052 1022 851 431 
1053 1022 430 428 
1054 717 849 1023 
1055 1023 849 660 
1056 1023 660 427 
1057 665 852 1023 
1058 427 665 1023 
1059 1024 853 662 
1060 438 680 1025 
1061 1026 1025 680 
1062 854 1025 1026 
1063 1027 439 269 
1064 1027 1025 854 
1065 269 861 1027 
1066 439 1027 1028 
1067 1028 682 439 
1068 1029 858 267 
1069 445 858 1029 
1070 674 691 1029 
1071 267 674 1029 
1072 1030 860 316 
1073 316 916 1030 
1074 1030 916 505 
1075 1031 859 679 
1076 436 862 1031 
1077 1031 679 436 
1078 1032 865 686 
1079 686 865 1034 
1080 481 722 1035 
1081 866 1033 1035 
1082 863 866 1035 
1083 722 863 1035 
1084 1035 723 481 
1085 1035 1033 723 
1086 271 695 1036 
1087 442 871 1037 
1088 1037 685 442 
1089 687 868 1038 
1090 1041 1038 868 
1091 872 1038 1041 
1092 1039 873 688 
1093 1040 1039 688 
1094 1041 1039 872 
1095 873 1039 1041 
1096 874 877 1042 
1097 1042 877 663 
1098 663 850 1042 
1099 850 852 1043 
1100 875 1047 1048 
1101 1048 1047 876 
1102 876 1045 1049 
1103 1049 1048 876 
1104 1050 719 176 
1105 289 719 1050 
1106 687 1038 1051 
1107 1052 1051 878 
1108 878 1051 1053 
1109 1053 1038 872 
1110 1053 1051 1038 
1111 1054 1052 878 
1112 1055 1054 878 
1113 1056 879 673 
1114 692 880 1057 
1115 444 692 1057 
1116 446 882 1058 
1117 1059 883 445 
1118 445 1029 1059 
1119 1059 1029 691 
1120 1061 401 243 
1121 266 890 1062 
1122 1062 890 703 
1123 1062 447 112 
1124 112 266 1062 
1125 1062 697 447 
1126 1062 703 697 
1127 467 892 1063 
1128 1063 469 284 
1129 466 467 1063 
1130 284 466 1063 
1131 1063 897 469 
1132 892 897 1063 
1133 1064 892 467 
1134 460 891 1064 
1135 603 794 1065 
1136 1065 796 603 
1137 1069 463 43 
1138 1069 713 463 
1139 1069 896 713 
1140 1070 898 715 
1141 725 903 1070 
1142 292 725 1070 
1143 1070 715 292 
1144 687 867 1071 
1145 1071 868 687 
1146 1074 480 30 
1147 1074 724 480 
1148 1074 902 724 
1149 898 1070 1075 
1150 1075 1070 903 
1151 18 905 1076 
1152 1076 727 296 
1153 1076 905 727 
1154 17 18 1076 
1155 1077 905 904 
1156 727 905 1077 
1157 1077 726 489 
1158 1077 904 726 
1159 489 728 1077 
1160 1077 728 727 
1161 1078 740 500 
1162 738 913 1078 
1163 500 738 1078 
1164 1079 894 279 
1165 279 914 1079 
1166 310 501 1080 
1167 741 915 1080 
1168 501 741 1080 
1169 1082 920 514 
1170 1083 919 745 
1171 510 920 1083 
1172 1083 745 510 
1173 1085 922 516 
1174 516 749 1085 
1175 157 658 1087 
1176 1087 330 157 
1177 657 925 1088 
1178 425 657 1088 
1179 1088 924 425 
1180 331 525 1089 
1181 926 1089 1090 
1182 1090 1089 525 
1183 525 753 1090 
1184 331 1089 1091 
1185 554 935 1093 
1186 352 554 1093 
1187 1093 935 553 
1188 1094 765 554 
1189 345 939 1095 
1190 553 763 1095 
1191 1095 763 203 
1192 203 345 1095 
1193 1096 947 775 
1194 775 948 1096 
1195 772 947 1096 
1196 1096 940 772 
1197 1096 948 571 
1198 571 940 1096 
1199 1097 573 564 
1200 772 941 1098 
1201 575 772 1098 
1202 1099 768 537 
1203 339 945 1099 
1204 773 942 1100 
1205 1100 947 575 
1206 575 773 1100 
1207 583 949 1101 
1208 1101 578 368 
1209 221 583 1101 
1210 1101 368 221 
1211 1102 950 777 
1212 371 950 1103 
1213 950 1102 1103 
1214 1103 583 222 
1215 222 371 1103 
1216 1103 949 583 
1217 1103 1102 949 
1218 357 1004 1104 
1219 1104 359 357 
1220 779 952 1105 
1221 1105 782 585 
1222 1105 1003 782 
1223 952 1104 1105 
1224 1105 1104 1003 
1225 1107 954 585 
1226 1108 1124 645 
1227 1108 957 253 
1228 253 1124 1108 
1229 648 958 1109 
1230 1110 958 781 
1231 1110 1109 958 
1232 781 1107 1110 
1233 782 959 1110 
1234 1111 1006 415 
1235 827 1006 1111 
1236 1114 961 716 
1237 1115 790 595 
1238 1116 708 281 
1239 711 963 1116 
1240 281 711 1116 
1241 1117 964 792 
1242 1117 1067 964 
1243 386 796 1117 
1244 1117 792 386 
1245 895 1065 1118 
1246 1118 1065 794 
1247 794 966 1118 
1248 1119 967 795 
1249 603 798 1119 
1250 1119 795 603 
1251 149 967 1119 
1252 802 970 1120 
1253 1120 970 800 
1254 800 968 1120 
1255 609 968 1121 
1256 1121 591 37 
1257 1121 968 591 
1258 253 832 1122 
1259 1122 972 971 
1260 645 1124 1123 
1261 253 1122 1124 
1262 1124 1122 971 
1263 1125 832 648 
1264 1125 1122 832 
1265 972 1122 1125 
1266 805 974 1127 
1267 102 205 1127 
1268 205 393 1127 
1269 1127 360 102 
1270 1127 974 360 
1271 804 805 1127 
1272 393 804 1127 
1273 1128 975 805 
1274 614 973 1128 
1275 1128 805 614 
1276 803 973 1129 
1277 249 818 1131 
1278 1131 977 402 
1279 635 636 1132 
1280 252 635 1132 
1281 814 985 1133 
1282 1133 986 814 
1283 1133 985 811 
1284 811 979 1133 
1285 638 986 1133 
1286 1133 979 638 
1287 1134 978 811 
1288 640 982 1134 
1289 1134 811 640 
1290 617 806 1135 
1291 1135 983 397 
1292 397 617 1135 
1293 640 985 1136 
1294 1136 812 640 
1295 1136 981 812 
1296 1137 994 624 
1297 624 987 1137 
1298 1138 996 823 
1299 1138 997 414 
1300 414 996 1138 
1301 824 998 1139 
1302 1140 1004 1002 
1303 1140 1002 646 
1304 1003 1104 1140 
1305 1140 1104 1004 
1306 782 1003 1141 
1307 1141 959 782 
1308 646 827 1142 
1309 1142 1141 1003 
1310 1142 1140 646 
1311 1003 1140 1142 
1312 1111 1141 1142 
1313 827 1111 1142 
1314 828 975 1143 
1315 647 828 1143 
1316 1144 1008 826 
1317 826 1001 1144 
1318 1144 1010 830 
1319 830 1008 1144 
1320 1145 839 650 
1321 1145 927 839 
1322 837 1013 1145 
1323 650 837 1145 
1324 841 1014 1146 
1325 1146 1014 838 
1326 421 841 1146 
1327 1146 839 421 
1328 650 839 1146 
1329 1147 842 656 
1330 1147 1015 842 
1331 1147 656 423 
1332 840 1015 1147 
1333 841 843 1148 
1334 651 841 1148 
1335 652 1015 1148 
1336 1148 843 652 
1337 1148 840 651 
1338 1148 1015 840 
1339 1149 654 156 
1340 1149 1016 840 
1341 423 654 1149 
1342 1150 756 527 
1343 527 754 1150 
1344 1151 927 756 
1345 756 1150 1151 
1346 652 843 1152 
1347 1153 1152 1017 
1348 652 1152 1153 
1349 930 1018 1154 
1350 1154 1019 846 
1351 845 1019 1154 
1352 1154 1018 845 
1353 422 930 1154 
1354 1154 846 422 
1355 615 670 1155 
1356 1155 670 432 
1357 1155 1024 396 
1358 396 615 1155 
1359 853 1024 1155 
1360 1156 1026 680 
1361 1159 1158 435 
1362 435 1158 1160 
1363 1160 857 435 
1364 1162 1031 862 
1365 682 1028 1162 
1366 1162 862 682 
1367 1163 875 443 
1368 1164 1032 864 
1369 1164 864 291 
1370 291 482 1164 
1371 1165 720 290 
1372 723 1033 1165 
1373 290 723 1165 
1374 1166 865 443 
1375 868 1071 1166 
1376 901 1071 1167 
1377 1167 1071 867 
1378 867 1036 1167 
1379 161 685 1168 
1380 1168 428 161 
1381 1169 1041 868 
1382 1169 1166 443 
1383 868 1166 1169 
1384 873 1041 1169 
1385 665 851 1170 
1386 1170 852 665 
1387 1170 1043 852 
1388 1171 1044 689 
1389 1172 1037 871 
1390 1045 1046 1173 
1391 688 1045 1173 
1392 1173 869 688 
1393 1173 871 869 
1394 689 1044 1174 
1395 1175 1045 876 
1396 1175 1046 1045 
1397 1176 1049 873 
1398 443 875 1176 
1399 1176 1169 443 
1400 873 1169 1176 
1401 1048 1049 1176 
1402 875 1048 1176 
1403 867 1052 1177 
1404 1177 1057 880 
1405 1177 880 271 
1406 1054 1057 1177 
1407 1052 1054 1177 
1408 271 1036 1177 
1409 1177 1036 867 
1410 1178 1053 872 
1411 1039 1040 1178 
1412 872 1039 1178 
1413 1179 1055 690 
1414 1054 1055 1179 
1415 1180 1055 878 
1416 1180 870 441 
1417 1053 1178 1180 
1418 878 1053 1180 
1419 1181 1056 694 
1420 694 1056 1182 
1421 1182 673 20 
1422 1182 1056 673 
1423 879 1056 1183 
1424 1056 1181 1183 
1425 1183 1059 691 
1426 691 879 1183 
1427 700 1060 1184 
1428 1185 885 666 
1429 1185 666 400 
1430 888 1060 1185 
1431 400 888 1185 
1432 1060 887 1186 
1433 1188 1187 1066 
1434 1190 1065 895 
1435 895 1189 1190 
1436 1067 1117 1190 
1437 1067 1190 1191 
1438 1191 1189 1066 
1439 1191 1190 1189 
1440 1192 1116 963 
1441 964 1067 1192 
1442 1193 969 801 
1443 1068 1193 1194 
1444 1196 1195 1072 
1445 1198 1071 901 
1446 901 1197 1198 
1447 1198 1166 1071 
1448 1073 1166 1198 
1449 1072 1195 1199 
1450 1073 1198 1199 
1451 1199 1197 1072 
1452 1199 1198 1197 
1453 1200 1165 1033 
1454 1034 1073 1200 
1455 1073 1199 1200 
1456 1201 1058 882 
1457 1275 1201 1202 
1458 898 1075 1203 
1459 1204 1075 903 
1460 1204 1203 1075 
1461 740 1078 1205 
1462 1205 914 740 
1463 1205 1079 914 
1464 1206 1205 1078 
1465 1079 1205 1206 
1466 894 1079 1206 
1467 707 894 1206 
1468 310 1080 1207 
1469 1207 736 499 
1470 1208 1080 915 
1471 1208 1207 1080 
1472 1208 915 734 
1473 734 912 1208 
1474 736 1207 1208 
1475 1208 912 736 
1476 72 1081 1209 
1477 1209 749 70 
1478 70 72 1209 
1479 1210 1082 746 
1480 746 922 1210 
1481 922 1085 1210 
1482 919 1083 1211 
1483 1211 1209 1081 
1484 1212 1086 518 
1485 518 750 1212 
1486 1209 1211 1213 
1487 1082 1210 1213 
1488 920 1082 1213 
1489 749 1209 1213 
1490 926 1090 1214 
1491 1215 1214 1090 
1492 1215 753 522 
1493 1215 1090 753 
1494 1087 1214 1215 
1495 330 1087 1215 
1496 1215 522 330 
1497 523 1091 1216 
1498 1216 751 523 
1499 1091 1092 1216 
1500 1216 1092 752 
1501 752 1092 1217 
1502 1217 925 752 
1503 1217 1088 925 
1504 936 1094 1218 
1505 551 762 1218 
1506 553 1095 1219 
1507 1219 1095 939 
1508 1219 939 767 
1509 768 1099 1221 
1510 560 768 1221 
1511 1340 953 780 
1512 1340 1106 953 
1513 1222 1108 645 
1514 1223 1112 381 
1515 960 1112 1224 
1516 1112 1223 1224 
1517 598 960 1224 
1518 1224 788 598 
1519 1225 1112 960 
1520 784 1113 1226 
1521 474 784 1226 
1522 1227 1113 784 
1523 1227 1225 1113 
1524 785 961 1228 
1525 600 790 1229 
1526 895 1118 1230 
1527 1230 1193 1068 
1528 610 969 1231 
1529 1231 1230 1118 
1530 1231 966 610 
1531 1231 1118 966 
1532 1193 1230 1231 
1533 969 1193 1231 
1534 1232 609 389 
1535 389 969 1232 
1536 1232 969 610 
1537 1234 1125 648 
1538 648 1109 1234 
1539 1234 1109 833 
1540 1236 833 415 
1541 1236 1235 1126 
1542 1006 1235 1236 
1543 415 1006 1236 
1544 972 1125 1237 
1545 1125 1234 1237 
1546 1237 1234 833 
1547 1238 1128 973 
1548 972 1237 1238 
1549 1238 1237 1126 
1550 803 1129 1239 
1551 1239 1123 803 
1552 1240 818 643 
1553 1130 1240 1241 
1554 977 1131 1242 
1555 1242 1240 1130 
1556 818 1240 1242 
1557 1242 1131 818 
1558 1243 1134 982 
1559 1244 1135 806 
1560 1244 806 618 
1561 631 1106 1245 
1562 1295 1246 1247 
1563 1249 988 632 
1564 1249 998 988 
1565 1249 1139 998 
1566 1016 1149 156 
1567 1017 1152 1250 
1568 1250 1152 843 
1569 927 1151 1250 
1570 1250 1151 1017 
1571 421 927 1250 
1572 1250 843 421 
1573 1251 1153 1017 
1574 1017 1151 1251 
1575 1251 1151 1150 
1576 1251 1150 133 
1577 133 420 1251 
1578 1251 420 844 
1579 844 1153 1251 
1580 1252 1156 860 
1581 860 1030 1252 
1582 854 1026 1253 
1583 1255 1253 1157 
1584 743 917 1256 
1585 917 1254 1256 
1586 1256 1254 1157 
1587 1257 1252 1030 
1588 1257 1256 1157 
1589 1157 1253 1257 
1590 1257 1253 1252 
1591 1258 1159 675 
1592 675 859 1258 
1593 1259 1161 1158 
1594 1158 1159 1259 
1595 875 1163 1260 
1596 1260 1047 875 
1597 1261 1164 482 
1598 289 1050 1261 
1599 1261 482 289 
1600 901 1167 1262 
1601 695 1058 1263 
1602 1263 1262 1167 
1603 1263 1036 695 
1604 1263 1167 1036 
1605 1201 1262 1263 
1606 1058 1201 1263 
1607 1046 1175 1265 
1608 1265 1172 1046 
1609 1047 1174 1266 
1610 1266 1175 876 
1611 876 1047 1266 
1612 1267 690 162 
1613 1267 1179 690 
1614 444 1179 1267 
1615 162 436 1267 
1616 1268 1183 1181 
1617 695 883 1268 
1618 1268 1181 446 
1619 1059 1183 1268 
1620 883 1059 1268 
1621 696 886 1269 
1622 1269 1061 696 
1623 1269 1186 1061 
1624 1269 701 451 
1625 1269 886 701 
1626 31 1188 709 
1627 708 1116 1270 
1628 1116 1192 1270 
1629 1271 1189 895 
1630 895 1230 1271 
1631 1271 1230 1068 
1632 1272 1271 1068 
1633 1068 1194 1272 
1634 720 1165 1273 
1635 1165 1200 1273 
1636 1273 1195 479 
1637 479 720 1273 
1638 1273 1199 1195 
1639 1273 1200 1199 
1640 1274 1197 901 
1641 901 1262 1274 
1642 472 1203 1276 
1643 34 472 1276 
1644 1203 1204 1276 
1645 1276 484 34 
1646 1276 1204 484 
1647 1277 913 498 
1648 1277 498 307 
1649 1277 1078 913 
1650 1277 1206 1078 
1651 707 1206 1277 
1652 307 707 1277 
1653 1279 1084 921 
1654 1279 1278 1212 
1655 1279 1212 750 
1656 750 1084 1279 
1657 1280 1214 1087 
1658 1280 1217 1214 
1659 774 1220 1281 
1660 1281 1097 215 
1661 215 358 1281 
1662 947 1100 1282 
1663 775 947 1282 
1664 942 1221 1282 
1665 1282 1100 942 
1666 1282 945 775 
1667 1282 1099 945 
1668 1282 1221 1099 
1669 1112 1225 1283 
1670 1225 1227 1283 
1671 381 1112 1283 
1672 1283 783 381 
1673 1283 1227 592 
1674 592 783 1283 
1675 474 1226 1284 
1676 1284 1114 474 
1677 960 1229 1285 
1678 1285 1225 960 
1679 1113 1225 1285 
1680 1115 1228 1286 
1681 829 1007 1287 
1682 1288 1239 1129 
1683 1130 1241 1288 
1684 976 1130 1288 
1685 1288 1129 976 
1686 1288 1241 1233 
1687 1233 1239 1288 
1688 1289 1240 643 
1689 643 990 1289 
1690 1289 990 817 
1691 1289 1241 1240 
1692 1290 1000 825 
1693 1233 1241 1290 
1694 825 1233 1290 
1695 1290 1289 817 
1696 1241 1289 1290 
1697 989 1000 1290 
1698 817 989 1290 
1699 1291 1242 1130 
1700 977 1242 1291 
1701 808 977 1291 
1702 1291 976 808 
1703 1291 1130 976 
1704 1292 1243 813 
1705 252 1132 1292 
1706 1292 413 252 
1707 1293 1136 985 
1708 1293 985 814 
1709 814 983 1293 
1710 1135 1244 1293 
1711 983 1135 1293 
1712 957 1108 1294 
1713 1108 1222 1294 
1714 1247 1318 1296 
1715 1296 1138 823 
1716 822 995 1297 
1717 1139 1249 1298 
1718 644 1139 1298 
1719 1298 821 644 
1720 409 821 1298 
1721 857 1160 1299 
1722 1299 1254 677 
1723 677 857 1299 
1724 1160 1255 1299 
1725 1161 854 1253 
1726 1253 1255 1161 
1727 1256 1257 1300 
1728 743 1256 1300 
1729 505 743 1300 
1730 1300 1030 505 
1731 1300 1257 1030 
1732 1031 1162 1301 
1733 1301 1258 859 
1734 859 1031 1301 
1735 1302 1162 1028 
1736 1302 1301 1162 
1737 1258 1301 1302 
1738 1303 1260 1163 
1739 1164 1261 1303 
1740 689 1260 1303 
1741 1303 1171 689 
1742 1043 1170 1304 
1743 851 1022 1305 
1744 1305 1170 851 
1745 1305 1304 1170 
1746 1264 1304 1305 
1747 1264 1305 1306 
1748 428 1168 1306 
1749 1175 1266 1308 
1750 1308 1265 1175 
1751 1187 1270 1309 
1752 1309 1270 1192 
1753 1309 1191 1066 
1754 1066 1187 1309 
1755 1271 1272 1310 
1756 1189 1271 1310 
1757 1066 1189 1310 
1758 1310 1188 1066 
1759 1274 1275 1311 
1760 1197 1274 1311 
1761 1072 1197 1311 
1762 1311 1196 1072 
1763 1311 1275 1196 
1764 1278 1279 1312 
1765 747 1278 1312 
1766 514 747 1312 
1767 1312 921 746 
1768 1312 1279 921 
1769 1097 1281 1313 
1770 1313 1220 1098 
1771 1313 1281 1220 
1772 1313 1098 941 
1773 1114 1284 1314 
1774 1314 1286 1228 
1775 1314 1228 961 
1776 961 1114 1314 
1777 1315 1285 1229 
1778 1316 1287 1007 
1779 647 1143 1316 
1780 1243 1292 1317 
1781 1134 1243 1317 
1782 1317 1292 1132 
1783 978 1134 1317 
1784 1246 1294 1318 
1785 1318 1247 1246 
1786 1318 1294 1222 
1787 1319 1107 781 
1788 957 1294 1320 
1789 1320 1294 1246 
1790 956 957 1321 
1791 781 956 1321 
1792 957 1320 1321 
1793 1322 1319 1321 
1794 1322 1246 1295 
1795 1322 1320 1246 
1796 1321 1320 1322 
1797 1323 1296 823 
1798 644 1248 1323 
1799 1247 1296 1323 
1800 1324 1297 995 
1801 631 1245 1324 
1802 1324 995 631 
1803 1248 1297 1324 
1804 1295 1248 1324 
1805 1245 1295 1324 
1806 854 1161 1325 
1807 1325 1302 1028 
1808 1259 1302 1325 
1809 1161 1259 1325 
1810 1327 1266 1174 
1811 1327 1174 1044 
1812 874 1307 1327 
1813 1327 1044 874 
1814 1328 1304 1264 
1815 1043 1304 1329 
1816 1329 1307 874 
1817 1304 1328 1329 
1818 1329 1328 1307 
1819 1042 1043 1329 
1820 874 1042 1329 
1821 1330 1327 1307 
1822 1266 1327 1330 
1823 1330 1308 1266 
1824 1285 1315 1331 
1825 1331 1284 1226 
1826 1113 1285 1331 
1827 1331 1226 1113 
1828 1331 1315 1286 
1829 1332 1316 1143 
1830 1287 1316 1332 
1831 1235 1287 1332 
1832 1332 1238 1126 
1833 1126 1235 1332 
1834 1128 1238 1332 
1835 1107 1319 1333 
1836 954 1107 1333 
1837 1333 1340 780 
1838 780 954 1333 
1839 1172 1265 1334 
1840 1037 1172 1334 
1841 1265 1308 1335 
1842 1335 1334 1265 
1843 1326 1334 1335 
1844 1308 1330 1335 
1845 1037 1334 1336 
1846 1336 1334 1326 
1847 1336 1168 685 
1848 685 1037 1336 
1849 1307 1328 1337 
1850 1337 1330 1307 
1851 1326 1335 1337 
1852 1337 1335 1330 
1853 1338 1322 1295 
1854 1338 1295 1245 
1855 1338 1333 1319 
1856 1319 1322 1338 
1857 1339 1337 1328 
1858 1326 1337 1339 
1859 1339 1336 1326 
1860 1339 1328 1264 
1861 1264 1306 1339 
1862 1333 1338 1340 
1863 1340 1338 1245 
1864 82 124 80 
1865 320 325 125 
1866 325 320 98 
1867 85 376 107 
1868 318 166 93 
1869 324 322 192 
1870 322 324 126 
1871 135 210 211 
1872 210 135 205 
1873 368 220 221 
1874 220 368 213 
1875 375 226 228 
1876 226 375 246 
1877 226 207 228 
1878 207 226 89 
1879 235 1119 237 
1880 1119 235 149 
1881 204 241 242 
1882 241 204 89 
1883 1061 151 244 
1884 151 1061 243 
1885 580 520 258 
1886 520 580 110 
1887 1016 581 258 
1888 581 1016 156 
1889 262 259 260 
1890 259 262 157 
1891 426 218 141 
1892 266 268 270 
1893 268 266 112 
1894 306 712 280 
1895 712 306 118 
1896 282 714 283 
1897 714 282 174 
1898 482 596 119 
1899 291 725 292 
1900 725 291 177 
1901 122 298 295 
1902 298 122 16 
1903 298 1076 296 
1904 1076 298 17 
1905 180 487 294 
1906 296 295 298 
1907 295 296 180 
1908 504 502 315 
1909 502 504 19 
1910 681 729 317 
1911 68 659 69 
1912 532 194 328 
1913 194 532 130 
1914 204 211 348 
1915 211 204 135 
1916 550 127 350 
1917 127 550 131 
1918 550 551 351 
1919 551 550 212 
1920 104 426 220 
1921 967 601 382 
1922 601 967 149 
1923 135 242 393 
1924 242 135 204 
1925 244 241 395 
1926 241 244 151 
1927 1292 150 413 
1928 155 370 416 
1929 370 155 255 
1930 846 649 422 
1931 649 846 257 
1932 584 225 372 
1933 269 684 440 
1934 684 269 439 
1935 273 698 166 
1936 698 697 449 
1937 116 457 456 
1938 457 116 278 
1939 458 891 460 
1940 891 458 279 
1941 714 710 469 
1942 710 714 174 
1943 716 471 473 
1944 471 716 286 
1945 849 611 94 
1946 483 903 293 
1947 313 182 490 
1948 182 313 301 
1949 300 311 490 
1950 311 300 48 
1951 493 263 158 
1952 735 499 497 
1953 735 1207 499 
1954 1207 735 310 
1955 737 741 501 
1956 741 737 47 
1957 742 315 502 
1958 315 742 314 
1959 121 318 188 
1960 530 198 510 
1961 198 530 333 
1962 327 748 517 
1963 748 327 515 
1964 328 197 519 
1965 197 328 100 
1966 1012 522 521 
1967 522 1012 329 
1968 755 197 527 
1969 197 755 526 
1970 537 344 544 
1971 344 537 542 
1972 543 343 544 
1973 137 208 548 
1974 208 137 103 
1975 350 128 548 
1976 128 350 99 
1977 1093 555 352 
1978 353 834 556 
1979 834 353 419 
1980 340 560 561 
1981 560 340 539 
1982 770 1097 564 
1983 1097 770 215 
1984 562 565 563 
1985 214 356 566 
1986 356 214 213 
1987 568 363 569 
1988 365 366 577 
1989 366 365 217 
1990 146 587 588 
1991 587 146 375 
1992 590 783 593 
1993 783 590 381 
1994 788 594 234 
1995 1223 380 594 
1996 380 1223 381 
1997 465 377 605 
1998 377 465 172 
1999 39 1121 37 
2000 1121 607 609 
2001 607 1121 39 
2002 391 476 613 
2003 406 624 628 
2004 624 406 626 
2005 405 407 630 
2006 407 405 250 
2007 148 1106 631 
2008 1106 148 379 
2009 233 408 108 
2010 995 233 631 
2011 233 995 408 
2012 258 1014 651 
2013 1014 258 520 
2014 616 1024 662 
2015 1024 616 396 
2016 617 429 668 
2017 429 617 397 
2018 429 667 668 
2019 1159 676 675 
2020 676 1159 435 
2021 855 856 677 
2022 856 855 21 
2023 862 162 682 
2024 162 862 436 
2025 28 1182 20 
2026 1182 28 694 
2027 164 143 90 
2028 891 461 706 
2029 461 891 279 
2030 468 281 713 
2031 281 468 711 
2032 473 1114 716 
2033 1114 473 474 
2034 681 906 729 
2035 906 681 121 
2036 489 317 729 
2037 317 489 726 
2038 491 907 731 
2039 907 491 730 
2040 189 303 731 
2041 303 189 57 
2042 308 909 733 
2043 909 308 492 
2044 910 263 733 
2045 263 910 55 
2046 301 912 734 
2047 912 301 495 
2048 23 917 743 
2049 917 23 24 
2050 918 191 745 
2051 191 918 321 
2052 935 763 553 
2053 538 561 769 
2054 561 538 340 
2055 556 538 769 
2056 538 556 92 
2057 574 563 565 
2058 1102 951 419 
2059 951 1102 777 
2060 605 792 799 
2061 792 605 386 
2062 393 394 804 
2063 394 393 242 
2064 247 618 806 
2065 618 247 615 
2066 621 611 391 
2067 639 626 406 
2068 1000 997 825 
2069 997 1000 414 
2070 1147 1149 840 
2071 1149 1147 423 
2072 842 1153 844 
2073 1153 842 652 
2074 256 655 845 
2075 655 256 418 
2076 669 661 853 
2077 661 669 431 
2078 1040 869 870 
2079 869 1040 688 
2080 1069 466 896 
2081 466 1069 42 
2082 892 893 897 
2083 893 892 706 
2084 1203 285 898 
2085 285 1203 472 
2086 390 718 899 
2087 718 390 288 
2088 718 787 899 
2089 787 718 477 
2090 1074 483 902 
2091 483 1204 903 
2092 1204 483 484 
2093 503 726 904 
2094 726 503 187 
2095 730 186 907 
2096 186 730 313 
2097 741 299 915 
2098 299 741 46 
2099 746 327 922 
2100 327 746 921 
2101 132 1086 923 
2102 1086 132 751 
2103 1278 335 923 
2104 335 1278 747 
2105 534 934 932 
2106 340 540 933 
2107 540 340 538 
2108 347 1094 936 
2109 1094 347 765 
2110 200 337 938 
2111 337 200 100 
2112 364 573 941 
2113 573 364 574 
2114 354 1221 942 
2115 944 558 943 
2116 134 946 945 
2117 946 134 366 
2118 385 1229 960 
2119 1229 385 600 
2120 793 602 964 
2121 602 793 791 
2122 808 623 977 
2123 623 808 243 
2124 636 411 978 
2125 411 636 637 
2126 620 982 980 
2127 984 153 983 
2128 153 984 405 
2129 815 154 988 
2130 154 815 987 
2131 817 819 992 
2132 819 817 990 
2133 816 817 992 
2134 817 816 989 
2135 642 815 998 
2136 815 642 991 
2137 642 824 999 
2138 824 642 998 
2139 357 562 1004 
2140 562 357 565 
2141 826 1002 1005 
2142 562 140 1005 
2143 140 562 563 
2144 829 827 1009 
2145 827 829 1006 
2146 756 1145 1013 
2147 1145 756 927 
2148 431 430 1022 
2149 852 717 1023 
2150 717 852 850 
2151 861 1025 1027 
2152 1025 861 438 
2153 686 864 1032 
2154 864 686 863 
2155 866 686 1034 
2156 686 866 863 
2157 850 1043 1042 
2158 1172 1173 1046 
2159 1173 1172 871 
2160 1260 1174 1047 
2161 1174 1260 689 
2162 1052 687 1051 
2163 687 1052 867 
2164 1186 401 1061 
2165 401 1186 887 
2166 658 1280 1087 
2167 1280 658 924 
2168 419 949 1102 
2169 949 419 776 
2170 952 359 1104 
2171 359 952 214 
2172 585 779 1105 
2173 779 585 954 
2174 379 953 1106 
2175 959 1109 1110 
2176 1109 959 833 
2177 415 1141 1111 
2178 1141 415 959 
2179 798 237 1119 
2180 237 798 604 
2181 993 994 1137 
2182 994 993 820 
2183 987 991 1137 
2184 991 987 815 
2185 1001 1011 1144 
2186 1011 1001 568 
2187 432 853 1155 
2188 853 432 669 
2189 1073 865 1166 
2190 865 1073 1034 
2191 441 1055 1180 
2192 1055 441 690 
2193 1067 1309 1192 
2194 1309 1067 1191 
2195 801 1194 1193 
2196 1194 801 608 
2197 882 1202 1201 
2198 1202 882 693 
2199 1211 920 1213 
2200 920 1211 1083 
2201 752 751 1216 
2202 751 752 1020 
2203 1115 785 1228 
2204 785 1115 595 
2205 973 972 1238 
2206 972 973 803 
2207 1106 1340 1245 
2208 632 1298 1249 
2209 1298 632 409 
2210 1157 1299 1255 
2211 1299 1157 1254 
2212 451 1186 1269 
2213 1194 709 1272 
2214 790 1315 1229 
2215 1235 829 1287 
2216 829 1235 1006 
2217 1244 1136 1293 
2218 1136 1244 981 
2219 1259 1258 1302 
2220 1258 1259 1159 
2221 1171 1050 877 
2222 1261 1171 1303 
2223 1171 1261 1050 
2224 1022 1306 1305 
2225 1306 1022 428 
2226 781 1321 1319 
2227 1143 1128 1332 
2228 1128 1143 975 
2229 1339 1168 1336 
2230 1168 1339 1306 
2231 183 59 184 
2232 59 183 303 
2233 219 63 367 
2234 63 219 218 
2235 416 367 254 
2236 367 416 579 
2237 535 92 417 
2238 92 535 540 
2239 595 475 785 
2240 475 595 175 
2241 694 446 1181 
2242 446 694 28 
2243 105 699 245 
2244 750 513 1084 
2245 863 177 864 
2246 177 863 722 
2247 981 618 619 
2248 618 981 1244 
2249 1020 925 847 
2250 925 1020 752 
2251 1272 1188 1310 
2252 1188 1272 709 
2253 99 97 129 
2254 97 99 127 
2255 321 192 191 
2256 192 321 76 
2257 659 748 326 
2258 748 659 68 
2259 242 151 394 
2260 151 242 241 
2261 277 278 454 
2262 278 277 168 
2263 495 120 494 
2264 120 495 301 
2265 109 887 622 
2266 887 109 401 
2267 424 924 658 
2268 924 424 425 
2269 1268 1058 695 
2270 1058 1268 446 
2271 664 476 717 
2272 476 664 287 
2273 492 497 732 
2274 497 492 185 
2275 1082 1312 746 
2276 1312 1082 514 
2277 196 513 750 
2278 513 196 512 
2279 938 1219 767 
2280 1219 938 555 
2281 604 377 797 
2282 377 604 605 
2283 409 251 821 
2284 251 409 412 
2285 1323 1139 644 
2286 1064 706 892 
2287 706 1064 891 
2288 855 1254 917 
2289 1254 855 677 
2290 1220 558 944 
2291 558 1220 774 
2292 776 1101 949 
2293 1101 776 578 
2294 620 1243 982 
2295 1243 620 813 
2296 467 460 1064 
2297 460 467 44 
2298 443 1032 1163 
2299 1032 443 865 
2300 1280 1088 1217 
2301 1088 1280 924 
2302 762 936 1218 
2303 936 762 547 
2304 1315 1115 1286 
2305 1115 1315 790 
2306 1286 1284 1331 
2307 1284 1286 1314 
2308 314 860 506 
2309 860 314 316 
2310 210 347 936 
2311 347 210 205 
2312 1223 788 1224 
2313 788 1223 594 
2314 462 1188 31 
2315 1188 462 1187 
2316 111 173 493 
2317 173 111 159 
2318 420 545 336 
2319 545 420 133 
2320 179 487 178 
2321 487 179 294 
2322 524 533 526 
2323 533 524 132 
2324 361 365 577 
2325 365 361 216 
2326 787 384 597 
2327 384 787 477 
2328 478 612 613 
2329 612 478 288 
2330 391 620 621 
2331 620 391 612 
2332 407 403 630 
2333 403 407 249 
2334 684 268 440 
2335 268 684 437 
2336 704 84 275 
2337 84 704 376 
2338 725 722 486 
2339 722 725 177 
2340 290 480 724 
2341 480 290 720 
2342 493 308 733 
2343 308 493 173 
2344 505 23 743 
2345 23 505 22 
2346 546 344 760 
2347 344 546 543 
2348 343 763 764 
2349 355 558 774 
2350 558 355 557 
2351 1050 663 877 
2352 663 1050 176 
2353 946 217 948 
2354 217 946 366 
2355 832 957 956 
2356 957 832 253 
2357 970 234 606 
2358 234 970 388 
2359 250 984 986 
2360 984 250 405 
2361 819 642 992 
2362 642 819 991 
2363 414 816 996 
2364 816 414 989 
2365 744 1211 1081 
2366 1211 744 919 
2367 1081 73 744 
2368 73 1081 72 
2369 1220 575 1098 
2370 575 1220 944 
2371 1124 803 1123 
2372 803 1124 971 
2373 991 993 1137 
2374 993 991 819 
2375 1011 1010 1144 
2376 1010 1011 831 
2377 754 133 1150 
2378 133 754 338 
2379 1303 1032 1164 
2380 1032 1303 1163 
2381 1186 1184 1060 
2382 1184 1186 451 
2383 1196 479 1195 
2384 479 1196 721 
2385 1278 1086 1212 
2386 1086 1278 923 
2387 1232 802 1120 
2388 802 1232 610 
2389 1120 609 1232 
2390 609 1120 968 
2391 825 645 1233 
2392 645 825 1222 
2393 1237 1236 1126 
2394 1236 1237 833 
2395 1160 1161 1255 
2396 1161 1160 1158 
2397 1201 1274 1262 
2398 1274 1201 1275 
2399 823 1139 1323 
2400 1139 823 824 
2401 1295 1323 1248 
2402 1323 1295 1247 
2403 155 66 260 
2404 66 155 254 
2405 166 163 273 
2406 163 166 318 
2407 299 48 300 
2408 48 299 46 
2409 312 49 123 
2410 49 312 311 
2411 329 259 330 
2412 259 329 110 
2413 336 199 653 
2414 199 336 346 
2415 338 200 767 
2416 200 338 754 
2417 346 203 546 
2418 203 346 345 
2419 360 216 361 
2420 216 360 974 
2421 368 139 356 
2422 139 368 578 
2423 388 238 387 
2424 238 388 802 
2425 402 249 1131 
2426 249 402 403 
2427 426 264 218 
2428 264 426 584 
2429 584 104 225 
2430 104 584 426 
2431 430 265 884 
2432 265 430 431 
2433 444 436 881 
2434 436 444 1267 
2435 474 36 784 
2436 36 474 35 
2437 477 236 384 
2438 236 477 786 
2439 479 30 480 
2440 30 479 29 
2441 487 297 488 
2442 297 487 180 
2443 518 751 1020 
2444 751 518 1086 
2445 523 331 1091 
2446 331 523 524 
2447 543 763 343 
2448 763 543 203 
2449 555 553 1219 
2450 553 555 1093 
2451 581 371 582 
2452 371 581 950 
2453 589 373 955 
2454 373 589 104 
2455 601 598 382 
2456 598 601 385 
2457 635 634 410 
2458 634 635 809 
2459 885 667 429 
2460 667 885 265 
2461 670 617 668 
2462 617 670 247 
2463 697 273 447 
2464 273 697 698 
2465 701 274 449 
2466 274 701 886 
2467 703 700 1184 
2468 700 703 889 
2469 740 41 739 
2470 41 740 459 
2471 771 574 364 
2472 574 771 563 
2473 784 592 1227 
2474 592 784 36 
2475 786 600 236 
2476 600 786 383 
2477 807 621 398 
2478 621 807 611 
2479 810 639 411 
2480 639 810 626 
2481 838 650 1146 
2482 650 838 836 
2483 916 22 505 
2484 22 916 15 
2485 919 509 918 
2486 509 919 744 
2487 921 513 515 
2488 513 921 1084 
2489 935 764 763 
2490 764 935 937 
2491 354 560 1221 
2492 560 354 561 
2493 976 973 614 
2494 973 976 1129 
2495 1007 647 1316 
2496 647 1007 1010 
2497 1028 854 1325 
2498 854 1028 1027 
2499 1045 873 1049 
2500 873 1045 688 
2501 1054 444 1057 
2502 444 1054 1179 
2503 1060 885 1185 
2504 885 1060 700 
2505 1091 926 1092 
2506 926 1091 1089 
2507 1097 941 573 
2508 941 1097 1313 
2509 1117 1065 1190 
2510 1065 1117 796 
2511 1132 978 1317 
2512 978 1132 636 
2513 1180 1040 870 
2514 1040 1180 1178 
2515 1192 793 964 
2516 793 1192 963 
2517 1200 866 1034 
2518 866 1200 1033 
2519 1213 1085 749 
2520 1085 1213 1210 
2521 1218 554 352 
2522 554 1218 1094 
2523 1222 997 1318 
2524 997 1222 825 
2525 1233 1123 1239 
2526 1123 1233 645 
2527 1248 822 1297 
2528 1253 1156 1252 
2529 1156 1253 1026 
2530 1281 355 774 
2531 355 1281 358 
2532 1292 390 150 
2533 390 1292 813 
2534 1318 1138 1296 
2535 1138 1318 997 
2536 208 206 209 
2537 206 208 103 
2538 370 222 416 
2539 222 370 371 
2540 483 14 484 
2541 14 483 1074 
2542 507 318 121 
2543 318 507 163 
2544 537 339 1099 
2545 339 537 544 
2546 551 352 552 
2547 352 551 1218 
2548 590 38 591 
2549 38 590 593 
2550 699 164 113 
2551 703 451 702 
2552 451 703 1184 
2553 748 71 517 
2554 71 748 68 
2555 860 680 506 
2556 680 860 1156 
2557 953 232 378 
2558 232 953 379 
2559 1107 782 1110 
2560 782 1107 585 
2561 1171 874 1044 
2562 874 1171 877 
2563 1194 40 709 
2564 40 1194 608 
2565 1202 27 721 
2566 27 1202 693 
2567 1275 721 1196 
2568 721 1275 1202 
2569 97 82 129 
2570 82 97 124 
2571 145 106 454 
2572 146 105 227 
2573 105 146 143 
2574 611 476 391 
2575 476 611 849 
2576 1214 1092 926 
2577 1092 1214 1217 
2578 1270 462 708 
2579 462 1270 1187 
2580 1248 821 822 
2581 821 1248 644 
2582 146 106 145 
2583 106 146 588 
2584 699 143 164 
2585 143 699 105 
2586 40 50 709 
2587 50 31 709 
2588 43 51 1069 
2589 51 42 1069 
2590 30 52 1074 
2591 52 14 1074 
vertexCoord 
1 1.000000 1.000000 
2 0.000000 1.000000 
3 1.000000 0.000000 
4 0.000000 0.000000 
5 1.000000 0.500065 
6 1.000000 0.200081 
7 1.000000 0.100098 
8 1.000000 0.300066 
9 1.000000 0.400052 
10 1.000000 0.700072 
11 1.000000 0.600068 
12 1.000000 0.800062 
13 1.000000 0.900052 
14 0.497291 1.000000 
15 0.754982 1.000000 
16 0.932970 1.000000 
17 0.870440 1.000000 
18 0.816909 1.000000 
19 0.784041 1.000000 
20 0.627918 1.000000 
21 0.689435 1.000000 
22 0.735006 1.000000 
23 0.717971 1.000000 
24 0.703703 1.000000 
25 0.651469 1.000000 
26 0.674883 1.000000 
27 0.580885 1.000000 
28 0.603748 1.000000 
29 0.558350 1.000000 
30 0.536469 1.000000 
31 0.245427 1.000000 
32 0.378981 1.000000 
33 0.453169 1.000000 
34 0.476827 1.000000 
35 0.429511 1.000000 
36 0.404218 1.000000 
37 0.329922 1.000000 
38 0.354451 1.000000 
39 0.306100 1.000000 
40 0.285235 1.000000 
41 0.125429 1.000000 
42 0.195476 1.000000 
43 0.227372 1.000000 
44 0.172667 1.000000 
45 0.149048 1.000000 
46 0.075715 1.000000 
47 0.101001 1.000000 
48 0.050472 1.000000 
49 0.025236 1.000000 
50 0.265331 1.000000 
51 0.214185 1.000000 
52 0.517755 1.000000 
53 0.000000 0.532784 
54 0.000000 0.734241 
55 0.000000 0.856413 
56 0.000000 0.920907 
57 0.000000 0.966611 
58 0.000000 0.982535 
59 0.000000 0.947186 
60 0.000000 0.894628 
61 0.000000 0.801095 
62 0.000000 0.662935 
63 0.000000 0.597860 
64 0.000000 0.258750 
65 0.000000 0.404269 
66 0.000000 0.482833 
67 0.000000 0.434409 
68 0.000000 0.347727 
69 0.000000 0.375998 
70 0.000000 0.305736 
71 0.000000 0.325383 
72 0.000000 0.291437 
73 0.000000 0.277320 
74 0.000000 0.137226 
75 0.000000 0.208414 
76 0.000000 0.236851 
77 0.000000 0.179977 
78 0.000000 0.072863 
79 0.500000 0.000000 
80 0.200072 0.000000 
81 0.100036 0.000000 
82 0.300103 0.000000 
83 0.400052 0.000000 
84 0.700049 0.000000 
85 0.600024 0.000000 
86 0.800041 0.000000 
87 0.900021 0.000000 
88 0.496152 0.187544 
89 0.506766 0.493110 
90 0.819009 0.468735 
91 0.216837 0.199215 
92 0.200399 0.498687 
93 0.828846 0.779840 
94 0.501583 0.795540 
95 0.205623 0.800387 
96 0.077006 0.054483 
97 0.246181 0.125497 
98 0.153594 0.163358 
99 0.336491 0.167979 
100 0.185995 0.342751 
101 0.452418 0.089830 
102 0.354995 0.499171 
103 0.515907 0.351151 
104 0.184176 0.650383 
105 0.669561 0.501533 
106 0.655293 0.329980 
107 0.542111 0.086348 
108 0.348216 0.827238 
109 0.505753 0.660407 
110 0.094201 0.460136 
111 0.099810 0.777287 
112 0.657325 0.804187 
113 0.796249 0.623930 
114 0.918834 0.077943 
115 0.905754 0.533178 
116 0.889462 0.345334 
117 0.909069 0.734051 
118 0.153215 0.874893 
119 0.452209 0.890536 
120 0.043403 0.960378 
121 0.762161 0.868150 
122 0.944658 0.941311 
123 0.011238 0.988479 
124 0.179386 0.062777 
125 0.058589 0.177067 
126 0.066653 0.214130 
127 0.292974 0.212551 
128 0.419311 0.174182 
129 0.356881 0.090906 
130 0.207061 0.260162 
131 0.260750 0.263937 
132 0.089696 0.344971 
133 0.189012 0.416175 
134 0.277179 0.504039 
135 0.428108 0.496753 
136 0.496704 0.428689 
137 0.507798 0.293188 
138 0.434101 0.415248 
139 0.198626 0.579826 
140 0.272695 0.573909 
141 0.104934 0.607401 
142 0.184487 0.720474 
143 0.728126 0.485927 
144 0.578857 0.254720 
145 0.739358 0.404580 
146 0.650016 0.419169 
147 0.567325 0.330511 
148 0.280909 0.786558 
149 0.355305 0.888687 
150 0.426534 0.798467 
151 0.500938 0.571091 
152 0.586174 0.557569 
153 0.494551 0.722614 
154 0.424343 0.724715 
155 0.049101 0.487771 
156 0.148240 0.483390 
157 0.051237 0.422702 
158 0.044446 0.785878 
159 0.159226 0.792856 
160 0.055297 0.725052 
161 0.576274 0.803052 
162 0.651014 0.900963 
163 0.720698 0.798471 
164 0.809867 0.552875 
165 0.816756 0.700578 
166 0.759080 0.739820 
167 0.828820 0.072304 
168 0.791277 0.218470 
169 0.906500 0.444647 
170 0.899426 0.631829 
171 0.158028 0.953904 
172 0.178220 0.836484 
173 0.128909 0.832819 
174 0.196845 0.940067 
175 0.459264 0.949238 
176 0.483588 0.843000 
177 0.500571 0.940521 
178 0.843705 0.829573 
179 0.909389 0.791922 
180 0.871622 0.896883 
181 0.942320 0.870249 
182 0.054024 0.977237 
183 0.018475 0.953687 
184 0.019024 0.935471 
185 0.117873 0.930518 
186 0.033326 0.977947 
187 0.754561 0.944565 
188 0.795709 0.843505 
189 0.008978 0.976908 
190 0.040290 0.134825 
191 0.028890 0.248344 
192 0.019975 0.225091 
193 0.161875 0.220517 
194 0.196990 0.304941 
195 0.237830 0.308184 
196 0.047127 0.347773 
197 0.155576 0.346139 
198 0.065813 0.273960 
199 0.201290 0.460173 
200 0.205247 0.378105 
201 0.234534 0.494761 
202 0.312155 0.494291 
203 0.234376 0.453070 
204 0.467603 0.494861 
205 0.388988 0.498361 
206 0.502164 0.393087 
207 0.513690 0.458907 
208 0.456144 0.358340 
209 0.472107 0.409954 
210 0.396273 0.464483 
211 0.431968 0.458434 
212 0.370021 0.319290 
213 0.191636 0.620466 
214 0.217954 0.614364 
215 0.228518 0.579312 
216 0.321837 0.536065 
217 0.279128 0.534460 
218 0.060611 0.628983 
219 0.062421 0.587330 
220 0.152402 0.617002 
221 0.137942 0.586816 
222 0.100766 0.541067 
223 0.191285 0.760060 
224 0.149878 0.745611 
225 0.174545 0.687824 
226 0.545323 0.486953 
227 0.624701 0.489976 
228 0.549754 0.451572 
229 0.592910 0.160534 
230 0.820583 0.383356 
231 0.246278 0.800723 
232 0.230097 0.768188 
233 0.317072 0.803505 
234 0.347395 0.947839 
235 0.347373 0.862476 
236 0.403172 0.896231 
237 0.307807 0.853336 
238 0.316072 0.944386 
239 0.457741 0.802860 
240 0.381861 0.813674 
241 0.504230 0.531530 
242 0.464240 0.532685 
243 0.493554 0.606425 
244 0.542740 0.569267 
245 0.634327 0.538947 
246 0.584932 0.512413 
247 0.500299 0.762885 
248 0.502231 0.690430 
249 0.465520 0.680880 
250 0.465158 0.720722 
251 0.383706 0.765825 
252 0.423250 0.766681 
253 0.350627 0.651568 
254 0.029638 0.516655 
255 0.076865 0.473373 
256 0.175280 0.489028 
257 0.172370 0.451811 
258 0.121847 0.470503 
259 0.067016 0.444712 
260 0.044689 0.464996 
261 0.025050 0.416443 
262 0.031498 0.443890 
263 0.034276 0.842609 
264 0.078121 0.674557 
265 0.542408 0.760647 
266 0.621608 0.810858 
267 0.648330 0.949822 
268 0.650270 0.847949 
269 0.700030 0.886070 
270 0.614188 0.849983 
271 0.615113 0.949514 
272 0.686455 0.791622 
273 0.700988 0.755867 
274 0.672246 0.636915 
275 0.753701 0.067808 
276 0.850137 0.156012 
277 0.731785 0.268135 
278 0.809718 0.299989 
279 0.150306 0.973468 
280 0.156954 0.935045 
281 0.222077 0.975962 
282 0.182499 0.933323 
283 0.173249 0.949050 
284 0.202995 0.974282 
285 0.459569 0.973507 
286 0.446476 0.971965 
287 0.487247 0.827303 
288 0.455762 0.816906 
289 0.474058 0.875405 
290 0.525115 0.975806 
291 0.486066 0.928477 
292 0.473745 0.945210 
293 0.505172 0.974128 
294 0.897717 0.870251 
295 0.901481 0.912123 
296 0.861338 0.932984 
297 0.834834 0.901041 
298 0.891232 0.961061 
299 0.066826 0.990098 
300 0.050343 0.987346 
301 0.055012 0.969108 
302 0.029350 0.959580 
303 0.007891 0.964548 
304 0.022446 0.911663 
305 0.033420 0.948068 
306 0.135425 0.911926 
307 0.132432 0.938210 
308 0.105689 0.880410 
309 0.070178 0.945352 
310 0.099673 0.967912 
311 0.037449 0.988197 
312 0.021983 0.982955 
313 0.043384 0.972398 
314 0.750567 0.967518 
315 0.764321 0.973006 
316 0.741751 0.974538 
317 0.766444 0.928121 
318 0.764822 0.814091 
319 0.067151 0.103662 
320 0.092997 0.147589 
321 0.011699 0.250935 
322 0.044663 0.231793 
323 0.016639 0.197468 
324 0.038438 0.202471 
325 0.106015 0.199456 
326 0.028670 0.348278 
327 0.026137 0.325428 
328 0.160281 0.310363 
329 0.093722 0.438450 
330 0.075035 0.423407 
331 0.102538 0.377177 
332 0.122152 0.375018 
333 0.067367 0.244492 
334 0.122791 0.243244 
335 0.087047 0.312007 
336 0.203874 0.445319 
337 0.220227 0.344443 
338 0.205938 0.406281 
339 0.259811 0.493821 
340 0.218518 0.499694 
341 0.326543 0.503458 
342 0.294321 0.488538 
343 0.262559 0.475614 
344 0.239520 0.481225 
345 0.221163 0.439546 
346 0.217988 0.456701 
347 0.363764 0.471145 
348 0.471420 0.454408 
349 0.409882 0.363865 
350 0.361686 0.239798 
351 0.281358 0.323450 
352 0.305319 0.401576 
353 0.198801 0.517419 
354 0.219602 0.516366 
355 0.203173 0.552843 
356 0.199731 0.599844 
357 0.255170 0.591562 
358 0.214032 0.573368 
359 0.236005 0.601508 
360 0.341531 0.519034 
361 0.316442 0.515394 
362 0.296651 0.555141 
363 0.275113 0.557202 
364 0.257606 0.557167 
365 0.299374 0.530172 
366 0.284282 0.519917 
367 0.037659 0.553289 
368 0.174610 0.592711 
369 0.101792 0.573149 
370 0.088112 0.507061 
371 0.119571 0.512597 
372 0.150828 0.708373 
373 0.221887 0.646568 
374 0.530701 0.422834 
375 0.587115 0.464780 
376 0.616426 0.080696 
377 0.227833 0.840727 
378 0.214823 0.733906 
379 0.257526 0.770400 
380 0.357190 0.968491 
381 0.370361 0.972899 
382 0.347143 0.930635 
383 0.432392 0.928480 
384 0.383752 0.868924 
385 0.387558 0.929808 
386 0.257670 0.898798 
387 0.329848 0.931364 
388 0.333478 0.945124 
389 0.309773 0.976239 
390 0.442228 0.805869 
391 0.481255 0.803478 
392 0.408948 0.805197 
393 0.423004 0.530460 
394 0.460697 0.568945 
395 0.545028 0.525140 
396 0.501435 0.780750 
397 0.502104 0.738173 
398 0.485092 0.781653 
399 0.496994 0.675827 
400 0.508987 0.706996 
401 0.517584 0.641034 
402 0.480403 0.662832 
403 0.484321 0.685944 
404 0.445705 0.702957 
405 0.479562 0.715801 
406 0.441547 0.721058 
407 0.470409 0.701850 
408 0.360744 0.789374 
409 0.400894 0.749646 
410 0.425963 0.741450 
411 0.440980 0.742184 
412 0.405809 0.767163 
413 0.415939 0.784252 
414 0.389469 0.690219 
415 0.309838 0.616026 
416 0.062808 0.527290 
417 0.187083 0.494970 
418 0.161620 0.489504 
419 0.180473 0.524272 
420 0.189030 0.436012 
421 0.139170 0.430626 
422 0.187751 0.459898 
423 0.161751 0.468617 
424 0.023434 0.391136 
425 0.035276 0.375168 
426 0.122164 0.643092 
427 0.516049 0.796565 
428 0.563760 0.797789 
429 0.518605 0.742065 
430 0.558246 0.776744 
431 0.539972 0.783798 
432 0.518898 0.768078 
433 0.592679 0.803320 
434 0.652422 0.969543 
435 0.675950 0.972329 
436 0.647450 0.923359 
437 0.646029 0.880849 
438 0.745535 0.925272 
439 0.685981 0.905225 
440 0.686959 0.861066 
441 0.626869 0.877349 
442 0.597650 0.827007 
443 0.545252 0.904779 
444 0.633977 0.923534 
445 0.632925 0.949260 
446 0.611862 0.978718 
447 0.666218 0.772451 
448 0.629196 0.592681 
449 0.655230 0.690429 
450 0.744837 0.659870 
451 0.591572 0.691318 
452 0.768660 0.139787 
453 0.927444 0.178719 
454 0.759146 0.335690 
455 0.658609 0.222815 
456 0.929640 0.289227 
457 0.866052 0.248951 
458 0.151254 0.984992 
459 0.138910 0.989559 
460 0.166844 0.990310 
461 0.159699 0.966593 
462 0.238594 0.988729 
463 0.224950 0.986459 
464 0.207771 0.964458 
465 0.196676 0.873973 
466 0.201240 0.986255 
467 0.182988 0.986199 
468 0.212919 0.974279 
469 0.195901 0.962793 
470 0.462155 0.961904 
471 0.450401 0.983277 
472 0.465685 0.986750 
473 0.437294 0.987900 
474 0.419867 0.986252 
475 0.451557 0.960468 
476 0.493051 0.813208 
477 0.423661 0.870714 
478 0.467243 0.832507 
479 0.544757 0.989274 
480 0.529761 0.986106 
481 0.510588 0.965204 
482 0.477692 0.901375 
483 0.503034 0.985927 
484 0.488305 0.990138 
485 0.515685 0.974585 
486 0.500320 0.963346 
487 0.863729 0.859288 
488 0.826136 0.863881 
489 0.783533 0.931469 
490 0.043705 0.980625 
491 0.021044 0.965641 
492 0.105043 0.916430 
493 0.078940 0.832608 
494 0.051601 0.944950 
495 0.060441 0.957596 
496 0.039667 0.928947 
497 0.101801 0.938649 
498 0.114751 0.946931 
499 0.086711 0.948751 
500 0.112517 0.980588 
501 0.100895 0.978805 
502 0.756656 0.986900 
503 0.762227 0.958805 
504 0.784765 0.983038 
505 0.726517 0.988949 
506 0.748775 0.956440 
507 0.722436 0.854761 
508 0.136052 0.109561 
509 0.010106 0.266687 
510 0.043050 0.275905 
511 0.025659 0.171506 
512 0.038534 0.350437 
513 0.039505 0.339342 
514 0.051512 0.293138 
515 0.029994 0.332226 
516 0.011701 0.313773 
517 0.014685 0.323833 
518 0.059708 0.346298 
519 0.134436 0.319473 
520 0.109500 0.456231 
521 0.102898 0.414281 
522 0.092036 0.419189 
523 0.091017 0.362617 
524 0.106903 0.357017 
525 0.099987 0.392921 
526 0.129869 0.351545 
527 0.172691 0.377600 
528 0.113862 0.391968 
529 0.087185 0.231019 
530 0.046904 0.256451 
531 0.093266 0.260626 
532 0.162401 0.270268 
533 0.106147 0.330771 
534 0.201903 0.475296 
535 0.198395 0.487095 
536 0.186184 0.485079 
537 0.245913 0.493630 
538 0.209760 0.502744 
539 0.227095 0.498520 
540 0.209602 0.493223 
541 0.275844 0.483088 
542 0.235272 0.488739 
543 0.245493 0.468854 
544 0.250659 0.482629 
545 0.205389 0.427918 
546 0.229161 0.470752 
547 0.400919 0.421711 
548 0.432399 0.276859 
549 0.256031 0.353210 
550 0.318920 0.287928 
551 0.324723 0.358858 
552 0.288480 0.369006 
553 0.265993 0.427282 
554 0.320867 0.443217 
555 0.270432 0.394286 
556 0.202712 0.506401 
557 0.198203 0.533716 
558 0.214864 0.537896 
559 0.210687 0.524068 
560 0.225540 0.506322 
561 0.216720 0.507305 
562 0.265622 0.582636 
563 0.263768 0.573290 
564 0.249205 0.571747 
565 0.255795 0.578179 
566 0.215829 0.591854 
567 0.306320 0.547442 
568 0.279104 0.565260 
569 0.285550 0.556120 
570 0.277558 0.548084 
571 0.266700 0.542497 
572 0.266844 0.552797 
573 0.250831 0.563005 
574 0.257495 0.567662 
575 0.237533 0.537703 
576 0.292782 0.545059 
577 0.297211 0.509346 
578 0.183913 0.567747 
579 0.073089 0.556425 
580 0.102516 0.476532 
581 0.133505 0.491664 
582 0.114901 0.492988 
583 0.133801 0.556873 
584 0.133471 0.671437 
585 0.275312 0.646558 
586 0.547039 0.382737 
587 0.577239 0.419998 
588 0.598809 0.378896 
589 0.217893 0.690356 
590 0.358509 0.981976 
591 0.340204 0.987076 
592 0.386708 0.986656 
593 0.370902 0.989689 
594 0.355520 0.959125 
595 0.441929 0.944352 
596 0.456687 0.924170 
597 0.373355 0.841498 
598 0.367747 0.934325 
599 0.389413 0.912069 
600 0.410438 0.922961 
601 0.366465 0.915267 
602 0.219853 0.926808 
603 0.291796 0.918927 
604 0.264632 0.865681 
605 0.232537 0.881503 
606 0.348176 0.961499 
607 0.308497 0.985646 
608 0.296533 0.989945 
609 0.320087 0.978298 
610 0.310413 0.959295 
611 0.493461 0.799146 
612 0.469980 0.810307 
613 0.480765 0.817121 
614 0.388497 0.582576 
615 0.501151 0.772138 
616 0.503355 0.787854 
617 0.504318 0.750754 
618 0.492535 0.767908 
619 0.492667 0.777077 
620 0.467388 0.790753 
621 0.482706 0.790405 
622 0.510637 0.678085 
623 0.485529 0.636588 
624 0.434970 0.714248 
625 0.453482 0.693963 
626 0.434091 0.724003 
627 0.450994 0.721042 
628 0.443978 0.711880 
629 0.454842 0.707287 
630 0.490010 0.703939 
631 0.309159 0.763304 
632 0.409053 0.735126 
633 0.421748 0.733453 
634 0.417018 0.743986 
635 0.425846 0.751492 
636 0.436388 0.749366 
637 0.432346 0.743808 
638 0.456606 0.732355 
639 0.444023 0.731738 
640 0.463446 0.761308 
641 0.393557 0.786290 
642 0.408275 0.706379 
643 0.428112 0.682807 
644 0.379055 0.730212 
645 0.370902 0.661735 
646 0.292665 0.597195 
647 0.316754 0.571148 
648 0.330624 0.633901 
649 0.182014 0.449495 
650 0.120157 0.421716 
651 0.133838 0.455936 
652 0.156170 0.442745 
653 0.192453 0.450122 
654 0.157597 0.477914 
655 0.167921 0.478649 
656 0.167329 0.458717 
657 0.045151 0.365586 
658 0.043964 0.402713 
659 0.016741 0.367426 
660 0.508435 0.799339 
661 0.526520 0.791004 
662 0.509405 0.791378 
663 0.497750 0.838534 
664 0.498712 0.824355 
665 0.522201 0.804968 
666 0.516826 0.724091 
667 0.527703 0.754820 
668 0.515676 0.755937 
669 0.528847 0.773553 
670 0.508854 0.763968 
671 0.578543 0.785473 
672 0.653609 0.981567 
673 0.642983 0.987097 
674 0.650880 0.959454 
675 0.660463 0.961056 
676 0.663511 0.972426 
677 0.691674 0.984612 
678 0.669096 0.985667 
679 0.649186 0.939843 
680 0.736267 0.945769 
681 0.762237 0.905532 
682 0.670714 0.911889 
683 0.687357 0.826343 
684 0.667570 0.881346 
685 0.580639 0.818181 
686 0.524607 0.931396 
687 0.587967 0.924540 
688 0.585505 0.876588 
689 0.525749 0.867167 
690 0.634423 0.896637 
691 0.641806 0.964827 
692 0.634470 0.937361 
693 0.591829 0.991454 
694 0.620108 0.983454 
695 0.610057 0.959836 
696 0.583368 0.602826 
697 0.654824 0.733555 
698 0.697868 0.702743 
699 0.710636 0.573647 
700 0.565944 0.730867 
701 0.624521 0.667620 
702 0.625808 0.703559 
703 0.602548 0.734333 
704 0.670877 0.126948 
705 0.721933 0.196576 
706 0.169227 0.971473 
707 0.142382 0.951660 
708 0.230672 0.978270 
709 0.267050 0.991163 
710 0.202471 0.952149 
711 0.218392 0.966413 
712 0.176769 0.907973 
713 0.216799 0.982136 
714 0.188648 0.949492 
715 0.469127 0.956727 
716 0.440457 0.978634 
717 0.505481 0.815745 
718 0.439168 0.833849 
719 0.474168 0.854569 
720 0.534785 0.978379 
721 0.565835 0.989168 
722 0.505439 0.953294 
723 0.521277 0.966711 
724 0.520091 0.982482 
725 0.490861 0.951834 
726 0.774763 0.946245 
727 0.827128 0.941535 
728 0.802127 0.920164 
729 0.778158 0.915466 
730 0.031205 0.968785 
731 0.016767 0.972780 
732 0.084019 0.930532 
733 0.062124 0.875156 
734 0.066594 0.975477 
735 0.100387 0.955461 
736 0.075165 0.958524 
737 0.103329 0.987483 
738 0.108888 0.972359 
739 0.113763 0.990339 
740 0.126538 0.983625 
741 0.088086 0.987432 
742 0.750853 0.977736 
743 0.716771 0.988280 
744 0.011070 0.277401 
745 0.031225 0.265258 
746 0.033395 0.314634 
747 0.068096 0.299694 
748 0.013026 0.339698 
749 0.012626 0.303796 
750 0.050103 0.337925 
751 0.075866 0.354195 
752 0.069004 0.366966 
753 0.095394 0.405198 
754 0.188377 0.397602 
755 0.143677 0.374266 
756 0.150729 0.400069 
757 0.107663 0.404179 
758 0.091029 0.288659 
759 0.192892 0.478742 
760 0.230303 0.482950 
761 0.222180 0.481620 
762 0.366988 0.390673 
763 0.256349 0.449974 
764 0.273611 0.465880 
765 0.332827 0.475813 
766 0.307606 0.470159 
767 0.223592 0.399052 
768 0.236458 0.503095 
769 0.209714 0.512384 
770 0.243510 0.582175 
771 0.267518 0.563898 
772 0.247320 0.543236 
773 0.231384 0.530499 
774 0.216688 0.549617 
775 0.256537 0.526797 
776 0.181200 0.547108 
777 0.152934 0.499720 
778 0.111758 0.716521 
779 0.253141 0.648994 
780 0.259156 0.691563 
781 0.316585 0.654187 
782 0.290532 0.633269 
783 0.373969 0.981032 
784 0.403048 0.985254 
785 0.439820 0.961468 
786 0.430327 0.909142 
787 0.405259 0.835660 
788 0.363061 0.952138 
789 0.379621 0.896236 
790 0.422582 0.941774 
791 0.210766 0.940471 
792 0.235159 0.912283 
793 0.224062 0.945659 
794 0.297968 0.935620 
795 0.314638 0.922845 
796 0.273340 0.914779 
797 0.275686 0.828021 
798 0.286256 0.891702 
799 0.210220 0.904498 
800 0.343342 0.972346 
801 0.298895 0.980058 
802 0.323768 0.957596 
803 0.371686 0.630816 
804 0.414621 0.567051 
805 0.372474 0.557216 
806 0.494637 0.759659 
807 0.494049 0.788051 
808 0.455393 0.606378 
809 0.415052 0.755559 
810 0.432554 0.734548 
811 0.457442 0.752906 
812 0.470177 0.769154 
813 0.452557 0.790566 
814 0.473253 0.741813 
815 0.416589 0.715834 
816 0.398444 0.692848 
817 0.406811 0.687399 
818 0.444923 0.676418 
819 0.413490 0.696737 
820 0.439172 0.693126 
821 0.379711 0.745754 
822 0.361206 0.759324 
823 0.385254 0.705642 
824 0.397999 0.709986 
825 0.381523 0.673141 
826 0.286947 0.582182 
827 0.302842 0.601540 
828 0.321332 0.557144 
829 0.311995 0.595271 
830 0.300654 0.582962 
831 0.306115 0.561920 
832 0.338197 0.643188 
833 0.321593 0.621262 
834 0.189865 0.506549 
835 0.111739 0.413090 
836 0.110612 0.422913 
837 0.119699 0.407657 
838 0.115229 0.438641 
839 0.131697 0.424381 
840 0.144495 0.458489 
841 0.134788 0.440681 
842 0.163442 0.448247 
843 0.146802 0.437026 
844 0.174405 0.439825 
845 0.178066 0.478168 
846 0.177408 0.459732 
847 0.051951 0.356634 
848 0.034571 0.360504 
849 0.502346 0.805133 
850 0.509428 0.826926 
851 0.534130 0.801047 
852 0.516593 0.816113 
853 0.517583 0.782971 
854 0.704272 0.939472 
855 0.696261 0.991659 
856 0.683940 0.991716 
857 0.683686 0.980054 
858 0.641385 0.944190 
859 0.657155 0.949035 
860 0.736916 0.963314 
861 0.731499 0.897564 
862 0.659343 0.920866 
863 0.513030 0.942373 
864 0.507994 0.925966 
865 0.539551 0.925054 
866 0.526143 0.947521 
867 0.594651 0.937479 
868 0.575183 0.917584 
869 0.597301 0.865990 
870 0.608621 0.874287 
871 0.592531 0.848255 
872 0.588907 0.900674 
873 0.572919 0.886079 
874 0.524844 0.847606 
875 0.544845 0.886744 
876 0.557387 0.870437 
877 0.508851 0.849617 
878 0.608696 0.910831 
879 0.642174 0.974671 
880 0.624022 0.943339 
881 0.641294 0.933657 
882 0.597378 0.982924 
883 0.622278 0.954854 
884 0.556780 0.751415 
885 0.539443 0.728491 
886 0.616215 0.633497 
887 0.526322 0.671829 
888 0.519840 0.692785 
889 0.577113 0.759501 
890 0.600901 0.777772 
891 0.162381 0.977332 
892 0.179767 0.972544 
893 0.170652 0.961154 
894 0.147425 0.962521 
895 0.274635 0.956976 
896 0.209628 0.982122 
897 0.183250 0.961596 
898 0.470610 0.966802 
899 0.424427 0.815808 
900 0.455084 0.859597 
901 0.575113 0.955858 
902 0.512348 0.982100 
903 0.490077 0.971610 
904 0.781831 0.962253 
905 0.808594 0.966724 
906 0.792706 0.885996 
907 0.024865 0.973621 
908 0.062412 0.927680 
909 0.077968 0.906332 
910 0.026771 0.883124 
911 0.048565 0.905484 
912 0.067218 0.966621 
913 0.109967 0.963037 
914 0.139993 0.979301 
915 0.077733 0.979575 
916 0.740970 0.986717 
917 0.707895 0.990756 
918 0.020170 0.260793 
919 0.020096 0.272139 
920 0.033622 0.288503 
921 0.038413 0.325855 
922 0.022054 0.315428 
923 0.083876 0.328671 
924 0.041910 0.387645 
925 0.057007 0.367282 
926 0.083489 0.384656 
927 0.143693 0.419079 
928 0.108814 0.306658 
929 0.125410 0.282379 
930 0.191937 0.470058 
931 0.227930 0.489820 
932 0.210900 0.483260 
933 0.219384 0.491011 
934 0.213904 0.471301 
935 0.285974 0.450083 
936 0.368234 0.435200 
937 0.287471 0.471549 
938 0.237858 0.379889 
939 0.223618 0.419402 
940 0.256591 0.548194 
941 0.246341 0.554582 
942 0.231888 0.523235 
943 0.222479 0.527997 
944 0.226755 0.536118 
945 0.258861 0.512576 
946 0.269416 0.522196 
947 0.246784 0.532917 
948 0.264610 0.533174 
949 0.158906 0.540853 
950 0.140403 0.510920 
951 0.172334 0.503352 
952 0.242631 0.625302 
953 0.250353 0.730451 
954 0.270236 0.665356 
955 0.244463 0.668567 
956 0.330109 0.653055 
957 0.342899 0.660748 
958 0.324353 0.642339 
959 0.308252 0.626350 
960 0.386406 0.950037 
961 0.436996 0.971370 
962 0.199492 0.925523 
963 0.224668 0.959177 
964 0.235982 0.936842 
965 0.214897 0.955615 
966 0.302865 0.952604 
967 0.338024 0.914014 
968 0.333252 0.978902 
969 0.304804 0.968902 
970 0.336981 0.959208 
971 0.359059 0.632404 
972 0.354095 0.614247 
973 0.380846 0.600742 
974 0.351058 0.538071 
975 0.343504 0.555391 
976 0.413230 0.611079 
977 0.460384 0.642587 
978 0.445642 0.753654 
979 0.451088 0.742677 
980 0.474951 0.779712 
981 0.482165 0.771186 
982 0.463906 0.773463 
983 0.486380 0.739140 
984 0.477576 0.729086 
985 0.468090 0.752215 
986 0.466550 0.734428 
987 0.426323 0.715496 
988 0.414277 0.724984 
989 0.396681 0.685654 
990 0.417751 0.688071 
991 0.419822 0.706528 
992 0.404973 0.696980 
993 0.426182 0.697064 
994 0.435807 0.704686 
995 0.337559 0.767858 
996 0.389586 0.695983 
997 0.378331 0.684224 
998 0.405649 0.717069 
999 0.397422 0.701303 
1000 0.391243 0.682618 
1001 0.283847 0.574427 
1002 0.283443 0.591524 
1003 0.280277 0.617655 
1004 0.270337 0.593875 
1005 0.277149 0.583092 
1006 0.312504 0.605400 
1007 0.311324 0.583656 
1008 0.293342 0.587222 
1009 0.302164 0.591431 
1010 0.303453 0.573916 
1011 0.292580 0.566373 
1012 0.103037 0.426836 
1013 0.131131 0.394856 
1014 0.123756 0.449408 
1015 0.152938 0.450875 
1016 0.138584 0.471573 
1017 0.161214 0.427521 
1018 0.186170 0.476371 
1019 0.172374 0.468948 
1020 0.062707 0.358275 
1021 0.043467 0.356187 
1022 0.548072 0.797450 
1023 0.511851 0.806310 
1024 0.508263 0.783595 
1025 0.723857 0.928102 
1026 0.720312 0.945885 
1027 0.705218 0.913926 
1028 0.685671 0.927124 
1029 0.641222 0.954611 
1030 0.730240 0.976781 
1031 0.658315 0.937593 
1032 0.524226 0.908976 
1033 0.527097 0.959416 
1034 0.535301 0.940282 
1035 0.517161 0.956553 
1036 0.602360 0.948894 
1037 0.582480 0.833787 
1038 0.587488 0.910855 
1039 0.586415 0.890309 
1040 0.596833 0.882947 
1041 0.578607 0.901520 
1042 0.515487 0.837080 
1043 0.522207 0.825474 
1044 0.527775 0.859029 
1045 0.571045 0.871106 
1046 0.572771 0.859374 
1047 0.545892 0.873554 
1048 0.554160 0.879546 
1049 0.562568 0.879491 
1050 0.492562 0.858342 
1051 0.596786 0.915191 
1052 0.603164 0.924036 
1053 0.597505 0.904676 
1054 0.618970 0.919705 
1055 0.620805 0.901707 
1056 0.631755 0.979151 
1057 0.625346 0.931402 
1058 0.604759 0.969551 
1059 0.631551 0.960129 
1060 0.544318 0.699025 
1061 0.540562 0.615319 
1062 0.633904 0.772193 
1063 0.191283 0.974544 
1064 0.172241 0.979572 
1065 0.277232 0.936670 
1066 0.255410 0.970984 
1067 0.247900 0.949857 
1068 0.280659 0.974161 
1069 0.214185 0.993658 
1070 0.479808 0.960382 
1071 0.575456 0.938933 
1072 0.558301 0.973464 
1073 0.548034 0.941215 
1074 0.517755 0.993376 
1075 0.479724 0.971029 
1076 0.845940 0.967051 
1077 0.796329 0.944732 
1078 0.121358 0.970504 
1079 0.140800 0.970661 
1080 0.088805 0.974425 
1081 0.007944 0.285150 
1082 0.036210 0.302127 
1083 0.029347 0.277358 
1084 0.044907 0.333376 
1085 0.019200 0.307569 
1086 0.071907 0.336778 
1087 0.063867 0.406385 
1088 0.049694 0.377829 
1089 0.091655 0.384419 
1090 0.087718 0.394217 
1091 0.087522 0.375613 
1092 0.075796 0.378058 
1093 0.289717 0.423289 
1094 0.344658 0.447863 
1095 0.241028 0.433450 
1096 0.256424 0.537802 
1097 0.238651 0.567292 
1098 0.238841 0.547592 
1099 0.246912 0.506515 
1100 0.239333 0.529917 
1101 0.161729 0.565351 
1102 0.156995 0.518386 
1103 0.136922 0.531201 
1104 0.260852 0.609631 
1105 0.267124 0.630235 
1106 0.281418 0.750394 
1107 0.294924 0.655827 
1108 0.357247 0.662492 
1109 0.320881 0.630815 
1110 0.309255 0.640465 
1111 0.303396 0.609685 
1112 0.378562 0.963109 
1113 0.402218 0.972169 
1114 0.430822 0.978249 
1115 0.429672 0.955666 
1116 0.228318 0.968571 
1117 0.252758 0.928001 
1118 0.289011 0.951377 
1119 0.314744 0.895287 
1120 0.329083 0.969272 
1121 0.323163 0.988704 
1122 0.348386 0.634803 
1123 0.374656 0.649761 
1124 0.361795 0.646225 
1125 0.339794 0.628152 
1126 0.334083 0.602712 
1127 0.378738 0.521692 
1128 0.358424 0.578514 
1129 0.389574 0.626178 
1130 0.421277 0.644089 
1131 0.458723 0.663421 
1132 0.435593 0.762229 
1133 0.461835 0.743226 
1134 0.454853 0.764424 
1135 0.491828 0.750372 
1136 0.474513 0.761346 
1137 0.428621 0.707604 
1138 0.379569 0.694461 
1139 0.390988 0.719944 
1140 0.280149 0.604280 
1141 0.297724 0.618360 
1142 0.294049 0.607172 
1143 0.333403 0.571299 
1144 0.293338 0.577831 
1145 0.132687 0.411710 
1146 0.127331 0.434456 
1147 0.156500 0.458402 
1148 0.144083 0.446493 
1149 0.149581 0.469454 
1150 0.172636 0.405325 
1151 0.159181 0.417149 
1152 0.155879 0.434089 
1153 0.164458 0.435487 
1154 0.182284 0.468862 
1155 0.509364 0.775250 
1156 0.725911 0.956184 
1157 0.705369 0.973702 
1158 0.681180 0.963065 
1159 0.671304 0.962492 
1160 0.687120 0.969456 
1161 0.692375 0.956847 
1162 0.669221 0.930524 
1163 0.533188 0.893152 
1164 0.501271 0.906169 
1165 0.531454 0.968090 
1166 0.558600 0.925832 
1167 0.587886 0.951164 
1168 0.566124 0.814152 
1169 0.564339 0.904316 
1170 0.528156 0.814065 
1171 0.513658 0.863773 
1172 0.580638 0.848044 
1173 0.582926 0.864720 
1174 0.536829 0.865186 
1175 0.562816 0.861114 
1176 0.557329 0.890287 
1177 0.611947 0.936338 
1178 0.595685 0.895351 
1179 0.629191 0.909499 
1180 0.607471 0.895155 
1181 0.622655 0.975331 
1182 0.625347 0.989941 
1183 0.631531 0.970161 
1184 0.570824 0.702298 
1185 0.525883 0.710278 
1186 0.549737 0.655946 
1187 0.247315 0.976210 
1188 0.255541 0.983394 
1189 0.264047 0.963839 
1190 0.261909 0.949423 
1191 0.254883 0.961196 
1192 0.235618 0.957617 
1193 0.291447 0.972657 
1194 0.283937 0.984021 
1195 0.551412 0.975631 
1196 0.559923 0.980063 
1197 0.564871 0.964074 
1198 0.562385 0.948061 
1199 0.552208 0.961525 
1200 0.538173 0.956223 
1201 0.587826 0.972928 
1202 0.582748 0.985959 
1203 0.473279 0.977261 
1204 0.485819 0.978302 
1205 0.132564 0.973694 
1206 0.134132 0.964377 
1207 0.088099 0.962503 
1208 0.077850 0.969942 
1209 0.009908 0.294610 
1210 0.026636 0.307410 
1211 0.018743 0.284983 
1212 0.058963 0.333616 
1213 0.022319 0.297290 
1214 0.073770 0.391547 
1215 0.081303 0.406657 
1216 0.079841 0.367490 
1217 0.064476 0.379205 
1218 0.338465 0.412898 
1219 0.243753 0.408894 
1220 0.227194 0.546704 
1221 0.234418 0.513197 
1222 0.367238 0.674433 
1223 0.366297 0.961464 
1224 0.373087 0.953020 
1225 0.391244 0.966514 
1226 0.411779 0.977132 
1227 0.392404 0.976695 
1228 0.431683 0.964804 
1229 0.404441 0.943710 
1230 0.284313 0.964466 
1231 0.297090 0.961727 
1232 0.316321 0.968267 
1233 0.386189 0.659579 
1234 0.329599 0.626909 
1235 0.323394 0.598574 
1236 0.323156 0.610032 
1237 0.337523 0.616218 
1238 0.350071 0.600085 
1239 0.384356 0.641533 
1240 0.426367 0.665762 
1241 0.407518 0.660383 
1242 0.442386 0.654386 
1243 0.453599 0.778116 
1244 0.485816 0.760394 
1245 0.308831 0.729181 
1246 0.345966 0.690362 
1247 0.358897 0.700997 
1248 0.357739 0.736375 
1249 0.403081 0.726429 
1250 0.150990 0.427582 
1251 0.176061 0.423231 
1252 0.724617 0.965891 
1253 0.710923 0.959895 
1254 0.701127 0.983147 
1255 0.695718 0.967943 
1256 0.711786 0.981839 
1257 0.718812 0.973232 
1258 0.668047 0.951925 
1259 0.678821 0.953771 
1260 0.534094 0.878711 
1261 0.496217 0.881921 
1262 0.584549 0.962008 
1263 0.596240 0.960730 
1264 0.544507 0.821179 
1265 0.567699 0.851089 
1266 0.550012 0.860550 
1267 0.637777 0.905915 
1268 0.619242 0.966940 
1269 0.584329 0.644421 
1270 0.238478 0.973986 
1271 0.273184 0.968769 
1272 0.270600 0.979562 
1273 0.542278 0.972005 
1274 0.575266 0.967952 
1275 0.572737 0.979279 
1276 0.478551 0.986458 
1277 0.125837 0.955786 
1278 0.064584 0.318827 
1279 0.051023 0.327533 
1280 0.056280 0.390887 
1281 0.221125 0.562413 
1282 0.244962 0.520736 
1283 0.382208 0.974484 
1284 0.421517 0.974499 
1285 0.401952 0.959265 
1286 0.423126 0.964676 
1287 0.320971 0.589435 
1288 0.400357 0.640474 
1289 0.414159 0.676350 
1290 0.397732 0.675018 
1291 0.438534 0.631704 
1292 0.436882 0.781744 
1293 0.479980 0.750880 
1294 0.351726 0.675819 
1295 0.338216 0.712164 
1296 0.371303 0.701244 
1297 0.346580 0.751168 
1298 0.395437 0.735021 
1299 0.693812 0.976497 
1300 0.720739 0.981917 
1301 0.665012 0.943177 
1302 0.675528 0.942019 
1303 0.518062 0.886466 
1304 0.534390 0.823109 
1305 0.540285 0.811495 
1306 0.552452 0.812118 
1307 0.539274 0.841828 
1308 0.558977 0.852921 
1309 0.246601 0.964975 
1310 0.263756 0.973310 
1311 0.566220 0.972966 
1312 0.049205 0.311865 
1313 0.234549 0.555589 
1314 0.428829 0.970719 
1315 0.415670 0.955430 
1316 0.323575 0.580923 
1317 0.445353 0.767775 
1318 0.364719 0.688792 
1319 0.310947 0.673301 
1320 0.339443 0.676728 
1321 0.327346 0.667617 
1322 0.328868 0.685975 
1323 0.369094 0.715931 
1324 0.329816 0.741114 
1325 0.687333 0.943847 
1326 0.560983 0.836099 
1327 0.538068 0.852192 
1328 0.542222 0.830681 
1329 0.529737 0.834296 
1330 0.550118 0.848446 
1331 0.412710 0.967195 
1332 0.334846 0.588792 
1333 0.288320 0.682427 
1334 0.570182 0.840178 
1335 0.560085 0.844394 
1336 0.569208 0.827656 
1337 0.551016 0.837993 
1338 0.309759 0.699315 
1339 0.554411 0.826116 
1340 0.282973 0.713889 
vertexID14 9 
79 
80 
81 
82 
83 
84 
85 
86 
87 
vertexID6 39 
14 
15 
16 
17 
18 
19 
20 
21 
22 
23 
24 
25 
26 
27 
28 
29 
30 
31 
32 
33 
34 
35 
36 
37 
38 
39 
40 
41 
42 
43 
44 
45 
46 
47 
48 
49 
50 
51 
52 
vertexID24 26 
53 
54 
55 
56 
57 
58 
59 
60 
61 
62 
63 
64 
65 
66 
67 
68 
69 
70 
71 
72 
73 
74 
75 
76 
77 
78 
vertexID23 9 
5 
6 
7 
8 
9 
10 
11 
12 
13 
V 4
4 
3 
2 
1 
BCelement14 10 
1 
17 
1864 
21 
4 
7 
32 
108 
41 
8 
BCelement6 40 
12 
122 
1154 
288 
286 
2484 
2345 
2049 
753 
504 
754 
511 
2025 
529 
570 
2440 
267 
257 
259 
2436 
416 
418 
415 
1999 
432 
247 
251 
246 
244 
597 
599 
2408 
134 
14 
2586 
2587 
2588 
2589 
2590 
2591 
BCelement24 27 
15 
64 
124 
61 
126 
846 
103 
33 
34 
73 
172 
93 
101 
97 
211 
1911 
2554 
309 
1478 
2368 
299 
143 
66 
146 
303 
65 
2 
BCelement23 10 
9 
228 
238 
236 
45 
10 
52 
11 
57 
13 
