Grid_size 2040
Node_size 1129
Solution_Order 1
meshIEN 
1 4 125 217 
2 119 4 217 
3 108 110 221 
4 110 2 221 
5 2 114 221 
6 12 13 226 
7 1 19 229 
8 13 1 229 
9 229 226 13 
10 214 216 233 
11 216 3 233 
12 3 8 233 
13 235 219 218 
14 117 118 236 
15 218 219 237 
16 237 236 118 
17 219 236 237 
18 118 119 237 
19 115 116 239 
20 117 236 240 
21 240 239 116 
22 116 117 240 
23 113 112 243 
24 10 11 253 
25 11 12 254 
26 12 226 254 
27 254 253 11 
28 260 253 254 
29 9 10 261 
30 7 6 269 
31 231 271 276 
32 281 235 124 
33 124 127 281 
34 283 282 238 
35 284 236 219 
36 284 240 236 
37 284 241 240 
38 107 285 286 
39 106 107 286 
40 243 289 288 
41 112 111 289 
42 109 108 290 
43 291 287 242 
44 105 109 291 
45 243 288 292 
46 293 221 114 
47 293 244 221 
48 245 296 302 
49 303 301 247 
50 239 301 303 
51 115 239 303 
52 18 21 320 
53 227 260 321 
54 20 18 323 
55 18 320 323 
56 323 320 252 
57 333 327 225 
58 336 331 225 
59 337 336 225 
60 258 336 337 
61 227 321 339 
62 17 24 340 
63 17 340 341 
64 9 261 342 
65 5 9 342 
66 343 260 227 
67 352 347 228 
68 228 264 352 
69 361 315 224 
70 213 363 364 
71 212 213 364 
72 365 271 231 
73 6 5 367 
74 215 214 368 
75 368 276 271 
76 271 365 369 
77 211 215 369 
78 232 373 381 
79 381 380 232 
80 275 380 381 
81 275 379 382 
82 384 233 8 
83 384 276 233 
84 277 387 393 
85 230 356 395 
86 396 391 234 
87 123 130 398 
88 824 284 219 
89 219 235 824 
90 104 99 399 
91 106 286 399 
92 99 106 399 
93 400 292 288 
94 292 293 401 
95 401 293 114 
96 114 113 401 
97 416 302 247 
98 247 301 416 
99 417 289 111 
100 247 302 418 
101 418 302 296 
102 258 335 426 
103 151 146 431 
104 432 429 249 
105 308 429 432 
106 446 443 251 
107 316 443 446 
108 447 320 21 
109 21 22 447 
110 976 322 252 
111 321 322 976 
112 448 254 226 
113 448 322 254 
114 448 323 252 
115 252 322 448 
116 134 141 454 
117 299 411 466 
118 246 465 466 
119 466 411 246 
120 467 453 255 
121 468 296 245 
122 468 334 296 
123 245 405 468 
124 311 335 469 
125 249 311 469 
126 331 336 471 
127 474 473 255 
128 255 451 474 
129 477 340 338 
130 480 344 262 
131 158 161 481 
132 489 485 263 
133 348 485 489 
134 307 351 492 
135 228 350 493 
136 493 264 228 
137 347 352 494 
138 494 480 262 
139 190 188 501 
140 315 361 512 
141 250 315 512 
142 230 360 513 
143 513 267 230 
144 356 362 514 
145 514 500 265 
146 205 212 515 
147 516 383 366 
148 51 58 520 
149 526 522 273 
150 374 522 526 
151 319 377 529 
152 251 319 529 
153 232 376 530 
154 530 274 232 
155 373 378 531 
156 532 531 378 
157 272 531 532 
158 263 350 533 
159 534 533 379 
160 263 533 534 
161 534 489 263 
162 273 376 535 
163 537 381 373 
164 538 537 272 
165 539 382 347 
166 540 539 262 
167 383 384 541 
168 541 384 8 
169 8 7 541 
170 554 343 227 
171 392 554 555 
172 342 394 557 
173 558 392 279 
174 559 558 279 
175 561 397 238 
176 284 824 561 
177 241 284 561 
178 238 414 561 
179 127 128 562 
180 131 129 563 
181 130 131 563 
182 122 136 564 
183 132 133 565 
184 133 122 567 
185 122 564 567 
186 567 564 402 
187 135 138 568 
188 569 406 404 
189 136 137 570 
190 570 564 136 
191 571 570 406 
192 564 570 571 
193 402 564 571 
194 404 406 572 
195 137 135 572 
196 135 568 572 
197 572 568 404 
198 572 570 137 
199 406 570 572 
200 87 101 573 
201 98 87 574 
202 87 573 574 
203 574 573 407 
204 575 407 297 
205 297 411 575 
206 575 574 407 
207 100 103 576 
208 246 409 578 
209 578 465 246 
210 300 465 578 
211 579 399 286 
212 298 577 580 
213 580 577 408 
214 103 104 582 
215 582 579 410 
216 399 579 582 
217 104 399 582 
218 101 102 583 
219 583 573 101 
220 584 583 577 
221 573 583 584 
222 407 573 584 
223 408 577 585 
224 102 100 585 
225 100 576 585 
226 585 576 408 
227 585 583 102 
228 577 583 585 
229 96 94 586 
230 587 413 299 
231 97 98 588 
232 98 574 588 
233 588 575 413 
234 574 575 588 
235 589 587 412 
236 413 587 589 
237 94 97 589 
238 590 414 238 
239 294 415 591 
240 592 416 301 
241 302 416 593 
242 838 288 289 
243 289 417 838 
244 77 80 594 
245 79 77 595 
246 77 594 595 
247 595 594 419 
248 306 425 596 
249 304 424 596 
250 596 424 306 
251 596 595 419 
252 76 83 597 
253 598 597 83 
254 599 422 420 
255 80 81 600 
256 600 594 80 
257 601 600 422 
258 594 600 601 
259 419 594 601 
260 420 422 602 
261 81 76 602 
262 76 597 602 
263 602 597 420 
264 602 600 81 
265 422 600 602 
266 604 425 306 
267 78 79 605 
268 79 595 605 
269 605 596 425 
270 595 596 605 
271 64 78 606 
272 152 155 608 
273 154 152 609 
274 152 608 609 
275 609 608 427 
276 310 433 610 
277 610 609 427 
278 145 159 611 
279 612 430 428 
280 155 156 614 
281 614 608 155 
282 615 614 430 
283 608 614 615 
284 427 608 615 
285 428 430 616 
286 156 145 616 
287 145 611 616 
288 616 611 428 
289 616 614 156 
290 430 614 616 
291 151 431 617 
292 150 151 617 
293 618 433 310 
294 153 154 619 
295 154 609 619 
296 619 610 433 
297 609 610 619 
298 620 431 146 
299 620 618 431 
300 433 618 620 
301 146 153 620 
302 49 50 621 
303 46 49 622 
304 49 621 622 
305 622 621 434 
306 314 440 623 
307 312 439 623 
308 623 439 314 
309 623 622 434 
310 53 54 624 
311 625 624 54 
312 54 52 625 
313 50 39 627 
314 627 621 50 
315 628 627 437 
316 621 627 628 
317 434 621 628 
318 435 437 629 
319 39 53 629 
320 53 624 629 
321 629 624 435 
322 629 627 39 
323 437 627 629 
324 631 440 314 
325 48 46 632 
326 46 622 632 
327 632 623 440 
328 622 623 632 
329 47 48 633 
330 185 183 634 
331 184 185 635 
332 185 634 635 
333 635 634 441 
334 318 643 636 
335 636 635 441 
336 187 182 637 
337 638 444 442 
338 183 186 639 
339 639 634 183 
340 640 639 444 
341 634 639 640 
342 441 634 640 
343 442 444 641 
344 186 187 641 
345 187 637 641 
346 641 637 442 
347 641 639 186 
348 444 639 641 
349 170 184 644 
350 184 635 644 
351 644 636 643 
352 635 636 644 
353 645 643 445 
354 181 170 645 
355 646 447 22 
356 17 341 646 
357 22 17 646 
358 323 448 647 
359 20 323 647 
360 647 448 226 
361 19 20 647 
362 143 144 648 
363 140 143 649 
364 143 648 649 
365 649 648 449 
366 324 453 650 
367 650 649 449 
368 148 149 651 
369 652 651 149 
370 149 147 652 
371 653 452 450 
372 144 121 654 
373 654 648 144 
374 655 654 452 
375 648 654 655 
376 449 648 655 
377 450 452 656 
378 121 148 656 
379 148 651 656 
380 656 651 450 
381 134 454 657 
382 139 134 657 
383 658 456 326 
384 659 657 454 
385 454 658 659 
386 660 569 404 
387 334 468 661 
388 142 140 662 
389 140 649 662 
390 662 650 456 
391 649 650 662 
392 663 454 141 
393 663 658 454 
394 456 658 663 
395 141 142 663 
396 91 89 664 
397 90 91 665 
398 91 664 665 
399 665 664 457 
400 666 457 328 
401 330 464 666 
402 328 462 666 
403 666 462 330 
404 666 665 457 
405 256 458 667 
406 667 471 256 
407 331 471 667 
408 88 95 668 
409 670 587 299 
410 671 670 299 
411 299 466 671 
412 672 670 460 
413 459 668 674 
414 674 673 459 
415 460 673 674 
416 459 669 675 
417 675 669 461 
418 89 92 676 
419 676 664 89 
420 664 676 677 
421 457 664 677 
422 92 93 678 
423 678 676 92 
424 82 85 679 
425 680 464 330 
426 63 90 681 
427 90 665 681 
428 681 666 464 
429 665 666 681 
430 682 680 463 
431 464 680 682 
432 86 63 682 
433 683 618 310 
434 432 470 683 
435 310 432 683 
436 258 337 684 
437 684 335 258 
438 462 472 685 
439 330 462 685 
440 258 426 686 
441 686 336 258 
442 164 165 687 
443 157 164 688 
444 164 687 688 
445 689 345 344 
446 688 687 689 
447 346 483 690 
448 344 480 690 
449 690 480 346 
450 163 167 691 
451 165 163 692 
452 692 687 165 
453 158 481 693 
454 160 158 693 
455 694 483 346 
456 695 694 346 
457 696 693 481 
458 309 612 697 
459 697 612 428 
460 162 157 698 
461 157 688 698 
462 698 690 483 
463 688 690 698 
464 699 481 161 
465 699 694 481 
466 483 694 699 
467 161 162 699 
468 70 65 700 
469 69 70 701 
470 70 700 701 
471 701 700 484 
472 702 484 348 
473 349 491 702 
474 702 701 484 
475 71 74 703 
476 705 604 306 
477 706 705 487 
478 707 704 486 
479 486 703 708 
480 708 707 486 
481 487 707 708 
482 486 704 709 
483 709 704 488 
484 65 72 710 
485 710 700 65 
486 700 710 711 
487 484 700 711 
488 72 73 712 
489 712 710 72 
490 486 709 712 
491 67 68 713 
492 714 491 349 
493 66 69 715 
494 69 701 715 
495 715 702 491 
496 701 702 715 
497 68 66 716 
498 718 350 263 
499 718 493 350 
500 718 717 493 
501 263 485 718 
502 169 196 719 
503 192 169 720 
504 169 719 720 
505 720 719 495 
506 721 495 353 
507 353 500 721 
508 721 720 495 
509 195 198 722 
510 723 722 198 
511 724 499 496 
512 395 498 726 
513 280 395 726 
514 196 197 728 
515 728 719 196 
516 729 728 499 
517 719 728 729 
518 495 719 729 
519 496 499 730 
520 197 195 730 
521 195 722 730 
522 730 722 496 
523 730 728 197 
524 499 728 730 
525 190 501 731 
526 189 190 731 
527 732 503 355 
528 733 732 355 
529 734 731 501 
530 317 638 735 
531 735 638 442 
532 191 192 736 
533 192 720 736 
534 736 721 503 
535 720 721 736 
536 737 501 188 
537 737 732 501 
538 503 732 737 
539 188 191 737 
540 15 42 738 
541 38 15 739 
542 15 738 739 
543 739 738 504 
544 740 504 357 
545 359 756 740 
546 357 509 740 
547 740 509 359 
548 740 739 504 
549 44 45 741 
550 743 631 314 
551 744 743 507 
552 358 742 745 
553 745 742 506 
554 506 741 746 
555 746 745 506 
556 507 745 746 
557 506 742 747 
558 747 742 508 
559 42 43 748 
560 748 738 42 
561 738 748 749 
562 504 738 749 
563 43 41 750 
564 750 748 43 
565 506 747 750 
566 359 509 751 
567 266 360 754 
568 510 751 754 
569 754 509 266 
570 754 751 509 
571 35 36 755 
572 37 38 757 
573 38 739 757 
574 757 740 756 
575 739 740 757 
576 758 511 34 
577 34 37 758 
578 760 360 266 
579 760 513 360 
580 760 759 513 
581 266 505 760 
582 59 57 761 
583 58 59 762 
584 762 520 58 
585 59 761 762 
586 762 761 517 
587 370 517 763 
588 61 60 764 
589 57 61 765 
590 765 761 57 
591 55 56 766 
592 51 520 768 
593 768 767 519 
594 769 517 370 
595 372 520 769 
596 370 372 769 
597 769 762 517 
598 520 762 769 
599 175 176 770 
600 172 175 771 
601 175 770 771 
602 771 770 521 
603 375 528 772 
604 772 771 521 
605 179 177 773 
606 445 643 775 
607 445 775 776 
608 776 775 524 
609 925 774 777 
610 777 774 523 
611 523 773 778 
612 778 777 523 
613 524 777 778 
614 523 774 779 
615 779 774 525 
616 176 171 780 
617 780 770 176 
618 770 780 781 
619 521 770 781 
620 171 178 782 
621 782 780 171 
622 523 779 782 
623 120 173 783 
624 784 528 375 
625 174 172 785 
626 172 771 785 
627 785 772 528 
628 771 772 785 
629 173 174 786 
630 788 376 273 
631 788 530 376 
632 788 787 530 
633 273 522 788 
634 275 381 789 
635 789 379 275 
636 275 382 790 
637 790 380 275 
638 30 31 793 
639 794 543 542 
640 542 543 796 
641 16 30 796 
642 32 33 797 
643 798 546 544 
644 31 29 799 
645 799 793 31 
646 800 799 546 
647 793 799 800 
648 542 793 800 
649 544 546 801 
650 29 32 801 
651 32 797 801 
652 801 797 544 
653 801 799 29 
654 546 799 801 
655 204 193 802 
656 203 204 803 
657 204 802 803 
658 803 802 547 
659 804 547 388 
660 390 553 804 
661 388 551 804 
662 804 551 390 
663 804 803 547 
664 208 206 805 
665 806 805 206 
666 807 550 548 
667 278 549 808 
668 193 207 809 
669 809 802 193 
670 810 809 550 
671 802 809 810 
672 547 802 810 
673 548 550 811 
674 207 208 811 
675 208 805 811 
676 811 805 548 
677 811 809 207 
678 550 809 811 
679 202 552 812 
680 201 202 812 
681 813 553 390 
682 200 203 814 
683 203 803 814 
684 814 804 553 
685 803 804 814 
686 815 552 202 
687 815 813 552 
688 553 813 815 
689 202 200 815 
690 816 555 339 
691 816 478 259 
692 339 478 816 
693 392 555 817 
694 818 794 385 
695 385 556 818 
696 952 366 270 
697 392 558 819 
698 819 554 392 
699 343 554 819 
700 261 343 819 
701 821 557 394 
702 822 821 394 
703 560 820 823 
704 366 952 823 
705 397 561 824 
706 281 397 824 
707 235 281 824 
708 825 563 129 
709 129 132 825 
710 455 660 826 
711 826 660 404 
712 404 568 826 
713 294 566 827 
714 827 566 402 
715 828 571 406 
716 828 569 295 
717 406 569 828 
718 829 582 410 
719 829 580 408 
720 408 576 829 
721 222 300 830 
722 1036 285 242 
723 1036 286 285 
724 831 417 303 
725 581 832 833 
726 407 584 834 
727 297 407 834 
728 835 577 298 
729 298 409 835 
730 297 834 835 
731 835 409 297 
732 403 566 837 
733 838 831 581 
734 581 833 838 
735 417 831 838 
736 597 598 839 
737 420 597 839 
738 419 601 840 
739 840 421 304 
740 841 601 422 
741 841 840 601 
742 841 599 305 
743 422 599 841 
744 248 421 842 
745 482 697 843 
746 843 697 428 
747 428 611 843 
748 845 844 613 
749 846 311 249 
750 613 844 846 
751 847 697 482 
752 613 846 848 
753 848 847 613 
754 848 846 249 
755 249 429 848 
756 848 429 309 
757 427 615 849 
758 849 429 308 
759 850 615 430 
760 850 849 615 
761 850 612 309 
762 430 612 850 
763 429 849 850 
764 309 429 850 
765 150 617 851 
766 147 150 851 
767 52 55 852 
768 853 378 274 
769 854 532 378 
770 378 853 854 
771 532 854 855 
772 855 854 626 
773 857 436 313 
774 434 628 858 
775 858 436 312 
776 859 628 437 
777 859 858 628 
778 502 735 860 
779 860 735 442 
780 442 637 860 
781 861 362 267 
782 362 861 862 
783 863 319 251 
784 862 861 863 
785 864 735 502 
786 862 863 865 
787 865 864 862 
788 865 863 251 
789 251 443 865 
790 865 443 317 
791 441 640 866 
792 866 443 316 
793 867 640 444 
794 867 866 640 
795 867 638 317 
796 444 638 867 
797 443 866 867 
798 317 443 867 
799 868 646 341 
800 320 447 869 
801 869 976 252 
802 252 320 869 
803 870 451 325 
804 870 474 451 
805 449 655 871 
806 871 451 324 
807 872 655 452 
808 872 871 655 
809 872 653 325 
810 452 653 872 
811 334 661 874 
812 257 334 874 
813 874 333 257 
814 875 468 405 
815 875 661 468 
816 875 405 295 
817 660 661 875 
818 876 668 95 
819 876 674 668 
820 457 677 879 
821 328 457 879 
822 880 669 329 
823 461 669 880 
824 329 458 880 
825 328 879 880 
826 880 458 328 
827 84 82 881 
828 335 684 883 
829 884 684 337 
830 336 686 886 
831 345 689 888 
832 888 692 479 
833 687 692 888 
834 888 689 687 
835 889 703 74 
836 889 708 703 
837 484 711 890 
838 348 484 890 
839 488 704 891 
840 895 485 891 
841 348 890 891 
842 891 485 348 
843 892 714 349 
844 489 534 892 
845 349 489 892 
846 487 705 893 
847 893 707 487 
848 493 717 894 
849 264 493 894 
850 894 351 264 
851 895 718 485 
852 717 718 895 
853 265 497 896 
854 897 725 354 
855 354 724 897 
856 396 726 898 
857 391 396 898 
858 899 813 390 
859 902 898 726 
860 902 901 727 
861 498 901 902 
862 902 726 498 
863 495 729 903 
864 353 495 903 
865 903 497 353 
866 904 729 499 
867 904 903 729 
868 904 724 354 
869 499 724 904 
870 497 903 904 
871 354 497 904 
872 905 741 45 
873 905 746 741 
874 504 749 906 
875 357 504 906 
876 907 742 358 
877 508 742 907 
878 358 505 907 
879 357 906 907 
880 907 505 357 
881 908 756 359 
882 359 751 908 
883 910 751 510 
884 911 910 510 
885 510 752 911 
886 510 754 913 
887 913 754 360 
888 913 360 230 
889 507 743 914 
890 914 745 507 
891 513 759 915 
892 267 513 915 
893 915 361 267 
894 916 760 505 
895 759 760 916 
896 358 745 916 
897 916 505 358 
898 371 763 917 
899 917 518 371 
900 917 765 518 
901 761 765 917 
902 532 855 918 
903 272 532 918 
904 918 370 272 
905 918 372 370 
906 919 773 177 
907 919 778 773 
908 521 781 920 
909 921 774 925 
910 525 774 921 
911 925 522 921 
912 374 920 921 
913 921 522 374 
914 922 784 375 
915 526 536 922 
916 375 526 922 
917 524 775 923 
918 923 777 524 
919 530 787 924 
920 274 530 924 
921 924 377 274 
922 925 788 522 
923 787 788 925 
924 379 789 926 
925 926 534 379 
926 927 789 381 
927 537 538 927 
928 381 537 927 
929 380 790 928 
930 929 790 382 
931 539 540 929 
932 382 539 929 
933 931 538 371 
934 931 927 538 
935 932 926 789 
936 789 927 932 
937 932 931 791 
938 927 931 932 
939 791 931 933 
940 933 931 371 
941 371 518 933 
942 934 540 345 
943 934 929 540 
944 935 928 790 
945 790 929 935 
946 935 934 792 
947 929 934 935 
948 937 476 23 
949 23 26 937 
950 938 797 33 
951 33 28 938 
952 542 800 939 
953 385 794 939 
954 939 794 542 
955 940 800 546 
956 940 939 800 
957 940 798 386 
958 546 798 940 
959 386 545 940 
960 209 210 941 
961 943 559 234 
962 234 391 943 
963 547 810 944 
964 388 547 944 
965 945 807 389 
966 389 549 945 
967 388 944 945 
968 199 194 946 
969 947 477 338 
970 947 816 259 
971 259 477 947 
972 393 817 948 
973 794 818 949 
974 543 794 949 
975 268 365 951 
976 951 950 268 
977 820 950 951 
978 557 821 952 
979 952 821 560 
980 560 823 952 
981 821 822 1025 
982 560 821 1025 
983 231 516 953 
984 820 951 953 
985 953 823 820 
986 954 565 403 
987 455 826 955 
988 955 659 455 
989 657 659 955 
990 138 139 956 
991 956 955 826 
992 956 568 138 
993 956 826 568 
994 657 955 956 
995 139 657 956 
996 581 831 957 
997 957 831 418 
998 418 830 957 
999 832 958 959 
1000 959 958 410 
1001 410 579 959 
1002 298 580 960 
1003 242 287 961 
1004 961 287 220 
1005 962 961 833 
1006 832 959 962 
1007 962 833 832 
1008 242 961 962 
1009 962 1036 242 
1010 963 836 282 
1011 282 398 963 
1012 964 593 416 
1013 416 592 964 
1014 965 400 288 
1015 965 838 833 
1016 288 838 965 
1017 833 961 965 
1018 482 843 966 
1019 693 696 966 
1020 159 160 967 
1021 967 966 843 
1022 967 611 159 
1023 967 843 611 
1024 693 966 967 
1025 160 693 967 
1026 968 695 346 
1027 346 480 968 
1028 968 847 482 
1029 482 695 968 
1030 613 847 968 
1031 969 766 519 
1032 624 625 970 
1033 435 624 970 
1034 971 918 855 
1035 250 436 972 
1036 436 857 972 
1037 972 315 250 
1038 972 856 315 
1039 972 857 626 
1040 626 856 972 
1041 502 860 973 
1042 731 734 973 
1043 182 189 974 
1044 974 973 860 
1045 974 637 182 
1046 974 860 637 
1047 731 973 974 
1048 189 731 974 
1049 975 733 355 
1050 975 864 502 
1051 502 733 975 
1052 862 864 975 
1053 977 870 325 
1054 325 653 977 
1055 978 873 467 
1056 333 874 978 
1057 326 873 979 
1058 979 658 326 
1059 674 876 980 
1060 980 876 586 
1061 460 674 980 
1062 980 672 460 
1063 412 672 980 
1064 980 586 412 
1065 671 877 981 
1066 981 877 257 
1067 982 667 458 
1068 982 458 329 
1069 329 673 982 
1070 983 673 460 
1071 671 981 983 
1072 983 981 878 
1073 670 671 983 
1074 460 670 983 
1075 331 667 984 
1076 878 981 984 
1077 667 982 984 
1078 984 982 878 
1079 984 981 257 
1080 986 851 617 
1081 870 977 988 
1082 1050 617 431 
1083 1050 986 617 
1084 882 986 1050 
1085 470 883 989 
1086 989 683 470 
1087 989 883 684 
1088 990 679 463 
1089 991 421 305 
1090 607 842 992 
1091 992 991 887 
1092 993 886 686 
1093 886 993 994 
1094 708 889 995 
1095 995 889 603 
1096 487 708 995 
1097 995 706 487 
1098 423 706 995 
1099 995 603 423 
1100 306 424 996 
1101 996 705 306 
1102 996 893 705 
1103 265 896 997 
1104 997 514 265 
1105 356 514 997 
1106 997 395 356 
1107 997 498 395 
1108 998 896 725 
1109 498 997 998 
1110 998 997 896 
1111 722 723 999 
1112 496 722 999 
1113 727 901 1000 
1114 1000 901 725 
1115 725 897 1000 
1116 391 898 1001 
1117 1001 551 278 
1118 278 808 1001 
1119 1001 808 391 
1120 1002 902 727 
1121 898 902 1002 
1122 552 813 1003 
1123 899 900 1003 
1124 813 899 1003 
1125 746 905 1004 
1126 1004 905 630 
1127 507 746 1004 
1128 1004 744 507 
1129 438 744 1004 
1130 1004 630 438 
1131 1005 910 753 
1132 753 912 1005 
1133 751 910 1005 
1134 1005 908 751 
1135 756 908 1006 
1136 511 758 1006 
1137 1006 758 756 
1138 1007 798 544 
1139 1008 909 753 
1140 28 35 1009 
1141 1009 938 28 
1142 544 797 1010 
1143 797 938 1010 
1144 1010 1007 544 
1145 912 1007 1010 
1146 314 439 1011 
1147 1011 743 314 
1148 1011 914 743 
1149 778 919 1012 
1150 1012 919 642 
1151 524 778 1012 
1152 1012 776 524 
1153 445 776 1012 
1154 1012 642 445 
1155 1013 923 775 
1156 1015 1014 930 
1157 490 1014 1015 
1158 1015 713 490 
1159 926 932 1016 
1160 1016 932 791 
1161 534 926 1016 
1162 1016 892 534 
1163 1017 933 518 
1164 518 764 1017 
1165 527 784 1018 
1166 1019 1018 1100 
1167 527 1018 1019 
1168 1019 783 527 
1169 928 935 1020 
1170 1020 935 792 
1171 536 928 1020 
1172 1020 922 536 
1173 479 691 1021 
1174 1022 1021 691 
1175 936 1021 1022 
1176 1024 820 560 
1177 560 1025 1024 
1178 199 946 1028 
1179 1029 1003 900 
1180 552 1003 1029 
1181 1029 812 552 
1182 816 947 1030 
1183 1030 948 817 
1184 1032 837 591 
1185 565 954 1033 
1186 581 957 1034 
1187 1034 832 581 
1188 1035 957 830 
1189 1035 830 300 
1190 300 578 1035 
1191 1036 959 579 
1192 1036 962 959 
1193 958 960 1037 
1194 410 958 1037 
1195 1037 960 580 
1196 1037 829 410 
1197 580 829 1037 
1198 1038 963 563 
1199 563 825 1038 
1200 590 836 1039 
1201 593 964 1040 
1202 1040 1032 591 
1203 415 593 1040 
1204 1040 591 415 
1205 1041 968 480 
1206 480 494 1041 
1207 352 845 1041 
1208 1041 494 352 
1209 1042 971 857 
1210 1042 857 313 
1211 862 975 1044 
1212 500 514 1044 
1213 362 862 1044 
1214 1044 514 362 
1215 1045 976 869 
1216 646 868 1045 
1217 455 979 1046 
1218 1046 874 661 
1219 1046 660 455 
1220 1046 661 660 
1221 870 988 1047 
1222 1047 884 474 
1223 474 870 1047 
1224 1047 989 684 
1225 684 884 1047 
1226 882 988 1048 
1227 1049 988 977 
1228 1049 1048 988 
1229 450 651 1049 
1230 618 683 1050 
1231 683 989 1050 
1232 431 618 1050 
1233 1050 989 882 
1234 679 990 1051 
1235 1052 990 463 
1236 1053 991 305 
1237 305 599 1053 
1238 607 992 1054 
1239 426 607 1054 
1240 1054 686 426 
1241 1054 993 686 
1242 1055 1052 885 
1243 685 994 1055 
1244 1055 885 685 
1245 894 996 1056 
1246 1056 996 424 
1247 351 894 1056 
1248 1056 492 351 
1249 248 492 1056 
1250 1056 424 248 
1251 1057 1000 897 
1252 551 1001 1058 
1253 1058 1002 899 
1254 898 1002 1058 
1255 1058 1001 898 
1256 1058 899 390 
1257 390 551 1058 
1258 909 1008 1059 
1259 386 909 1059 
1260 1059 545 386 
1261 1060 1011 439 
1262 250 512 1060 
1263 1060 439 250 
1264 924 1013 1061 
1265 377 924 1061 
1266 1061 529 377 
1267 713 1015 1062 
1268 930 1014 1063 
1269 1063 1014 714 
1270 1063 1016 791 
1271 791 930 1063 
1272 892 1016 1063 
1273 714 892 1063 
1274 1064 1017 764 
1275 1064 764 60 
1276 60 62 1064 
1277 933 1017 1065 
1278 1065 1015 930 
1279 1065 1062 1015 
1280 1066 1019 1100 
1281 936 1022 1066 
1282 1100 1018 1067 
1283 1067 1020 792 
1284 922 1020 1067 
1285 479 1021 1068 
1286 1068 934 345 
1287 345 888 1068 
1288 1068 888 479 
1289 1068 936 934 
1290 1068 1021 936 
1291 1069 1022 166 
1292 166 168 1069 
1293 1069 1066 1022 
1294 1070 949 818 
1295 948 1030 1071 
1296 556 948 1071 
1297 795 1023 1072 
1298 1073 1025 822 
1299 1074 807 548 
1300 1074 1026 389 
1301 389 807 1074 
1302 806 941 1076 
1303 941 1075 1076 
1304 1076 1075 1027 
1305 1026 1074 1078 
1306 1027 1077 1078 
1307 1078 1076 1027 
1308 723 1028 1079 
1309 1079 999 723 
1310 1000 1057 1080 
1311 727 1000 1080 
1312 1080 900 727 
1313 1081 1028 946 
1314 812 1029 1081 
1315 1081 946 812 
1316 1082 947 338 
1317 1082 1030 947 
1318 515 1031 1083 
1319 960 1034 1084 
1320 1084 578 409 
1321 1084 1035 578 
1322 298 960 1084 
1323 1084 409 298 
1324 1085 1039 836 
1325 836 963 1085 
1326 963 1038 1085 
1327 1086 1033 954 
1328 1032 1040 1086 
1329 954 1032 1086 
1330 435 970 1087 
1331 1089 969 519 
1332 519 767 1089 
1333 976 1045 1090 
1334 1090 478 339 
1335 321 976 1090 
1336 1090 339 321 
1337 987 1048 1091 
1338 652 987 1091 
1339 1048 1049 1091 
1340 1091 1049 651 
1341 651 652 1091 
1342 881 1051 1092 
1343 1093 1053 839 
1344 1093 839 598 
1345 887 991 1094 
1346 1095 1051 990 
1347 1052 1055 1095 
1348 990 1052 1095 
1349 1096 387 277 
1350 545 1059 1096 
1351 277 545 1096 
1352 511 1006 1097 
1353 1097 755 511 
1354 1098 1005 912 
1355 1098 1097 1006 
1356 1098 1006 908 
1357 908 1005 1098 
1358 14 1062 1099 
1359 62 14 1099 
1360 1099 1064 62 
1361 1062 1065 1099 
1362 936 1066 1100 
1363 1066 1069 1101 
1364 1019 1066 1101 
1365 783 1019 1101 
1366 1101 1069 168 
1367 1023 1070 1102 
1368 1102 1070 818 
1369 1103 1073 943 
1370 1103 943 391 
1371 391 808 1103 
1372 1104 1026 942 
1373 1025 1073 1104 
1374 1105 1074 548 
1375 1105 1078 1074 
1376 805 806 1105 
1377 548 805 1105 
1378 1076 1078 1105 
1379 806 1076 1105 
1380 999 1079 1106 
1381 1106 1057 897 
1382 1107 1081 1029 
1383 475 476 1108 
1384 1108 1082 338 
1385 338 475 1108 
1386 1082 1108 1109 
1387 1109 1108 476 
1388 476 937 1109 
1389 1110 1077 1027 
1390 942 1077 1110 
1391 1075 1083 1110 
1392 1027 1075 1110 
1393 1111 1083 1075 
1394 515 1083 1111 
1395 205 515 1111 
1396 210 205 1111 
1397 1112 1110 1083 
1398 1112 1031 950 
1399 1112 1083 1031 
1400 942 1110 1112 
1401 1112 1024 942 
1402 1039 1085 1113 
1403 1113 1086 1040 
1404 1113 1040 964 
1405 964 1039 1113 
1406 1114 1038 825 
1407 1086 1113 1114 
1408 1033 1086 1114 
1409 825 1033 1114 
1410 435 1087 1115 
1411 1115 1087 1042 
1412 1042 1087 1116 
1413 1116 1088 1043 
1414 970 1088 1116 
1415 1116 1087 970 
1416 1116 1043 971 
1417 971 1042 1116 
1418 1043 1089 1117 
1419 971 1043 1117 
1420 1117 1089 767 
1421 918 971 1117 
1422 985 1092 1118 
1423 1053 1093 1119 
1424 1093 1118 1119 
1425 1119 1094 991 
1426 991 1053 1119 
1427 1120 1095 1055 
1428 1094 1119 1120 
1429 994 1094 1120 
1430 1120 1055 994 
1431 387 1096 1121 
1432 1121 752 396 
1433 1121 396 234 
1434 234 387 1121 
1435 1121 911 752 
1436 1122 1059 1008 
1437 1122 1096 1059 
1438 1122 1121 1096 
1439 911 1121 1122 
1440 1122 1008 911 
1441 1097 1098 1123 
1442 1009 1097 1123 
1443 1123 1098 912 
1444 1026 1104 1124 
1445 389 1026 1124 
1446 1124 549 389 
1447 1124 1104 1073 
1448 1073 1103 1124 
1449 1125 1106 1079 
1450 1081 1107 1125 
1451 1028 1081 1125 
1452 1125 1079 1028 
1453 1057 1106 1125 
1454 1126 1072 1023 
1455 1126 1109 937 
1456 937 1072 1126 
1457 1109 1126 1127 
1458 1082 1109 1127 
1459 1127 1126 1023 
1460 1023 1102 1127 
1461 1128 1119 1118 
1462 1128 1120 1119 
1463 1128 1118 1092 
1464 1095 1120 1128 
1465 1051 1095 1128 
1466 1128 1092 1051 
1467 217 126 218 
1468 126 217 125 
1469 237 217 218 
1470 217 237 119 
1471 229 647 226 
1472 647 229 19 
1473 218 124 235 
1474 124 218 126 
1475 241 239 240 
1476 239 241 301 
1477 105 285 107 
1478 285 291 242 
1479 291 285 105 
1480 291 290 287 
1481 290 291 109 
1482 290 221 244 
1483 221 290 108 
1484 253 261 10 
1485 361 861 267 
1486 861 361 224 
1487 211 363 213 
1488 369 363 211 
1489 377 853 274 
1490 368 233 276 
1491 233 368 214 
1492 123 562 128 
1493 401 243 292 
1494 243 401 113 
1495 417 115 303 
1496 115 417 111 
1497 842 492 248 
1498 260 322 321 
1499 322 260 254 
1500 334 877 332 
1501 877 334 257 
1502 311 426 335 
1503 426 311 223 
1504 475 24 25 
1505 340 475 338 
1506 475 340 24 
1507 477 341 340 
1508 341 477 259 
1509 540 344 345 
1510 344 540 262 
1511 538 763 371 
1512 531 537 373 
1513 537 531 272 
1514 319 853 377 
1515 853 319 224 
1516 276 516 231 
1517 541 269 383 
1518 269 541 7 
1519 281 562 397 
1520 562 281 127 
1521 567 566 403 
1522 566 567 402 
1523 565 567 403 
1524 567 565 133 
1525 586 589 412 
1526 589 586 94 
1527 589 588 413 
1528 588 589 97 
1529 592 301 414 
1530 831 247 418 
1531 247 831 303 
1532 64 603 75 
1533 603 606 423 
1534 606 603 64 
1535 304 248 424 
1536 248 304 421 
1537 606 605 425 
1538 605 606 78 
1539 223 607 426 
1540 607 223 307 
1541 620 619 433 
1542 619 620 153 
1543 47 630 40 
1544 630 633 438 
1545 633 630 47 
1546 312 250 439 
1547 250 312 436 
1548 633 632 440 
1549 632 633 48 
1550 181 642 180 
1551 642 645 445 
1552 645 642 181 
1553 645 644 643 
1554 644 645 170 
1555 324 255 453 
1556 255 324 451 
1557 663 662 456 
1558 662 663 142 
1559 668 93 88 
1560 668 678 93 
1561 328 256 462 
1562 256 328 458 
1563 682 681 464 
1564 681 682 63 
1565 327 978 467 
1566 978 327 333 
1567 469 883 470 
1568 883 469 335 
1569 471 886 472 
1570 886 471 336 
1571 884 473 474 
1572 473 884 337 
1573 25 476 475 
1574 476 25 23 
1575 868 259 478 
1576 259 868 341 
1577 692 691 479 
1578 691 692 163 
1579 699 698 483 
1580 698 699 162 
1581 703 73 71 
1582 712 703 486 
1583 703 712 73 
1584 713 716 490 
1585 716 713 68 
1586 715 716 66 
1587 353 265 500 
1588 265 353 497 
1589 737 736 503 
1590 736 737 191 
1591 741 41 44 
1592 750 741 506 
1593 741 750 41 
1594 357 266 509 
1595 266 357 505 
1596 758 757 756 
1597 757 758 37 
1598 765 764 518 
1599 764 765 61 
1600 768 56 51 
1601 773 178 179 
1602 782 773 523 
1603 773 782 178 
1604 783 786 527 
1605 786 783 173 
1606 785 786 174 
1607 535 928 536 
1608 928 535 380 
1609 795 796 543 
1610 388 278 551 
1611 815 814 553 
1612 814 815 200 
1613 385 277 556 
1614 277 385 545 
1615 819 342 261 
1616 279 234 559 
1617 414 241 561 
1618 241 414 301 
1619 411 413 575 
1620 413 411 299 
1621 876 96 586 
1622 96 876 95 
1623 837 294 591 
1624 294 837 566 
1625 83 985 598 
1626 985 83 84 
1627 889 75 603 
1628 75 889 74 
1629 308 310 610 
1630 310 308 432 
1631 437 1115 859 
1632 1115 437 435 
1633 905 40 630 
1634 40 905 45 
1635 316 318 636 
1636 318 316 446 
1637 919 180 642 
1638 180 919 177 
1639 875 569 660 
1640 569 875 295 
1641 672 587 670 
1642 587 672 412 
1643 466 877 671 
1644 675 676 678 
1645 885 330 685 
1646 330 885 680 
1647 167 1022 691 
1648 1022 167 166 
1649 696 694 695 
1650 694 696 481 
1651 695 966 696 
1652 966 695 482 
1653 348 349 702 
1654 349 348 489 
1655 706 604 705 
1656 604 706 423 
1657 709 710 712 
1658 1062 67 713 
1659 67 1062 14 
1660 716 1129 490 
1661 714 1129 491 
1662 715 1129 716 
1663 1129 715 491 
1664 895 893 717 
1665 893 895 707 
1666 896 354 725 
1667 354 896 497 
1668 901 998 725 
1669 998 901 498 
1670 734 732 733 
1671 732 734 501 
1672 733 973 734 
1673 973 733 502 
1674 744 631 743 
1675 631 744 438 
1676 747 748 750 
1677 36 511 755 
1678 511 36 34 
1679 916 914 759 
1680 914 916 745 
1681 517 917 763 
1682 917 517 761 
1683 374 375 772 
1684 375 374 526 
1685 643 1013 775 
1686 1013 643 318 
1687 779 780 782 
1688 1101 120 783 
1689 120 1101 168 
1690 528 784 527 
1691 786 528 527 
1692 785 528 786 
1693 925 923 787 
1694 923 925 777 
1695 946 201 812 
1696 201 946 194 
1697 270 557 952 
1698 557 270 367 
1699 132 1033 825 
1700 1033 132 565 
1701 295 827 828 
1702 576 582 829 
1703 582 576 103 
1704 286 1036 579 
1705 577 834 584 
1706 590 282 836 
1707 282 590 238 
1708 305 840 841 
1709 840 305 421 
1710 264 845 352 
1711 309 847 848 
1712 847 309 697 
1713 856 854 853 
1714 854 856 626 
1715 317 864 865 
1716 864 317 735 
1717 447 1045 869 
1718 1045 447 646 
1719 325 871 872 
1720 871 325 451 
1721 879 461 880 
1722 461 879 677 
1723 890 488 891 
1724 488 890 711 
1725 999 724 496 
1726 1002 900 899 
1727 900 1002 727 
1728 906 508 907 
1729 508 906 749 
1730 1008 910 911 
1731 910 1008 753 
1732 753 1007 912 
1733 1007 753 909 
1734 1011 759 914 
1735 1117 372 918 
1736 372 1117 767 
1737 920 525 921 
1738 525 920 781 
1739 1100 1067 792 
1740 26 1072 937 
1741 806 209 941 
1742 209 806 206 
1743 958 1034 960 
1744 1034 958 832 
1745 592 1039 964 
1746 1041 613 968 
1747 613 1041 845 
1748 625 1088 970 
1749 855 857 971 
1750 857 855 626 
1751 355 1044 975 
1752 1044 355 500 
1753 878 673 983 
1754 673 878 982 
1755 257 331 984 
1756 987 851 986 
1757 986 1048 987 
1758 1048 986 882 
1759 652 851 987 
1760 851 652 147 
1761 1047 882 989 
1762 882 1047 988 
1763 992 421 991 
1764 421 992 842 
1765 1054 887 993 
1766 887 1054 992 
1767 993 1094 994 
1768 1094 993 887 
1769 909 798 1007 
1770 798 909 386 
1771 1010 1123 912 
1772 938 1123 1010 
1773 1123 938 1009 
1774 1070 543 949 
1775 723 199 1028 
1776 199 723 198 
1777 817 816 1030 
1778 816 817 555 
1779 515 364 1031 
1780 364 515 212 
1781 592 590 1039 
1782 590 592 414 
1783 868 1090 1045 
1784 1090 868 478 
1785 977 450 1049 
1786 450 977 653 
1787 881 679 1051 
1788 679 881 82 
1789 599 839 1053 
1790 839 599 420 
1791 1009 755 1097 
1792 755 1009 35 
1793 512 915 1060 
1794 915 512 361 
1795 446 529 1061 
1796 529 446 251 
1797 1017 1099 1065 
1798 1099 1017 1064 
1799 930 933 1065 
1800 933 930 791 
1801 822 943 1073 
1802 943 822 559 
1803 941 1111 1075 
1804 1111 941 210 
1805 1077 1026 1078 
1806 1026 1077 942 
1807 1107 900 1080 
1808 900 1107 1029 
1809 1034 1035 1084 
1810 1035 1034 957 
1811 985 881 1092 
1812 881 985 84 
1813 598 1118 1093 
1814 1118 598 985 
1815 1107 1057 1125 
1816 1057 1107 1080 
1817 1082 1071 1030 
1818 112 289 243 
1819 123 283 562 
1820 415 405 245 
1821 405 415 294 
1822 463 86 682 
1823 852 766 969 
1824 766 852 55 
1825 253 343 261 
1826 343 253 260 
1827 494 539 347 
1828 539 494 262 
1829 307 844 351 
1830 844 307 223 
1831 383 270 366 
1832 270 383 269 
1833 297 246 411 
1834 246 297 409 
1835 766 768 519 
1836 768 766 56 
1837 425 423 606 
1838 423 425 604 
1839 440 438 633 
1840 438 440 631 
1841 1072 27 795 
1842 27 1072 26 
1843 393 392 817 
1844 392 393 279 
1845 834 577 835 
1846 1052 680 885 
1847 680 1052 463 
1848 318 1061 1013 
1849 1061 318 446 
1850 1043 969 1089 
1851 767 520 372 
1852 520 767 768 
1853 795 16 796 
1854 16 795 27 
1855 625 852 1088 
1856 852 625 52 
1857 85 463 679 
1858 463 85 86 
1859 1088 969 1043 
1860 969 1088 852 
1861 1103 549 1124 
1862 549 1103 808 
1863 313 1115 1042 
1864 1115 313 859 
1865 1067 784 922 
1866 784 1067 1018 
1867 220 290 244 
1868 290 220 287 
1869 234 393 387 
1870 393 234 279 
1871 465 877 466 
1872 877 465 332 
1873 467 473 327 
1874 473 467 255 
1875 432 469 470 
1876 469 432 249 
1877 462 471 472 
1878 471 462 256 
1879 526 535 536 
1880 535 526 273 
1881 554 339 555 
1882 339 554 227 
1883 394 819 558 
1884 819 394 342 
1885 822 558 559 
1886 558 822 394 
1887 562 238 397 
1888 238 562 283 
1889 452 121 656 
1890 121 452 654 
1891 668 675 678 
1892 675 668 459 
1893 689 690 688 
1894 690 689 344 
1895 707 891 704 
1896 891 707 895 
1897 752 726 396 
1898 726 752 280 
1899 30 542 796 
1900 542 30 793 
1901 295 294 827 
1902 294 295 405 
1903 296 830 418 
1904 830 296 222 
1905 840 596 419 
1906 596 840 304 
1907 607 492 842 
1908 492 607 307 
1909 844 311 846 
1910 311 844 223 
1911 849 610 427 
1912 610 849 308 
1913 853 315 856 
1914 315 853 224 
1915 858 623 434 
1916 623 858 312 
1917 861 319 863 
1918 319 861 224 
1919 866 636 441 
1920 636 866 316 
1921 871 650 449 
1922 650 871 324 
1923 280 510 913 
1924 510 280 752 
1925 920 772 521 
1926 772 920 374 
1927 940 385 939 
1928 385 940 545 
1929 963 130 563 
1930 130 963 398 
1931 1046 978 874 
1932 954 837 1032 
1933 837 954 403 
1934 979 978 1046 
1935 978 979 873 
1936 1100 934 936 
1937 934 1100 792 
1938 1102 1082 1127 
1939 1082 1102 1071 
1940 270 6 367 
1941 6 270 269 
1942 271 215 368 
1943 215 271 369 
1944 282 123 398 
1945 123 282 283 
1946 292 244 293 
1947 332 300 222 
1948 300 332 465 
1949 334 222 296 
1950 222 334 332 
1951 337 327 473 
1952 327 337 225 
1953 362 230 267 
1954 230 362 356 
1955 378 232 274 
1956 232 378 373 
1957 379 347 382 
1958 380 376 232 
1959 376 380 535 
1960 379 228 347 
1961 383 276 384 
1962 276 383 516 
1963 415 302 593 
1964 302 415 245 
1965 556 393 948 
1966 393 556 277 
1967 557 5 342 
1968 5 557 367 
1969 650 326 456 
1970 326 650 453 
1971 658 455 659 
1972 455 658 979 
1973 859 436 858 
1974 436 859 313 
1975 873 453 467 
1976 453 873 326 
1977 894 893 996 
1978 893 894 717 
1979 961 400 965 
1980 400 961 220 
1981 999 897 724 
1982 897 999 1106 
1983 1023 543 1070 
1984 543 1023 795 
1985 1025 942 1024 
1986 942 1025 1104 
1987 1071 818 556 
1988 818 1071 1102 
1989 1113 1038 1114 
1990 1038 1113 1085 
1991 370 538 272 
1992 538 370 763 
1993 257 225 331 
1994 225 257 333 
1995 673 669 459 
1996 669 673 329 
1997 676 461 677 
1998 461 676 675 
1999 710 488 711 
2000 488 710 709 
2001 714 490 1129 
2002 490 714 1014 
2003 721 355 503 
2004 355 721 500 
2005 748 508 749 
2006 508 748 747 
2007 780 525 781 
2008 525 780 779 
2009 823 516 366 
2010 516 823 953 
2011 827 571 828 
2012 571 827 402 
2013 844 264 351 
2014 264 844 845 
2015 886 685 472 
2016 685 886 994 
2017 913 395 280 
2018 395 913 230 
2019 945 550 807 
2020 953 365 231 
2021 365 953 951 
2022 1011 915 759 
2023 915 1011 1060 
2024 369 268 363 
2025 268 369 365 
2026 549 388 945 
2027 388 549 278 
2028 924 923 1013 
2029 923 924 787 
2030 364 950 1031 
2031 1112 820 1024 
2032 820 1112 950 
2033 292 220 244 
2034 220 292 400 
2035 379 350 228 
2036 350 379 533 
2037 945 810 550 
2038 810 945 944 
2039 950 363 268 
2040 363 950 364 
vertexCoord 
1 1.000000 0.200000 
2 0.000000 0.200000 
3 1.000000 0.000000 
4 0.000000 0.000000 
5 1.000000 0.075753 
6 1.000000 0.053717 
7 1.000000 0.031682 
8 1.000000 0.013518 
9 1.000000 0.110332 
10 1.000000 0.137939 
11 1.000000 0.159452 
12 1.000000 0.175745 
13 1.000000 0.189428 
14 0.500055 0.200000 
15 0.755198 0.200000 
16 0.877601 0.200000 
17 0.938804 0.200000 
18 0.969407 0.200000 
19 0.989807 0.200000 
20 0.979608 0.200000 
21 0.959208 0.200000 
22 0.949008 0.200000 
23 0.908204 0.200000 
24 0.928601 0.200000 
25 0.918403 0.200000 
26 0.898006 0.200000 
27 0.887804 0.200000 
28 0.816406 0.200000 
29 0.847007 0.200000 
30 0.867399 0.200000 
31 0.857207 0.200000 
32 0.836807 0.200000 
33 0.826607 0.200000 
34 0.785799 0.200000 
35 0.806204 0.200000 
36 0.796003 0.200000 
37 0.775593 0.200000 
38 0.765395 0.200000 
39 0.632801 0.200000 
40 0.694003 0.200000 
41 0.724605 0.200000 
42 0.745003 0.200000 
43 0.734804 0.200000 
44 0.714406 0.200000 
45 0.704208 0.200000 
46 0.663403 0.200000 
47 0.683804 0.200000 
48 0.673603 0.200000 
49 0.653194 0.200000 
50 0.642997 0.200000 
51 0.571596 0.200000 
52 0.602201 0.200000 
53 0.622606 0.200000 
54 0.612403 0.200000 
55 0.591999 0.200000 
56 0.581797 0.200000 
57 0.540950 0.200000 
58 0.561384 0.200000 
59 0.551172 0.200000 
60 0.520502 0.200000 
61 0.530727 0.200000 
62 0.510279 0.200000 
63 0.255198 0.200000 
64 0.377601 0.200000 
65 0.438805 0.200000 
66 0.469411 0.200000 
67 0.489833 0.200000 
68 0.479622 0.200000 
69 0.459203 0.200000 
70 0.449004 0.200000 
71 0.408208 0.200000 
72 0.428607 0.200000 
73 0.418408 0.200000 
74 0.398007 0.200000 
75 0.387804 0.200000 
76 0.316406 0.200000 
77 0.347004 0.200000 
78 0.367399 0.200000 
79 0.357207 0.200000 
80 0.336806 0.200000 
81 0.326606 0.200000 
82 0.285802 0.200000 
83 0.306206 0.200000 
84 0.296004 0.200000 
85 0.275599 0.200000 
86 0.265395 0.200000 
87 0.132801 0.200000 
88 0.194007 0.200000 
89 0.224607 0.200000 
90 0.245001 0.200000 
91 0.234804 0.200000 
92 0.214407 0.200000 
93 0.204208 0.200000 
94 0.163400 0.200000 
95 0.183806 0.200000 
96 0.173607 0.200000 
97 0.153194 0.200000 
98 0.142998 0.200000 
99 0.071596 0.200000 
100 0.102204 0.200000 
101 0.122604 0.200000 
102 0.112407 0.200000 
103 0.092000 0.200000 
104 0.081797 0.200000 
105 0.040953 0.200000 
106 0.061394 0.200000 
107 0.051174 0.200000 
108 0.020502 0.200000 
109 0.030727 0.200000 
110 0.010251 0.200000 
111 0.000000 0.124247 
112 0.000000 0.151760 
113 0.000000 0.172503 
114 0.000000 0.186252 
115 0.000000 0.089968 
116 0.000000 0.055690 
117 0.000000 0.037939 
118 0.000000 0.024011 
119 0.000000 0.012006 
120 0.499949 0.000000 
121 0.244798 0.000000 
122 0.122395 0.000000 
123 0.061195 0.000000 
124 0.030592 0.000000 
125 0.010193 0.000000 
126 0.020392 0.000000 
127 0.040792 0.000000 
128 0.050992 0.000000 
129 0.091792 0.000000 
130 0.071399 0.000000 
131 0.081596 0.000000 
132 0.101993 0.000000 
133 0.112195 0.000000 
134 0.183594 0.000000 
135 0.152993 0.000000 
136 0.132594 0.000000 
137 0.142793 0.000000 
138 0.163193 0.000000 
139 0.173394 0.000000 
140 0.214203 0.000000 
141 0.193796 0.000000 
142 0.203999 0.000000 
143 0.224407 0.000000 
144 0.234604 0.000000 
145 0.367197 0.000000 
146 0.305997 0.000000 
147 0.275393 0.000000 
148 0.254995 0.000000 
149 0.265194 0.000000 
150 0.285593 0.000000 
151 0.295792 0.000000 
152 0.336598 0.000000 
153 0.316197 0.000000 
154 0.326397 0.000000 
155 0.346799 0.000000 
156 0.356998 0.000000 
157 0.428396 0.000000 
158 0.397801 0.000000 
159 0.377394 0.000000 
160 0.387597 0.000000 
161 0.408006 0.000000 
162 0.418201 0.000000 
163 0.459050 0.000000 
164 0.438606 0.000000 
165 0.448828 0.000000 
166 0.479498 0.000000 
167 0.469273 0.000000 
168 0.489723 0.000000 
169 0.744803 0.000000 
170 0.622399 0.000000 
171 0.561193 0.000000 
172 0.530595 0.000000 
173 0.510171 0.000000 
174 0.520383 0.000000 
175 0.540793 0.000000 
176 0.550992 0.000000 
177 0.591792 0.000000 
178 0.571394 0.000000 
179 0.581593 0.000000 
180 0.601993 0.000000 
181 0.612196 0.000000 
182 0.683594 0.000000 
183 0.652996 0.000000 
184 0.632601 0.000000 
185 0.642798 0.000000 
186 0.663193 0.000000 
187 0.673393 0.000000 
188 0.714201 0.000000 
189 0.693795 0.000000 
190 0.703998 0.000000 
191 0.724407 0.000000 
192 0.734605 0.000000 
193 0.867200 0.000000 
194 0.805993 0.000000 
195 0.775395 0.000000 
196 0.755000 0.000000 
197 0.765198 0.000000 
198 0.785593 0.000000 
199 0.795792 0.000000 
200 0.836600 0.000000 
201 0.816193 0.000000 
202 0.826393 0.000000 
203 0.846806 0.000000 
204 0.857003 0.000000 
205 0.928396 0.000000 
206 0.897797 0.000000 
207 0.877397 0.000000 
208 0.887595 0.000000 
209 0.908006 0.000000 
210 0.918203 0.000000 
211 0.959047 0.000000 
212 0.938606 0.000000 
213 0.948826 0.000000 
214 0.979498 0.000000 
215 0.969273 0.000000 
216 0.989749 0.000000 
217 0.010030 0.005962 
218 0.019822 0.008042 
219 0.020958 0.017392 
220 0.029656 0.180520 
221 0.011187 0.193158 
222 0.131786 0.101140 
223 0.343611 0.102364 
224 0.654504 0.101622 
225 0.225558 0.096931 
226 0.990757 0.185094 
227 0.957930 0.156009 
228 0.433593 0.101208 
229 0.993043 0.193513 
230 0.741059 0.102475 
231 0.967145 0.019050 
232 0.556381 0.095603 
233 0.989337 0.005825 
234 0.876684 0.107077 
235 0.028021 0.009623 
236 0.011780 0.027569 
237 0.010431 0.015830 
238 0.051245 0.017517 
239 0.023280 0.063464 
240 0.015720 0.042427 
241 0.034097 0.041715 
242 0.047893 0.185083 
243 0.012091 0.163261 
244 0.019779 0.185531 
245 0.120754 0.058059 
246 0.134791 0.154108 
247 0.068290 0.085711 
248 0.349050 0.152119 
249 0.344233 0.054456 
250 0.653133 0.148227 
251 0.654386 0.055688 
252 0.968053 0.185708 
253 0.984015 0.150720 
254 0.987024 0.171038 
255 0.230759 0.044467 
256 0.234167 0.153468 
257 0.190285 0.105794 
258 0.282406 0.095747 
259 0.932918 0.179092 
260 0.972953 0.160593 
261 0.979353 0.128154 
262 0.442255 0.047657 
263 0.448028 0.144350 
264 0.398257 0.101480 
265 0.746837 0.044228 
266 0.752607 0.148578 
267 0.704398 0.106955 
268 0.953326 0.012985 
269 0.992325 0.032452 
270 0.981797 0.047520 
271 0.969132 0.009922 
272 0.557492 0.149998 
273 0.546512 0.055055 
274 0.593337 0.088061 
275 0.497578 0.100033 
276 0.979661 0.012108 
277 0.870123 0.147700 
278 0.860510 0.043708 
279 0.905045 0.116666 
280 0.794184 0.107598 
281 0.037085 0.006617 
282 0.062591 0.011827 
283 0.055946 0.008945 
284 0.025226 0.027618 
285 0.049425 0.192533 
286 0.060885 0.193523 
287 0.037112 0.185326 
288 0.026879 0.158532 
289 0.017722 0.143374 
290 0.026415 0.194386 
291 0.038754 0.192888 
292 0.019979 0.174244 
293 0.011787 0.183376 
294 0.125441 0.030632 
295 0.136737 0.029447 
296 0.121592 0.077757 
297 0.130020 0.171427 
298 0.107607 0.169647 
299 0.158036 0.165023 
300 0.126075 0.123073 
301 0.051013 0.058887 
302 0.100739 0.065075 
303 0.038942 0.090905 
304 0.346895 0.165697 
305 0.326617 0.169485 
306 0.368763 0.171278 
307 0.355909 0.114131 
308 0.333592 0.028456 
309 0.364703 0.031667 
310 0.321807 0.025640 
311 0.339213 0.078455 
312 0.652524 0.166455 
313 0.626680 0.169680 
314 0.675531 0.171585 
315 0.646664 0.120954 
316 0.641180 0.030093 
317 0.671729 0.031524 
318 0.629120 0.034222 
319 0.648282 0.080277 
320 0.964123 0.193802 
321 0.959670 0.168049 
322 0.971254 0.174935 
323 0.974245 0.192843 
324 0.225869 0.031343 
325 0.241509 0.029600 
326 0.203260 0.029346 
327 0.223726 0.079395 
328 0.231904 0.170235 
329 0.210784 0.167748 
330 0.255536 0.172730 
331 0.225874 0.120172 
332 0.144554 0.113089 
333 0.203548 0.082411 
334 0.154584 0.088112 
335 0.306451 0.079457 
336 0.256144 0.112642 
337 0.253596 0.081214 
338 0.920164 0.185609 
339 0.945071 0.162224 
340 0.928520 0.192910 
341 0.936132 0.188895 
342 0.975571 0.100509 
343 0.965457 0.143987 
344 0.442940 0.034027 
345 0.455855 0.028324 
346 0.415021 0.027572 
347 0.446500 0.085939 
348 0.447120 0.173039 
349 0.463089 0.171468 
350 0.439941 0.122755 
351 0.373188 0.121101 
352 0.420426 0.080443 
353 0.744388 0.029017 
354 0.768663 0.030920 
355 0.719821 0.028943 
356 0.746224 0.077803 
357 0.755101 0.169146 
358 0.728351 0.168947 
359 0.776120 0.168703 
360 0.746870 0.128255 
361 0.674008 0.113929 
362 0.718975 0.077744 
363 0.950808 0.006411 
364 0.941337 0.005872 
365 0.960022 0.015854 
366 0.971861 0.038452 
367 0.990722 0.058860 
368 0.977425 0.005594 
369 0.961494 0.007025 
370 0.555003 0.169562 
371 0.529687 0.173780 
372 0.569231 0.176908 
373 0.552164 0.119592 
374 0.542552 0.029205 
375 0.527150 0.027364 
376 0.549660 0.071918 
377 0.621006 0.074456 
378 0.580218 0.116336 
379 0.475998 0.117516 
380 0.522748 0.082420 
381 0.526987 0.114679 
382 0.473943 0.082502 
383 0.982753 0.028033 
384 0.988928 0.016239 
385 0.865005 0.167736 
386 0.844809 0.166437 
387 0.867479 0.130959 
388 0.861698 0.028857 
389 0.885063 0.029745 
390 0.839277 0.028937 
391 0.863514 0.075774 
392 0.924453 0.133208 
393 0.892528 0.135319 
394 0.949564 0.094414 
395 0.773146 0.088590 
396 0.840886 0.095540 
397 0.041362 0.013192 
398 0.067706 0.005119 
399 0.071805 0.195602 
400 0.031834 0.169643 
401 0.007991 0.177693 
402 0.125868 0.011866 
403 0.111582 0.012720 
404 0.154043 0.016634 
405 0.130634 0.043408 
406 0.143655 0.014130 
407 0.130053 0.184336 
408 0.100720 0.186944 
409 0.119375 0.161013 
410 0.081205 0.181739 
411 0.144464 0.166547 
412 0.168018 0.185099 
413 0.151923 0.179251 
414 0.050341 0.034071 
415 0.111052 0.043822 
416 0.076776 0.055741 
417 0.026362 0.118002 
418 0.088869 0.098442 
419 0.344917 0.185918 
420 0.320009 0.188663 
421 0.334112 0.159371 
422 0.327175 0.187848 
423 0.379953 0.186477 
424 0.360193 0.161564 
425 0.369212 0.183179 
426 0.314460 0.104731 
427 0.338098 0.011690 
428 0.369027 0.014013 
429 0.347782 0.037136 
430 0.358433 0.012811 
431 0.302511 0.009517 
432 0.327702 0.041214 
433 0.318808 0.015159 
434 0.651395 0.185947 
435 0.621296 0.186849 
436 0.638327 0.163033 
437 0.631687 0.186796 
438 0.686150 0.186475 
439 0.665982 0.161528 
440 0.675490 0.183143 
441 0.644697 0.012786 
442 0.675224 0.014010 
443 0.655594 0.035970 
444 0.664681 0.012698 
445 0.608000 0.015664 
446 0.640275 0.044645 
447 0.954841 0.193112 
448 0.979330 0.183777 
449 0.225134 0.011731 
450 0.253675 0.013308 
451 0.238322 0.034953 
452 0.244105 0.010347 
453 0.216057 0.036774 
454 0.189751 0.007860 
455 0.173623 0.027633 
456 0.206089 0.013813 
457 0.232246 0.183708 
458 0.221796 0.160105 
459 0.198273 0.182249 
460 0.181391 0.173443 
461 0.217006 0.183286 
462 0.244452 0.159850 
463 0.270511 0.190526 
464 0.253670 0.183205 
465 0.141631 0.133471 
466 0.152711 0.148047 
467 0.218715 0.054179 
468 0.139097 0.060416 
469 0.322333 0.059241 
470 0.310567 0.046331 
471 0.247275 0.135181 
472 0.257769 0.149173 
473 0.239785 0.062825 
474 0.249875 0.046665 
475 0.919908 0.193820 
476 0.911132 0.193677 
477 0.927863 0.184585 
478 0.940892 0.173651 
479 0.461896 0.012219 
480 0.425533 0.041752 
481 0.403671 0.008617 
482 0.388109 0.027515 
483 0.418538 0.016807 
484 0.446965 0.185832 
485 0.437481 0.158112 
486 0.414526 0.186011 
487 0.395123 0.174386 
488 0.430347 0.184742 
489 0.456537 0.159248 
490 0.482805 0.185505 
491 0.467198 0.181316 
492 0.352174 0.136750 
493 0.413347 0.125289 
494 0.434235 0.061208 
495 0.745452 0.016761 
496 0.773966 0.010682 
497 0.756141 0.031953 
498 0.785489 0.070310 
499 0.765369 0.012849 
500 0.732665 0.038458 
501 0.709796 0.008216 
502 0.693695 0.028732 
503 0.723823 0.016736 
504 0.753577 0.184707 
505 0.738364 0.159431 
506 0.720649 0.185706 
507 0.701188 0.174625 
508 0.737679 0.183616 
509 0.766302 0.160395 
510 0.794342 0.130705 
511 0.791948 0.192201 
512 0.666448 0.133277 
513 0.720117 0.126876 
514 0.737472 0.057606 
515 0.932203 0.006116 
516 0.971718 0.028217 
517 0.548212 0.182273 
518 0.525374 0.184228 
519 0.583211 0.188203 
520 0.566802 0.189667 
521 0.543405 0.011404 
522 0.553155 0.042207 
523 0.576150 0.014234 
524 0.595379 0.023673 
525 0.558596 0.016253 
526 0.534207 0.041855 
527 0.508407 0.014776 
528 0.520438 0.016068 
529 0.637386 0.060093 
530 0.577643 0.072681 
531 0.560494 0.133051 
532 0.578844 0.140266 
533 0.458404 0.133806 
534 0.469405 0.144747 
535 0.530454 0.061627 
536 0.520780 0.048248 
537 0.540697 0.136842 
538 0.536989 0.157998 
539 0.456682 0.063653 
540 0.458279 0.043969 
541 0.992801 0.024385 
542 0.867385 0.190210 
543 0.877749 0.186432 
544 0.835046 0.185039 
545 0.854939 0.159941 
546 0.846377 0.185491 
547 0.859846 0.016428 
548 0.888101 0.012966 
549 0.874371 0.040914 
550 0.878484 0.012921 
551 0.849625 0.037529 
552 0.822918 0.011482 
553 0.838871 0.017211 
554 0.946174 0.145097 
555 0.932081 0.151975 
556 0.880366 0.156519 
557 0.972152 0.071177 
558 0.926609 0.108576 
559 0.904344 0.099286 
560 0.943959 0.047318 
561 0.038986 0.025030 
562 0.048753 0.006436 
563 0.081692 0.004493 
564 0.128400 0.006009 
565 0.107250 0.006816 
566 0.120248 0.016710 
567 0.116813 0.005872 
568 0.158681 0.008011 
569 0.147432 0.024066 
570 0.138368 0.006472 
571 0.134379 0.012932 
572 0.148422 0.007541 
573 0.127231 0.193642 
574 0.136970 0.191927 
575 0.140706 0.180523 
576 0.096078 0.193045 
577 0.111642 0.182915 
578 0.121548 0.143674 
579 0.071456 0.187801 
580 0.099002 0.178198 
581 0.066116 0.144862 
582 0.083702 0.192290 
583 0.117123 0.193103 
584 0.121715 0.186952 
585 0.106581 0.193439 
586 0.170473 0.192308 
587 0.161763 0.178245 
588 0.147387 0.190635 
589 0.159451 0.189363 
590 0.060578 0.024629 
591 0.109780 0.030366 
592 0.065408 0.039560 
593 0.093300 0.046885 
594 0.341444 0.193215 
595 0.351229 0.191643 
596 0.355410 0.178454 
597 0.313748 0.194209 
598 0.307198 0.190977 
599 0.322245 0.181157 
600 0.331828 0.193780 
601 0.335989 0.186387 
602 0.322629 0.194083 
603 0.384263 0.192912 
604 0.376880 0.178019 
605 0.362304 0.190971 
606 0.373368 0.192551 
607 0.332816 0.125962 
608 0.342160 0.005592 
609 0.332589 0.006974 
610 0.329857 0.016723 
611 0.373278 0.007633 
612 0.365188 0.019243 
613 0.385415 0.058176 
614 0.352506 0.006368 
615 0.347812 0.013386 
616 0.362852 0.006568 
617 0.291527 0.009193 
618 0.310853 0.019237 
619 0.322607 0.007778 
620 0.312829 0.008615 
621 0.647642 0.193298 
622 0.657463 0.191578 
623 0.661798 0.178657 
624 0.617758 0.193394 
625 0.606744 0.193397 
626 0.615004 0.142535 
627 0.637624 0.193658 
628 0.641989 0.185920 
629 0.627295 0.193450 
630 0.690438 0.192964 
631 0.683191 0.178084 
632 0.668553 0.190986 
633 0.679559 0.192536 
634 0.648560 0.006341 
635 0.638384 0.006670 
636 0.635452 0.019248 
637 0.679458 0.007543 
638 0.671385 0.019224 
639 0.658683 0.006200 
640 0.654166 0.013428 
641 0.669056 0.006549 
642 0.604219 0.007142 
643 0.619701 0.021966 
644 0.627375 0.009445 
645 0.615713 0.008785 
646 0.945715 0.192038 
647 0.984465 0.192538 
648 0.229309 0.005854 
649 0.219570 0.007025 
650 0.215297 0.018536 
651 0.261534 0.007946 
652 0.271539 0.006446 
653 0.246806 0.018785 
654 0.237471 0.005580 
655 0.234400 0.012264 
656 0.251822 0.006320 
657 0.178210 0.007628 
658 0.189529 0.025605 
659 0.180472 0.016799 
660 0.160592 0.032387 
661 0.160082 0.055702 
662 0.209793 0.007700 
663 0.198826 0.009163 
664 0.228681 0.193517 
665 0.238836 0.191227 
666 0.243331 0.178930 
667 0.224804 0.142052 
668 0.194283 0.192642 
669 0.208108 0.177316 
670 0.170462 0.167598 
671 0.168808 0.149427 
672 0.171971 0.178481 
673 0.197105 0.167826 
674 0.188388 0.182133 
675 0.207031 0.187200 
676 0.217153 0.193038 
677 0.224140 0.186827 
678 0.207362 0.194667 
679 0.280828 0.193613 
680 0.261642 0.181746 
681 0.249154 0.190796 
682 0.258888 0.191412 
683 0.310494 0.032940 
684 0.282032 0.065481 
685 0.265242 0.159996 
686 0.287003 0.120033 
687 0.446266 0.008627 
688 0.435363 0.009763 
689 0.444324 0.019896 
690 0.429410 0.022698 
691 0.465112 0.006422 
692 0.455846 0.006577 
693 0.393849 0.008628 
694 0.409620 0.017604 
695 0.400895 0.024711 
696 0.399777 0.015559 
697 0.374408 0.024643 
698 0.424148 0.009066 
699 0.413697 0.008683 
700 0.442826 0.193666 
701 0.453259 0.192282 
702 0.457311 0.182635 
703 0.408347 0.193928 
704 0.421218 0.181591 
705 0.382879 0.169606 
706 0.385225 0.179289 
707 0.410523 0.173119 
708 0.402561 0.184315 
709 0.423735 0.187919 
710 0.431835 0.193083 
711 0.439089 0.187796 
712 0.420746 0.194166 
713 0.486398 0.192712 
714 0.476606 0.176256 
715 0.465257 0.190707 
716 0.476203 0.192406 
717 0.408198 0.143280 
718 0.426668 0.141602 
719 0.750093 0.007450 
720 0.739834 0.008884 
721 0.733681 0.021058 
722 0.779144 0.005265 
723 0.788216 0.006286 
724 0.771865 0.019544 
725 0.779023 0.040417 
726 0.807947 0.086626 
727 0.807745 0.043105 
728 0.760166 0.006568 
729 0.755480 0.013555 
730 0.769873 0.005894 
731 0.699860 0.008137 
732 0.714161 0.017241 
733 0.705968 0.024391 
734 0.705255 0.015002 
735 0.680871 0.024671 
736 0.729375 0.009187 
737 0.719294 0.008563 
738 0.749095 0.193468 
739 0.759853 0.191032 
740 0.765399 0.177773 
741 0.714487 0.194006 
742 0.728506 0.178939 
743 0.687403 0.169877 
744 0.691382 0.179338 
745 0.715782 0.173573 
746 0.708536 0.184447 
747 0.730376 0.187062 
748 0.738075 0.192980 
749 0.744865 0.187070 
750 0.727166 0.193292 
751 0.783207 0.154481 
752 0.816629 0.112782 
753 0.818408 0.163576 
754 0.768812 0.139756 
755 0.800038 0.194222 
756 0.778060 0.179956 
757 0.770910 0.189822 
758 0.781920 0.190732 
759 0.707510 0.146039 
760 0.731253 0.144160 
761 0.544384 0.191887 
762 0.554957 0.191097 
763 0.540210 0.174143 
764 0.523331 0.192251 
765 0.533643 0.191985 
766 0.586007 0.193911 
767 0.576782 0.184211 
768 0.577699 0.192665 
769 0.557790 0.182754 
770 0.547092 0.005631 
771 0.536795 0.006903 
772 0.534582 0.016871 
773 0.581704 0.005990 
774 0.569100 0.022547 
775 0.606727 0.027069 
776 0.602188 0.019414 
777 0.582521 0.025900 
778 0.588050 0.015178 
779 0.566450 0.011607 
780 0.557974 0.006167 
781 0.551106 0.011604 
782 0.569204 0.005647 
783 0.503735 0.006984 
784 0.513661 0.024060 
785 0.524305 0.007514 
786 0.514573 0.007557 
787 0.582298 0.054119 
788 0.563647 0.055922 
789 0.500241 0.126940 
790 0.493905 0.073276 
791 0.501049 0.164214 
792 0.491868 0.037590 
793 0.860520 0.194819 
794 0.869090 0.184202 
795 0.883141 0.193286 
796 0.874655 0.193986 
797 0.830580 0.192632 
798 0.840129 0.175586 
799 0.851571 0.193626 
800 0.856777 0.187037 
801 0.841231 0.192798 
802 0.863139 0.007371 
803 0.853018 0.008308 
804 0.849101 0.020547 
805 0.892810 0.006269 
806 0.902706 0.006305 
807 0.883807 0.019225 
808 0.866290 0.055300 
809 0.872991 0.006525 
810 0.868802 0.013369 
811 0.882896 0.006447 
812 0.815122 0.007452 
813 0.830799 0.020142 
814 0.842759 0.009023 
815 0.833057 0.009643 
816 0.928150 0.165238 
817 0.913675 0.150089 
818 0.876966 0.167532 
819 0.952050 0.123178 
820 0.941963 0.031826 
821 0.945232 0.067912 
822 0.920871 0.081306 
823 0.958294 0.037487 
824 0.031940 0.016579 
825 0.090940 0.006612 
826 0.164898 0.017119 
827 0.130677 0.019843 
828 0.139307 0.019274 
829 0.091587 0.184865 
830 0.103728 0.112588 
831 0.059461 0.115698 
832 0.069358 0.163264 
833 0.055227 0.160554 
834 0.122524 0.180762 
835 0.117950 0.173325 
836 0.068723 0.017596 
837 0.112381 0.021528 
838 0.041660 0.143167 
839 0.314459 0.185498 
840 0.339230 0.175152 
841 0.330668 0.180755 
842 0.338128 0.144811 
843 0.379699 0.016907 
844 0.369757 0.089225 
845 0.398585 0.074388 
846 0.360622 0.065460 
847 0.379719 0.038510 
848 0.363746 0.047568 
849 0.341495 0.021366 
850 0.354236 0.022602 
851 0.281085 0.006231 
852 0.596398 0.193574 
853 0.620961 0.105654 
854 0.601494 0.131494 
855 0.597412 0.149795 
856 0.623745 0.130332 
857 0.619853 0.156486 
858 0.646992 0.176378 
859 0.635918 0.178254 
860 0.685893 0.016679 
861 0.682420 0.087395 
862 0.703964 0.064947 
863 0.671932 0.066315 
864 0.688355 0.039518 
865 0.674327 0.048994 
866 0.648609 0.022215 
867 0.661027 0.022510 
868 0.943155 0.183225 
869 0.959901 0.187483 
870 0.254469 0.035810 
871 0.230891 0.022000 
872 0.239490 0.018076 
873 0.205239 0.043389 
874 0.180568 0.072760 
875 0.146933 0.039460 
876 0.181323 0.191881 
877 0.168537 0.119706 
878 0.196714 0.148997 
879 0.224947 0.179526 
880 0.219091 0.173036 
881 0.290475 0.193851 
882 0.282478 0.029399 
883 0.302845 0.058348 
884 0.262583 0.056964 
885 0.266439 0.173026 
886 0.270417 0.139433 
887 0.307960 0.147733 
888 0.454783 0.016153 
889 0.396078 0.193260 
890 0.439405 0.181911 
891 0.429052 0.172067 
892 0.472919 0.162512 
893 0.396815 0.158342 
894 0.390232 0.135800 
895 0.415649 0.155633 
896 0.764586 0.043805 
897 0.780264 0.027490 
898 0.835897 0.069335 
899 0.828946 0.032866 
900 0.814660 0.029098 
901 0.791765 0.050868 
902 0.808549 0.061207 
903 0.752501 0.022573 
904 0.761670 0.021899 
905 0.702227 0.193389 
906 0.745900 0.180580 
907 0.738983 0.173443 
908 0.788088 0.171160 
909 0.833902 0.165215 
910 0.806667 0.149648 
911 0.821103 0.134504 
912 0.813697 0.174910 
913 0.769736 0.116230 
914 0.702665 0.163318 
915 0.689481 0.133030 
916 0.720826 0.158754 
917 0.536918 0.183049 
918 0.575954 0.160921 
919 0.593974 0.006501 
920 0.548022 0.018931 
921 0.557892 0.028246 
922 0.517453 0.036085 
923 0.594066 0.039845 
924 0.602082 0.060851 
925 0.572614 0.039552 
926 0.486532 0.139481 
927 0.520587 0.140844 
928 0.509676 0.060742 
929 0.473964 0.058595 
930 0.498272 0.176488 
931 0.516733 0.160339 
932 0.501877 0.148265 
933 0.513615 0.176082 
934 0.471031 0.037648 
935 0.489944 0.050523 
936 0.475147 0.019838 
937 0.901866 0.193669 
938 0.820189 0.192204 
939 0.861883 0.182207 
940 0.852923 0.175867 
941 0.912659 0.006075 
942 0.917946 0.034967 
943 0.892824 0.081674 
944 0.865561 0.019361 
945 0.873685 0.023097 
946 0.805800 0.004378 
947 0.921678 0.175738 
948 0.898368 0.153999 
949 0.876050 0.180848 
950 0.943582 0.015428 
951 0.950952 0.020306 
952 0.962176 0.053272 
953 0.958086 0.025836 
954 0.104602 0.015729 
955 0.173215 0.015267 
956 0.168598 0.008004 
957 0.084396 0.126540 
958 0.081141 0.170153 
959 0.070851 0.177621 
960 0.093964 0.167114 
961 0.042750 0.173790 
962 0.057679 0.174259 
963 0.072616 0.009209 
964 0.081360 0.037190 
965 0.039852 0.161145 
966 0.390849 0.018235 
967 0.383778 0.008567 
968 0.402092 0.040732 
969 0.590949 0.187307 
970 0.611216 0.186316 
971 0.597921 0.163678 
972 0.632788 0.143595 
973 0.696491 0.017024 
974 0.689849 0.008231 
975 0.706178 0.038920 
976 0.960237 0.179364 
977 0.254671 0.024548 
978 0.199902 0.059489 
979 0.190386 0.038199 
980 0.177383 0.184202 
981 0.185561 0.135877 
982 0.209462 0.153489 
983 0.183340 0.157195 
984 0.205450 0.134397 
985 0.299207 0.193322 
986 0.285154 0.015859 
987 0.276442 0.012086 
988 0.267280 0.028693 
989 0.293010 0.041669 
990 0.278779 0.186341 
991 0.315553 0.161322 
992 0.323048 0.145049 
993 0.292809 0.142279 
994 0.282516 0.156712 
995 0.390534 0.185107 
996 0.377509 0.156853 
997 0.761395 0.062190 
998 0.776009 0.052989 
999 0.781885 0.013745 
1000 0.792924 0.036155 
1001 0.851129 0.055974 
1002 0.822308 0.046828 
1003 0.822287 0.022126 
1004 0.696653 0.185206 
1005 0.801831 0.164840 
1006 0.789213 0.182411 
1007 0.827715 0.175468 
1008 0.826634 0.151372 
1009 0.808510 0.192775 
1010 0.823014 0.184121 
1011 0.683280 0.157038 
1012 0.598635 0.014595 
1013 0.615421 0.040015 
1014 0.488288 0.178790 
1015 0.492784 0.185292 
1016 0.487379 0.155338 
1017 0.514714 0.187658 
1018 0.502655 0.021635 
1019 0.497031 0.014721 
1020 0.505420 0.043956 
1021 0.468401 0.013605 
1022 0.475582 0.008403 
1023 0.889349 0.184470 
1024 0.932048 0.037696 
1025 0.924310 0.055297 
1026 0.899289 0.035234 
1027 0.911759 0.018416 
1028 0.796373 0.006969 
1029 0.814165 0.017148 
1030 0.911075 0.164435 
1031 0.935785 0.011801 
1032 0.103196 0.023620 
1033 0.098277 0.010393 
1034 0.086056 0.151759 
1035 0.103071 0.135514 
1036 0.059994 0.185208 
1037 0.088817 0.176974 
1038 0.081806 0.011140 
1039 0.072532 0.026290 
1040 0.096467 0.032126 
1041 0.411385 0.058437 
1042 0.614925 0.171083 
1043 0.593974 0.178845 
1044 0.719846 0.051103 
1045 0.952349 0.185026 
1046 0.177526 0.047695 
1047 0.270247 0.043526 
1048 0.274854 0.019346 
1049 0.263875 0.018084 
1050 0.296576 0.022545 
1051 0.286817 0.187133 
1052 0.272946 0.180215 
1053 0.315117 0.175546 
1054 0.309683 0.130965 
1055 0.276783 0.169882 
1056 0.366171 0.144530 
1057 0.794402 0.024424 
1058 0.837863 0.045245 
1059 0.841926 0.154610 
1060 0.670609 0.147096 
1061 0.623987 0.051802 
1062 0.496819 0.192874 
1063 0.488420 0.168775 
1064 0.514948 0.194636 
1065 0.504118 0.185385 
1066 0.484980 0.013439 
1067 0.503416 0.031355 
1068 0.464509 0.021273 
1069 0.484493 0.005816 
1070 0.882469 0.178392 
1071 0.894441 0.164853 
1072 0.892963 0.193233 
1073 0.903213 0.061985 
1074 0.893019 0.021419 
1075 0.916769 0.012843 
1076 0.907396 0.012565 
1077 0.911227 0.025792 
1078 0.903408 0.021006 
1079 0.790440 0.011821 
1080 0.802827 0.029909 
1081 0.805481 0.012006 
1082 0.910141 0.176691 
1083 0.926510 0.013178 
1084 0.105270 0.154787 
1085 0.075922 0.017338 
1086 0.096050 0.019680 
1087 0.615186 0.180156 
1088 0.600814 0.186140 
1089 0.585594 0.182580 
1090 0.950247 0.174934 
1091 0.269576 0.012545 
1092 0.294193 0.188051 
1093 0.308541 0.182396 
1094 0.298750 0.158549 
1095 0.283178 0.179040 
1096 0.852901 0.142542 
1097 0.800111 0.187109 
1098 0.800633 0.177484 
1099 0.506901 0.193368 
1100 0.489447 0.025175 
1101 0.493318 0.006827 
1102 0.892230 0.172676 
1103 0.881967 0.060187 
1104 0.907499 0.046516 
1105 0.897907 0.013422 
1106 0.788974 0.016900 
1107 0.804714 0.021299 
1108 0.913153 0.187706 
1109 0.905476 0.186894 
1110 0.919706 0.020980 
1111 0.922457 0.006369 
1112 0.931544 0.023258 
1113 0.083934 0.022455 
1114 0.089823 0.013756 
1115 0.624282 0.178803 
1116 0.605673 0.177703 
1117 0.583052 0.174334 
1118 0.300966 0.184834 
1119 0.303238 0.173331 
1120 0.289639 0.169726 
1121 0.844404 0.121683 
1122 0.837940 0.140834 
1123 0.810858 0.184473 
1124 0.891900 0.045763 
1125 0.796731 0.015570 
1126 0.897721 0.187983 
1127 0.898983 0.181743 
1128 0.293005 0.180353 
1129 0.473614 0.185238 
vertexID14 97 
120 
121 
122 
123 
124 
125 
126 
127 
128 
129 
130 
131 
132 
133 
134 
135 
136 
137 
138 
139 
140 
141 
142 
143 
144 
145 
146 
147 
148 
149 
150 
151 
152 
153 
154 
155 
156 
157 
158 
159 
160 
161 
162 
163 
164 
165 
166 
167 
168 
169 
170 
171 
172 
173 
174 
175 
176 
177 
178 
179 
180 
181 
182 
183 
184 
185 
186 
187 
188 
189 
190 
191 
192 
193 
194 
195 
196 
197 
198 
199 
200 
201 
202 
203 
204 
205 
206 
207 
208 
209 
210 
211 
212 
213 
214 
215 
216 
vertexID6 97 
14 
15 
16 
17 
18 
19 
20 
21 
22 
23 
24 
25 
26 
27 
28 
29 
30 
31 
32 
33 
34 
35 
36 
37 
38 
39 
40 
41 
42 
43 
44 
45 
46 
47 
48 
49 
50 
51 
52 
53 
54 
55 
56 
57 
58 
59 
60 
61 
62 
63 
64 
65 
66 
67 
68 
69 
70 
71 
72 
73 
74 
75 
76 
77 
78 
79 
80 
81 
82 
83 
84 
85 
86 
87 
88 
89 
90 
91 
92 
93 
94 
95 
96 
97 
98 
99 
100 
101 
102 
103 
104 
105 
106 
107 
108 
109 
110 
vertexID24 9 
111 
112 
113 
114 
115 
116 
117 
118 
119 
vertexID23 9 
5 
6 
7 
8 
9 
10 
11 
12 
13 
V 4
4 
3 
2 
1 
BCelement14 98 
1 
1468 
1474 
33 
179 
1492 
87 
181 
180 
709 
183 
184 
182 
189 
195 
187 
990 
382 
116 
395 
388 
363 
362 
372 
378 
368 
370 
766 
292 
103 
301 
294 
273 
272 
280 
286 
278 
1020 
454 
131 
467 
460 
443 
442 
451 
450 
1648 
1292 
1689 
623 
629 
625 
600 
599 
616 
620 
1601 
605 
1638 
1550 
354 
349 
331 
330 
338 
344 
336 
1043 
526 
139 
539 
532 
503 
502 
514 
520 
509 
1776 
968 
1696 
680 
689 
682 
656 
655 
668 
674 
664 
1742 
960 
1396 
146 
71 
1487 
77 
74 
10 
11 
BCelement6 98 
7 
361 
54 
52 
109 
357 
62 
1504 
1574 
949 
1842 
1854 
641 
638 
644 
650 
642 
951 
1140 
571 
1678 
577 
572 
541 
540 
559 
563 
1591 
549 
1634 
1543 
329 
325 
303 
302 
313 
319 
310 
312 
767 
591 
1600 
148 
583 
582 
589 
588 
1276 
1359 
1659 
491 
497 
493 
469 
468 
484 
488 
1581 
475 
1628 
1532 
271 
267 
245 
244 
255 
261 
252 
1626 
827 
424 
1858 
432 
426 
397 
396 
418 
422 
1559 
408 
1622 
229 
237 
231 
201 
200 
218 
224 
207 
214 
90 
92 
39 
1477 
44 
42 
3 
4 
BCelement24 10 
41 
23 
5 
96 
1496 
19 
22 
14 
18 
2 
BCelement23 10 
73 
30 
12 
169 
65 
29 
24 
25 
6 
8 
