Edge min = 0.199805, max=0.282912, average=0.225888;
Grid_size 200
Node_size 121
Total_DOF 121
maxDOF 6
Solution_Order 
1 1 1 
 meshIEN 
4 26 59 
 59 45 4 
 26 25 60 
 60 59 26 
 25 24 61 
 61 60 25 
 24 23 62 
 62 61 24 
 23 22 63 
 63 62 23 
 22 21 64 
 64 63 22 
 21 20 65 
 65 64 21 
 20 19 66 
 66 65 20 
 19 18 67 
 67 66 19 
 18 3 32 
 32 67 18 
 45 59 68 
 68 46 45 
 59 60 69 
 69 68 59 
 60 61 70 
 70 69 60 
 61 62 71 
 71 70 61 
 62 63 72 
 72 71 62 
 63 64 73 
 73 72 63 
 64 65 74 
 74 73 64 
 65 66 75 
 75 74 65 
 66 67 76 
 76 75 66 
 67 32 31 
 31 76 67 
 44 46 68 
 68 77 44 
 68 69 78 
 78 77 68 
 69 70 79 
 79 78 69 
 70 71 80 
 80 79 70 
 71 72 81 
 81 80 71 
 72 73 82 
 82 81 72 
 73 74 83 
 83 82 73 
 74 75 84 
 84 83 74 
 75 76 85 
 85 84 75 
 76 31 30 
 30 85 76 
 44 77 86 
 86 47 44 
 77 78 87 
 87 86 77 
 78 79 88 
 88 87 78 
 79 80 89 
 89 88 79 
 80 81 90 
 90 89 80 
 81 82 91 
 91 90 81 
 82 83 92 
 92 91 82 
 83 84 93 
 93 92 83 
 84 85 94 
 94 93 84 
 85 30 29 
 29 94 85 
 47 86 95 
 95 48 47 
 86 87 96 
 96 95 86 
 87 88 97 
 97 96 87 
 88 89 98 
 98 97 88 
 89 90 99 
 99 98 89 
 90 91 100 
 100 99 90 
 91 92 101 
 101 100 91 
 92 93 102 
 102 101 92 
 93 94 103 
 103 102 93 
 94 29 28 
 28 103 94 
 1 48 95 
 95 9 1 
 9 95 96 
 96 10 9 
 10 96 97 
 97 11 10 
 11 97 98 
 98 12 11 
 12 98 99 
 99 13 12 
 13 99 100 
 100 14 13 
 14 100 101 
 101 15 14 
 15 101 102 
 102 16 15 
 16 102 103 
 103 17 16 
 17 103 28 
 28 2 17 
 1 9 112 
 112 49 1 
 9 10 111 
 111 112 9 
 10 11 110 
 110 111 10 
 11 12 109 
 109 110 11 
 12 13 108 
 108 109 12 
 13 14 107 
 107 108 13 
 14 15 106 
 106 107 14 
 15 16 105 
 105 106 15 
 16 17 104 
 104 105 16 
 17 2 27 
 27 104 17 
 112 34 6 
 6 49 112 
 111 35 34 
 34 112 111 
 110 36 35 
 35 111 110 
 109 37 36 
 36 110 109 
 108 38 37 
 37 109 108 
 107 39 38 
 38 108 107 
 106 40 39 
 39 107 106 
 105 41 40 
 40 106 105 
 104 42 41 
 41 105 104 
 27 5 42 
 42 104 27 
 113 43 8 
 8 58 113 
 114 113 58 
 58 57 114 
 115 114 57 
 57 56 115 
 116 115 56 
 56 55 116 
 117 116 55 
 55 54 117 
 118 117 54 
 54 53 118 
 119 118 53 
 53 52 119 
 120 119 52 
 52 51 120 
 121 120 51 
 51 50 121 
 33 121 50 
 50 7 33 
 4 43 113 
 113 26 4 
 26 113 114 
 114 25 26 
 25 114 115 
 115 24 25 
 24 115 116 
 116 23 24 
 23 116 117 
 117 22 23 
 22 117 118 
 118 21 22 
 21 118 119 
 119 20 21 
 20 119 120 
 120 19 20 
 19 120 121 
 121 18 19 
 18 121 33 
 33 3 18 
 solutionIEN 
4 26 59 0 0 0 
 59 45 4 0 0 0 
 26 25 60 0 0 0 
 60 59 26 0 0 0 
 25 24 61 0 0 0 
 61 60 25 0 0 0 
 24 23 62 0 0 0 
 62 61 24 0 0 0 
 23 22 63 0 0 0 
 63 62 23 0 0 0 
 22 21 64 0 0 0 
 64 63 22 0 0 0 
 21 20 65 0 0 0 
 65 64 21 0 0 0 
 20 19 66 0 0 0 
 66 65 20 0 0 0 
 19 18 67 0 0 0 
 67 66 19 0 0 0 
 18 3 32 0 0 0 
 32 67 18 0 0 0 
 45 59 68 0 0 0 
 68 46 45 0 0 0 
 59 60 69 0 0 0 
 69 68 59 0 0 0 
 60 61 70 0 0 0 
 70 69 60 0 0 0 
 61 62 71 0 0 0 
 71 70 61 0 0 0 
 62 63 72 0 0 0 
 72 71 62 0 0 0 
 63 64 73 0 0 0 
 73 72 63 0 0 0 
 64 65 74 0 0 0 
 74 73 64 0 0 0 
 65 66 75 0 0 0 
 75 74 65 0 0 0 
 66 67 76 0 0 0 
 76 75 66 0 0 0 
 67 32 31 0 0 0 
 31 76 67 0 0 0 
 44 46 68 0 0 0 
 68 77 44 0 0 0 
 68 69 78 0 0 0 
 78 77 68 0 0 0 
 69 70 79 0 0 0 
 79 78 69 0 0 0 
 70 71 80 0 0 0 
 80 79 70 0 0 0 
 71 72 81 0 0 0 
 81 80 71 0 0 0 
 72 73 82 0 0 0 
 82 81 72 0 0 0 
 73 74 83 0 0 0 
 83 82 73 0 0 0 
 74 75 84 0 0 0 
 84 83 74 0 0 0 
 75 76 85 0 0 0 
 85 84 75 0 0 0 
 76 31 30 0 0 0 
 30 85 76 0 0 0 
 44 77 86 0 0 0 
 86 47 44 0 0 0 
 77 78 87 0 0 0 
 87 86 77 0 0 0 
 78 79 88 0 0 0 
 88 87 78 0 0 0 
 79 80 89 0 0 0 
 89 88 79 0 0 0 
 80 81 90 0 0 0 
 90 89 80 0 0 0 
 81 82 91 0 0 0 
 91 90 81 0 0 0 
 82 83 92 0 0 0 
 92 91 82 0 0 0 
 83 84 93 0 0 0 
 93 92 83 0 0 0 
 84 85 94 0 0 0 
 94 93 84 0 0 0 
 85 30 29 0 0 0 
 29 94 85 0 0 0 
 47 86 95 0 0 0 
 95 48 47 0 0 0 
 86 87 96 0 0 0 
 96 95 86 0 0 0 
 87 88 97 0 0 0 
 97 96 87 0 0 0 
 88 89 98 0 0 0 
 98 97 88 0 0 0 
 89 90 99 0 0 0 
 99 98 89 0 0 0 
 90 91 100 0 0 0 
 100 99 90 0 0 0 
 91 92 101 0 0 0 
 101 100 91 0 0 0 
 92 93 102 0 0 0 
 102 101 92 0 0 0 
 93 94 103 0 0 0 
 103 102 93 0 0 0 
 94 29 28 0 0 0 
 28 103 94 0 0 0 
 1 48 95 0 0 0 
 95 9 1 0 0 0 
 9 95 96 0 0 0 
 96 10 9 0 0 0 
 10 96 97 0 0 0 
 97 11 10 0 0 0 
 11 97 98 0 0 0 
 98 12 11 0 0 0 
 12 98 99 0 0 0 
 99 13 12 0 0 0 
 13 99 100 0 0 0 
 100 14 13 0 0 0 
 14 100 101 0 0 0 
 101 15 14 0 0 0 
 15 101 102 0 0 0 
 102 16 15 0 0 0 
 16 102 103 0 0 0 
 103 17 16 0 0 0 
 17 103 28 0 0 0 
 28 2 17 0 0 0 
 1 9 112 0 0 0 
 112 49 1 0 0 0 
 9 10 111 0 0 0 
 111 112 9 0 0 0 
 10 11 110 0 0 0 
 110 111 10 0 0 0 
 11 12 109 0 0 0 
 109 110 11 0 0 0 
 12 13 108 0 0 0 
 108 109 12 0 0 0 
 13 14 107 0 0 0 
 107 108 13 0 0 0 
 14 15 106 0 0 0 
 106 107 14 0 0 0 
 15 16 105 0 0 0 
 105 106 15 0 0 0 
 16 17 104 0 0 0 
 104 105 16 0 0 0 
 17 2 27 0 0 0 
 27 104 17 0 0 0 
 112 34 6 0 0 0 
 6 49 112 0 0 0 
 111 35 34 0 0 0 
 34 112 111 0 0 0 
 110 36 35 0 0 0 
 35 111 110 0 0 0 
 109 37 36 0 0 0 
 36 110 109 0 0 0 
 108 38 37 0 0 0 
 37 109 108 0 0 0 
 107 39 38 0 0 0 
 38 108 107 0 0 0 
 106 40 39 0 0 0 
 39 107 106 0 0 0 
 105 41 40 0 0 0 
 40 106 105 0 0 0 
 104 42 41 0 0 0 
 41 105 104 0 0 0 
 27 5 42 0 0 0 
 42 104 27 0 0 0 
 113 43 8 0 0 0 
 8 58 113 0 0 0 
 114 113 58 0 0 0 
 58 57 114 0 0 0 
 115 114 57 0 0 0 
 57 56 115 0 0 0 
 116 115 56 0 0 0 
 56 55 116 0 0 0 
 117 116 55 0 0 0 
 55 54 117 0 0 0 
 118 117 54 0 0 0 
 54 53 118 0 0 0 
 119 118 53 0 0 0 
 53 52 119 0 0 0 
 120 119 52 0 0 0 
 52 51 120 0 0 0 
 121 120 51 0 0 0 
 51 50 121 0 0 0 
 33 121 50 0 0 0 
 50 7 33 0 0 0 
 4 43 113 0 0 0 
 113 26 4 0 0 0 
 26 113 114 0 0 0 
 114 25 26 0 0 0 
 25 114 115 0 0 0 
 115 24 25 0 0 0 
 24 115 116 0 0 0 
 116 23 24 0 0 0 
 23 116 117 0 0 0 
 117 22 23 0 0 0 
 22 117 118 0 0 0 
 118 21 22 0 0 0 
 21 118 119 0 0 0 
 119 20 21 0 0 0 
 20 119 120 0 0 0 
 120 19 20 0 0 0 
 19 120 121 0 0 0 
 121 18 19 0 0 0 
 18 121 33 0 0 0 
 33 3 18 0 0 0 
 solutionOrder 
1 1 1 1 
 1 1 1 1 
 1 1 1 1 
 1 1 1 1 
 1 1 1 1 
 1 1 1 1 
 1 1 1 1 
 1 1 1 1 
 1 1 1 1 
 1 1 1 1 
 1 1 1 1 
 1 1 1 1 
 1 1 1 1 
 1 1 1 1 
 1 1 1 1 
 1 1 1 1 
 1 1 1 1 
 1 1 1 1 
 1 1 1 1 
 1 1 1 1 
 1 1 1 1 
 1 1 1 1 
 1 1 1 1 
 1 1 1 1 
 1 1 1 1 
 1 1 1 1 
 1 1 1 1 
 1 1 1 1 
 1 1 1 1 
 1 1 1 1 
 1 1 1 1 
 1 1 1 1 
 1 1 1 1 
 1 1 1 1 
 1 1 1 1 
 1 1 1 1 
 1 1 1 1 
 1 1 1 1 
 1 1 1 1 
 1 1 1 1 
 1 1 1 1 
 1 1 1 1 
 1 1 1 1 
 1 1 1 1 
 1 1 1 1 
 1 1 1 1 
 1 1 1 1 
 1 1 1 1 
 1 1 1 1 
 1 1 1 1 
 1 1 1 1 
 1 1 1 1 
 1 1 1 1 
 1 1 1 1 
 1 1 1 1 
 1 1 1 1 
 1 1 1 1 
 1 1 1 1 
 1 1 1 1 
 1 1 1 1 
 1 1 1 1 
 1 1 1 1 
 1 1 1 1 
 1 1 1 1 
 1 1 1 1 
 1 1 1 1 
 1 1 1 1 
 1 1 1 1 
 1 1 1 1 
 1 1 1 1 
 1 1 1 1 
 1 1 1 1 
 1 1 1 1 
 1 1 1 1 
 1 1 1 1 
 1 1 1 1 
 1 1 1 1 
 1 1 1 1 
 1 1 1 1 
 1 1 1 1 
 1 1 1 1 
 1 1 1 1 
 1 1 1 1 
 1 1 1 1 
 1 1 1 1 
 1 1 1 1 
 1 1 1 1 
 1 1 1 1 
 1 1 1 1 
 1 1 1 1 
 1 1 1 1 
 1 1 1 1 
 1 1 1 1 
 1 1 1 1 
 1 1 1 1 
 1 1 1 1 
 1 1 1 1 
 1 1 1 1 
 1 1 1 1 
 1 1 1 1 
 1 1 1 1 
 1 1 1 1 
 1 1 1 1 
 1 1 1 1 
 1 1 1 1 
 1 1 1 1 
 1 1 1 1 
 1 1 1 1 
 1 1 1 1 
 1 1 1 1 
 1 1 1 1 
 1 1 1 1 
 1 1 1 1 
 1 1 1 1 
 1 1 1 1 
 1 1 1 1 
 1 1 1 1 
 1 1 1 1 
 1 1 1 1 
 1 1 1 1 
 1 1 1 1 
 1 1 1 1 
 1 1 1 1 
 1 1 1 1 
 1 1 1 1 
 1 1 1 1 
 1 1 1 1 
 1 1 1 1 
 1 1 1 1 
 1 1 1 1 
 1 1 1 1 
 1 1 1 1 
 1 1 1 1 
 1 1 1 1 
 1 1 1 1 
 1 1 1 1 
 1 1 1 1 
 1 1 1 1 
 1 1 1 1 
 1 1 1 1 
 1 1 1 1 
 1 1 1 1 
 1 1 1 1 
 1 1 1 1 
 1 1 1 1 
 1 1 1 1 
 1 1 1 1 
 1 1 1 1 
 1 1 1 1 
 1 1 1 1 
 1 1 1 1 
 1 1 1 1 
 1 1 1 1 
 1 1 1 1 
 1 1 1 1 
 1 1 1 1 
 1 1 1 1 
 1 1 1 1 
 1 1 1 1 
 1 1 1 1 
 1 1 1 1 
 1 1 1 1 
 1 1 1 1 
 1 1 1 1 
 1 1 1 1 
 1 1 1 1 
 1 1 1 1 
 1 1 1 1 
 1 1 1 1 
 1 1 1 1 
 1 1 1 1 
 1 1 1 1 
 1 1 1 1 
 1 1 1 1 
 1 1 1 1 
 1 1 1 1 
 1 1 1 1 
 1 1 1 1 
 1 1 1 1 
 1 1 1 1 
 1 1 1 1 
 1 1 1 1 
 1 1 1 1 
 1 1 1 1 
 1 1 1 1 
 1 1 1 1 
 1 1 1 1 
 1 1 1 1 
 1 1 1 1 
 1 1 1 1 
 1 1 1 1 
 1 1 1 1 
 1 1 1 1 
 1 1 1 1 
 1 1 1 1 
 1 1 1 1 
 1 1 1 1 
 1 1 1 1 
 1 1 1 1 
 1 1 1 1 
 vertexCoord 
-0.600000 -1.000000 
 -0.600000 1.000000 
 0.600000 1.000000 
 0.600000 -1.000000 
 -1.000000 1.000000 
 -1.000000 -1.000000 
 1.000000 1.000000 
 1.000000 -1.000000 
 -0.600000 -0.800000 
 -0.600000 -0.600000 
 -0.600000 -0.400000 
 -0.600000 -0.200000 
 -0.600000 0.000000 
 -0.600000 0.200000 
 -0.600000 0.400000 
 -0.600000 0.600000 
 -0.600000 0.800000 
 0.600000 0.800000 
 0.600000 0.600000 
 0.600000 0.400000 
 0.600000 0.200000 
 0.600000 0.000000 
 0.600000 -0.200000 
 0.600000 -0.400000 
 0.600000 -0.600000 
 0.600000 -0.800000 
 -0.800000 1.000000 
 -0.399902 1.000000 
 -0.199805 1.000000 
 -0.000000 1.000000 
 0.200098 1.000000 
 0.400195 1.000000 
 0.800000 1.000000 
 -1.000000 -0.800000 
 -1.000000 -0.600000 
 -1.000000 -0.400000 
 -1.000000 -0.200000 
 -1.000000 0.000000 
 -1.000000 0.200000 
 -1.000000 0.400000 
 -1.000000 0.600000 
 -1.000000 0.800000 
 0.800000 -1.000000 
 0.000000 -1.000000 
 0.400195 -1.000000 
 0.200098 -1.000000 
 -0.199805 -1.000000 
 -0.399902 -1.000000 
 -0.800000 -1.000000 
 1.000000 0.800000 
 1.000000 0.600000 
 1.000000 0.400000 
 1.000000 0.200000 
 1.000000 0.000000 
 1.000000 -0.200000 
 1.000000 -0.400000 
 1.000000 -0.600000 
 1.000000 -0.800000 
 0.400195 -0.800000 
 0.400195 -0.600000 
 0.400195 -0.400000 
 0.400195 -0.200000 
 0.400195 0.000000 
 0.400195 0.200000 
 0.400195 0.400000 
 0.400195 0.600000 
 0.400195 0.800000 
 0.200098 -0.800000 
 0.200098 -0.600000 
 0.200098 -0.400000 
 0.200098 -0.200000 
 0.200098 0.000000 
 0.200098 0.200000 
 0.200098 0.400000 
 0.200098 0.600000 
 0.200098 0.800000 
 -0.000000 -0.800000 
 0.000000 -0.600000 
 -0.000000 -0.400000 
 -0.000000 -0.200000 
 -0.000000 0.000000 
 0.000000 0.200000 
 0.000000 0.400000 
 -0.000000 0.600000 
 -0.000000 0.800000 
 -0.199805 -0.800000 
 -0.199805 -0.600000 
 -0.199805 -0.400000 
 -0.199805 -0.200000 
 -0.199805 0.000000 
 -0.199805 0.200000 
 -0.199805 0.400000 
 -0.199805 0.600000 
 -0.199805 0.800000 
 -0.399902 -0.800000 
 -0.399902 -0.600000 
 -0.399902 -0.400000 
 -0.399902 -0.200000 
 -0.399902 0.000000 
 -0.399902 0.200000 
 -0.399902 0.400000 
 -0.399902 0.600000 
 -0.399902 0.800000 
 -0.800000 0.800000 
 -0.800000 0.600000 
 -0.800000 0.400000 
 -0.800000 0.200000 
 -0.800000 0.000000 
 -0.800000 -0.200000 
 -0.800000 -0.400000 
 -0.800000 -0.600000 
 -0.800000 -0.800000 
 0.800000 -0.800000 
 0.800000 -0.600000 
 0.800000 -0.400000 
 0.800000 -0.200000 
 0.800000 0.000000 
 0.800000 0.200000 
 0.800000 0.400000 
 0.800000 0.600000 
 0.800000 0.800000 
 bc_tag 
147 
141 
78 
71 
5 
2 
16 
18 
153 
153 
153 
153 
153 
153 
153 
153 
153 
85 
85 
85 
85 
85 
85 
85 
85 
85 
23 
142 
142 
142 
142 
142 
79 
6 
6 
6 
6 
6 
6 
6 
6 
6 
24 
72 
72 
72 
72 
72 
148 
14 
14 
14 
14 
14 
14 
14 
14 
14 
156 
156 
156 
156 
156 
156 
156 
156 
156 
156 
156 
156 
156 
156 
156 
156 
156 
156 
156 
156 
156 
156 
156 
156 
156 
156 
156 
156 
156 
156 
156 
156 
156 
156 
156 
156 
156 
156 
156 
156 
156 
156 
156 
156 
156 
88 
88 
88 
88 
88 
88 
88 
88 
88 
26 
26 
26 
26 
26 
26 
26 
26 
26 
