Edge min = 0.058539, max=0.115942, average=0.104991;
Grid_size 42
Node_size 34
Total_DOF 1114
edge_Size 75
maxDOF 36
Solution_Order
7 
 meshIEN 
25 7 3 
 25 6 8 
 27 1 7 
 27 9 1 
 7 25 27 
 26 16 14 
 27 2 9 
 27 8 2 
 27 25 8 
 28 14 15 
 28 26 14 
 19 26 28 
 28 21 19 
 21 28 29 
 29 18 21 
 29 15 10 
 29 28 15 
 30 10 13 
 30 29 10 
 18 29 30 
 30 23 18 
 23 30 31 
 31 22 23 
 31 13 11 
 31 30 13 
 32 4 17 
 32 12 4 
 32 5 24 
 32 17 5 
 6 25 33 
 33 25 3 
 33 20 6 
 33 26 20 
 16 26 33 
 33 3 16 
 12 32 34 
 34 11 12 
 34 31 11 
 34 32 24 
 19 20 26 
 22 31 34 
 34 24 22 
 solutionIEN 
25 7 3 190 189 188 187 186 185 40 39 38 37 36 35 179 180 181 182 183 184 485 486 487 488 489 490 491 492 493 494 495 496 497 498 499 
 25 6 8 202 201 200 199 198 197 58 57 56 55 54 53 191 192 193 194 195 196 500 501 502 503 504 505 506 507 508 509 510 511 512 513 514 
 27 1 7 214 213 212 211 210 209 46 45 44 43 42 41 203 204 205 206 207 208 515 516 517 518 519 520 521 522 523 524 525 526 527 528 529 
 27 9 1 244 243 242 241 240 239 64 63 62 61 60 59 209 210 211 212 213 214 530 531 532 533 534 535 536 537 538 539 540 541 542 543 544 
 7 25 27 185 186 187 188 189 190 257 258 259 260 261 262 208 207 206 205 204 203 545 546 547 548 549 550 551 552 553 554 555 556 557 558 559 
 26 16 14 238 237 236 235 234 233 112 111 110 109 108 107 227 228 229 230 231 232 560 561 562 563 564 565 566 567 568 569 570 571 572 573 574 
 27 2 9 250 249 248 247 246 245 70 69 68 67 66 65 239 240 241 242 243 244 575 576 577 578 579 580 581 582 583 584 585 586 587 588 589 
 27 8 2 256 255 254 253 252 251 52 51 50 49 48 47 245 246 247 248 249 250 590 591 592 593 594 595 596 597 598 599 600 601 602 603 604 
 27 25 8 262 261 260 259 258 257 196 195 194 193 192 191 251 252 253 254 255 256 605 606 607 608 609 610 611 612 613 614 615 616 617 618 619 
 28 14 15 280 279 278 277 276 275 106 105 104 103 102 101 263 264 265 266 267 268 620 621 622 623 624 625 626 627 628 629 630 631 632 633 634 
 28 26 14 286 285 284 283 282 281 232 231 230 229 228 227 275 276 277 278 279 280 635 636 637 638 639 640 641 642 643 644 645 646 647 648 649 
 19 26 28 221 222 223 224 225 226 281 282 283 284 285 286 292 291 290 289 288 287 650 651 652 653 654 655 656 657 658 659 660 661 662 663 664 
 28 21 19 274 273 272 271 270 269 148 147 146 145 144 143 287 288 289 290 291 292 665 666 667 668 669 670 671 672 673 674 675 676 677 678 679 
 21 28 29 269 270 271 272 273 274 311 312 313 314 315 316 310 309 308 307 306 305 680 681 682 683 684 685 686 687 688 689 690 691 692 693 694 
 29 18 21 298 297 296 295 294 293 154 153 152 151 150 149 305 306 307 308 309 310 695 696 697 698 699 700 701 702 703 704 705 706 707 708 709 
 29 15 10 322 321 320 319 318 317 100 99 98 97 96 95 299 300 301 302 303 304 710 711 712 713 714 715 716 717 718 719 720 721 722 723 724 
 29 28 15 316 315 314 313 312 311 268 267 266 265 264 263 317 318 319 320 321 322 725 726 727 728 729 730 731 732 733 734 735 736 737 738 739 
 30 10 13 340 339 338 337 336 335 94 93 92 91 90 89 323 324 325 326 327 328 740 741 742 743 744 745 746 747 748 749 750 751 752 753 754 
 30 29 10 346 345 344 343 342 341 304 303 302 301 300 299 335 336 337 338 339 340 755 756 757 758 759 760 761 762 763 764 765 766 767 768 769 
 18 29 30 293 294 295 296 297 298 341 342 343 344 345 346 352 351 350 349 348 347 770 771 772 773 774 775 776 777 778 779 780 781 782 783 784 
 30 23 18 334 333 332 331 330 329 160 159 158 157 156 155 347 348 349 350 351 352 785 786 787 788 789 790 791 792 793 794 795 796 797 798 799 
 23 30 31 329 330 331 332 333 334 371 372 373 374 375 376 370 369 368 367 366 365 800 801 802 803 804 805 806 807 808 809 810 811 812 813 814 
 31 22 23 364 363 362 361 360 359 166 165 164 163 162 161 365 366 367 368 369 370 815 816 817 818 819 820 821 822 823 824 825 826 827 828 829 
 31 13 11 382 381 380 379 378 377 88 87 86 85 84 83 353 354 355 356 357 358 830 831 832 833 834 835 836 837 838 839 840 841 842 843 844 
 31 30 13 376 375 374 373 372 371 328 327 326 325 324 323 377 378 379 380 381 382 845 846 847 848 849 850 851 852 853 854 855 856 857 858 859 
 32 4 17 388 387 386 385 384 383 130 129 128 127 126 125 407 408 409 410 411 412 860 861 862 863 864 865 866 867 868 869 870 871 872 873 874 
 32 12 4 394 393 392 391 390 389 76 75 74 73 72 71 383 384 385 386 387 388 875 876 877 878 879 880 881 882 883 884 885 886 887 888 889 
 32 5 24 406 405 404 403 402 401 178 177 176 175 174 173 395 396 397 398 399 400 890 891 892 893 894 895 896 897 898 899 900 901 902 903 904 
 32 17 5 412 411 410 409 408 407 124 123 122 121 120 119 401 402 403 404 405 406 905 906 907 908 909 910 911 912 913 914 915 916 917 918 919 
 6 25 33 197 198 199 200 201 202 419 420 421 422 423 424 418 417 416 415 414 413 920 921 922 923 924 925 926 927 928 929 930 931 932 933 934 
 33 25 3 424 423 422 421 420 419 184 183 182 181 180 179 425 426 427 428 429 430 935 936 937 938 939 940 941 942 943 944 945 946 947 948 949 
 33 20 6 436 435 434 433 432 431 136 135 134 133 132 131 413 414 415 416 417 418 950 951 952 953 954 955 956 957 958 959 960 961 962 963 964 
 33 26 20 442 441 440 439 438 437 220 219 218 217 216 215 431 432 433 434 435 436 965 966 967 968 969 970 971 972 973 974 975 976 977 978 979 
 16 26 33 233 234 235 236 237 238 437 438 439 440 441 442 448 447 446 445 444 443 980 981 982 983 984 985 986 987 988 989 990 991 992 993 994 
 33 3 16 430 429 428 427 426 425 118 117 116 115 114 113 443 444 445 446 447 448 995 996 997 998 999 1000 1001 1002 1003 1004 1005 1006 1007 1008 1009 
 12 32 34 389 390 391 392 393 394 455 456 457 458 459 460 454 453 452 451 450 449 1010 1011 1012 1013 1014 1015 1016 1017 1018 1019 1020 1021 1022 1023 1024 
 34 11 12 466 465 464 463 462 461 82 81 80 79 78 77 449 450 451 452 453 454 1025 1026 1027 1028 1029 1030 1031 1032 1033 1034 1035 1036 1037 1038 1039 
 34 31 11 472 471 470 469 468 467 358 357 356 355 354 353 461 462 463 464 465 466 1040 1041 1042 1043 1044 1045 1046 1047 1048 1049 1050 1051 1052 1053 1054 
 34 32 24 460 459 458 457 456 455 400 399 398 397 396 395 473 474 475 476 477 478 1055 1056 1057 1058 1059 1060 1061 1062 1063 1064 1065 1066 1067 1068 1069 
 19 20 26 142 141 140 139 138 137 215 216 217 218 219 220 226 225 224 223 222 221 1070 1071 1072 1073 1074 1075 1076 1077 1078 1079 1080 1081 1082 1083 1084 
 22 31 34 359 360 361 362 363 364 467 468 469 470 471 472 484 483 482 481 480 479 1085 1086 1087 1088 1089 1090 1091 1092 1093 1094 1095 1096 1097 1098 1099 
 34 24 22 478 477 476 475 474 473 172 171 170 169 168 167 479 480 481 482 483 484 1100 1101 1102 1103 1104 1105 1106 1107 1108 1109 1110 1111 1112 1113 1114 
 solutionOrder
7 7 7 7 
 7 7 7 7 
 7 7 7 7 
 7 7 7 7 
 7 7 7 7 
 7 7 7 7 
 7 7 7 7 
 7 7 7 7 
 7 7 7 7 
 7 7 7 7 
 7 7 7 7 
 7 7 7 7 
 7 7 7 7 
 7 7 7 7 
 7 7 7 7 
 7 7 7 7 
 7 7 7 7 
 7 7 7 7 
 7 7 7 7 
 7 7 7 7 
 7 7 7 7 
 7 7 7 7 
 7 7 7 7 
 7 7 7 7 
 7 7 7 7 
 7 7 7 7 
 7 7 7 7 
 7 7 7 7 
 7 7 7 7 
 7 7 7 7 
 7 7 7 7 
 7 7 7 7 
 7 7 7 7 
 7 7 7 7 
 7 7 7 7 
 7 7 7 7 
 7 7 7 7 
 7 7 7 7 
 7 7 7 7 
 7 7 7 7 
 7 7 7 7 
 7 7 7 7 
 vertexCoord 
0.000000 0.000000 
 -0.000000 0.200000 
 0.200000 0.000000 
 1.000000 0.000000 
 1.000000 0.200000 
 0.200000 0.200000 
 0.100000 0.000000 
 0.100000 0.200000 
 -0.000000 0.100000 
 0.600000 0.000000 
 0.800000 0.000000 
 0.900000 0.000000 
 0.700000 0.000000 
 0.400000 0.000000 
 0.500000 0.000000 
 0.300000 0.000000 
 1.000000 0.100000 
 0.600000 0.200000 
 0.400000 0.200000 
 0.300000 0.200000 
 0.500000 0.200000 
 0.800000 0.200000 
 0.700000 0.200000 
 0.900000 0.200000 
 0.151536 0.100293 
 0.350187 0.100115 
 0.058589 0.100049 
 0.450322 0.100000 
 0.550102 0.099995 
 0.650017 0.099988 
 0.750000 0.099936 
 0.941461 0.099976 
 0.250287 0.100068 
 0.848577 0.099985 
 bc_tag 
184 
 110 
 15 
 10 
 5 
 2 
 190 
 117 
 185 
 16 
 16 
 16 
 16 
 16 
 16 
 16 
 11 
 6 
 6 
 6 
 6 
 6 
 6 
 6 
 120 
 120 
 120 
 120 
 120 
 120 
 120 
 120 
 120 
 120 
 190 
 190 
 190 
 190 
 190 
 190 
 190 
 190 
 190 
 190 
 190 
 190 
 117 
 117 
 117 
 117 
 117 
 117 
 117 
 117 
 117 
 117 
 117 
 117 
 185 
 185 
 185 
 185 
 185 
 185 
 185 
 185 
 185 
 185 
 185 
 185 
 16 
 16 
 16 
 16 
 16 
 16 
 16 
 16 
 16 
 16 
 16 
 16 
 16 
 16 
 16 
 16 
 16 
 16 
 16 
 16 
 16 
 16 
 16 
 16 
 16 
 16 
 16 
 16 
 16 
 16 
 16 
 16 
 16 
 16 
 16 
 16 
 16 
 16 
 16 
 16 
 16 
 16 
 16 
 16 
 16 
 16 
 16 
 16 
 11 
 11 
 11 
 11 
 11 
 11 
 11 
 11 
 11 
 11 
 11 
 11 
 6 
 6 
 6 
 6 
 6 
 6 
 6 
 6 
 6 
 6 
 6 
 6 
 6 
 6 
 6 
 6 
 6 
 6 
 6 
 6 
 6 
 6 
 6 
 6 
 6 
 6 
 6 
 6 
 6 
 6 
 6 
 6 
 6 
 6 
 6 
 6 
 6 
 6 
 6 
 6 
 6 
 6 
 6 
 6 
 6 
 6 
 6 
 6 
 120 
 120 
 120 
 120 
 120 
 120 
 120 
 120 
 120 
 120 
 120 
 120 
 120 
 120 
 120 
 120 
 120 
 120 
 120 
 120 
 120 
 120 
 120 
 120 
 120 
 120 
 120 
 120 
 120 
 120 
 120 
 120 
 120 
 120 
 120 
 120 
 120 
 120 
 120 
 120 
 120 
 120 
 120 
 120 
 120 
 120 
 120 
 120 
 120 
 120 
 120 
 120 
 120 
 120 
 120 
 120 
 120 
 120 
 120 
 120 
 120 
 120 
 120 
 120 
 120 
 120 
 120 
 120 
 120 
 120 
 120 
 120 
 120 
 120 
 120 
 120 
 120 
 120 
 120 
 120 
 120 
 120 
 120 
 120 
 120 
 120 
 120 
 120 
 120 
 120 
 120 
 120 
 120 
 120 
 120 
 120 
 120 
 120 
 120 
 120 
 120 
 120 
 120 
 120 
 120 
 120 
 120 
 120 
 120 
 120 
 120 
 120 
 120 
 120 
 120 
 120 
 120 
 120 
 120 
 120 
 120 
 120 
 120 
 120 
 120 
 120 
 120 
 120 
 120 
 120 
 120 
 120 
 120 
 120 
 120 
 120 
 120 
 120 
 120 
 120 
 120 
 120 
 120 
 120 
 120 
 120 
 120 
 120 
 120 
 120 
 120 
 120 
 120 
 120 
 120 
 120 
 120 
 120 
 120 
 120 
 120 
 120 
 120 
 120 
 120 
 120 
 120 
 120 
 120 
 120 
 120 
 120 
 120 
 120 
 120 
 120 
 120 
 120 
 120 
 120 
 120 
 120 
 120 
 120 
 120 
 120 
 120 
 120 
 120 
 120 
 120 
 120 
 120 
 120 
 120 
 120 
 120 
 120 
 120 
 120 
 120 
 120 
 120 
 120 
 120 
 120 
 120 
 120 
 120 
 120 
 120 
 120 
 120 
 120 
 120 
 120 
 120 
 120 
 120 
 120 
 120 
 120 
 120 
 120 
 120 
 120 
 120 
 120 
 120 
 120 
 120 
 120 
 120 
 120 
 120 
 120 
 120 
 120 
 120 
 120 
 120 
 120 
 120 
 120 
 120 
 120 
 120 
 120 
 120 
 120 
 120 
 120 
 120 
 120 
 120 
 120 
 120 
 120 
 120 
 120 
 120 
 120 
 120 
 120 
 120 
 120 
 120 
 120 
 120 
 120 
 120 
 120 
 120 
 120 
 120 
 120 
 120 
 120 
 120 
 120 
 120 
 120 
 120 
 120 
 120 
 120 
 120 
 120 
 120 
 120 
 120 
 120 
 120 
 120 
 120 
 120 
 120 
 120 
 120 
 120 
 120 
 120 
 120 
 120 
 120 
 120 
 120 
 120 
 120 
 120 
 120 
 120 
 120 
 120 
 120 
 120 
 120 
 120 
 120 
 120 
 120 
 120 
 120 
 120 
 120 
 120 
 120 
 120 
 120 
 120 
 120 
 120 
 120 
 120 
 120 
 120 
 120 
 120 
 120 
 120 
 120 
 120 
 120 
 120 
 120 
 120 
 120 
 120 
 120 
 120 
 120 
 120 
 120 
 120 
 120 
 120 
 120 
 120 
 120 
 120 
 120 
 120 
 120 
 120 
 120 
 120 
 120 
 120 
 120 
 120 
 120 
 120 
 120 
 120 
 120 
 120 
 120 
 120 
 120 
 120 
 120 
 120 
 120 
 120 
 120 
 120 
 120 
 120 
 120 
 120 
 120 
 120 
 120 
 120 
 120 
 120 
 120 
 120 
 120 
 120 
 120 
 120 
 120 
 120 
 120 
 120 
 120 
 120 
 120 
 120 
 120 
 120 
 120 
 120 
 120 
 120 
 120 
 120 
 120 
 120 
 120 
 120 
 120 
 120 
 120 
 120 
 120 
 120 
 120 
 120 
 120 
 120 
 120 
 120 
 120 
 120 
 120 
 120 
 120 
 120 
 120 
 120 
 120 
 120 
 120 
 120 
 120 
 120 
 120 
 120 
 120 
 120 
 120 
 120 
 120 
 120 
 120 
 120 
 120 
 120 
 120 
 120 
 120 
 120 
 120 
 120 
 120 
 120 
 120 
 120 
 120 
 120 
 120 
 120 
 120 
 120 
 120 
 120 
 120 
 120 
 120 
 120 
 120 
 120 
 120 
 120 
 120 
 120 
 120 
 120 
 120 
 120 
 120 
 120 
 120 
 120 
 120 
 120 
 120 
 120 
 120 
 120 
 120 
 120 
 120 
 120 
 120 
 120 
 120 
 120 
 120 
 120 
 120 
 120 
 120 
 120 
 120 
 120 
 120 
 120 
 120 
 120 
 120 
 120 
 120 
 120 
 120 
 120 
 120 
 120 
 120 
 120 
 120 
 120 
 120 
 120 
 120 
 120 
 120 
 120 
 120 
 120 
 120 
 120 
 120 
 120 
 120 
 120 
 120 
 120 
 120 
 120 
 120 
 120 
 120 
 120 
 120 
 120 
 120 
 120 
 120 
 120 
 120 
 120 
 120 
 120 
 120 
 120 
 120 
 120 
 120 
 120 
 120 
 120 
 120 
 120 
 120 
 120 
 120 
 120 
 120 
 120 
 120 
 120 
 120 
 120 
 120 
 120 
 120 
 120 
 120 
 120 
 120 
 120 
 120 
 120 
 120 
 120 
 120 
 120 
 120 
 120 
 120 
 120 
 120 
 120 
 120 
 120 
 120 
 120 
 120 
 120 
 120 
 120 
 120 
 120 
 120 
 120 
 120 
 120 
 120 
 120 
 120 
 120 
 120 
 120 
 120 
 120 
 120 
 120 
 120 
 120 
 120 
 120 
 120 
 120 
 120 
 120 
 120 
 120 
 120 
 120 
 120 
 120 
 120 
 120 
 120 
 120 
 120 
 120 
 120 
 120 
 120 
 120 
 120 
 120 
 120 
 120 
 120 
 120 
 120 
 120 
 120 
 120 
 120 
 120 
 120 
 120 
 120 
 120 
 120 
 120 
 120 
 120 
 120 
 120 
 120 
 120 
 120 
 120 
 120 
 120 
 120 
 120 
 120 
 120 
 120 
 120 
 120 
 120 
 120 
 120 
 120 
 120 
 120 
 120 
 120 
 120 
 120 
 120 
 120 
 120 
 120 
 120 
 120 
 120 
 120 
 120 
 120 
 120 
 120 
 120 
 120 
 120 
 120 
 120 
 120 
 120 
 120 
 120 
 120 
 120 
 120 
 120 
 120 
 120 
 120 
 120 
 120 
 120 
 120 
 120 
 120 
 120 
 120 
 120 
 120 
 120 
 120 
 120 
 120 
 120 
 120 
 120 
 120 
 120 
 120 
 120 
 120 
 120 
 120 
 120 
 120 
 120 
 120 
 120 
 120 
 120 
 120 
 120 
 120 
 120 
 120 
 120 
 120 
 120 
 120 
 120 
 120 
 120 
 120 
 120 
 120 
 120 
 120 
 120 
 120 
 120 
 120 
 120 
 120 
 120 
 120 
 120 
 120 
 120 
 120 
 120 
 120 
 120 
 120 
 120 
 120 
 120 
 120 
 120 
 120 
 120 
 120 
 120 
 120 
 120 
 120 
 120 
 120 
 120 
 120 
 120 
 120 
 120 
 120 
 120 
 120 
 120 
 120 
 120 
 120 
 120 
 120 
 120 
 120 
 120 
 120 
 120 
 120 
 120 
 120 
 120 
 120 
 120 
 120 
 120 
 120 
 120 
 120 
 120 
 120 
 120 
 120 
 120 
 120 
 120 
 120 
 120 
 120 
 120 
 120 
 120 
 120 
 120 
 120 
 120 
 120 
 120 
 120 
 120 
 120 
 120 
 120 
 120 
 120 
 120 
 120 
 120 
 120 
 120 
 120 
 120 
 120 
 120 
 120 
 120 
 120 
 120 
 120 
 120 
 120 
 120 
 120 
 120 
 120 
 120 
 120 
 120 
 120 
 120 
 120 
 120 
 120 
 120 
 120 
 120 
 120 
 120 
 120 
 120 
 120 
 120 
 120 
 120 
 120 
 120 
 120 
 120 
 120 
 120 
 120 
 120 
 120 
 120 
 120 
 120 
 120 
 120 
 120 
 120 
 120 
 120 
 120 
 120 
 120 
 120 
 120 
 120 
 120 
 120 
 120 
 120 
 120 
 120 
 120 
 120 
 120 
 120 
 120 
 120 
 edgeUsage
1 1 0 
 1 1 0 
 1 1 0 
 1 1 0 
 0 0 1 
 1 1 0 
 1 1 0 
 1 1 0 
 1 1 0 
 1 1 0 
 1 1 0 
 0 0 1 
 1 1 0 
 0 0 1 
 1 1 0 
 1 1 0 
 1 1 0 
 1 1 0 
 1 1 0 
 0 0 1 
 1 1 0 
 0 0 1 
 1 1 0 
 1 1 0 
 1 1 0 
 1 1 0 
 1 1 0 
 1 1 0 
 1 1 0 
 0 0 1 
 1 1 0 
 1 1 0 
 1 1 0 
 0 0 1 
 1 1 0 
 0 0 1 
 1 1 0 
 1 1 0 
 1 1 0 
 1 0 1 
 0 0 1 
 1 1 0 
 EdgeNode 
3 7 35 36 37 38 39 40 
 7 1 41 42 43 44 45 46 
 2 8 47 48 49 50 51 52 
 8 6 53 54 55 56 57 58 
 1 9 59 60 61 62 63 64 
 9 2 65 66 67 68 69 70 
 4 12 71 72 73 74 75 76 
 12 11 77 78 79 80 81 82 
 11 13 83 84 85 86 87 88 
 13 10 89 90 91 92 93 94 
 10 15 95 96 97 98 99 100 
 15 14 101 102 103 104 105 106 
 14 16 107 108 109 110 111 112 
 16 3 113 114 115 116 117 118 
 5 17 119 120 121 122 123 124 
 17 4 125 126 127 128 129 130 
 6 20 131 132 133 134 135 136 
 20 19 137 138 139 140 141 142 
 19 21 143 144 145 146 147 148 
 21 18 149 150 151 152 153 154 
 18 23 155 156 157 158 159 160 
 23 22 161 162 163 164 165 166 
 22 24 167 168 169 170 171 172 
 24 5 173 174 175 176 177 178 
 3 25 179 180 181 182 183 184 
 7 25 185 186 187 188 189 190 
 8 25 191 192 193 194 195 196 
 6 25 197 198 199 200 201 202 
 7 27 203 204 205 206 207 208 
 1 27 209 210 211 212 213 214 
 20 26 215 216 217 218 219 220 
 19 26 221 222 223 224 225 226 
 14 26 227 228 229 230 231 232 
 16 26 233 234 235 236 237 238 
 9 27 239 240 241 242 243 244 
 2 27 245 246 247 248 249 250 
 8 27 251 252 253 254 255 256 
 25 27 257 258 259 260 261 262 
 15 28 263 264 265 266 267 268 
 21 28 269 270 271 272 273 274 
 14 28 275 276 277 278 279 280 
 26 28 281 282 283 284 285 286 
 19 28 287 288 289 290 291 292 
 18 29 293 294 295 296 297 298 
 10 29 299 300 301 302 303 304 
 21 29 305 306 307 308 309 310 
 28 29 311 312 313 314 315 316 
 15 29 317 318 319 320 321 322 
 13 30 323 324 325 326 327 328 
 23 30 329 330 331 332 333 334 
 10 30 335 336 337 338 339 340 
 29 30 341 342 343 344 345 346 
 18 30 347 348 349 350 351 352 
 11 31 353 354 355 356 357 358 
 22 31 359 360 361 362 363 364 
 23 31 365 366 367 368 369 370 
 30 31 371 372 373 374 375 376 
 13 31 377 378 379 380 381 382 
 4 32 383 384 385 386 387 388 
 12 32 389 390 391 392 393 394 
 24 32 395 396 397 398 399 400 
 5 32 401 402 403 404 405 406 
 17 32 407 408 409 410 411 412 
 6 33 413 414 415 416 417 418 
 25 33 419 420 421 422 423 424 
 3 33 425 426 427 428 429 430 
 20 33 431 432 433 434 435 436 
 26 33 437 438 439 440 441 442 
 16 33 443 444 445 446 447 448 
 12 34 449 450 451 452 453 454 
 32 34 455 456 457 458 459 460 
 11 34 461 462 463 464 465 466 
 31 34 467 468 469 470 471 472 
 24 34 473 474 475 476 477 478 
 22 34 479 480 481 482 483 484 
 bcElement 24
1 190 1 
3 190 1 
4 185 1 
7 185 1 
8 117 1 
2 117 1 
32 6 1 
40 6 3 
13 6 1 
15 6 1 
21 6 1 
23 6 1 
42 6 1 
28 6 1 
29 11 1 
26 11 1 
27 16 1 
37 16 1 
24 16 1 
18 16 1 
16 16 1 
10 16 1 
6 16 1 
35 16 1 
