Edge min = 0.029269, max=0.057971, average=0.052712;
Grid_size 168
Node_size 109
Total_DOF 385
maxDOF 6
Solution_Order
2 
 meshIEN 
59 49 60 
 8 3 59 
 60 7 8 
 60 8 59 
 61 49 62 
 12 10 61 
 62 6 12 
 62 12 61 
 63 51 64 
 9 7 63 
 64 1 9 
 64 9 63 
 64 51 65 
 14 1 64 
 65 13 14 
 65 14 64 
 63 7 60 
 66 51 63 
 60 49 66 
 60 66 63 
 67 50 68 
 29 20 67 
 68 22 29 
 68 29 67 
 65 51 69 
 15 13 65 
 69 2 15 
 69 15 65 
 69 51 70 
 11 2 69 
 70 10 11 
 70 11 69 
 70 51 66 
 61 10 70 
 66 49 61 
 66 61 70 
 71 52 72 
 28 21 71 
 72 20 28 
 72 28 71 
 72 52 73 
 67 20 72 
 73 50 67 
 73 67 72 
 74 35 75 
 73 52 74 
 75 50 73 
 75 73 74 
 74 52 76 
 43 35 74 
 76 37 43 
 76 43 74 
 77 37 76 
 78 53 77 
 76 52 78 
 76 78 77 
 77 53 79 
 44 37 77 
 79 34 44 
 79 44 77 
 80 53 81 
 27 16 80 
 81 21 27 
 81 27 80 
 81 53 78 
 71 21 81 
 78 52 71 
 78 71 81 
 82 54 83 
 26 19 82 
 83 16 26 
 83 26 82 
 83 54 84 
 80 16 83 
 84 53 80 
 84 80 83 
 85 34 79 
 84 54 85 
 79 53 84 
 79 84 85 
 85 54 86 
 45 34 85 
 86 39 45 
 86 45 85 
 87 39 86 
 88 55 87 
 86 54 88 
 86 88 87 
 87 55 89 
 46 39 87 
 89 38 46 
 89 46 87 
 90 55 91 
 25 17 90 
 91 19 25 
 91 25 90 
 91 55 88 
 82 19 91 
 88 54 82 
 88 82 91 
 92 56 93 
 33 31 92 
 93 4 33 
 93 33 92 
 93 56 94 
 23 4 93 
 94 18 23 
 94 23 93 
 95 56 96 
 48 40 95 
 96 5 48 
 96 48 95 
 96 56 92 
 32 5 96 
 92 31 32 
 92 32 96 
 97 6 62 
 98 57 97 
 62 49 98 
 62 98 97 
 99 57 98 
 59 3 99 
 98 49 59 
 98 59 99 
 97 57 100 
 41 6 97 
 100 36 41 
 100 41 97 
 100 57 102 
 101 36 100 
 102 50 101 
 102 101 100 
 103 22 68 
 102 57 103 
 68 50 102 
 68 102 103 
 103 57 99 
 30 22 103 
 99 3 30 
 99 30 103 
 104 18 94 
 105 58 104 
 94 56 105 
 94 105 104 
 104 58 106 
 24 18 104 
 106 17 24 
 106 24 104 
 106 58 107 
 90 17 106 
 107 55 90 
 107 90 106 
 108 58 105 
 95 40 108 
 105 56 95 
 105 95 108 
 75 35 42 
 101 50 75 
 42 36 101 
 42 101 75 
 109 38 89 
 107 58 109 
 89 55 107 
 89 107 109 
 109 58 108 
 47 38 109 
 108 40 47 
 108 47 109 
 solutionIEN 
59 49 60 159 161 164 
 8 3 59 110 158 162 
 60 7 8 160 111 163 
 60 8 59 163 162 164 
 61 49 62 166 168 171 
 12 10 61 116 165 169 
 62 6 12 167 117 170 
 62 12 61 170 169 171 
 63 51 64 173 175 178 
 9 7 63 112 172 176 
 64 1 9 174 113 177 
 64 9 63 177 176 178 
 64 51 65 175 180 183 
 14 1 64 118 174 181 
 65 13 14 179 119 182 
 65 14 64 182 181 183 
 63 7 60 172 160 188 
 66 51 63 185 173 186 
 60 49 66 161 184 187 
 60 66 63 187 186 188 
 67 50 68 190 192 195 
 29 20 67 134 189 193 
 68 22 29 191 135 194 
 68 29 67 194 193 195 
 65 51 69 180 197 200 
 15 13 65 120 179 198 
 69 2 15 196 121 199 
 69 15 65 199 198 200 
 69 51 70 197 202 205 
 11 2 69 114 196 203 
 70 10 11 201 115 204 
 70 11 69 204 203 205 
 70 51 66 202 185 208 
 61 10 70 165 201 206 
 66 49 61 184 166 207 
 66 61 70 207 206 208 
 71 52 72 210 212 215 
 28 21 71 132 209 213 
 72 20 28 211 133 214 
 72 28 71 214 213 215 
 72 52 73 212 217 220 
 67 20 72 189 211 218 
 73 50 67 216 190 219 
 73 67 72 219 218 220 
 74 35 75 221 223 227 
 73 52 74 217 222 225 
 75 50 73 224 216 226 
 75 73 74 226 225 227 
 74 52 76 222 229 232 
 43 35 74 146 221 230 
 76 37 43 228 147 231 
 76 43 74 231 230 232 
 77 37 76 233 228 239 
 78 53 77 236 234 237 
 76 52 78 229 235 238 
 76 78 77 238 237 239 
 77 53 79 234 241 244 
 44 37 77 148 233 242 
 79 34 44 240 149 243 
 79 44 77 243 242 244 
 80 53 81 246 248 251 
 27 16 80 130 245 249 
 81 21 27 247 131 250 
 81 27 80 250 249 251 
 81 53 78 248 236 254 
 71 21 81 209 247 252 
 78 52 71 235 210 253 
 78 71 81 253 252 254 
 82 54 83 256 258 261 
 26 19 82 128 255 259 
 83 16 26 257 129 260 
 83 26 82 260 259 261 
 83 54 84 258 263 266 
 80 16 83 245 257 264 
 84 53 80 262 246 265 
 84 80 83 265 264 266 
 85 34 79 267 240 271 
 84 54 85 263 268 269 
 79 53 84 241 262 270 
 79 84 85 270 269 271 
 85 54 86 268 273 276 
 45 34 85 150 267 274 
 86 39 45 272 151 275 
 86 45 85 275 274 276 
 87 39 86 277 272 283 
 88 55 87 280 278 281 
 86 54 88 273 279 282 
 86 88 87 282 281 283 
 87 55 89 278 285 288 
 46 39 87 152 277 286 
 89 38 46 284 153 287 
 89 46 87 287 286 288 
 90 55 91 290 292 295 
 25 17 90 126 289 293 
 91 19 25 291 127 294 
 91 25 90 294 293 295 
 91 55 88 292 280 298 
 82 19 91 255 291 296 
 88 54 82 279 256 297 
 88 82 91 297 296 298 
 92 56 93 300 302 305 
 33 31 92 140 299 303 
 93 4 33 301 141 304 
 93 33 92 304 303 305 
 93 56 94 302 307 310 
 23 4 93 122 301 308 
 94 18 23 306 123 309 
 94 23 93 309 308 310 
 95 56 96 312 314 317 
 48 40 95 156 311 315 
 96 5 48 313 157 316 
 96 48 95 316 315 317 
 96 56 92 314 300 320 
 32 5 96 138 313 318 
 92 31 32 299 139 319 
 92 32 96 319 318 320 
 97 6 62 321 167 327 
 98 57 97 324 322 325 
 62 49 98 168 323 326 
 62 98 97 326 325 327 
 99 57 98 329 324 332 
 59 3 99 158 328 330 
 98 49 59 323 159 331 
 98 59 99 331 330 332 
 97 57 100 322 334 337 
 41 6 97 142 321 335 
 100 36 41 333 143 336 
 100 41 97 336 335 337 
 100 57 102 334 341 344 
 101 36 100 338 333 342 
 102 50 101 340 339 343 
 102 101 100 343 342 344 
 103 22 68 345 191 349 
 102 57 103 341 346 347 
 68 50 102 192 340 348 
 68 102 103 348 347 349 
 103 57 99 346 329 352 
 30 22 103 136 345 350 
 99 3 30 328 137 351 
 99 30 103 351 350 352 
 104 18 94 353 306 359 
 105 58 104 356 354 357 
 94 56 105 307 355 358 
 94 105 104 358 357 359 
 104 58 106 354 361 364 
 24 18 104 124 353 362 
 106 17 24 360 125 363 
 106 24 104 363 362 364 
 106 58 107 361 366 369 
 90 17 106 289 360 367 
 107 55 90 365 290 368 
 107 90 106 368 367 369 
 108 58 105 371 356 374 
 95 40 108 311 370 372 
 105 56 95 355 312 373 
 105 95 108 373 372 374 
 75 35 42 223 145 377 
 101 50 75 339 224 375 
 42 36 101 144 338 376 
 42 101 75 376 375 377 
 109 38 89 378 284 382 
 107 58 109 366 379 380 
 89 55 107 285 365 381 
 89 107 109 381 380 382 
 109 58 108 379 371 385 
 47 38 109 154 378 383 
 108 40 47 370 155 384 
 108 47 109 384 383 385 
 solutionOrder
2 2 2 2 
 2 2 2 2 
 2 2 2 2 
 2 2 2 2 
 2 2 2 2 
 2 2 2 2 
 2 2 2 2 
 2 2 2 2 
 2 2 2 2 
 2 2 2 2 
 2 2 2 2 
 2 2 2 2 
 2 2 2 2 
 2 2 2 2 
 2 2 2 2 
 2 2 2 2 
 2 2 2 2 
 2 2 2 2 
 2 2 2 2 
 2 2 2 2 
 2 2 2 2 
 2 2 2 2 
 2 2 2 2 
 2 2 2 2 
 2 2 2 2 
 2 2 2 2 
 2 2 2 2 
 2 2 2 2 
 2 2 2 2 
 2 2 2 2 
 2 2 2 2 
 2 2 2 2 
 2 2 2 2 
 2 2 2 2 
 2 2 2 2 
 2 2 2 2 
 2 2 2 2 
 2 2 2 2 
 2 2 2 2 
 2 2 2 2 
 2 2 2 2 
 2 2 2 2 
 2 2 2 2 
 2 2 2 2 
 2 2 2 2 
 2 2 2 2 
 2 2 2 2 
 2 2 2 2 
 2 2 2 2 
 2 2 2 2 
 2 2 2 2 
 2 2 2 2 
 2 2 2 2 
 2 2 2 2 
 2 2 2 2 
 2 2 2 2 
 2 2 2 2 
 2 2 2 2 
 2 2 2 2 
 2 2 2 2 
 2 2 2 2 
 2 2 2 2 
 2 2 2 2 
 2 2 2 2 
 2 2 2 2 
 2 2 2 2 
 2 2 2 2 
 2 2 2 2 
 2 2 2 2 
 2 2 2 2 
 2 2 2 2 
 2 2 2 2 
 2 2 2 2 
 2 2 2 2 
 2 2 2 2 
 2 2 2 2 
 2 2 2 2 
 2 2 2 2 
 2 2 2 2 
 2 2 2 2 
 2 2 2 2 
 2 2 2 2 
 2 2 2 2 
 2 2 2 2 
 2 2 2 2 
 2 2 2 2 
 2 2 2 2 
 2 2 2 2 
 2 2 2 2 
 2 2 2 2 
 2 2 2 2 
 2 2 2 2 
 2 2 2 2 
 2 2 2 2 
 2 2 2 2 
 2 2 2 2 
 2 2 2 2 
 2 2 2 2 
 2 2 2 2 
 2 2 2 2 
 2 2 2 2 
 2 2 2 2 
 2 2 2 2 
 2 2 2 2 
 2 2 2 2 
 2 2 2 2 
 2 2 2 2 
 2 2 2 2 
 2 2 2 2 
 2 2 2 2 
 2 2 2 2 
 2 2 2 2 
 2 2 2 2 
 2 2 2 2 
 2 2 2 2 
 2 2 2 2 
 2 2 2 2 
 2 2 2 2 
 2 2 2 2 
 2 2 2 2 
 2 2 2 2 
 2 2 2 2 
 2 2 2 2 
 2 2 2 2 
 2 2 2 2 
 2 2 2 2 
 2 2 2 2 
 2 2 2 2 
 2 2 2 2 
 2 2 2 2 
 2 2 2 2 
 2 2 2 2 
 2 2 2 2 
 2 2 2 2 
 2 2 2 2 
 2 2 2 2 
 2 2 2 2 
 2 2 2 2 
 2 2 2 2 
 2 2 2 2 
 2 2 2 2 
 2 2 2 2 
 2 2 2 2 
 2 2 2 2 
 2 2 2 2 
 2 2 2 2 
 2 2 2 2 
 2 2 2 2 
 2 2 2 2 
 2 2 2 2 
 2 2 2 2 
 2 2 2 2 
 2 2 2 2 
 2 2 2 2 
 2 2 2 2 
 2 2 2 2 
 2 2 2 2 
 2 2 2 2 
 2 2 2 2 
 2 2 2 2 
 2 2 2 2 
 2 2 2 2 
 2 2 2 2 
 2 2 2 2 
 2 2 2 2 
 2 2 2 2 
 2 2 2 2 
 2 2 2 2 
 vertexCoord 
0.000000 0.000000 
 -0.000000 0.200000 
 0.200000 0.000000 
 1.000000 0.000000 
 1.000000 0.200000 
 0.200000 0.200000 
 0.100000 0.000000 
 0.150000 0.000000 
 0.050000 0.000000 
 0.100000 0.200000 
 0.050000 0.200000 
 0.150000 0.200000 
 -0.000000 0.100000 
 0.000000 0.050000 
 -0.000000 0.150000 
 0.600000 0.000000 
 0.800000 0.000000 
 0.900000 0.000000 
 0.700000 0.000000 
 0.400000 0.000000 
 0.500000 0.000000 
 0.300000 0.000000 
 0.950000 0.000000 
 0.850000 0.000000 
 0.750000 0.000000 
 0.650000 0.000000 
 0.550000 0.000000 
 0.450000 0.000000 
 0.350000 0.000000 
 0.250000 0.000000 
 1.000000 0.100000 
 1.000000 0.150000 
 1.000000 0.050000 
 0.600000 0.200000 
 0.400000 0.200000 
 0.300000 0.200000 
 0.500000 0.200000 
 0.800000 0.200000 
 0.700000 0.200000 
 0.900000 0.200000 
 0.250000 0.200000 
 0.350000 0.200000 
 0.450000 0.200000 
 0.550000 0.200000 
 0.650000 0.200000 
 0.750000 0.200000 
 0.850000 0.200000 
 0.950000 0.200000 
 0.151536 0.100293 
 0.350187 0.100115 
 0.058589 0.100049 
 0.450322 0.100000 
 0.550102 0.099995 
 0.650017 0.099988 
 0.750000 0.099936 
 0.941461 0.099976 
 0.250287 0.100068 
 0.848577 0.099985 
 0.175768 0.050146 
 0.125768 0.050146 
 0.125768 0.150146 
 0.175768 0.150146 
 0.079295 0.050024 
 0.029295 0.050024 
 0.029295 0.100024 
 0.105063 0.100171 
 0.375093 0.050058 
 0.325093 0.050058 
 0.029295 0.150024 
 0.079295 0.150024 
 0.475161 0.050000 
 0.425161 0.050000 
 0.400254 0.100058 
 0.425161 0.150000 
 0.375093 0.150058 
 0.475161 0.150000 
 0.525051 0.149998 
 0.500212 0.099998 
 0.575051 0.149998 
 0.575051 0.049998 
 0.525051 0.049998 
 0.675009 0.049994 
 0.625009 0.049994 
 0.600060 0.099992 
 0.625009 0.149994 
 0.675009 0.149994 
 0.725000 0.149968 
 0.700009 0.099962 
 0.775000 0.149968 
 0.775000 0.049968 
 0.725000 0.049968 
 0.970731 0.099988 
 0.970731 0.049988 
 0.920731 0.049988 
 0.920731 0.149988 
 0.970731 0.149988 
 0.225144 0.150034 
 0.200912 0.100180 
 0.225144 0.050034 
 0.275144 0.150034 
 0.325093 0.150058 
 0.300237 0.100092 
 0.275144 0.050034 
 0.874288 0.049993 
 0.895019 0.099981 
 0.824288 0.049993 
 0.799289 0.099960 
 0.874288 0.149993 
 0.824288 0.149993 
 bc_tag 
184 
 110 
 15 
 10 
 5 
 2 
 190 
 190 
 190 
 117 
 117 
 117 
 185 
 185 
 185 
 16 
 16 
 16 
 16 
 16 
 16 
 16 
 16 
 16 
 16 
 16 
 16 
 16 
 16 
 16 
 11 
 11 
 11 
 6 
 6 
 6 
 6 
 6 
 6 
 6 
 6 
 6 
 6 
 6 
 6 
 6 
 6 
 6 
 120 
 120 
 120 
 120 
 120 
 120 
 120 
 120 
 120 
 120 
 120 
 120 
 120 
 120 
 120 
 120 
 120 
 120 
 120 
 120 
 120 
 120 
 120 
 120 
 120 
 120 
 120 
 120 
 120 
 120 
 120 
 120 
 120 
 120 
 120 
 120 
 120 
 120 
 120 
 120 
 120 
 120 
 120 
 120 
 120 
 120 
 120 
 120 
 120 
 120 
 120 
 120 
 120 
 120 
 120 
 120 
 120 
 120 
 120 
 120 
 120 
 190 
 190 
 190 
 190 
 117 
 117 
 117 
 117 
 185 
 185 
 185 
 185 
 16 
 16 
 16 
 16 
 16 
 16 
 16 
 16 
 16 
 16 
 16 
 16 
 16 
 16 
 16 
 16 
 11 
 11 
 11 
 11 
 6 
 6 
 6 
 6 
 6 
 6 
 6 
 6 
 6 
 6 
 6 
 6 
 6 
 6 
 6 
 6 
 120 
 120 
 120 
 120 
 120 
 120 
 120 
 120 
 120 
 120 
 120 
 120 
 120 
 120 
 120 
 120 
 120 
 120 
 120 
 120 
 120 
 120 
 120 
 120 
 120 
 120 
 120 
 120 
 120 
 120 
 120 
 120 
 120 
 120 
 120 
 120 
 120 
 120 
 120 
 120 
 120 
 120 
 120 
 120 
 120 
 120 
 120 
 120 
 120 
 120 
 120 
 120 
 120 
 120 
 120 
 120 
 120 
 120 
 120 
 120 
 120 
 120 
 120 
 120 
 120 
 120 
 120 
 120 
 120 
 120 
 120 
 120 
 120 
 120 
 120 
 120 
 120 
 120 
 120 
 120 
 120 
 120 
 120 
 120 
 120 
 120 
 120 
 120 
 120 
 120 
 120 
 120 
 120 
 120 
 120 
 120 
 120 
 120 
 120 
 120 
 120 
 120 
 120 
 120 
 120 
 120 
 120 
 120 
 120 
 120 
 120 
 120 
 120 
 120 
 120 
 120 
 120 
 120 
 120 
 120 
 120 
 120 
 120 
 120 
 120 
 120 
 120 
 120 
 120 
 120 
 120 
 120 
 120 
 120 
 120 
 120 
 120 
 120 
 120 
 120 
 120 
 120 
 120 
 120 
 120 
 120 
 120 
 120 
 120 
 120 
 120 
 120 
 120 
 120 
 120 
 120 
 120 
 120 
 120 
 120 
 120 
 120 
 120 
 120 
 120 
 120 
 120 
 120 
 120 
 120 
 120 
 120 
 120 
 120 
 120 
 120 
 120 
 120 
 120 
 120 
 120 
 120 
 120 
 120 
 120 
 120 
 120 
 120 
 120 
 120 
 120 
 120 
 120 
 120 
 120 
 120 
 120 
 120 
 120 
 120 
 120 
 120 
 120 
 120 
 120 
 120 
 120 
 120 
 120 
 120 
 120 
 120 
 120 
 120 
 120 
 120 
 120 
 120 
 120 
 120 
 120 
 120 
 120 
 120 
 120 
 120 
 120 
 120 
 edgeUsage
0 1 0 
 1 0 0 
 1 1 0 
 1 1 1 
 0 1 0 
 1 0 0 
 1 1 0 
 1 1 1 
 0 1 0 
 1 0 0 
 1 1 0 
 1 1 1 
 0 1 0 
 1 0 0 
 1 1 0 
 1 1 1 
 1 0 0 
 0 1 0 
 0 0 0 
 1 1 1 
 0 1 0 
 1 0 0 
 1 1 0 
 1 1 1 
 0 1 0 
 1 0 0 
 1 1 0 
 1 1 1 
 0 1 0 
 1 0 0 
 1 1 0 
 1 1 1 
 0 1 0 
 1 0 0 
 1 1 0 
 1 1 1 
 0 1 0 
 1 0 0 
 1 1 0 
 1 1 1 
 0 1 0 
 1 0 0 
 1 1 0 
 1 1 1 
 1 0 0 
 0 1 0 
 0 0 0 
 1 1 1 
 0 1 0 
 1 0 0 
 1 1 0 
 1 1 1 
 1 0 0 
 0 1 0 
 0 0 0 
 1 1 1 
 0 1 0 
 1 0 0 
 1 1 0 
 1 1 1 
 0 1 0 
 1 0 0 
 1 1 0 
 1 1 1 
 0 1 0 
 1 0 0 
 1 1 0 
 1 1 1 
 0 1 0 
 1 0 0 
 1 1 0 
 1 1 1 
 0 1 0 
 1 0 0 
 1 1 0 
 1 1 1 
 1 0 0 
 0 1 0 
 0 0 0 
 1 1 1 
 0 1 0 
 1 0 0 
 1 1 0 
 1 1 1 
 1 0 0 
 0 1 0 
 0 0 0 
 1 1 1 
 0 1 0 
 1 0 0 
 1 1 0 
 1 1 1 
 0 1 0 
 1 0 0 
 1 1 0 
 1 1 1 
 0 1 0 
 1 0 0 
 1 1 0 
 1 1 1 
 0 1 0 
 1 0 0 
 1 1 0 
 1 1 1 
 0 1 0 
 1 0 0 
 1 1 0 
 1 1 1 
 0 1 0 
 1 0 0 
 1 1 0 
 1 1 1 
 0 1 0 
 1 0 0 
 1 1 0 
 1 1 1 
 1 0 0 
 0 1 0 
 0 0 0 
 1 1 1 
 0 1 0 
 1 0 0 
 1 1 0 
 1 1 1 
 0 1 0 
 1 0 0 
 1 1 0 
 1 1 1 
 0 1 0 
 1 0 0 
 1 1 0 
 1 1 1 
 1 0 0 
 0 1 0 
 0 0 0 
 1 1 1 
 0 1 0 
 1 0 0 
 1 1 0 
 1 1 1 
 1 0 0 
 0 1 0 
 0 0 0 
 1 1 1 
 0 1 0 
 1 0 0 
 1 1 0 
 1 1 1 
 0 1 0 
 1 0 0 
 1 1 0 
 1 1 1 
 0 1 0 
 1 0 0 
 1 1 0 
 1 1 1 
 1 1 0 
 0 1 0 
 1 0 0 
 1 1 1 
 1 0 0 
 0 1 0 
 0 0 0 
 1 1 1 
 0 1 0 
 1 0 0 
 1 1 0 
 1 1 1 
 bcElement 48
2 190 3 
3 190 1 
10 190 3 
11 190 1 
14 185 3 
15 185 1 
26 185 3 
27 185 1 
30 117 3 
31 117 1 
6 117 3 
7 117 1 
126 6 3 
127 6 1 
159 6 3 
157 6 1 
50 6 3 
51 6 1 
58 6 3 
59 6 1 
82 6 3 
83 6 1 
90 6 3 
91 6 1 
166 6 3 
167 6 1 
110 6 3 
111 6 1 
114 11 3 
115 11 1 
102 11 3 
103 11 1 
106 16 3 
107 16 1 
146 16 3 
147 16 1 
94 16 3 
95 16 1 
70 16 3 
71 16 1 
62 16 3 
63 16 1 
38 16 3 
39 16 1 
22 16 3 
23 16 1 
138 16 3 
139 16 1 
