Edge min = 0.058539, max=0.115942, average=0.104991;
Grid_size 42
Node_size 34
Total_DOF 226
edge_Size 75
maxDOF 10
Solution_Order
3 
 meshIEN 
25 7 3 
 25 6 8 
 27 1 7 
 27 9 1 
 7 25 27 
 26 16 14 
 27 2 9 
 27 8 2 
 27 25 8 
 28 14 15 
 28 26 14 
 19 26 28 
 28 21 19 
 21 28 29 
 29 18 21 
 29 15 10 
 29 28 15 
 30 10 13 
 30 29 10 
 18 29 30 
 30 23 18 
 23 30 31 
 31 22 23 
 31 13 11 
 31 30 13 
 32 4 17 
 32 12 4 
 32 5 24 
 32 17 5 
 6 25 33 
 33 25 3 
 33 20 6 
 33 26 20 
 16 26 33 
 33 3 16 
 12 32 34 
 34 11 12 
 34 31 11 
 34 32 24 
 19 20 26 
 22 31 34 
 34 24 22 
 solutionIEN 
25 7 3 86 85 36 35 83 84 185 
 25 6 8 90 89 42 41 87 88 186 
 27 1 7 94 93 38 37 91 92 187 
 27 9 1 104 103 44 43 93 94 188 
 7 25 27 85 86 109 110 92 91 189 
 26 16 14 102 101 60 59 99 100 190 
 27 2 9 106 105 46 45 103 104 191 
 27 8 2 108 107 40 39 105 106 192 
 27 25 8 110 109 88 87 107 108 193 
 28 14 15 116 115 58 57 111 112 194 
 28 26 14 118 117 100 99 115 116 195 
 19 26 28 97 98 117 118 120 119 196 
 28 21 19 114 113 72 71 119 120 197 
 21 28 29 113 114 127 128 126 125 198 
 29 18 21 122 121 74 73 125 126 199 
 29 15 10 130 129 56 55 123 124 200 
 29 28 15 128 127 112 111 129 130 201 
 30 10 13 136 135 54 53 131 132 202 
 30 29 10 138 137 124 123 135 136 203 
 18 29 30 121 122 137 138 140 139 204 
 30 23 18 134 133 76 75 139 140 205 
 23 30 31 133 134 147 148 146 145 206 
 31 22 23 144 143 78 77 145 146 207 
 31 13 11 150 149 52 51 141 142 208 
 31 30 13 148 147 132 131 149 150 209 
 32 4 17 152 151 66 65 159 160 210 
 32 12 4 154 153 48 47 151 152 211 
 32 5 24 158 157 82 81 155 156 212 
 32 17 5 160 159 64 63 157 158 213 
 6 25 33 89 90 163 164 162 161 214 
 33 25 3 164 163 84 83 165 166 215 
 33 20 6 168 167 68 67 161 162 216 
 33 26 20 170 169 96 95 167 168 217 
 16 26 33 101 102 169 170 172 171 218 
 33 3 16 166 165 62 61 171 172 219 
 12 32 34 153 154 175 176 174 173 220 
 34 11 12 178 177 50 49 173 174 221 
 34 31 11 180 179 142 141 177 178 222 
 34 32 24 176 175 156 155 181 182 223 
 19 20 26 70 69 95 96 98 97 224 
 22 31 34 143 144 179 180 184 183 225 
 34 24 22 182 181 80 79 183 184 226 
 solutionOrder
3 3 3 3 
 3 3 3 3 
 3 3 3 3 
 3 3 3 3 
 3 3 3 3 
 3 3 3 3 
 3 3 3 3 
 3 3 3 3 
 3 3 3 3 
 3 3 3 3 
 3 3 3 3 
 3 3 3 3 
 3 3 3 3 
 3 3 3 3 
 3 3 3 3 
 3 3 3 3 
 3 3 3 3 
 3 3 3 3 
 3 3 3 3 
 3 3 3 3 
 3 3 3 3 
 3 3 3 3 
 3 3 3 3 
 3 3 3 3 
 3 3 3 3 
 3 3 3 3 
 3 3 3 3 
 3 3 3 3 
 3 3 3 3 
 3 3 3 3 
 3 3 3 3 
 3 3 3 3 
 3 3 3 3 
 3 3 3 3 
 3 3 3 3 
 3 3 3 3 
 3 3 3 3 
 3 3 3 3 
 3 3 3 3 
 3 3 3 3 
 3 3 3 3 
 3 3 3 3 
 vertexCoord 
0.000000 0.000000 
 -0.000000 0.200000 
 0.200000 0.000000 
 1.000000 0.000000 
 1.000000 0.200000 
 0.200000 0.200000 
 0.100000 0.000000 
 0.100000 0.200000 
 -0.000000 0.100000 
 0.600000 0.000000 
 0.800000 0.000000 
 0.900000 0.000000 
 0.700000 0.000000 
 0.400000 0.000000 
 0.500000 0.000000 
 0.300000 0.000000 
 1.000000 0.100000 
 0.600000 0.200000 
 0.400000 0.200000 
 0.300000 0.200000 
 0.500000 0.200000 
 0.800000 0.200000 
 0.700000 0.200000 
 0.900000 0.200000 
 0.151536 0.100293 
 0.350187 0.100115 
 0.058589 0.100049 
 0.450322 0.100000 
 0.550102 0.099995 
 0.650017 0.099988 
 0.750000 0.099936 
 0.941461 0.099976 
 0.250287 0.100068 
 0.848577 0.099985 
 bc_tag 
184 
 110 
 15 
 10 
 5 
 2 
 190 
 117 
 185 
 16 
 16 
 16 
 16 
 16 
 16 
 16 
 11 
 6 
 6 
 6 
 6 
 6 
 6 
 6 
 120 
 120 
 120 
 120 
 120 
 120 
 120 
 120 
 120 
 120 
 190 
 190 
 190 
 190 
 117 
 117 
 117 
 117 
 185 
 185 
 185 
 185 
 16 
 16 
 16 
 16 
 16 
 16 
 16 
 16 
 16 
 16 
 16 
 16 
 16 
 16 
 16 
 16 
 11 
 11 
 11 
 11 
 6 
 6 
 6 
 6 
 6 
 6 
 6 
 6 
 6 
 6 
 6 
 6 
 6 
 6 
 6 
 6 
 120 
 120 
 120 
 120 
 120 
 120 
 120 
 120 
 120 
 120 
 120 
 120 
 120 
 120 
 120 
 120 
 120 
 120 
 120 
 120 
 120 
 120 
 120 
 120 
 120 
 120 
 120 
 120 
 120 
 120 
 120 
 120 
 120 
 120 
 120 
 120 
 120 
 120 
 120 
 120 
 120 
 120 
 120 
 120 
 120 
 120 
 120 
 120 
 120 
 120 
 120 
 120 
 120 
 120 
 120 
 120 
 120 
 120 
 120 
 120 
 120 
 120 
 120 
 120 
 120 
 120 
 120 
 120 
 120 
 120 
 120 
 120 
 120 
 120 
 120 
 120 
 120 
 120 
 120 
 120 
 120 
 120 
 120 
 120 
 120 
 120 
 120 
 120 
 120 
 120 
 120 
 120 
 120 
 120 
 120 
 120 
 120 
 120 
 120 
 120 
 120 
 120 
 120 
 120 
 120 
 120 
 120 
 120 
 120 
 120 
 120 
 120 
 120 
 120 
 120 
 120 
 120 
 120 
 120 
 120 
 120 
 120 
 120 
 120 
 120 
 120 
 120 
 120 
 120 
 120 
 120 
 120 
 120 
 120 
 120 
 120 
 120 
 120 
 120 
 120 
 120 
 120 
 120 
 120 
 edgeUsage
1 1 0 
 1 1 0 
 1 1 0 
 1 1 0 
 0 0 1 
 1 1 0 
 1 1 0 
 1 1 0 
 1 1 0 
 1 1 0 
 1 1 0 
 0 0 1 
 1 1 0 
 0 0 1 
 1 1 0 
 1 1 0 
 1 1 0 
 1 1 0 
 1 1 0 
 0 0 1 
 1 1 0 
 0 0 1 
 1 1 0 
 1 1 0 
 1 1 0 
 1 1 0 
 1 1 0 
 1 1 0 
 1 1 0 
 0 0 1 
 1 1 0 
 1 1 0 
 1 1 0 
 0 0 1 
 1 1 0 
 0 0 1 
 1 1 0 
 1 1 0 
 1 1 0 
 1 0 1 
 0 0 1 
 1 1 0 
 EdgeNode 
3 7 35 36 
 7 1 37 38 
 2 8 39 40 
 8 6 41 42 
 1 9 43 44 
 9 2 45 46 
 4 12 47 48 
 12 11 49 50 
 11 13 51 52 
 13 10 53 54 
 10 15 55 56 
 15 14 57 58 
 14 16 59 60 
 16 3 61 62 
 5 17 63 64 
 17 4 65 66 
 6 20 67 68 
 20 19 69 70 
 19 21 71 72 
 21 18 73 74 
 18 23 75 76 
 23 22 77 78 
 22 24 79 80 
 24 5 81 82 
 3 25 83 84 
 7 25 85 86 
 8 25 87 88 
 6 25 89 90 
 7 27 91 92 
 1 27 93 94 
 20 26 95 96 
 19 26 97 98 
 14 26 99 100 
 16 26 101 102 
 9 27 103 104 
 2 27 105 106 
 8 27 107 108 
 25 27 109 110 
 15 28 111 112 
 21 28 113 114 
 14 28 115 116 
 26 28 117 118 
 19 28 119 120 
 18 29 121 122 
 10 29 123 124 
 21 29 125 126 
 28 29 127 128 
 15 29 129 130 
 13 30 131 132 
 23 30 133 134 
 10 30 135 136 
 29 30 137 138 
 18 30 139 140 
 11 31 141 142 
 22 31 143 144 
 23 31 145 146 
 30 31 147 148 
 13 31 149 150 
 4 32 151 152 
 12 32 153 154 
 24 32 155 156 
 5 32 157 158 
 17 32 159 160 
 6 33 161 162 
 25 33 163 164 
 3 33 165 166 
 20 33 167 168 
 26 33 169 170 
 16 33 171 172 
 12 34 173 174 
 32 34 175 176 
 11 34 177 178 
 31 34 179 180 
 24 34 181 182 
 22 34 183 184 
 bcElement 24
1 190 1 
3 190 1 
4 185 1 
7 185 1 
8 117 1 
2 117 1 
32 6 1 
40 6 3 
13 6 1 
15 6 1 
21 6 1 
23 6 1 
42 6 1 
28 6 1 
29 11 1 
26 11 1 
27 16 1 
37 16 1 
24 16 1 
18 16 1 
16 16 1 
10 16 1 
6 16 1 
35 16 1 
