Edge min = 0.058539, max=0.115942, average=0.104991;
Grid_size 42
Node_size 34
Total_DOF 829
maxDOF 28
Solution_Order
6 
 meshIEN 
25 7 3 
 25 6 8 
 27 1 7 
 27 9 1 
 7 25 27 
 26 16 14 
 27 2 9 
 27 8 2 
 27 25 8 
 28 14 15 
 28 26 14 
 19 26 28 
 28 21 19 
 21 28 29 
 29 18 21 
 29 15 10 
 29 28 15 
 30 10 13 
 30 29 10 
 18 29 30 
 30 23 18 
 23 30 31 
 31 22 23 
 31 13 11 
 31 30 13 
 32 4 17 
 32 12 4 
 32 5 24 
 32 17 5 
 6 25 33 
 33 25 3 
 33 20 6 
 33 26 20 
 16 26 33 
 33 3 16 
 12 32 34 
 34 11 12 
 34 31 11 
 34 32 24 
 19 20 26 
 22 31 34 
 34 24 22 
 solutionIEN 
25 7 3 164 163 162 161 160 39 38 37 36 35 155 156 157 158 159 410 411 412 413 414 415 416 417 418 419 
 25 6 8 174 173 172 171 170 54 53 52 51 50 165 166 167 168 169 420 421 422 423 424 425 426 427 428 429 
 27 1 7 184 183 182 181 180 44 43 42 41 40 175 176 177 178 179 430 431 432 433 434 435 436 437 438 439 
 27 9 1 209 208 207 206 205 59 58 57 56 55 180 181 182 183 184 440 441 442 443 444 445 446 447 448 449 
 7 25 27 160 161 162 163 164 220 221 222 223 224 179 178 177 176 175 450 451 452 453 454 455 456 457 458 459 
 26 16 14 204 203 202 201 200 99 98 97 96 95 195 196 197 198 199 460 461 462 463 464 465 466 467 468 469 
 27 2 9 214 213 212 211 210 64 63 62 61 60 205 206 207 208 209 470 471 472 473 474 475 476 477 478 479 
 27 8 2 219 218 217 216 215 49 48 47 46 45 210 211 212 213 214 480 481 482 483 484 485 486 487 488 489 
 27 25 8 224 223 222 221 220 169 168 167 166 165 215 216 217 218 219 490 491 492 493 494 495 496 497 498 499 
 28 14 15 239 238 237 236 235 94 93 92 91 90 225 226 227 228 229 500 501 502 503 504 505 506 507 508 509 
 28 26 14 244 243 242 241 240 199 198 197 196 195 235 236 237 238 239 510 511 512 513 514 515 516 517 518 519 
 19 26 28 190 191 192 193 194 240 241 242 243 244 249 248 247 246 245 520 521 522 523 524 525 526 527 528 529 
 28 21 19 234 233 232 231 230 129 128 127 126 125 245 246 247 248 249 530 531 532 533 534 535 536 537 538 539 
 21 28 29 230 231 232 233 234 265 266 267 268 269 264 263 262 261 260 540 541 542 543 544 545 546 547 548 549 
 29 18 21 254 253 252 251 250 134 133 132 131 130 260 261 262 263 264 550 551 552 553 554 555 556 557 558 559 
 29 15 10 274 273 272 271 270 89 88 87 86 85 255 256 257 258 259 560 561 562 563 564 565 566 567 568 569 
 29 28 15 269 268 267 266 265 229 228 227 226 225 270 271 272 273 274 570 571 572 573 574 575 576 577 578 579 
 30 10 13 289 288 287 286 285 84 83 82 81 80 275 276 277 278 279 580 581 582 583 584 585 586 587 588 589 
 30 29 10 294 293 292 291 290 259 258 257 256 255 285 286 287 288 289 590 591 592 593 594 595 596 597 598 599 
 18 29 30 250 251 252 253 254 290 291 292 293 294 299 298 297 296 295 600 601 602 603 604 605 606 607 608 609 
 30 23 18 284 283 282 281 280 139 138 137 136 135 295 296 297 298 299 610 611 612 613 614 615 616 617 618 619 
 23 30 31 280 281 282 283 284 315 316 317 318 319 314 313 312 311 310 620 621 622 623 624 625 626 627 628 629 
 31 22 23 309 308 307 306 305 144 143 142 141 140 310 311 312 313 314 630 631 632 633 634 635 636 637 638 639 
 31 13 11 324 323 322 321 320 79 78 77 76 75 300 301 302 303 304 640 641 642 643 644 645 646 647 648 649 
 31 30 13 319 318 317 316 315 279 278 277 276 275 320 321 322 323 324 650 651 652 653 654 655 656 657 658 659 
 32 4 17 329 328 327 326 325 114 113 112 111 110 345 346 347 348 349 660 661 662 663 664 665 666 667 668 669 
 32 12 4 334 333 332 331 330 69 68 67 66 65 325 326 327 328 329 670 671 672 673 674 675 676 677 678 679 
 32 5 24 344 343 342 341 340 154 153 152 151 150 335 336 337 338 339 680 681 682 683 684 685 686 687 688 689 
 32 17 5 349 348 347 346 345 109 108 107 106 105 340 341 342 343 344 690 691 692 693 694 695 696 697 698 699 
 6 25 33 170 171 172 173 174 355 356 357 358 359 354 353 352 351 350 700 701 702 703 704 705 706 707 708 709 
 33 25 3 359 358 357 356 355 159 158 157 156 155 360 361 362 363 364 710 711 712 713 714 715 716 717 718 719 
 33 20 6 369 368 367 366 365 119 118 117 116 115 350 351 352 353 354 720 721 722 723 724 725 726 727 728 729 
 33 26 20 374 373 372 371 370 189 188 187 186 185 365 366 367 368 369 730 731 732 733 734 735 736 737 738 739 
 16 26 33 200 201 202 203 204 370 371 372 373 374 379 378 377 376 375 740 741 742 743 744 745 746 747 748 749 
 33 3 16 364 363 362 361 360 104 103 102 101 100 375 376 377 378 379 750 751 752 753 754 755 756 757 758 759 
 12 32 34 330 331 332 333 334 385 386 387 388 389 384 383 382 381 380 760 761 762 763 764 765 766 767 768 769 
 34 11 12 394 393 392 391 390 74 73 72 71 70 380 381 382 383 384 770 771 772 773 774 775 776 777 778 779 
 34 31 11 399 398 397 396 395 304 303 302 301 300 390 391 392 393 394 780 781 782 783 784 785 786 787 788 789 
 34 32 24 389 388 387 386 385 339 338 337 336 335 400 401 402 403 404 790 791 792 793 794 795 796 797 798 799 
 19 20 26 124 123 122 121 120 185 186 187 188 189 194 193 192 191 190 800 801 802 803 804 805 806 807 808 809 
 22 31 34 305 306 307 308 309 395 396 397 398 399 409 408 407 406 405 810 811 812 813 814 815 816 817 818 819 
 34 24 22 404 403 402 401 400 149 148 147 146 145 405 406 407 408 409 820 821 822 823 824 825 826 827 828 829 
 solutionOrder
6 6 6 6 
 6 6 6 6 
 6 6 6 6 
 6 6 6 6 
 6 6 6 6 
 6 6 6 6 
 6 6 6 6 
 6 6 6 6 
 6 6 6 6 
 6 6 6 6 
 6 6 6 6 
 6 6 6 6 
 6 6 6 6 
 6 6 6 6 
 6 6 6 6 
 6 6 6 6 
 6 6 6 6 
 6 6 6 6 
 6 6 6 6 
 6 6 6 6 
 6 6 6 6 
 6 6 6 6 
 6 6 6 6 
 6 6 6 6 
 6 6 6 6 
 6 6 6 6 
 6 6 6 6 
 6 6 6 6 
 6 6 6 6 
 6 6 6 6 
 6 6 6 6 
 6 6 6 6 
 6 6 6 6 
 6 6 6 6 
 6 6 6 6 
 6 6 6 6 
 6 6 6 6 
 6 6 6 6 
 6 6 6 6 
 6 6 6 6 
 6 6 6 6 
 6 6 6 6 
 vertexCoord 
0.000000 0.000000 
 -0.000000 0.200000 
 0.200000 0.000000 
 1.000000 0.000000 
 1.000000 0.200000 
 0.200000 0.200000 
 0.100000 0.000000 
 0.100000 0.200000 
 -0.000000 0.100000 
 0.600000 0.000000 
 0.800000 0.000000 
 0.900000 0.000000 
 0.700000 0.000000 
 0.400000 0.000000 
 0.500000 0.000000 
 0.300000 0.000000 
 1.000000 0.100000 
 0.600000 0.200000 
 0.400000 0.200000 
 0.300000 0.200000 
 0.500000 0.200000 
 0.800000 0.200000 
 0.700000 0.200000 
 0.900000 0.200000 
 0.151536 0.100293 
 0.350187 0.100115 
 0.058589 0.100049 
 0.450322 0.100000 
 0.550102 0.099995 
 0.650017 0.099988 
 0.750000 0.099936 
 0.941461 0.099976 
 0.250287 0.100068 
 0.848577 0.099985 
 bc_tag 
184 
 110 
 15 
 10 
 5 
 2 
 190 
 117 
 185 
 16 
 16 
 16 
 16 
 16 
 16 
 16 
 11 
 6 
 6 
 6 
 6 
 6 
 6 
 6 
 120 
 120 
 120 
 120 
 120 
 120 
 120 
 120 
 120 
 120 
 190 
 190 
 190 
 190 
 190 
 190 
 190 
 190 
 190 
 190 
 117 
 117 
 117 
 117 
 117 
 117 
 117 
 117 
 117 
 117 
 185 
 185 
 185 
 185 
 185 
 185 
 185 
 185 
 185 
 185 
 16 
 16 
 16 
 16 
 16 
 16 
 16 
 16 
 16 
 16 
 16 
 16 
 16 
 16 
 16 
 16 
 16 
 16 
 16 
 16 
 16 
 16 
 16 
 16 
 16 
 16 
 16 
 16 
 16 
 16 
 16 
 16 
 16 
 16 
 16 
 16 
 16 
 16 
 16 
 16 
 11 
 11 
 11 
 11 
 11 
 11 
 11 
 11 
 11 
 11 
 6 
 6 
 6 
 6 
 6 
 6 
 6 
 6 
 6 
 6 
 6 
 6 
 6 
 6 
 6 
 6 
 6 
 6 
 6 
 6 
 6 
 6 
 6 
 6 
 6 
 6 
 6 
 6 
 6 
 6 
 6 
 6 
 6 
 6 
 6 
 6 
 6 
 6 
 6 
 6 
 120 
 120 
 120 
 120 
 120 
 120 
 120 
 120 
 120 
 120 
 120 
 120 
 120 
 120 
 120 
 120 
 120 
 120 
 120 
 120 
 120 
 120 
 120 
 120 
 120 
 120 
 120 
 120 
 120 
 120 
 120 
 120 
 120 
 120 
 120 
 120 
 120 
 120 
 120 
 120 
 120 
 120 
 120 
 120 
 120 
 120 
 120 
 120 
 120 
 120 
 120 
 120 
 120 
 120 
 120 
 120 
 120 
 120 
 120 
 120 
 120 
 120 
 120 
 120 
 120 
 120 
 120 
 120 
 120 
 120 
 120 
 120 
 120 
 120 
 120 
 120 
 120 
 120 
 120 
 120 
 120 
 120 
 120 
 120 
 120 
 120 
 120 
 120 
 120 
 120 
 120 
 120 
 120 
 120 
 120 
 120 
 120 
 120 
 120 
 120 
 120 
 120 
 120 
 120 
 120 
 120 
 120 
 120 
 120 
 120 
 120 
 120 
 120 
 120 
 120 
 120 
 120 
 120 
 120 
 120 
 120 
 120 
 120 
 120 
 120 
 120 
 120 
 120 
 120 
 120 
 120 
 120 
 120 
 120 
 120 
 120 
 120 
 120 
 120 
 120 
 120 
 120 
 120 
 120 
 120 
 120 
 120 
 120 
 120 
 120 
 120 
 120 
 120 
 120 
 120 
 120 
 120 
 120 
 120 
 120 
 120 
 120 
 120 
 120 
 120 
 120 
 120 
 120 
 120 
 120 
 120 
 120 
 120 
 120 
 120 
 120 
 120 
 120 
 120 
 120 
 120 
 120 
 120 
 120 
 120 
 120 
 120 
 120 
 120 
 120 
 120 
 120 
 120 
 120 
 120 
 120 
 120 
 120 
 120 
 120 
 120 
 120 
 120 
 120 
 120 
 120 
 120 
 120 
 120 
 120 
 120 
 120 
 120 
 120 
 120 
 120 
 120 
 120 
 120 
 120 
 120 
 120 
 120 
 120 
 120 
 120 
 120 
 120 
 120 
 120 
 120 
 120 
 120 
 120 
 120 
 120 
 120 
 120 
 120 
 120 
 120 
 120 
 120 
 120 
 120 
 120 
 120 
 120 
 120 
 120 
 120 
 120 
 120 
 120 
 120 
 120 
 120 
 120 
 120 
 120 
 120 
 120 
 120 
 120 
 120 
 120 
 120 
 120 
 120 
 120 
 120 
 120 
 120 
 120 
 120 
 120 
 120 
 120 
 120 
 120 
 120 
 120 
 120 
 120 
 120 
 120 
 120 
 120 
 120 
 120 
 120 
 120 
 120 
 120 
 120 
 120 
 120 
 120 
 120 
 120 
 120 
 120 
 120 
 120 
 120 
 120 
 120 
 120 
 120 
 120 
 120 
 120 
 120 
 120 
 120 
 120 
 120 
 120 
 120 
 120 
 120 
 120 
 120 
 120 
 120 
 120 
 120 
 120 
 120 
 120 
 120 
 120 
 120 
 120 
 120 
 120 
 120 
 120 
 120 
 120 
 120 
 120 
 120 
 120 
 120 
 120 
 120 
 120 
 120 
 120 
 120 
 120 
 120 
 120 
 120 
 120 
 120 
 120 
 120 
 120 
 120 
 120 
 120 
 120 
 120 
 120 
 120 
 120 
 120 
 120 
 120 
 120 
 120 
 120 
 120 
 120 
 120 
 120 
 120 
 120 
 120 
 120 
 120 
 120 
 120 
 120 
 120 
 120 
 120 
 120 
 120 
 120 
 120 
 120 
 120 
 120 
 120 
 120 
 120 
 120 
 120 
 120 
 120 
 120 
 120 
 120 
 120 
 120 
 120 
 120 
 120 
 120 
 120 
 120 
 120 
 120 
 120 
 120 
 120 
 120 
 120 
 120 
 120 
 120 
 120 
 120 
 120 
 120 
 120 
 120 
 120 
 120 
 120 
 120 
 120 
 120 
 120 
 120 
 120 
 120 
 120 
 120 
 120 
 120 
 120 
 120 
 120 
 120 
 120 
 120 
 120 
 120 
 120 
 120 
 120 
 120 
 120 
 120 
 120 
 120 
 120 
 120 
 120 
 120 
 120 
 120 
 120 
 120 
 120 
 120 
 120 
 120 
 120 
 120 
 120 
 120 
 120 
 120 
 120 
 120 
 120 
 120 
 120 
 120 
 120 
 120 
 120 
 120 
 120 
 120 
 120 
 120 
 120 
 120 
 120 
 120 
 120 
 120 
 120 
 120 
 120 
 120 
 120 
 120 
 120 
 120 
 120 
 120 
 120 
 120 
 120 
 120 
 120 
 120 
 120 
 120 
 120 
 120 
 120 
 120 
 120 
 120 
 120 
 120 
 120 
 120 
 120 
 120 
 120 
 120 
 120 
 120 
 120 
 120 
 120 
 120 
 120 
 120 
 120 
 120 
 120 
 120 
 120 
 120 
 120 
 120 
 120 
 120 
 120 
 120 
 120 
 120 
 120 
 120 
 120 
 120 
 120 
 120 
 120 
 120 
 120 
 120 
 120 
 120 
 120 
 120 
 120 
 120 
 120 
 120 
 120 
 120 
 120 
 120 
 120 
 120 
 120 
 120 
 120 
 120 
 120 
 120 
 120 
 120 
 120 
 120 
 120 
 120 
 120 
 120 
 120 
 120 
 120 
 120 
 120 
 120 
 120 
 120 
 120 
 120 
 120 
 120 
 120 
 120 
 120 
 120 
 120 
 120 
 120 
 120 
 120 
 120 
 120 
 120 
 120 
 120 
 120 
 120 
 120 
 120 
 120 
 120 
 120 
 120 
 120 
 120 
 120 
 120 
 120 
 120 
 120 
 120 
 120 
 120 
 120 
 120 
 120 
 120 
 120 
 120 
 120 
 120 
 120 
 120 
 120 
 120 
 120 
 120 
 120 
 120 
 120 
 120 
 120 
 120 
 120 
 120 
 120 
 120 
 120 
 120 
 120 
 120 
 120 
 120 
 120 
 120 
 120 
 120 
 120 
 120 
 120 
 120 
 120 
 120 
 120 
 edgeUsage
1 1 0 
 1 1 0 
 1 1 0 
 1 1 0 
 0 0 1 
 1 1 0 
 1 1 0 
 1 1 0 
 1 1 0 
 1 1 0 
 1 1 0 
 0 0 1 
 1 1 0 
 0 0 1 
 1 1 0 
 1 1 0 
 1 1 0 
 1 1 0 
 1 1 0 
 0 0 1 
 1 1 0 
 0 0 1 
 1 1 0 
 1 1 0 
 1 1 0 
 1 1 0 
 1 1 0 
 1 1 0 
 1 1 0 
 0 0 1 
 1 1 0 
 1 1 0 
 1 1 0 
 0 0 1 
 1 1 0 
 0 0 1 
 1 1 0 
 1 1 0 
 1 1 0 
 1 0 1 
 0 0 1 
 1 1 0 
 bcElement 24
1 190 1 
3 190 1 
4 185 1 
7 185 1 
8 117 1 
2 117 1 
32 6 1 
40 6 3 
13 6 1 
15 6 1 
21 6 1 
23 6 1 
42 6 1 
28 6 1 
29 11 1 
26 11 1 
27 16 1 
37 16 1 
24 16 1 
18 16 1 
16 16 1 
10 16 1 
6 16 1 
35 16 1 
