Edge min = 0.125000, max=0.176777, average=0.140931;
Grid_size 128
Node_size 81
Total_DOF 1681
edge_Size 208
maxDOF 21
Solution_Order
5 
 meshIEN 
4 33 25 
 33 4 28 
 25 34 24 
 34 25 33 
 24 35 23 
 35 24 34 
 23 36 22 
 36 23 35 
 22 37 21 
 37 22 36 
 21 38 20 
 38 21 37 
 20 39 19 
 39 20 38 
 19 18 2 
 18 19 39 
 27 33 28 
 33 27 40 
 33 41 34 
 41 33 40 
 34 42 35 
 42 34 41 
 35 43 36 
 43 35 42 
 36 44 37 
 44 36 43 
 37 45 38 
 45 37 44 
 38 46 39 
 46 38 45 
 39 17 18 
 17 39 46 
 27 47 40 
 47 27 29 
 40 48 41 
 48 40 47 
 41 49 42 
 49 41 48 
 42 50 43 
 50 42 49 
 43 51 44 
 51 43 50 
 44 52 45 
 52 44 51 
 45 53 46 
 53 45 52 
 46 16 17 
 16 46 53 
 26 47 29 
 47 26 54 
 47 55 48 
 55 47 54 
 48 56 49 
 56 48 55 
 49 57 50 
 57 49 56 
 50 58 51 
 58 50 57 
 51 59 52 
 59 51 58 
 52 60 53 
 60 52 59 
 53 15 16 
 15 53 60 
 26 61 54 
 61 26 31 
 54 62 55 
 62 54 61 
 55 63 56 
 63 55 62 
 56 64 57 
 64 56 63 
 57 65 58 
 65 57 64 
 58 66 59 
 66 58 65 
 59 67 60 
 67 59 66 
 60 14 15 
 14 60 67 
 30 61 31 
 61 30 68 
 61 69 62 
 69 61 68 
 62 70 63 
 70 62 69 
 63 71 64 
 71 63 70 
 64 72 65 
 72 64 71 
 65 73 66 
 73 65 72 
 66 74 67 
 74 66 73 
 67 13 14 
 13 67 74 
 30 75 68 
 75 30 32 
 68 76 69 
 76 68 75 
 69 77 70 
 77 69 76 
 70 78 71 
 78 70 77 
 71 79 72 
 79 71 78 
 72 80 73 
 80 72 79 
 73 81 74 
 81 73 80 
 74 12 13 
 12 74 81 
 3 75 32 
 75 3 5 
 5 76 75 
 76 5 6 
 6 77 76 
 77 6 7 
 7 78 77 
 78 7 8 
 8 79 78 
 79 8 9 
 9 80 79 
 80 9 10 
 10 81 80 
 81 10 11 
 11 12 81 
 12 11 1 
 solutionIEN 
4 33 25 661 660 659 658 210 211 212 213 177 176 175 174 914 915 916 917 918 919 
 33 4 28 658 659 660 661 181 180 179 178 437 436 435 434 920 921 922 923 924 925 
 25 34 24 665 664 663 662 214 215 216 217 173 172 171 170 926 927 928 929 930 931 
 34 25 33 662 663 664 665 213 212 211 210 441 440 439 438 932 933 934 935 936 937 
 24 35 23 669 668 667 666 218 219 220 221 169 168 167 166 938 939 940 941 942 943 
 35 24 34 666 667 668 669 217 216 215 214 445 444 443 442 944 945 946 947 948 949 
 23 36 22 673 672 671 670 222 223 224 225 165 164 163 162 950 951 952 953 954 955 
 36 23 35 670 671 672 673 221 220 219 218 449 448 447 446 956 957 958 959 960 961 
 22 37 21 677 676 675 674 226 227 228 229 161 160 159 158 962 963 964 965 966 967 
 37 22 36 674 675 676 677 225 224 223 222 453 452 451 450 968 969 970 971 972 973 
 21 38 20 681 680 679 678 230 231 232 233 157 156 155 154 974 975 976 977 978 979 
 38 21 37 678 679 680 681 229 228 227 226 457 456 455 454 980 981 982 983 984 985 
 20 39 19 685 684 683 682 234 235 236 237 153 152 151 150 986 987 988 989 990 991 
 39 20 38 682 683 684 685 233 232 231 230 461 460 459 458 992 993 994 995 996 997 
 19 18 2 689 688 687 686 145 144 143 142 149 148 147 146 998 999 1000 1001 1002 1003 
 18 19 39 686 687 688 689 237 236 235 234 465 464 463 462 1004 1005 1006 1007 1008 1009 
 27 33 28 693 692 691 690 434 435 436 437 185 184 183 182 1010 1011 1012 1013 1014 1015 
 33 27 40 690 691 692 693 469 468 467 466 238 239 240 241 1016 1017 1018 1019 1020 1021 
 33 41 34 697 696 695 694 242 243 244 245 438 439 440 441 1022 1023 1024 1025 1026 1027 
 41 33 40 694 695 696 697 241 240 239 238 473 472 471 470 1028 1029 1030 1031 1032 1033 
 34 42 35 701 700 699 698 246 247 248 249 442 443 444 445 1034 1035 1036 1037 1038 1039 
 42 34 41 698 699 700 701 245 244 243 242 477 476 475 474 1040 1041 1042 1043 1044 1045 
 35 43 36 705 704 703 702 250 251 252 253 446 447 448 449 1046 1047 1048 1049 1050 1051 
 43 35 42 702 703 704 705 249 248 247 246 481 480 479 478 1052 1053 1054 1055 1056 1057 
 36 44 37 709 708 707 706 254 255 256 257 450 451 452 453 1058 1059 1060 1061 1062 1063 
 44 36 43 706 707 708 709 253 252 251 250 485 484 483 482 1064 1065 1066 1067 1068 1069 
 37 45 38 713 712 711 710 258 259 260 261 454 455 456 457 1070 1071 1072 1073 1074 1075 
 45 37 44 710 711 712 713 257 256 255 254 489 488 487 486 1076 1077 1078 1079 1080 1081 
 38 46 39 717 716 715 714 262 263 264 265 458 459 460 461 1082 1083 1084 1085 1086 1087 
 46 38 45 714 715 716 717 261 260 259 258 493 492 491 490 1088 1089 1090 1091 1092 1093 
 39 17 18 721 720 719 718 141 140 139 138 462 463 464 465 1094 1095 1096 1097 1098 1099 
 17 39 46 718 719 720 721 265 264 263 262 497 496 495 494 1100 1101 1102 1103 1104 1105 
 27 47 40 725 724 723 722 266 267 268 269 466 467 468 469 1106 1107 1108 1109 1110 1111 
 47 27 29 722 723 724 725 189 188 187 186 501 500 499 498 1112 1113 1114 1115 1116 1117 
 40 48 41 729 728 727 726 270 271 272 273 470 471 472 473 1118 1119 1120 1121 1122 1123 
 48 40 47 726 727 728 729 269 268 267 266 505 504 503 502 1124 1125 1126 1127 1128 1129 
 41 49 42 733 732 731 730 274 275 276 277 474 475 476 477 1130 1131 1132 1133 1134 1135 
 49 41 48 730 731 732 733 273 272 271 270 509 508 507 506 1136 1137 1138 1139 1140 1141 
 42 50 43 737 736 735 734 278 279 280 281 478 479 480 481 1142 1143 1144 1145 1146 1147 
 50 42 49 734 735 736 737 277 276 275 274 513 512 511 510 1148 1149 1150 1151 1152 1153 
 43 51 44 741 740 739 738 282 283 284 285 482 483 484 485 1154 1155 1156 1157 1158 1159 
 51 43 50 738 739 740 741 281 280 279 278 517 516 515 514 1160 1161 1162 1163 1164 1165 
 44 52 45 745 744 743 742 286 287 288 289 486 487 488 489 1166 1167 1168 1169 1170 1171 
 52 44 51 742 743 744 745 285 284 283 282 521 520 519 518 1172 1173 1174 1175 1176 1177 
 45 53 46 749 748 747 746 290 291 292 293 490 491 492 493 1178 1179 1180 1181 1182 1183 
 53 45 52 746 747 748 749 289 288 287 286 525 524 523 522 1184 1185 1186 1187 1188 1189 
 46 16 17 753 752 751 750 137 136 135 134 494 495 496 497 1190 1191 1192 1193 1194 1195 
 16 46 53 750 751 752 753 293 292 291 290 529 528 527 526 1196 1197 1198 1199 1200 1201 
 26 47 29 757 756 755 754 498 499 500 501 193 192 191 190 1202 1203 1204 1205 1206 1207 
 47 26 54 754 755 756 757 533 532 531 530 294 295 296 297 1208 1209 1210 1211 1212 1213 
 47 55 48 761 760 759 758 298 299 300 301 502 503 504 505 1214 1215 1216 1217 1218 1219 
 55 47 54 758 759 760 761 297 296 295 294 537 536 535 534 1220 1221 1222 1223 1224 1225 
 48 56 49 765 764 763 762 302 303 304 305 506 507 508 509 1226 1227 1228 1229 1230 1231 
 56 48 55 762 763 764 765 301 300 299 298 541 540 539 538 1232 1233 1234 1235 1236 1237 
 49 57 50 769 768 767 766 306 307 308 309 510 511 512 513 1238 1239 1240 1241 1242 1243 
 57 49 56 766 767 768 769 305 304 303 302 545 544 543 542 1244 1245 1246 1247 1248 1249 
 50 58 51 773 772 771 770 310 311 312 313 514 515 516 517 1250 1251 1252 1253 1254 1255 
 58 50 57 770 771 772 773 309 308 307 306 549 548 547 546 1256 1257 1258 1259 1260 1261 
 51 59 52 777 776 775 774 314 315 316 317 518 519 520 521 1262 1263 1264 1265 1266 1267 
 59 51 58 774 775 776 777 313 312 311 310 553 552 551 550 1268 1269 1270 1271 1272 1273 
 52 60 53 781 780 779 778 318 319 320 321 522 523 524 525 1274 1275 1276 1277 1278 1279 
 60 52 59 778 779 780 781 317 316 315 314 557 556 555 554 1280 1281 1282 1283 1284 1285 
 53 15 16 785 784 783 782 133 132 131 130 526 527 528 529 1286 1287 1288 1289 1290 1291 
 15 53 60 782 783 784 785 321 320 319 318 561 560 559 558 1292 1293 1294 1295 1296 1297 
 26 61 54 789 788 787 786 322 323 324 325 530 531 532 533 1298 1299 1300 1301 1302 1303 
 61 26 31 786 787 788 789 197 196 195 194 565 564 563 562 1304 1305 1306 1307 1308 1309 
 54 62 55 793 792 791 790 326 327 328 329 534 535 536 537 1310 1311 1312 1313 1314 1315 
 62 54 61 790 791 792 793 325 324 323 322 569 568 567 566 1316 1317 1318 1319 1320 1321 
 55 63 56 797 796 795 794 330 331 332 333 538 539 540 541 1322 1323 1324 1325 1326 1327 
 63 55 62 794 795 796 797 329 328 327 326 573 572 571 570 1328 1329 1330 1331 1332 1333 
 56 64 57 801 800 799 798 334 335 336 337 542 543 544 545 1334 1335 1336 1337 1338 1339 
 64 56 63 798 799 800 801 333 332 331 330 577 576 575 574 1340 1341 1342 1343 1344 1345 
 57 65 58 805 804 803 802 338 339 340 341 546 547 548 549 1346 1347 1348 1349 1350 1351 
 65 57 64 802 803 804 805 337 336 335 334 581 580 579 578 1352 1353 1354 1355 1356 1357 
 58 66 59 809 808 807 806 342 343 344 345 550 551 552 553 1358 1359 1360 1361 1362 1363 
 66 58 65 806 807 808 809 341 340 339 338 585 584 583 582 1364 1365 1366 1367 1368 1369 
 59 67 60 813 812 811 810 346 347 348 349 554 555 556 557 1370 1371 1372 1373 1374 1375 
 67 59 66 810 811 812 813 345 344 343 342 589 588 587 586 1376 1377 1378 1379 1380 1381 
 60 14 15 817 816 815 814 129 128 127 126 558 559 560 561 1382 1383 1384 1385 1386 1387 
 14 60 67 814 815 816 817 349 348 347 346 593 592 591 590 1388 1389 1390 1391 1392 1393 
 30 61 31 821 820 819 818 562 563 564 565 201 200 199 198 1394 1395 1396 1397 1398 1399 
 61 30 68 818 819 820 821 597 596 595 594 350 351 352 353 1400 1401 1402 1403 1404 1405 
 61 69 62 825 824 823 822 354 355 356 357 566 567 568 569 1406 1407 1408 1409 1410 1411 
 69 61 68 822 823 824 825 353 352 351 350 601 600 599 598 1412 1413 1414 1415 1416 1417 
 62 70 63 829 828 827 826 358 359 360 361 570 571 572 573 1418 1419 1420 1421 1422 1423 
 70 62 69 826 827 828 829 357 356 355 354 605 604 603 602 1424 1425 1426 1427 1428 1429 
 63 71 64 833 832 831 830 362 363 364 365 574 575 576 577 1430 1431 1432 1433 1434 1435 
 71 63 70 830 831 832 833 361 360 359 358 609 608 607 606 1436 1437 1438 1439 1440 1441 
 64 72 65 837 836 835 834 366 367 368 369 578 579 580 581 1442 1443 1444 1445 1446 1447 
 72 64 71 834 835 836 837 365 364 363 362 613 612 611 610 1448 1449 1450 1451 1452 1453 
 65 73 66 841 840 839 838 370 371 372 373 582 583 584 585 1454 1455 1456 1457 1458 1459 
 73 65 72 838 839 840 841 369 368 367 366 617 616 615 614 1460 1461 1462 1463 1464 1465 
 66 74 67 845 844 843 842 374 375 376 377 586 587 588 589 1466 1467 1468 1469 1470 1471 
 74 66 73 842 843 844 845 373 372 371 370 621 620 619 618 1472 1473 1474 1475 1476 1477 
 67 13 14 849 848 847 846 125 124 123 122 590 591 592 593 1478 1479 1480 1481 1482 1483 
 13 67 74 846 847 848 849 377 376 375 374 625 624 623 622 1484 1485 1486 1487 1488 1489 
 30 75 68 853 852 851 850 378 379 380 381 594 595 596 597 1490 1491 1492 1493 1494 1495 
 75 30 32 850 851 852 853 205 204 203 202 629 628 627 626 1496 1497 1498 1499 1500 1501 
 68 76 69 857 856 855 854 382 383 384 385 598 599 600 601 1502 1503 1504 1505 1506 1507 
 76 68 75 854 855 856 857 381 380 379 378 633 632 631 630 1508 1509 1510 1511 1512 1513 
 69 77 70 861 860 859 858 386 387 388 389 602 603 604 605 1514 1515 1516 1517 1518 1519 
 77 69 76 858 859 860 861 385 384 383 382 637 636 635 634 1520 1521 1522 1523 1524 1525 
 70 78 71 865 864 863 862 390 391 392 393 606 607 608 609 1526 1527 1528 1529 1530 1531 
 78 70 77 862 863 864 865 389 388 387 386 641 640 639 638 1532 1533 1534 1535 1536 1537 
 71 79 72 869 868 867 866 394 395 396 397 610 611 612 613 1538 1539 1540 1541 1542 1543 
 79 71 78 866 867 868 869 393 392 391 390 645 644 643 642 1544 1545 1546 1547 1548 1549 
 72 80 73 873 872 871 870 398 399 400 401 614 615 616 617 1550 1551 1552 1553 1554 1555 
 80 72 79 870 871 872 873 397 396 395 394 649 648 647 646 1556 1557 1558 1559 1560 1561 
 73 81 74 877 876 875 874 402 403 404 405 618 619 620 621 1562 1563 1564 1565 1566 1567 
 81 73 80 874 875 876 877 401 400 399 398 653 652 651 650 1568 1569 1570 1571 1572 1573 
 74 12 13 881 880 879 878 121 120 119 118 622 623 624 625 1574 1575 1576 1577 1578 1579 
 12 74 81 878 879 880 881 405 404 403 402 657 656 655 654 1580 1581 1582 1583 1584 1585 
 3 75 32 885 884 883 882 626 627 628 629 209 208 207 206 1586 1587 1588 1589 1590 1591 
 75 3 5 882 883 884 885 85 84 83 82 406 407 408 409 1592 1593 1594 1595 1596 1597 
 5 76 75 889 888 887 886 630 631 632 633 409 408 407 406 1598 1599 1600 1601 1602 1603 
 76 5 6 886 887 888 889 89 88 87 86 410 411 412 413 1604 1605 1606 1607 1608 1609 
 6 77 76 893 892 891 890 634 635 636 637 413 412 411 410 1610 1611 1612 1613 1614 1615 
 77 6 7 890 891 892 893 93 92 91 90 414 415 416 417 1616 1617 1618 1619 1620 1621 
 7 78 77 897 896 895 894 638 639 640 641 417 416 415 414 1622 1623 1624 1625 1626 1627 
 78 7 8 894 895 896 897 97 96 95 94 418 419 420 421 1628 1629 1630 1631 1632 1633 
 8 79 78 901 900 899 898 642 643 644 645 421 420 419 418 1634 1635 1636 1637 1638 1639 
 79 8 9 898 899 900 901 101 100 99 98 422 423 424 425 1640 1641 1642 1643 1644 1645 
 9 80 79 905 904 903 902 646 647 648 649 425 424 423 422 1646 1647 1648 1649 1650 1651 
 80 9 10 902 903 904 905 105 104 103 102 426 427 428 429 1652 1653 1654 1655 1656 1657 
 10 81 80 909 908 907 906 650 651 652 653 429 428 427 426 1658 1659 1660 1661 1662 1663 
 81 10 11 906 907 908 909 109 108 107 106 430 431 432 433 1664 1665 1666 1667 1668 1669 
 11 12 81 913 912 911 910 654 655 656 657 433 432 431 430 1670 1671 1672 1673 1674 1675 
 12 11 1 910 911 912 913 113 112 111 110 117 116 115 114 1676 1677 1678 1679 1680 1681 
 solutionOrder
5 5 5 5 
 5 5 5 5 
 5 5 5 5 
 5 5 5 5 
 5 5 5 5 
 5 5 5 5 
 5 5 5 5 
 5 5 5 5 
 5 5 5 5 
 5 5 5 5 
 5 5 5 5 
 5 5 5 5 
 5 5 5 5 
 5 5 5 5 
 5 5 5 5 
 5 5 5 5 
 5 5 5 5 
 5 5 5 5 
 5 5 5 5 
 5 5 5 5 
 5 5 5 5 
 5 5 5 5 
 5 5 5 5 
 5 5 5 5 
 5 5 5 5 
 5 5 5 5 
 5 5 5 5 
 5 5 5 5 
 5 5 5 5 
 5 5 5 5 
 5 5 5 5 
 5 5 5 5 
 5 5 5 5 
 5 5 5 5 
 5 5 5 5 
 5 5 5 5 
 5 5 5 5 
 5 5 5 5 
 5 5 5 5 
 5 5 5 5 
 5 5 5 5 
 5 5 5 5 
 5 5 5 5 
 5 5 5 5 
 5 5 5 5 
 5 5 5 5 
 5 5 5 5 
 5 5 5 5 
 5 5 5 5 
 5 5 5 5 
 5 5 5 5 
 5 5 5 5 
 5 5 5 5 
 5 5 5 5 
 5 5 5 5 
 5 5 5 5 
 5 5 5 5 
 5 5 5 5 
 5 5 5 5 
 5 5 5 5 
 5 5 5 5 
 5 5 5 5 
 5 5 5 5 
 5 5 5 5 
 5 5 5 5 
 5 5 5 5 
 5 5 5 5 
 5 5 5 5 
 5 5 5 5 
 5 5 5 5 
 5 5 5 5 
 5 5 5 5 
 5 5 5 5 
 5 5 5 5 
 5 5 5 5 
 5 5 5 5 
 5 5 5 5 
 5 5 5 5 
 5 5 5 5 
 5 5 5 5 
 5 5 5 5 
 5 5 5 5 
 5 5 5 5 
 5 5 5 5 
 5 5 5 5 
 5 5 5 5 
 5 5 5 5 
 5 5 5 5 
 5 5 5 5 
 5 5 5 5 
 5 5 5 5 
 5 5 5 5 
 5 5 5 5 
 5 5 5 5 
 5 5 5 5 
 5 5 5 5 
 5 5 5 5 
 5 5 5 5 
 5 5 5 5 
 5 5 5 5 
 5 5 5 5 
 5 5 5 5 
 5 5 5 5 
 5 5 5 5 
 5 5 5 5 
 5 5 5 5 
 5 5 5 5 
 5 5 5 5 
 5 5 5 5 
 5 5 5 5 
 5 5 5 5 
 5 5 5 5 
 5 5 5 5 
 5 5 5 5 
 5 5 5 5 
 5 5 5 5 
 5 5 5 5 
 5 5 5 5 
 5 5 5 5 
 5 5 5 5 
 5 5 5 5 
 5 5 5 5 
 5 5 5 5 
 5 5 5 5 
 5 5 5 5 
 5 5 5 5 
 5 5 5 5 
 5 5 5 5 
 vertexCoord 
1.000000 1.000000 
 0.000000 1.000000 
 1.000000 0.000000 
 0.000000 0.000000 
 1.000000 0.125000 
 1.000000 0.250000 
 1.000000 0.375000 
 1.000000 0.500000 
 1.000000 0.625000 
 1.000000 0.750000 
 1.000000 0.875000 
 0.875000 1.000000 
 0.750000 1.000000 
 0.625000 1.000000 
 0.500000 1.000000 
 0.375000 1.000000 
 0.250000 1.000000 
 0.125000 1.000000 
 0.000000 0.875000 
 0.000000 0.750000 
 0.000000 0.625000 
 0.000000 0.500000 
 0.000000 0.375000 
 0.000000 0.250000 
 0.000000 0.125000 
 0.500000 0.000000 
 0.250000 0.000000 
 0.125000 0.000000 
 0.375000 0.000000 
 0.750000 0.000000 
 0.625000 0.000000 
 0.875000 0.000000 
 0.125000 0.125000 
 0.125000 0.250000 
 0.125000 0.375000 
 0.125000 0.500000 
 0.125000 0.625000 
 0.125000 0.750000 
 0.125000 0.875000 
 0.250000 0.125000 
 0.250000 0.250000 
 0.250000 0.375000 
 0.250000 0.500000 
 0.250000 0.625000 
 0.250000 0.750000 
 0.250000 0.875000 
 0.375000 0.125000 
 0.375000 0.250000 
 0.375000 0.375000 
 0.375000 0.500000 
 0.375000 0.625000 
 0.375000 0.750000 
 0.375000 0.875000 
 0.500000 0.125000 
 0.500000 0.250000 
 0.500000 0.375000 
 0.500000 0.500000 
 0.500000 0.625000 
 0.500000 0.750000 
 0.500000 0.875000 
 0.625000 0.125000 
 0.625000 0.250000 
 0.625000 0.375000 
 0.625000 0.500000 
 0.625000 0.625000 
 0.625000 0.750000 
 0.625000 0.875000 
 0.750000 0.125000 
 0.750000 0.250000 
 0.750000 0.375000 
 0.750000 0.500000 
 0.750000 0.625000 
 0.750000 0.750000 
 0.750000 0.875000 
 0.875000 0.125000 
 0.875000 0.250000 
 0.875000 0.375000 
 0.875000 0.500000 
 0.875000 0.625000 
 0.875000 0.750000 
 0.875000 0.875000 
 bc_tag 
5 
 2 
 16 
 18 
 23 
 23 
 23 
 23 
 23 
 23 
 23 
 6 
 6 
 6 
 6 
 6 
 6 
 6 
 24 
 24 
 24 
 24 
 24 
 24 
 24 
 14 
 14 
 14 
 14 
 14 
 14 
 14 
 26 
 26 
 26 
 26 
 26 
 26 
 26 
 26 
 26 
 26 
 26 
 26 
 26 
 26 
 26 
 26 
 26 
 26 
 26 
 26 
 26 
 26 
 26 
 26 
 26 
 26 
 26 
 26 
 26 
 26 
 26 
 26 
 26 
 26 
 26 
 26 
 26 
 26 
 26 
 26 
 26 
 26 
 26 
 26 
 26 
 26 
 26 
 26 
 26 
 23 
 23 
 23 
 23 
 23 
 23 
 23 
 23 
 23 
 23 
 23 
 23 
 23 
 23 
 23 
 23 
 23 
 23 
 23 
 23 
 23 
 23 
 23 
 23 
 23 
 23 
 23 
 23 
 23 
 23 
 23 
 23 
 6 
 6 
 6 
 6 
 6 
 6 
 6 
 6 
 6 
 6 
 6 
 6 
 6 
 6 
 6 
 6 
 6 
 6 
 6 
 6 
 6 
 6 
 6 
 6 
 6 
 6 
 6 
 6 
 6 
 6 
 6 
 6 
 24 
 24 
 24 
 24 
 24 
 24 
 24 
 24 
 24 
 24 
 24 
 24 
 24 
 24 
 24 
 24 
 24 
 24 
 24 
 24 
 24 
 24 
 24 
 24 
 24 
 24 
 24 
 24 
 24 
 24 
 24 
 24 
 14 
 14 
 14 
 14 
 14 
 14 
 14 
 14 
 14 
 14 
 14 
 14 
 14 
 14 
 14 
 14 
 14 
 14 
 14 
 14 
 14 
 14 
 14 
 14 
 14 
 14 
 14 
 14 
 14 
 14 
 14 
 14 
 26 
 26 
 26 
 26 
 26 
 26 
 26 
 26 
 26 
 26 
 26 
 26 
 26 
 26 
 26 
 26 
 26 
 26 
 26 
 26 
 26 
 26 
 26 
 26 
 26 
 26 
 26 
 26 
 26 
 26 
 26 
 26 
 26 
 26 
 26 
 26 
 26 
 26 
 26 
 26 
 26 
 26 
 26 
 26 
 26 
 26 
 26 
 26 
 26 
 26 
 26 
 26 
 26 
 26 
 26 
 26 
 26 
 26 
 26 
 26 
 26 
 26 
 26 
 26 
 26 
 26 
 26 
 26 
 26 
 26 
 26 
 26 
 26 
 26 
 26 
 26 
 26 
 26 
 26 
 26 
 26 
 26 
 26 
 26 
 26 
 26 
 26 
 26 
 26 
 26 
 26 
 26 
 26 
 26 
 26 
 26 
 26 
 26 
 26 
 26 
 26 
 26 
 26 
 26 
 26 
 26 
 26 
 26 
 26 
 26 
 26 
 26 
 26 
 26 
 26 
 26 
 26 
 26 
 26 
 26 
 26 
 26 
 26 
 26 
 26 
 26 
 26 
 26 
 26 
 26 
 26 
 26 
 26 
 26 
 26 
 26 
 26 
 26 
 26 
 26 
 26 
 26 
 26 
 26 
 26 
 26 
 26 
 26 
 26 
 26 
 26 
 26 
 26 
 26 
 26 
 26 
 26 
 26 
 26 
 26 
 26 
 26 
 26 
 26 
 26 
 26 
 26 
 26 
 26 
 26 
 26 
 26 
 26 
 26 
 26 
 26 
 26 
 26 
 26 
 26 
 26 
 26 
 26 
 26 
 26 
 26 
 26 
 26 
 26 
 26 
 26 
 26 
 26 
 26 
 26 
 26 
 26 
 26 
 26 
 26 
 26 
 26 
 26 
 26 
 26 
 26 
 26 
 26 
 26 
 26 
 26 
 26 
 26 
 26 
 26 
 26 
 26 
 26 
 26 
 26 
 26 
 26 
 26 
 26 
 26 
 26 
 26 
 26 
 26 
 26 
 26 
 26 
 26 
 26 
 26 
 26 
 26 
 26 
 26 
 26 
 26 
 26 
 26 
 26 
 26 
 26 
 26 
 26 
 26 
 26 
 26 
 26 
 26 
 26 
 26 
 26 
 26 
 26 
 26 
 26 
 26 
 26 
 26 
 26 
 26 
 26 
 26 
 26 
 26 
 26 
 26 
 26 
 26 
 26 
 26 
 26 
 26 
 26 
 26 
 26 
 26 
 26 
 26 
 26 
 26 
 26 
 26 
 26 
 26 
 26 
 26 
 26 
 26 
 26 
 26 
 26 
 26 
 26 
 26 
 26 
 26 
 26 
 26 
 26 
 26 
 26 
 26 
 26 
 26 
 26 
 26 
 26 
 26 
 26 
 26 
 26 
 26 
 26 
 26 
 26 
 26 
 26 
 26 
 26 
 26 
 26 
 26 
 26 
 26 
 26 
 26 
 26 
 26 
 26 
 26 
 26 
 26 
 26 
 26 
 26 
 26 
 26 
 26 
 26 
 26 
 26 
 26 
 26 
 26 
 26 
 26 
 26 
 26 
 26 
 26 
 26 
 26 
 26 
 26 
 26 
 26 
 26 
 26 
 26 
 26 
 26 
 26 
 26 
 26 
 26 
 26 
 26 
 26 
 26 
 26 
 26 
 26 
 26 
 26 
 26 
 26 
 26 
 26 
 26 
 26 
 26 
 26 
 26 
 26 
 26 
 26 
 26 
 26 
 26 
 26 
 26 
 26 
 26 
 26 
 26 
 26 
 26 
 26 
 26 
 26 
 26 
 26 
 26 
 26 
 26 
 26 
 26 
 26 
 26 
 26 
 26 
 26 
 26 
 26 
 26 
 26 
 26 
 26 
 26 
 26 
 26 
 26 
 26 
 26 
 26 
 26 
 26 
 26 
 26 
 26 
 26 
 26 
 26 
 26 
 26 
 26 
 26 
 26 
 26 
 26 
 26 
 26 
 26 
 26 
 26 
 26 
 26 
 26 
 26 
 26 
 26 
 26 
 26 
 26 
 26 
 26 
 26 
 26 
 26 
 26 
 26 
 26 
 26 
 26 
 26 
 26 
 26 
 26 
 26 
 26 
 26 
 26 
 26 
 26 
 26 
 26 
 26 
 26 
 26 
 26 
 26 
 26 
 26 
 26 
 26 
 26 
 26 
 26 
 26 
 26 
 26 
 26 
 26 
 26 
 26 
 26 
 26 
 26 
 26 
 26 
 26 
 26 
 26 
 26 
 26 
 26 
 26 
 26 
 26 
 26 
 26 
 26 
 26 
 26 
 26 
 26 
 26 
 26 
 26 
 26 
 26 
 26 
 26 
 26 
 26 
 26 
 26 
 26 
 26 
 26 
 26 
 26 
 26 
 26 
 26 
 26 
 26 
 26 
 26 
 26 
 26 
 26 
 26 
 26 
 26 
 26 
 26 
 26 
 26 
 26 
 26 
 26 
 26 
 26 
 26 
 26 
 26 
 26 
 26 
 26 
 26 
 26 
 26 
 26 
 26 
 26 
 26 
 26 
 26 
 26 
 26 
 26 
 26 
 26 
 26 
 26 
 26 
 26 
 26 
 26 
 26 
 26 
 26 
 26 
 26 
 26 
 26 
 26 
 26 
 26 
 26 
 26 
 26 
 26 
 26 
 26 
 26 
 26 
 26 
 26 
 26 
 26 
 26 
 26 
 26 
 26 
 26 
 26 
 26 
 26 
 26 
 26 
 26 
 26 
 26 
 26 
 26 
 26 
 26 
 26 
 26 
 26 
 26 
 26 
 26 
 26 
 26 
 26 
 26 
 26 
 26 
 26 
 26 
 26 
 26 
 26 
 26 
 26 
 26 
 26 
 26 
 26 
 26 
 26 
 26 
 26 
 26 
 26 
 26 
 26 
 26 
 26 
 26 
 26 
 26 
 26 
 26 
 26 
 26 
 26 
 26 
 26 
 26 
 26 
 26 
 26 
 26 
 26 
 26 
 26 
 26 
 26 
 26 
 26 
 26 
 26 
 26 
 26 
 26 
 26 
 26 
 26 
 26 
 26 
 26 
 26 
 26 
 26 
 26 
 26 
 26 
 26 
 26 
 26 
 26 
 26 
 26 
 26 
 26 
 26 
 26 
 26 
 26 
 26 
 26 
 26 
 26 
 26 
 26 
 26 
 26 
 26 
 26 
 26 
 26 
 26 
 26 
 26 
 26 
 26 
 26 
 26 
 26 
 26 
 26 
 26 
 26 
 26 
 26 
 26 
 26 
 26 
 26 
 26 
 26 
 26 
 26 
 26 
 26 
 26 
 26 
 26 
 26 
 26 
 26 
 26 
 26 
 26 
 26 
 26 
 26 
 26 
 26 
 26 
 26 
 26 
 26 
 26 
 26 
 26 
 26 
 26 
 26 
 26 
 26 
 26 
 26 
 26 
 26 
 26 
 26 
 26 
 26 
 26 
 26 
 26 
 26 
 26 
 26 
 26 
 26 
 26 
 26 
 26 
 26 
 26 
 26 
 26 
 26 
 26 
 26 
 26 
 26 
 26 
 26 
 26 
 26 
 26 
 26 
 26 
 26 
 26 
 26 
 26 
 26 
 26 
 26 
 26 
 26 
 26 
 26 
 26 
 26 
 26 
 26 
 26 
 26 
 26 
 26 
 26 
 26 
 26 
 26 
 26 
 26 
 26 
 26 
 26 
 26 
 26 
 26 
 26 
 26 
 26 
 26 
 26 
 26 
 26 
 26 
 26 
 26 
 26 
 26 
 26 
 26 
 26 
 26 
 26 
 26 
 26 
 26 
 26 
 26 
 26 
 26 
 26 
 26 
 26 
 26 
 26 
 26 
 26 
 26 
 26 
 26 
 26 
 26 
 26 
 26 
 26 
 26 
 26 
 26 
 26 
 26 
 26 
 26 
 26 
 26 
 26 
 26 
 26 
 26 
 26 
 26 
 26 
 26 
 26 
 26 
 26 
 26 
 26 
 26 
 26 
 26 
 26 
 26 
 26 
 26 
 26 
 26 
 26 
 26 
 26 
 26 
 26 
 26 
 26 
 26 
 26 
 26 
 26 
 26 
 26 
 26 
 26 
 26 
 26 
 26 
 26 
 26 
 26 
 26 
 26 
 26 
 26 
 26 
 26 
 26 
 26 
 26 
 26 
 26 
 26 
 26 
 26 
 26 
 26 
 26 
 26 
 26 
 26 
 26 
 26 
 26 
 26 
 26 
 26 
 26 
 26 
 26 
 26 
 26 
 26 
 26 
 26 
 26 
 26 
 26 
 26 
 26 
 26 
 26 
 26 
 26 
 26 
 26 
 26 
 26 
 26 
 26 
 26 
 26 
 26 
 26 
 26 
 26 
 26 
 26 
 26 
 26 
 26 
 26 
 26 
 26 
 26 
 26 
 26 
 26 
 26 
 26 
 26 
 26 
 26 
 26 
 26 
 26 
 26 
 26 
 26 
 26 
 26 
 26 
 26 
 26 
 26 
 26 
 26 
 26 
 26 
 26 
 26 
 26 
 26 
 26 
 26 
 26 
 26 
 26 
 26 
 26 
 26 
 26 
 26 
 26 
 26 
 26 
 26 
 26 
 26 
 26 
 26 
 26 
 26 
 26 
 26 
 26 
 26 
 26 
 26 
 26 
 26 
 26 
 26 
 26 
 26 
 26 
 26 
 26 
 26 
 26 
 26 
 26 
 26 
 26 
 26 
 26 
 26 
 26 
 26 
 26 
 26 
 26 
 26 
 26 
 26 
 26 
 26 
 26 
 26 
 26 
 26 
 26 
 26 
 26 
 26 
 26 
 26 
 26 
 26 
 26 
 26 
 26 
 26 
 26 
 26 
 26 
 26 
 26 
 26 
 26 
 26 
 26 
 26 
 26 
 26 
 26 
 26 
 26 
 26 
 26 
 26 
 26 
 26 
 26 
 26 
 26 
 26 
 26 
 26 
 26 
 26 
 26 
 26 
 26 
 26 
 26 
 26 
 26 
 26 
 26 
 26 
 26 
 26 
 26 
 26 
 26 
 26 
 26 
 26 
 26 
 26 
 26 
 26 
 26 
 26 
 26 
 26 
 26 
 26 
 26 
 26 
 26 
 26 
 26 
 26 
 26 
 26 
 26 
 26 
 26 
 26 
 26 
 26 
 26 
 26 
 26 
 26 
 26 
 26 
 26 
 26 
 26 
 26 
 26 
 26 
 26 
 26 
 26 
 26 
 26 
 26 
 26 
 26 
 26 
 26 
 26 
 26 
 26 
 26 
 26 
 26 
 26 
 26 
 26 
 26 
 26 
 26 
 26 
 26 
 26 
 26 
 26 
 26 
 26 
 26 
 26 
 26 
 26 
 26 
 26 
 26 
 26 
 26 
 26 
 26 
 26 
 26 
 26 
 26 
 26 
 26 
 26 
 26 
 26 
 26 
 26 
 26 
 26 
 26 
 26 
 26 
 26 
 26 
 26 
 26 
 26 
 26 
 26 
 26 
 26 
 26 
 26 
 26 
 26 
 26 
 26 
 26 
 26 
 26 
 26 
 26 
 26 
 26 
 26 
 26 
 26 
 26 
 26 
 26 
 26 
 26 
 26 
 26 
 26 
 26 
 26 
 26 
 26 
 26 
 26 
 26 
 26 
 26 
 26 
 26 
 26 
 26 
 26 
 26 
 26 
 26 
 26 
 26 
 26 
 26 
 26 
 26 
 26 
 26 
 26 
 26 
 26 
 26 
 26 
 26 
 26 
 26 
 26 
 26 
 26 
 26 
 26 
 26 
 26 
 26 
 26 
 26 
 26 
 26 
 26 
 26 
 26 
 26 
 26 
 26 
 26 
 26 
 26 
 26 
 26 
 26 
 26 
 26 
 26 
 26 
 26 
 26 
 26 
 26 
 26 
 26 
 26 
 26 
 26 
 26 
 26 
 26 
 26 
 26 
 26 
 26 
 26 
 26 
 26 
 26 
 26 
 26 
 26 
 26 
 26 
 26 
 26 
 26 
 26 
 26 
 26 
 26 
 26 
 26 
 26 
 26 
 26 
 26 
 26 
 26 
 26 
 26 
 26 
 26 
 26 
 26 
 26 
 26 
 26 
 26 
 26 
 26 
 26 
 26 
 26 
 26 
 26 
 26 
 26 
 26 
 26 
 26 
 26 
 26 
 26 
 26 
 26 
 26 
 26 
 26 
 26 
 26 
 26 
 26 
 26 
 26 
 26 
 26 
 26 
 26 
 26 
 26 
 26 
 26 
 26 
 26 
 26 
 26 
 26 
 26 
 26 
 26 
 26 
 26 
 26 
 26 
 26 
 26 
 26 
 26 
 26 
 26 
 26 
 26 
 26 
 26 
 26 
 26 
 26 
 26 
 26 
 26 
 26 
 26 
 26 
 26 
 26 
 26 
 26 
 26 
 26 
 26 
 26 
 26 
 26 
 26 
 26 
 26 
 26 
 26 
 26 
 26 
 26 
 26 
 26 
 26 
 26 
 26 
 26 
 26 
 26 
 26 
 26 
 26 
 26 
 26 
 26 
 26 
 26 
 26 
 26 
 edgeUsage
1 0 1 
 0 1 1 
 1 0 1 
 0 1 1 
 1 0 1 
 0 1 1 
 1 0 1 
 0 1 1 
 1 0 1 
 0 1 1 
 1 0 1 
 0 1 1 
 1 0 1 
 0 1 1 
 1 1 1 
 0 1 1 
 1 0 1 
 0 1 0 
 1 0 0 
 0 1 1 
 1 0 0 
 0 1 1 
 1 0 0 
 0 1 1 
 1 0 0 
 0 1 1 
 1 0 0 
 0 1 1 
 1 0 0 
 0 1 1 
 1 1 0 
 0 1 1 
 1 0 0 
 0 1 1 
 1 0 0 
 0 1 1 
 1 0 0 
 0 1 1 
 1 0 0 
 0 1 1 
 1 0 0 
 0 1 1 
 1 0 0 
 0 1 1 
 1 0 0 
 0 1 1 
 1 1 0 
 0 1 1 
 1 0 1 
 0 1 0 
 1 0 0 
 0 1 1 
 1 0 0 
 0 1 1 
 1 0 0 
 0 1 1 
 1 0 0 
 0 1 1 
 1 0 0 
 0 1 1 
 1 0 0 
 0 1 1 
 1 1 0 
 0 1 1 
 1 0 0 
 0 1 1 
 1 0 0 
 0 1 1 
 1 0 0 
 0 1 1 
 1 0 0 
 0 1 1 
 1 0 0 
 0 1 1 
 1 0 0 
 0 1 1 
 1 0 0 
 0 1 1 
 1 1 0 
 0 1 1 
 1 0 1 
 0 1 0 
 1 0 0 
 0 1 1 
 1 0 0 
 0 1 1 
 1 0 0 
 0 1 1 
 1 0 0 
 0 1 1 
 1 0 0 
 0 1 1 
 1 0 0 
 0 1 1 
 1 1 0 
 0 1 1 
 1 0 0 
 0 1 1 
 1 0 0 
 0 1 1 
 1 0 0 
 0 1 1 
 1 0 0 
 0 1 1 
 1 0 0 
 0 1 1 
 1 0 0 
 0 1 1 
 1 0 0 
 0 1 1 
 1 1 0 
 0 1 1 
 1 0 1 
 0 1 0 
 1 0 1 
 0 1 0 
 1 0 1 
 0 1 0 
 1 0 1 
 0 1 0 
 1 0 1 
 0 1 0 
 1 0 1 
 0 1 0 
 1 0 1 
 0 1 0 
 1 0 1 
 0 1 1 
 EdgeNode 
3 5 82 83 84 85 
 5 6 86 87 88 89 
 6 7 90 91 92 93 
 7 8 94 95 96 97 
 8 9 98 99 100 101 
 9 10 102 103 104 105 
 10 11 106 107 108 109 
 11 1 110 111 112 113 
 1 12 114 115 116 117 
 12 13 118 119 120 121 
 13 14 122 123 124 125 
 14 15 126 127 128 129 
 15 16 130 131 132 133 
 16 17 134 135 136 137 
 17 18 138 139 140 141 
 18 2 142 143 144 145 
 2 19 146 147 148 149 
 19 20 150 151 152 153 
 20 21 154 155 156 157 
 21 22 158 159 160 161 
 22 23 162 163 164 165 
 23 24 166 167 168 169 
 24 25 170 171 172 173 
 25 4 174 175 176 177 
 4 28 178 179 180 181 
 28 27 182 183 184 185 
 27 29 186 187 188 189 
 29 26 190 191 192 193 
 26 31 194 195 196 197 
 31 30 198 199 200 201 
 30 32 202 203 204 205 
 32 3 206 207 208 209 
 25 33 210 211 212 213 
 24 34 214 215 216 217 
 23 35 218 219 220 221 
 22 36 222 223 224 225 
 21 37 226 227 228 229 
 20 38 230 231 232 233 
 19 39 234 235 236 237 
 33 40 238 239 240 241 
 34 41 242 243 244 245 
 35 42 246 247 248 249 
 36 43 250 251 252 253 
 37 44 254 255 256 257 
 38 45 258 259 260 261 
 39 46 262 263 264 265 
 40 47 266 267 268 269 
 41 48 270 271 272 273 
 42 49 274 275 276 277 
 43 50 278 279 280 281 
 44 51 282 283 284 285 
 45 52 286 287 288 289 
 46 53 290 291 292 293 
 47 54 294 295 296 297 
 48 55 298 299 300 301 
 49 56 302 303 304 305 
 50 57 306 307 308 309 
 51 58 310 311 312 313 
 52 59 314 315 316 317 
 53 60 318 319 320 321 
 54 61 322 323 324 325 
 55 62 326 327 328 329 
 56 63 330 331 332 333 
 57 64 334 335 336 337 
 58 65 338 339 340 341 
 59 66 342 343 344 345 
 60 67 346 347 348 349 
 61 68 350 351 352 353 
 62 69 354 355 356 357 
 63 70 358 359 360 361 
 64 71 362 363 364 365 
 65 72 366 367 368 369 
 66 73 370 371 372 373 
 67 74 374 375 376 377 
 68 75 378 379 380 381 
 69 76 382 383 384 385 
 70 77 386 387 388 389 
 71 78 390 391 392 393 
 72 79 394 395 396 397 
 73 80 398 399 400 401 
 74 81 402 403 404 405 
 75 5 406 407 408 409 
 76 6 410 411 412 413 
 77 7 414 415 416 417 
 78 8 418 419 420 421 
 79 9 422 423 424 425 
 80 10 426 427 428 429 
 81 11 430 431 432 433 
 28 33 434 435 436 437 
 33 34 438 439 440 441 
 34 35 442 443 444 445 
 35 36 446 447 448 449 
 36 37 450 451 452 453 
 37 38 454 455 456 457 
 38 39 458 459 460 461 
 39 18 462 463 464 465 
 27 40 466 467 468 469 
 40 41 470 471 472 473 
 41 42 474 475 476 477 
 42 43 478 479 480 481 
 43 44 482 483 484 485 
 44 45 486 487 488 489 
 45 46 490 491 492 493 
 46 17 494 495 496 497 
 29 47 498 499 500 501 
 47 48 502 503 504 505 
 48 49 506 507 508 509 
 49 50 510 511 512 513 
 50 51 514 515 516 517 
 51 52 518 519 520 521 
 52 53 522 523 524 525 
 53 16 526 527 528 529 
 26 54 530 531 532 533 
 54 55 534 535 536 537 
 55 56 538 539 540 541 
 56 57 542 543 544 545 
 57 58 546 547 548 549 
 58 59 550 551 552 553 
 59 60 554 555 556 557 
 60 15 558 559 560 561 
 31 61 562 563 564 565 
 61 62 566 567 568 569 
 62 63 570 571 572 573 
 63 64 574 575 576 577 
 64 65 578 579 580 581 
 65 66 582 583 584 585 
 66 67 586 587 588 589 
 67 14 590 591 592 593 
 30 68 594 595 596 597 
 68 69 598 599 600 601 
 69 70 602 603 604 605 
 70 71 606 607 608 609 
 71 72 610 611 612 613 
 72 73 614 615 616 617 
 73 74 618 619 620 621 
 74 13 622 623 624 625 
 32 75 626 627 628 629 
 75 76 630 631 632 633 
 76 77 634 635 636 637 
 77 78 638 639 640 641 
 78 79 642 643 644 645 
 79 80 646 647 648 649 
 80 81 650 651 652 653 
 81 12 654 655 656 657 
 4 33 658 659 660 661 
 25 34 662 663 664 665 
 24 35 666 667 668 669 
 23 36 670 671 672 673 
 22 37 674 675 676 677 
 21 38 678 679 680 681 
 20 39 682 683 684 685 
 19 18 686 687 688 689 
 27 33 690 691 692 693 
 33 41 694 695 696 697 
 34 42 698 699 700 701 
 35 43 702 703 704 705 
 36 44 706 707 708 709 
 37 45 710 711 712 713 
 38 46 714 715 716 717 
 39 17 718 719 720 721 
 27 47 722 723 724 725 
 40 48 726 727 728 729 
 41 49 730 731 732 733 
 42 50 734 735 736 737 
 43 51 738 739 740 741 
 44 52 742 743 744 745 
 45 53 746 747 748 749 
 46 16 750 751 752 753 
 26 47 754 755 756 757 
 47 55 758 759 760 761 
 48 56 762 763 764 765 
 49 57 766 767 768 769 
 50 58 770 771 772 773 
 51 59 774 775 776 777 
 52 60 778 779 780 781 
 53 15 782 783 784 785 
 26 61 786 787 788 789 
 54 62 790 791 792 793 
 55 63 794 795 796 797 
 56 64 798 799 800 801 
 57 65 802 803 804 805 
 58 66 806 807 808 809 
 59 67 810 811 812 813 
 60 14 814 815 816 817 
 30 61 818 819 820 821 
 61 69 822 823 824 825 
 62 70 826 827 828 829 
 63 71 830 831 832 833 
 64 72 834 835 836 837 
 65 73 838 839 840 841 
 66 74 842 843 844 845 
 67 13 846 847 848 849 
 30 75 850 851 852 853 
 68 76 854 855 856 857 
 69 77 858 859 860 861 
 70 78 862 863 864 865 
 71 79 866 867 868 869 
 72 80 870 871 872 873 
 73 81 874 875 876 877 
 74 12 878 879 880 881 
 3 75 882 883 884 885 
 5 76 886 887 888 889 
 6 77 890 891 892 893 
 7 78 894 895 896 897 
 8 79 898 899 900 901 
 9 80 902 903 904 905 
 10 81 906 907 908 909 
 11 12 910 911 912 913 
 bcElement 32
2 14 1 
17 14 2 
34 14 1 
49 14 2 
66 14 1 
81 14 2 
98 14 1 
113 14 2 
114 23 1 
116 23 1 
118 23 1 
120 23 1 
122 23 1 
124 23 1 
126 23 1 
128 23 1 
128 6 2 
111 6 1 
95 6 1 
79 6 1 
63 6 1 
47 6 1 
31 6 1 
15 6 1 
15 24 2 
13 24 2 
11 24 2 
9 24 2 
7 24 2 
5 24 2 
3 24 2 
1 24 2 
