Edge min = 0.125000, max=0.176777, average=0.140931;
Grid_size 128
Node_size 81
Total_DOF 3249
edge_Size 208
maxDOF 36
Solution_Order
7 
 meshIEN 
4 33 25 
 33 4 28 
 25 34 24 
 34 25 33 
 24 35 23 
 35 24 34 
 23 36 22 
 36 23 35 
 22 37 21 
 37 22 36 
 21 38 20 
 38 21 37 
 20 39 19 
 39 20 38 
 19 18 2 
 18 19 39 
 27 33 28 
 33 27 40 
 33 41 34 
 41 33 40 
 34 42 35 
 42 34 41 
 35 43 36 
 43 35 42 
 36 44 37 
 44 36 43 
 37 45 38 
 45 37 44 
 38 46 39 
 46 38 45 
 39 17 18 
 17 39 46 
 27 47 40 
 47 27 29 
 40 48 41 
 48 40 47 
 41 49 42 
 49 41 48 
 42 50 43 
 50 42 49 
 43 51 44 
 51 43 50 
 44 52 45 
 52 44 51 
 45 53 46 
 53 45 52 
 46 16 17 
 16 46 53 
 26 47 29 
 47 26 54 
 47 55 48 
 55 47 54 
 48 56 49 
 56 48 55 
 49 57 50 
 57 49 56 
 50 58 51 
 58 50 57 
 51 59 52 
 59 51 58 
 52 60 53 
 60 52 59 
 53 15 16 
 15 53 60 
 26 61 54 
 61 26 31 
 54 62 55 
 62 54 61 
 55 63 56 
 63 55 62 
 56 64 57 
 64 56 63 
 57 65 58 
 65 57 64 
 58 66 59 
 66 58 65 
 59 67 60 
 67 59 66 
 60 14 15 
 14 60 67 
 30 61 31 
 61 30 68 
 61 69 62 
 69 61 68 
 62 70 63 
 70 62 69 
 63 71 64 
 71 63 70 
 64 72 65 
 72 64 71 
 65 73 66 
 73 65 72 
 66 74 67 
 74 66 73 
 67 13 14 
 13 67 74 
 30 75 68 
 75 30 32 
 68 76 69 
 76 68 75 
 69 77 70 
 77 69 76 
 70 78 71 
 78 70 77 
 71 79 72 
 79 71 78 
 72 80 73 
 80 72 79 
 73 81 74 
 81 73 80 
 74 12 13 
 12 74 81 
 3 75 32 
 75 3 5 
 5 76 75 
 76 5 6 
 6 77 76 
 77 6 7 
 7 78 77 
 78 7 8 
 8 79 78 
 79 8 9 
 9 80 79 
 80 9 10 
 10 81 80 
 81 10 11 
 11 12 81 
 12 11 1 
 solutionIEN 
4 33 25 951 950 949 948 947 946 274 275 276 277 278 279 225 224 223 222 221 220 1330 1331 1332 1333 1334 1335 1336 1337 1338 1339 1340 1341 1342 1343 1344 
 33 4 28 946 947 948 949 950 951 231 230 229 228 227 226 615 614 613 612 611 610 1345 1346 1347 1348 1349 1350 1351 1352 1353 1354 1355 1356 1357 1358 1359 
 25 34 24 957 956 955 954 953 952 280 281 282 283 284 285 219 218 217 216 215 214 1360 1361 1362 1363 1364 1365 1366 1367 1368 1369 1370 1371 1372 1373 1374 
 34 25 33 952 953 954 955 956 957 279 278 277 276 275 274 621 620 619 618 617 616 1375 1376 1377 1378 1379 1380 1381 1382 1383 1384 1385 1386 1387 1388 1389 
 24 35 23 963 962 961 960 959 958 286 287 288 289 290 291 213 212 211 210 209 208 1390 1391 1392 1393 1394 1395 1396 1397 1398 1399 1400 1401 1402 1403 1404 
 35 24 34 958 959 960 961 962 963 285 284 283 282 281 280 627 626 625 624 623 622 1405 1406 1407 1408 1409 1410 1411 1412 1413 1414 1415 1416 1417 1418 1419 
 23 36 22 969 968 967 966 965 964 292 293 294 295 296 297 207 206 205 204 203 202 1420 1421 1422 1423 1424 1425 1426 1427 1428 1429 1430 1431 1432 1433 1434 
 36 23 35 964 965 966 967 968 969 291 290 289 288 287 286 633 632 631 630 629 628 1435 1436 1437 1438 1439 1440 1441 1442 1443 1444 1445 1446 1447 1448 1449 
 22 37 21 975 974 973 972 971 970 298 299 300 301 302 303 201 200 199 198 197 196 1450 1451 1452 1453 1454 1455 1456 1457 1458 1459 1460 1461 1462 1463 1464 
 37 22 36 970 971 972 973 974 975 297 296 295 294 293 292 639 638 637 636 635 634 1465 1466 1467 1468 1469 1470 1471 1472 1473 1474 1475 1476 1477 1478 1479 
 21 38 20 981 980 979 978 977 976 304 305 306 307 308 309 195 194 193 192 191 190 1480 1481 1482 1483 1484 1485 1486 1487 1488 1489 1490 1491 1492 1493 1494 
 38 21 37 976 977 978 979 980 981 303 302 301 300 299 298 645 644 643 642 641 640 1495 1496 1497 1498 1499 1500 1501 1502 1503 1504 1505 1506 1507 1508 1509 
 20 39 19 987 986 985 984 983 982 310 311 312 313 314 315 189 188 187 186 185 184 1510 1511 1512 1513 1514 1515 1516 1517 1518 1519 1520 1521 1522 1523 1524 
 39 20 38 982 983 984 985 986 987 309 308 307 306 305 304 651 650 649 648 647 646 1525 1526 1527 1528 1529 1530 1531 1532 1533 1534 1535 1536 1537 1538 1539 
 19 18 2 993 992 991 990 989 988 177 176 175 174 173 172 183 182 181 180 179 178 1540 1541 1542 1543 1544 1545 1546 1547 1548 1549 1550 1551 1552 1553 1554 
 18 19 39 988 989 990 991 992 993 315 314 313 312 311 310 657 656 655 654 653 652 1555 1556 1557 1558 1559 1560 1561 1562 1563 1564 1565 1566 1567 1568 1569 
 27 33 28 999 998 997 996 995 994 610 611 612 613 614 615 237 236 235 234 233 232 1570 1571 1572 1573 1574 1575 1576 1577 1578 1579 1580 1581 1582 1583 1584 
 33 27 40 994 995 996 997 998 999 663 662 661 660 659 658 316 317 318 319 320 321 1585 1586 1587 1588 1589 1590 1591 1592 1593 1594 1595 1596 1597 1598 1599 
 33 41 34 1005 1004 1003 1002 1001 1000 322 323 324 325 326 327 616 617 618 619 620 621 1600 1601 1602 1603 1604 1605 1606 1607 1608 1609 1610 1611 1612 1613 1614 
 41 33 40 1000 1001 1002 1003 1004 1005 321 320 319 318 317 316 669 668 667 666 665 664 1615 1616 1617 1618 1619 1620 1621 1622 1623 1624 1625 1626 1627 1628 1629 
 34 42 35 1011 1010 1009 1008 1007 1006 328 329 330 331 332 333 622 623 624 625 626 627 1630 1631 1632 1633 1634 1635 1636 1637 1638 1639 1640 1641 1642 1643 1644 
 42 34 41 1006 1007 1008 1009 1010 1011 327 326 325 324 323 322 675 674 673 672 671 670 1645 1646 1647 1648 1649 1650 1651 1652 1653 1654 1655 1656 1657 1658 1659 
 35 43 36 1017 1016 1015 1014 1013 1012 334 335 336 337 338 339 628 629 630 631 632 633 1660 1661 1662 1663 1664 1665 1666 1667 1668 1669 1670 1671 1672 1673 1674 
 43 35 42 1012 1013 1014 1015 1016 1017 333 332 331 330 329 328 681 680 679 678 677 676 1675 1676 1677 1678 1679 1680 1681 1682 1683 1684 1685 1686 1687 1688 1689 
 36 44 37 1023 1022 1021 1020 1019 1018 340 341 342 343 344 345 634 635 636 637 638 639 1690 1691 1692 1693 1694 1695 1696 1697 1698 1699 1700 1701 1702 1703 1704 
 44 36 43 1018 1019 1020 1021 1022 1023 339 338 337 336 335 334 687 686 685 684 683 682 1705 1706 1707 1708 1709 1710 1711 1712 1713 1714 1715 1716 1717 1718 1719 
 37 45 38 1029 1028 1027 1026 1025 1024 346 347 348 349 350 351 640 641 642 643 644 645 1720 1721 1722 1723 1724 1725 1726 1727 1728 1729 1730 1731 1732 1733 1734 
 45 37 44 1024 1025 1026 1027 1028 1029 345 344 343 342 341 340 693 692 691 690 689 688 1735 1736 1737 1738 1739 1740 1741 1742 1743 1744 1745 1746 1747 1748 1749 
 38 46 39 1035 1034 1033 1032 1031 1030 352 353 354 355 356 357 646 647 648 649 650 651 1750 1751 1752 1753 1754 1755 1756 1757 1758 1759 1760 1761 1762 1763 1764 
 46 38 45 1030 1031 1032 1033 1034 1035 351 350 349 348 347 346 699 698 697 696 695 694 1765 1766 1767 1768 1769 1770 1771 1772 1773 1774 1775 1776 1777 1778 1779 
 39 17 18 1041 1040 1039 1038 1037 1036 171 170 169 168 167 166 652 653 654 655 656 657 1780 1781 1782 1783 1784 1785 1786 1787 1788 1789 1790 1791 1792 1793 1794 
 17 39 46 1036 1037 1038 1039 1040 1041 357 356 355 354 353 352 705 704 703 702 701 700 1795 1796 1797 1798 1799 1800 1801 1802 1803 1804 1805 1806 1807 1808 1809 
 27 47 40 1047 1046 1045 1044 1043 1042 358 359 360 361 362 363 658 659 660 661 662 663 1810 1811 1812 1813 1814 1815 1816 1817 1818 1819 1820 1821 1822 1823 1824 
 47 27 29 1042 1043 1044 1045 1046 1047 243 242 241 240 239 238 711 710 709 708 707 706 1825 1826 1827 1828 1829 1830 1831 1832 1833 1834 1835 1836 1837 1838 1839 
 40 48 41 1053 1052 1051 1050 1049 1048 364 365 366 367 368 369 664 665 666 667 668 669 1840 1841 1842 1843 1844 1845 1846 1847 1848 1849 1850 1851 1852 1853 1854 
 48 40 47 1048 1049 1050 1051 1052 1053 363 362 361 360 359 358 717 716 715 714 713 712 1855 1856 1857 1858 1859 1860 1861 1862 1863 1864 1865 1866 1867 1868 1869 
 41 49 42 1059 1058 1057 1056 1055 1054 370 371 372 373 374 375 670 671 672 673 674 675 1870 1871 1872 1873 1874 1875 1876 1877 1878 1879 1880 1881 1882 1883 1884 
 49 41 48 1054 1055 1056 1057 1058 1059 369 368 367 366 365 364 723 722 721 720 719 718 1885 1886 1887 1888 1889 1890 1891 1892 1893 1894 1895 1896 1897 1898 1899 
 42 50 43 1065 1064 1063 1062 1061 1060 376 377 378 379 380 381 676 677 678 679 680 681 1900 1901 1902 1903 1904 1905 1906 1907 1908 1909 1910 1911 1912 1913 1914 
 50 42 49 1060 1061 1062 1063 1064 1065 375 374 373 372 371 370 729 728 727 726 725 724 1915 1916 1917 1918 1919 1920 1921 1922 1923 1924 1925 1926 1927 1928 1929 
 43 51 44 1071 1070 1069 1068 1067 1066 382 383 384 385 386 387 682 683 684 685 686 687 1930 1931 1932 1933 1934 1935 1936 1937 1938 1939 1940 1941 1942 1943 1944 
 51 43 50 1066 1067 1068 1069 1070 1071 381 380 379 378 377 376 735 734 733 732 731 730 1945 1946 1947 1948 1949 1950 1951 1952 1953 1954 1955 1956 1957 1958 1959 
 44 52 45 1077 1076 1075 1074 1073 1072 388 389 390 391 392 393 688 689 690 691 692 693 1960 1961 1962 1963 1964 1965 1966 1967 1968 1969 1970 1971 1972 1973 1974 
 52 44 51 1072 1073 1074 1075 1076 1077 387 386 385 384 383 382 741 740 739 738 737 736 1975 1976 1977 1978 1979 1980 1981 1982 1983 1984 1985 1986 1987 1988 1989 
 45 53 46 1083 1082 1081 1080 1079 1078 394 395 396 397 398 399 694 695 696 697 698 699 1990 1991 1992 1993 1994 1995 1996 1997 1998 1999 2000 2001 2002 2003 2004 
 53 45 52 1078 1079 1080 1081 1082 1083 393 392 391 390 389 388 747 746 745 744 743 742 2005 2006 2007 2008 2009 2010 2011 2012 2013 2014 2015 2016 2017 2018 2019 
 46 16 17 1089 1088 1087 1086 1085 1084 165 164 163 162 161 160 700 701 702 703 704 705 2020 2021 2022 2023 2024 2025 2026 2027 2028 2029 2030 2031 2032 2033 2034 
 16 46 53 1084 1085 1086 1087 1088 1089 399 398 397 396 395 394 753 752 751 750 749 748 2035 2036 2037 2038 2039 2040 2041 2042 2043 2044 2045 2046 2047 2048 2049 
 26 47 29 1095 1094 1093 1092 1091 1090 706 707 708 709 710 711 249 248 247 246 245 244 2050 2051 2052 2053 2054 2055 2056 2057 2058 2059 2060 2061 2062 2063 2064 
 47 26 54 1090 1091 1092 1093 1094 1095 759 758 757 756 755 754 400 401 402 403 404 405 2065 2066 2067 2068 2069 2070 2071 2072 2073 2074 2075 2076 2077 2078 2079 
 47 55 48 1101 1100 1099 1098 1097 1096 406 407 408 409 410 411 712 713 714 715 716 717 2080 2081 2082 2083 2084 2085 2086 2087 2088 2089 2090 2091 2092 2093 2094 
 55 47 54 1096 1097 1098 1099 1100 1101 405 404 403 402 401 400 765 764 763 762 761 760 2095 2096 2097 2098 2099 2100 2101 2102 2103 2104 2105 2106 2107 2108 2109 
 48 56 49 1107 1106 1105 1104 1103 1102 412 413 414 415 416 417 718 719 720 721 722 723 2110 2111 2112 2113 2114 2115 2116 2117 2118 2119 2120 2121 2122 2123 2124 
 56 48 55 1102 1103 1104 1105 1106 1107 411 410 409 408 407 406 771 770 769 768 767 766 2125 2126 2127 2128 2129 2130 2131 2132 2133 2134 2135 2136 2137 2138 2139 
 49 57 50 1113 1112 1111 1110 1109 1108 418 419 420 421 422 423 724 725 726 727 728 729 2140 2141 2142 2143 2144 2145 2146 2147 2148 2149 2150 2151 2152 2153 2154 
 57 49 56 1108 1109 1110 1111 1112 1113 417 416 415 414 413 412 777 776 775 774 773 772 2155 2156 2157 2158 2159 2160 2161 2162 2163 2164 2165 2166 2167 2168 2169 
 50 58 51 1119 1118 1117 1116 1115 1114 424 425 426 427 428 429 730 731 732 733 734 735 2170 2171 2172 2173 2174 2175 2176 2177 2178 2179 2180 2181 2182 2183 2184 
 58 50 57 1114 1115 1116 1117 1118 1119 423 422 421 420 419 418 783 782 781 780 779 778 2185 2186 2187 2188 2189 2190 2191 2192 2193 2194 2195 2196 2197 2198 2199 
 51 59 52 1125 1124 1123 1122 1121 1120 430 431 432 433 434 435 736 737 738 739 740 741 2200 2201 2202 2203 2204 2205 2206 2207 2208 2209 2210 2211 2212 2213 2214 
 59 51 58 1120 1121 1122 1123 1124 1125 429 428 427 426 425 424 789 788 787 786 785 784 2215 2216 2217 2218 2219 2220 2221 2222 2223 2224 2225 2226 2227 2228 2229 
 52 60 53 1131 1130 1129 1128 1127 1126 436 437 438 439 440 441 742 743 744 745 746 747 2230 2231 2232 2233 2234 2235 2236 2237 2238 2239 2240 2241 2242 2243 2244 
 60 52 59 1126 1127 1128 1129 1130 1131 435 434 433 432 431 430 795 794 793 792 791 790 2245 2246 2247 2248 2249 2250 2251 2252 2253 2254 2255 2256 2257 2258 2259 
 53 15 16 1137 1136 1135 1134 1133 1132 159 158 157 156 155 154 748 749 750 751 752 753 2260 2261 2262 2263 2264 2265 2266 2267 2268 2269 2270 2271 2272 2273 2274 
 15 53 60 1132 1133 1134 1135 1136 1137 441 440 439 438 437 436 801 800 799 798 797 796 2275 2276 2277 2278 2279 2280 2281 2282 2283 2284 2285 2286 2287 2288 2289 
 26 61 54 1143 1142 1141 1140 1139 1138 442 443 444 445 446 447 754 755 756 757 758 759 2290 2291 2292 2293 2294 2295 2296 2297 2298 2299 2300 2301 2302 2303 2304 
 61 26 31 1138 1139 1140 1141 1142 1143 255 254 253 252 251 250 807 806 805 804 803 802 2305 2306 2307 2308 2309 2310 2311 2312 2313 2314 2315 2316 2317 2318 2319 
 54 62 55 1149 1148 1147 1146 1145 1144 448 449 450 451 452 453 760 761 762 763 764 765 2320 2321 2322 2323 2324 2325 2326 2327 2328 2329 2330 2331 2332 2333 2334 
 62 54 61 1144 1145 1146 1147 1148 1149 447 446 445 444 443 442 813 812 811 810 809 808 2335 2336 2337 2338 2339 2340 2341 2342 2343 2344 2345 2346 2347 2348 2349 
 55 63 56 1155 1154 1153 1152 1151 1150 454 455 456 457 458 459 766 767 768 769 770 771 2350 2351 2352 2353 2354 2355 2356 2357 2358 2359 2360 2361 2362 2363 2364 
 63 55 62 1150 1151 1152 1153 1154 1155 453 452 451 450 449 448 819 818 817 816 815 814 2365 2366 2367 2368 2369 2370 2371 2372 2373 2374 2375 2376 2377 2378 2379 
 56 64 57 1161 1160 1159 1158 1157 1156 460 461 462 463 464 465 772 773 774 775 776 777 2380 2381 2382 2383 2384 2385 2386 2387 2388 2389 2390 2391 2392 2393 2394 
 64 56 63 1156 1157 1158 1159 1160 1161 459 458 457 456 455 454 825 824 823 822 821 820 2395 2396 2397 2398 2399 2400 2401 2402 2403 2404 2405 2406 2407 2408 2409 
 57 65 58 1167 1166 1165 1164 1163 1162 466 467 468 469 470 471 778 779 780 781 782 783 2410 2411 2412 2413 2414 2415 2416 2417 2418 2419 2420 2421 2422 2423 2424 
 65 57 64 1162 1163 1164 1165 1166 1167 465 464 463 462 461 460 831 830 829 828 827 826 2425 2426 2427 2428 2429 2430 2431 2432 2433 2434 2435 2436 2437 2438 2439 
 58 66 59 1173 1172 1171 1170 1169 1168 472 473 474 475 476 477 784 785 786 787 788 789 2440 2441 2442 2443 2444 2445 2446 2447 2448 2449 2450 2451 2452 2453 2454 
 66 58 65 1168 1169 1170 1171 1172 1173 471 470 469 468 467 466 837 836 835 834 833 832 2455 2456 2457 2458 2459 2460 2461 2462 2463 2464 2465 2466 2467 2468 2469 
 59 67 60 1179 1178 1177 1176 1175 1174 478 479 480 481 482 483 790 791 792 793 794 795 2470 2471 2472 2473 2474 2475 2476 2477 2478 2479 2480 2481 2482 2483 2484 
 67 59 66 1174 1175 1176 1177 1178 1179 477 476 475 474 473 472 843 842 841 840 839 838 2485 2486 2487 2488 2489 2490 2491 2492 2493 2494 2495 2496 2497 2498 2499 
 60 14 15 1185 1184 1183 1182 1181 1180 153 152 151 150 149 148 796 797 798 799 800 801 2500 2501 2502 2503 2504 2505 2506 2507 2508 2509 2510 2511 2512 2513 2514 
 14 60 67 1180 1181 1182 1183 1184 1185 483 482 481 480 479 478 849 848 847 846 845 844 2515 2516 2517 2518 2519 2520 2521 2522 2523 2524 2525 2526 2527 2528 2529 
 30 61 31 1191 1190 1189 1188 1187 1186 802 803 804 805 806 807 261 260 259 258 257 256 2530 2531 2532 2533 2534 2535 2536 2537 2538 2539 2540 2541 2542 2543 2544 
 61 30 68 1186 1187 1188 1189 1190 1191 855 854 853 852 851 850 484 485 486 487 488 489 2545 2546 2547 2548 2549 2550 2551 2552 2553 2554 2555 2556 2557 2558 2559 
 61 69 62 1197 1196 1195 1194 1193 1192 490 491 492 493 494 495 808 809 810 811 812 813 2560 2561 2562 2563 2564 2565 2566 2567 2568 2569 2570 2571 2572 2573 2574 
 69 61 68 1192 1193 1194 1195 1196 1197 489 488 487 486 485 484 861 860 859 858 857 856 2575 2576 2577 2578 2579 2580 2581 2582 2583 2584 2585 2586 2587 2588 2589 
 62 70 63 1203 1202 1201 1200 1199 1198 496 497 498 499 500 501 814 815 816 817 818 819 2590 2591 2592 2593 2594 2595 2596 2597 2598 2599 2600 2601 2602 2603 2604 
 70 62 69 1198 1199 1200 1201 1202 1203 495 494 493 492 491 490 867 866 865 864 863 862 2605 2606 2607 2608 2609 2610 2611 2612 2613 2614 2615 2616 2617 2618 2619 
 63 71 64 1209 1208 1207 1206 1205 1204 502 503 504 505 506 507 820 821 822 823 824 825 2620 2621 2622 2623 2624 2625 2626 2627 2628 2629 2630 2631 2632 2633 2634 
 71 63 70 1204 1205 1206 1207 1208 1209 501 500 499 498 497 496 873 872 871 870 869 868 2635 2636 2637 2638 2639 2640 2641 2642 2643 2644 2645 2646 2647 2648 2649 
 64 72 65 1215 1214 1213 1212 1211 1210 508 509 510 511 512 513 826 827 828 829 830 831 2650 2651 2652 2653 2654 2655 2656 2657 2658 2659 2660 2661 2662 2663 2664 
 72 64 71 1210 1211 1212 1213 1214 1215 507 506 505 504 503 502 879 878 877 876 875 874 2665 2666 2667 2668 2669 2670 2671 2672 2673 2674 2675 2676 2677 2678 2679 
 65 73 66 1221 1220 1219 1218 1217 1216 514 515 516 517 518 519 832 833 834 835 836 837 2680 2681 2682 2683 2684 2685 2686 2687 2688 2689 2690 2691 2692 2693 2694 
 73 65 72 1216 1217 1218 1219 1220 1221 513 512 511 510 509 508 885 884 883 882 881 880 2695 2696 2697 2698 2699 2700 2701 2702 2703 2704 2705 2706 2707 2708 2709 
 66 74 67 1227 1226 1225 1224 1223 1222 520 521 522 523 524 525 838 839 840 841 842 843 2710 2711 2712 2713 2714 2715 2716 2717 2718 2719 2720 2721 2722 2723 2724 
 74 66 73 1222 1223 1224 1225 1226 1227 519 518 517 516 515 514 891 890 889 888 887 886 2725 2726 2727 2728 2729 2730 2731 2732 2733 2734 2735 2736 2737 2738 2739 
 67 13 14 1233 1232 1231 1230 1229 1228 147 146 145 144 143 142 844 845 846 847 848 849 2740 2741 2742 2743 2744 2745 2746 2747 2748 2749 2750 2751 2752 2753 2754 
 13 67 74 1228 1229 1230 1231 1232 1233 525 524 523 522 521 520 897 896 895 894 893 892 2755 2756 2757 2758 2759 2760 2761 2762 2763 2764 2765 2766 2767 2768 2769 
 30 75 68 1239 1238 1237 1236 1235 1234 526 527 528 529 530 531 850 851 852 853 854 855 2770 2771 2772 2773 2774 2775 2776 2777 2778 2779 2780 2781 2782 2783 2784 
 75 30 32 1234 1235 1236 1237 1238 1239 267 266 265 264 263 262 903 902 901 900 899 898 2785 2786 2787 2788 2789 2790 2791 2792 2793 2794 2795 2796 2797 2798 2799 
 68 76 69 1245 1244 1243 1242 1241 1240 532 533 534 535 536 537 856 857 858 859 860 861 2800 2801 2802 2803 2804 2805 2806 2807 2808 2809 2810 2811 2812 2813 2814 
 76 68 75 1240 1241 1242 1243 1244 1245 531 530 529 528 527 526 909 908 907 906 905 904 2815 2816 2817 2818 2819 2820 2821 2822 2823 2824 2825 2826 2827 2828 2829 
 69 77 70 1251 1250 1249 1248 1247 1246 538 539 540 541 542 543 862 863 864 865 866 867 2830 2831 2832 2833 2834 2835 2836 2837 2838 2839 2840 2841 2842 2843 2844 
 77 69 76 1246 1247 1248 1249 1250 1251 537 536 535 534 533 532 915 914 913 912 911 910 2845 2846 2847 2848 2849 2850 2851 2852 2853 2854 2855 2856 2857 2858 2859 
 70 78 71 1257 1256 1255 1254 1253 1252 544 545 546 547 548 549 868 869 870 871 872 873 2860 2861 2862 2863 2864 2865 2866 2867 2868 2869 2870 2871 2872 2873 2874 
 78 70 77 1252 1253 1254 1255 1256 1257 543 542 541 540 539 538 921 920 919 918 917 916 2875 2876 2877 2878 2879 2880 2881 2882 2883 2884 2885 2886 2887 2888 2889 
 71 79 72 1263 1262 1261 1260 1259 1258 550 551 552 553 554 555 874 875 876 877 878 879 2890 2891 2892 2893 2894 2895 2896 2897 2898 2899 2900 2901 2902 2903 2904 
 79 71 78 1258 1259 1260 1261 1262 1263 549 548 547 546 545 544 927 926 925 924 923 922 2905 2906 2907 2908 2909 2910 2911 2912 2913 2914 2915 2916 2917 2918 2919 
 72 80 73 1269 1268 1267 1266 1265 1264 556 557 558 559 560 561 880 881 882 883 884 885 2920 2921 2922 2923 2924 2925 2926 2927 2928 2929 2930 2931 2932 2933 2934 
 80 72 79 1264 1265 1266 1267 1268 1269 555 554 553 552 551 550 933 932 931 930 929 928 2935 2936 2937 2938 2939 2940 2941 2942 2943 2944 2945 2946 2947 2948 2949 
 73 81 74 1275 1274 1273 1272 1271 1270 562 563 564 565 566 567 886 887 888 889 890 891 2950 2951 2952 2953 2954 2955 2956 2957 2958 2959 2960 2961 2962 2963 2964 
 81 73 80 1270 1271 1272 1273 1274 1275 561 560 559 558 557 556 939 938 937 936 935 934 2965 2966 2967 2968 2969 2970 2971 2972 2973 2974 2975 2976 2977 2978 2979 
 74 12 13 1281 1280 1279 1278 1277 1276 141 140 139 138 137 136 892 893 894 895 896 897 2980 2981 2982 2983 2984 2985 2986 2987 2988 2989 2990 2991 2992 2993 2994 
 12 74 81 1276 1277 1278 1279 1280 1281 567 566 565 564 563 562 945 944 943 942 941 940 2995 2996 2997 2998 2999 3000 3001 3002 3003 3004 3005 3006 3007 3008 3009 
 3 75 32 1287 1286 1285 1284 1283 1282 898 899 900 901 902 903 273 272 271 270 269 268 3010 3011 3012 3013 3014 3015 3016 3017 3018 3019 3020 3021 3022 3023 3024 
 75 3 5 1282 1283 1284 1285 1286 1287 87 86 85 84 83 82 568 569 570 571 572 573 3025 3026 3027 3028 3029 3030 3031 3032 3033 3034 3035 3036 3037 3038 3039 
 5 76 75 1293 1292 1291 1290 1289 1288 904 905 906 907 908 909 573 572 571 570 569 568 3040 3041 3042 3043 3044 3045 3046 3047 3048 3049 3050 3051 3052 3053 3054 
 76 5 6 1288 1289 1290 1291 1292 1293 93 92 91 90 89 88 574 575 576 577 578 579 3055 3056 3057 3058 3059 3060 3061 3062 3063 3064 3065 3066 3067 3068 3069 
 6 77 76 1299 1298 1297 1296 1295 1294 910 911 912 913 914 915 579 578 577 576 575 574 3070 3071 3072 3073 3074 3075 3076 3077 3078 3079 3080 3081 3082 3083 3084 
 77 6 7 1294 1295 1296 1297 1298 1299 99 98 97 96 95 94 580 581 582 583 584 585 3085 3086 3087 3088 3089 3090 3091 3092 3093 3094 3095 3096 3097 3098 3099 
 7 78 77 1305 1304 1303 1302 1301 1300 916 917 918 919 920 921 585 584 583 582 581 580 3100 3101 3102 3103 3104 3105 3106 3107 3108 3109 3110 3111 3112 3113 3114 
 78 7 8 1300 1301 1302 1303 1304 1305 105 104 103 102 101 100 586 587 588 589 590 591 3115 3116 3117 3118 3119 3120 3121 3122 3123 3124 3125 3126 3127 3128 3129 
 8 79 78 1311 1310 1309 1308 1307 1306 922 923 924 925 926 927 591 590 589 588 587 586 3130 3131 3132 3133 3134 3135 3136 3137 3138 3139 3140 3141 3142 3143 3144 
 79 8 9 1306 1307 1308 1309 1310 1311 111 110 109 108 107 106 592 593 594 595 596 597 3145 3146 3147 3148 3149 3150 3151 3152 3153 3154 3155 3156 3157 3158 3159 
 9 80 79 1317 1316 1315 1314 1313 1312 928 929 930 931 932 933 597 596 595 594 593 592 3160 3161 3162 3163 3164 3165 3166 3167 3168 3169 3170 3171 3172 3173 3174 
 80 9 10 1312 1313 1314 1315 1316 1317 117 116 115 114 113 112 598 599 600 601 602 603 3175 3176 3177 3178 3179 3180 3181 3182 3183 3184 3185 3186 3187 3188 3189 
 10 81 80 1323 1322 1321 1320 1319 1318 934 935 936 937 938 939 603 602 601 600 599 598 3190 3191 3192 3193 3194 3195 3196 3197 3198 3199 3200 3201 3202 3203 3204 
 81 10 11 1318 1319 1320 1321 1322 1323 123 122 121 120 119 118 604 605 606 607 608 609 3205 3206 3207 3208 3209 3210 3211 3212 3213 3214 3215 3216 3217 3218 3219 
 11 12 81 1329 1328 1327 1326 1325 1324 940 941 942 943 944 945 609 608 607 606 605 604 3220 3221 3222 3223 3224 3225 3226 3227 3228 3229 3230 3231 3232 3233 3234 
 12 11 1 1324 1325 1326 1327 1328 1329 129 128 127 126 125 124 135 134 133 132 131 130 3235 3236 3237 3238 3239 3240 3241 3242 3243 3244 3245 3246 3247 3248 3249 
 solutionOrder
7 7 7 7 
 7 7 7 7 
 7 7 7 7 
 7 7 7 7 
 7 7 7 7 
 7 7 7 7 
 7 7 7 7 
 7 7 7 7 
 7 7 7 7 
 7 7 7 7 
 7 7 7 7 
 7 7 7 7 
 7 7 7 7 
 7 7 7 7 
 7 7 7 7 
 7 7 7 7 
 7 7 7 7 
 7 7 7 7 
 7 7 7 7 
 7 7 7 7 
 7 7 7 7 
 7 7 7 7 
 7 7 7 7 
 7 7 7 7 
 7 7 7 7 
 7 7 7 7 
 7 7 7 7 
 7 7 7 7 
 7 7 7 7 
 7 7 7 7 
 7 7 7 7 
 7 7 7 7 
 7 7 7 7 
 7 7 7 7 
 7 7 7 7 
 7 7 7 7 
 7 7 7 7 
 7 7 7 7 
 7 7 7 7 
 7 7 7 7 
 7 7 7 7 
 7 7 7 7 
 7 7 7 7 
 7 7 7 7 
 7 7 7 7 
 7 7 7 7 
 7 7 7 7 
 7 7 7 7 
 7 7 7 7 
 7 7 7 7 
 7 7 7 7 
 7 7 7 7 
 7 7 7 7 
 7 7 7 7 
 7 7 7 7 
 7 7 7 7 
 7 7 7 7 
 7 7 7 7 
 7 7 7 7 
 7 7 7 7 
 7 7 7 7 
 7 7 7 7 
 7 7 7 7 
 7 7 7 7 
 7 7 7 7 
 7 7 7 7 
 7 7 7 7 
 7 7 7 7 
 7 7 7 7 
 7 7 7 7 
 7 7 7 7 
 7 7 7 7 
 7 7 7 7 
 7 7 7 7 
 7 7 7 7 
 7 7 7 7 
 7 7 7 7 
 7 7 7 7 
 7 7 7 7 
 7 7 7 7 
 7 7 7 7 
 7 7 7 7 
 7 7 7 7 
 7 7 7 7 
 7 7 7 7 
 7 7 7 7 
 7 7 7 7 
 7 7 7 7 
 7 7 7 7 
 7 7 7 7 
 7 7 7 7 
 7 7 7 7 
 7 7 7 7 
 7 7 7 7 
 7 7 7 7 
 7 7 7 7 
 7 7 7 7 
 7 7 7 7 
 7 7 7 7 
 7 7 7 7 
 7 7 7 7 
 7 7 7 7 
 7 7 7 7 
 7 7 7 7 
 7 7 7 7 
 7 7 7 7 
 7 7 7 7 
 7 7 7 7 
 7 7 7 7 
 7 7 7 7 
 7 7 7 7 
 7 7 7 7 
 7 7 7 7 
 7 7 7 7 
 7 7 7 7 
 7 7 7 7 
 7 7 7 7 
 7 7 7 7 
 7 7 7 7 
 7 7 7 7 
 7 7 7 7 
 7 7 7 7 
 7 7 7 7 
 7 7 7 7 
 7 7 7 7 
 7 7 7 7 
 7 7 7 7 
 7 7 7 7 
 vertexCoord 
1.000000 1.000000 
 0.000000 1.000000 
 1.000000 0.000000 
 0.000000 0.000000 
 1.000000 0.125000 
 1.000000 0.250000 
 1.000000 0.375000 
 1.000000 0.500000 
 1.000000 0.625000 
 1.000000 0.750000 
 1.000000 0.875000 
 0.875000 1.000000 
 0.750000 1.000000 
 0.625000 1.000000 
 0.500000 1.000000 
 0.375000 1.000000 
 0.250000 1.000000 
 0.125000 1.000000 
 0.000000 0.875000 
 0.000000 0.750000 
 0.000000 0.625000 
 0.000000 0.500000 
 0.000000 0.375000 
 0.000000 0.250000 
 0.000000 0.125000 
 0.500000 0.000000 
 0.250000 0.000000 
 0.125000 0.000000 
 0.375000 0.000000 
 0.750000 0.000000 
 0.625000 0.000000 
 0.875000 0.000000 
 0.125000 0.125000 
 0.125000 0.250000 
 0.125000 0.375000 
 0.125000 0.500000 
 0.125000 0.625000 
 0.125000 0.750000 
 0.125000 0.875000 
 0.250000 0.125000 
 0.250000 0.250000 
 0.250000 0.375000 
 0.250000 0.500000 
 0.250000 0.625000 
 0.250000 0.750000 
 0.250000 0.875000 
 0.375000 0.125000 
 0.375000 0.250000 
 0.375000 0.375000 
 0.375000 0.500000 
 0.375000 0.625000 
 0.375000 0.750000 
 0.375000 0.875000 
 0.500000 0.125000 
 0.500000 0.250000 
 0.500000 0.375000 
 0.500000 0.500000 
 0.500000 0.625000 
 0.500000 0.750000 
 0.500000 0.875000 
 0.625000 0.125000 
 0.625000 0.250000 
 0.625000 0.375000 
 0.625000 0.500000 
 0.625000 0.625000 
 0.625000 0.750000 
 0.625000 0.875000 
 0.750000 0.125000 
 0.750000 0.250000 
 0.750000 0.375000 
 0.750000 0.500000 
 0.750000 0.625000 
 0.750000 0.750000 
 0.750000 0.875000 
 0.875000 0.125000 
 0.875000 0.250000 
 0.875000 0.375000 
 0.875000 0.500000 
 0.875000 0.625000 
 0.875000 0.750000 
 0.875000 0.875000 
 bc_tag 
5 
 2 
 16 
 18 
 23 
 23 
 23 
 23 
 23 
 23 
 23 
 6 
 6 
 6 
 6 
 6 
 6 
 6 
 24 
 24 
 24 
 24 
 24 
 24 
 24 
 14 
 14 
 14 
 14 
 14 
 14 
 14 
 26 
 26 
 26 
 26 
 26 
 26 
 26 
 26 
 26 
 26 
 26 
 26 
 26 
 26 
 26 
 26 
 26 
 26 
 26 
 26 
 26 
 26 
 26 
 26 
 26 
 26 
 26 
 26 
 26 
 26 
 26 
 26 
 26 
 26 
 26 
 26 
 26 
 26 
 26 
 26 
 26 
 26 
 26 
 26 
 26 
 26 
 26 
 26 
 26 
 23 
 23 
 23 
 23 
 23 
 23 
 23 
 23 
 23 
 23 
 23 
 23 
 23 
 23 
 23 
 23 
 23 
 23 
 23 
 23 
 23 
 23 
 23 
 23 
 23 
 23 
 23 
 23 
 23 
 23 
 23 
 23 
 23 
 23 
 23 
 23 
 23 
 23 
 23 
 23 
 23 
 23 
 23 
 23 
 23 
 23 
 23 
 23 
 6 
 6 
 6 
 6 
 6 
 6 
 6 
 6 
 6 
 6 
 6 
 6 
 6 
 6 
 6 
 6 
 6 
 6 
 6 
 6 
 6 
 6 
 6 
 6 
 6 
 6 
 6 
 6 
 6 
 6 
 6 
 6 
 6 
 6 
 6 
 6 
 6 
 6 
 6 
 6 
 6 
 6 
 6 
 6 
 6 
 6 
 6 
 6 
 24 
 24 
 24 
 24 
 24 
 24 
 24 
 24 
 24 
 24 
 24 
 24 
 24 
 24 
 24 
 24 
 24 
 24 
 24 
 24 
 24 
 24 
 24 
 24 
 24 
 24 
 24 
 24 
 24 
 24 
 24 
 24 
 24 
 24 
 24 
 24 
 24 
 24 
 24 
 24 
 24 
 24 
 24 
 24 
 24 
 24 
 24 
 24 
 14 
 14 
 14 
 14 
 14 
 14 
 14 
 14 
 14 
 14 
 14 
 14 
 14 
 14 
 14 
 14 
 14 
 14 
 14 
 14 
 14 
 14 
 14 
 14 
 14 
 14 
 14 
 14 
 14 
 14 
 14 
 14 
 14 
 14 
 14 
 14 
 14 
 14 
 14 
 14 
 14 
 14 
 14 
 14 
 14 
 14 
 14 
 14 
 26 
 26 
 26 
 26 
 26 
 26 
 26 
 26 
 26 
 26 
 26 
 26 
 26 
 26 
 26 
 26 
 26 
 26 
 26 
 26 
 26 
 26 
 26 
 26 
 26 
 26 
 26 
 26 
 26 
 26 
 26 
 26 
 26 
 26 
 26 
 26 
 26 
 26 
 26 
 26 
 26 
 26 
 26 
 26 
 26 
 26 
 26 
 26 
 26 
 26 
 26 
 26 
 26 
 26 
 26 
 26 
 26 
 26 
 26 
 26 
 26 
 26 
 26 
 26 
 26 
 26 
 26 
 26 
 26 
 26 
 26 
 26 
 26 
 26 
 26 
 26 
 26 
 26 
 26 
 26 
 26 
 26 
 26 
 26 
 26 
 26 
 26 
 26 
 26 
 26 
 26 
 26 
 26 
 26 
 26 
 26 
 26 
 26 
 26 
 26 
 26 
 26 
 26 
 26 
 26 
 26 
 26 
 26 
 26 
 26 
 26 
 26 
 26 
 26 
 26 
 26 
 26 
 26 
 26 
 26 
 26 
 26 
 26 
 26 
 26 
 26 
 26 
 26 
 26 
 26 
 26 
 26 
 26 
 26 
 26 
 26 
 26 
 26 
 26 
 26 
 26 
 26 
 26 
 26 
 26 
 26 
 26 
 26 
 26 
 26 
 26 
 26 
 26 
 26 
 26 
 26 
 26 
 26 
 26 
 26 
 26 
 26 
 26 
 26 
 26 
 26 
 26 
 26 
 26 
 26 
 26 
 26 
 26 
 26 
 26 
 26 
 26 
 26 
 26 
 26 
 26 
 26 
 26 
 26 
 26 
 26 
 26 
 26 
 26 
 26 
 26 
 26 
 26 
 26 
 26 
 26 
 26 
 26 
 26 
 26 
 26 
 26 
 26 
 26 
 26 
 26 
 26 
 26 
 26 
 26 
 26 
 26 
 26 
 26 
 26 
 26 
 26 
 26 
 26 
 26 
 26 
 26 
 26 
 26 
 26 
 26 
 26 
 26 
 26 
 26 
 26 
 26 
 26 
 26 
 26 
 26 
 26 
 26 
 26 
 26 
 26 
 26 
 26 
 26 
 26 
 26 
 26 
 26 
 26 
 26 
 26 
 26 
 26 
 26 
 26 
 26 
 26 
 26 
 26 
 26 
 26 
 26 
 26 
 26 
 26 
 26 
 26 
 26 
 26 
 26 
 26 
 26 
 26 
 26 
 26 
 26 
 26 
 26 
 26 
 26 
 26 
 26 
 26 
 26 
 26 
 26 
 26 
 26 
 26 
 26 
 26 
 26 
 26 
 26 
 26 
 26 
 26 
 26 
 26 
 26 
 26 
 26 
 26 
 26 
 26 
 26 
 26 
 26 
 26 
 26 
 26 
 26 
 26 
 26 
 26 
 26 
 26 
 26 
 26 
 26 
 26 
 26 
 26 
 26 
 26 
 26 
 26 
 26 
 26 
 26 
 26 
 26 
 26 
 26 
 26 
 26 
 26 
 26 
 26 
 26 
 26 
 26 
 26 
 26 
 26 
 26 
 26 
 26 
 26 
 26 
 26 
 26 
 26 
 26 
 26 
 26 
 26 
 26 
 26 
 26 
 26 
 26 
 26 
 26 
 26 
 26 
 26 
 26 
 26 
 26 
 26 
 26 
 26 
 26 
 26 
 26 
 26 
 26 
 26 
 26 
 26 
 26 
 26 
 26 
 26 
 26 
 26 
 26 
 26 
 26 
 26 
 26 
 26 
 26 
 26 
 26 
 26 
 26 
 26 
 26 
 26 
 26 
 26 
 26 
 26 
 26 
 26 
 26 
 26 
 26 
 26 
 26 
 26 
 26 
 26 
 26 
 26 
 26 
 26 
 26 
 26 
 26 
 26 
 26 
 26 
 26 
 26 
 26 
 26 
 26 
 26 
 26 
 26 
 26 
 26 
 26 
 26 
 26 
 26 
 26 
 26 
 26 
 26 
 26 
 26 
 26 
 26 
 26 
 26 
 26 
 26 
 26 
 26 
 26 
 26 
 26 
 26 
 26 
 26 
 26 
 26 
 26 
 26 
 26 
 26 
 26 
 26 
 26 
 26 
 26 
 26 
 26 
 26 
 26 
 26 
 26 
 26 
 26 
 26 
 26 
 26 
 26 
 26 
 26 
 26 
 26 
 26 
 26 
 26 
 26 
 26 
 26 
 26 
 26 
 26 
 26 
 26 
 26 
 26 
 26 
 26 
 26 
 26 
 26 
 26 
 26 
 26 
 26 
 26 
 26 
 26 
 26 
 26 
 26 
 26 
 26 
 26 
 26 
 26 
 26 
 26 
 26 
 26 
 26 
 26 
 26 
 26 
 26 
 26 
 26 
 26 
 26 
 26 
 26 
 26 
 26 
 26 
 26 
 26 
 26 
 26 
 26 
 26 
 26 
 26 
 26 
 26 
 26 
 26 
 26 
 26 
 26 
 26 
 26 
 26 
 26 
 26 
 26 
 26 
 26 
 26 
 26 
 26 
 26 
 26 
 26 
 26 
 26 
 26 
 26 
 26 
 26 
 26 
 26 
 26 
 26 
 26 
 26 
 26 
 26 
 26 
 26 
 26 
 26 
 26 
 26 
 26 
 26 
 26 
 26 
 26 
 26 
 26 
 26 
 26 
 26 
 26 
 26 
 26 
 26 
 26 
 26 
 26 
 26 
 26 
 26 
 26 
 26 
 26 
 26 
 26 
 26 
 26 
 26 
 26 
 26 
 26 
 26 
 26 
 26 
 26 
 26 
 26 
 26 
 26 
 26 
 26 
 26 
 26 
 26 
 26 
 26 
 26 
 26 
 26 
 26 
 26 
 26 
 26 
 26 
 26 
 26 
 26 
 26 
 26 
 26 
 26 
 26 
 26 
 26 
 26 
 26 
 26 
 26 
 26 
 26 
 26 
 26 
 26 
 26 
 26 
 26 
 26 
 26 
 26 
 26 
 26 
 26 
 26 
 26 
 26 
 26 
 26 
 26 
 26 
 26 
 26 
 26 
 26 
 26 
 26 
 26 
 26 
 26 
 26 
 26 
 26 
 26 
 26 
 26 
 26 
 26 
 26 
 26 
 26 
 26 
 26 
 26 
 26 
 26 
 26 
 26 
 26 
 26 
 26 
 26 
 26 
 26 
 26 
 26 
 26 
 26 
 26 
 26 
 26 
 26 
 26 
 26 
 26 
 26 
 26 
 26 
 26 
 26 
 26 
 26 
 26 
 26 
 26 
 26 
 26 
 26 
 26 
 26 
 26 
 26 
 26 
 26 
 26 
 26 
 26 
 26 
 26 
 26 
 26 
 26 
 26 
 26 
 26 
 26 
 26 
 26 
 26 
 26 
 26 
 26 
 26 
 26 
 26 
 26 
 26 
 26 
 26 
 26 
 26 
 26 
 26 
 26 
 26 
 26 
 26 
 26 
 26 
 26 
 26 
 26 
 26 
 26 
 26 
 26 
 26 
 26 
 26 
 26 
 26 
 26 
 26 
 26 
 26 
 26 
 26 
 26 
 26 
 26 
 26 
 26 
 26 
 26 
 26 
 26 
 26 
 26 
 26 
 26 
 26 
 26 
 26 
 26 
 26 
 26 
 26 
 26 
 26 
 26 
 26 
 26 
 26 
 26 
 26 
 26 
 26 
 26 
 26 
 26 
 26 
 26 
 26 
 26 
 26 
 26 
 26 
 26 
 26 
 26 
 26 
 26 
 26 
 26 
 26 
 26 
 26 
 26 
 26 
 26 
 26 
 26 
 26 
 26 
 26 
 26 
 26 
 26 
 26 
 26 
 26 
 26 
 26 
 26 
 26 
 26 
 26 
 26 
 26 
 26 
 26 
 26 
 26 
 26 
 26 
 26 
 26 
 26 
 26 
 26 
 26 
 26 
 26 
 26 
 26 
 26 
 26 
 26 
 26 
 26 
 26 
 26 
 26 
 26 
 26 
 26 
 26 
 26 
 26 
 26 
 26 
 26 
 26 
 26 
 26 
 26 
 26 
 26 
 26 
 26 
 26 
 26 
 26 
 26 
 26 
 26 
 26 
 26 
 26 
 26 
 26 
 26 
 26 
 26 
 26 
 26 
 26 
 26 
 26 
 26 
 26 
 26 
 26 
 26 
 26 
 26 
 26 
 26 
 26 
 26 
 26 
 26 
 26 
 26 
 26 
 26 
 26 
 26 
 26 
 26 
 26 
 26 
 26 
 26 
 26 
 26 
 26 
 26 
 26 
 26 
 26 
 26 
 26 
 26 
 26 
 26 
 26 
 26 
 26 
 26 
 26 
 26 
 26 
 26 
 26 
 26 
 26 
 26 
 26 
 26 
 26 
 26 
 26 
 26 
 26 
 26 
 26 
 26 
 26 
 26 
 26 
 26 
 26 
 26 
 26 
 26 
 26 
 26 
 26 
 26 
 26 
 26 
 26 
 26 
 26 
 26 
 26 
 26 
 26 
 26 
 26 
 26 
 26 
 26 
 26 
 26 
 26 
 26 
 26 
 26 
 26 
 26 
 26 
 26 
 26 
 26 
 26 
 26 
 26 
 26 
 26 
 26 
 26 
 26 
 26 
 26 
 26 
 26 
 26 
 26 
 26 
 26 
 26 
 26 
 26 
 26 
 26 
 26 
 26 
 26 
 26 
 26 
 26 
 26 
 26 
 26 
 26 
 26 
 26 
 26 
 26 
 26 
 26 
 26 
 26 
 26 
 26 
 26 
 26 
 26 
 26 
 26 
 26 
 26 
 26 
 26 
 26 
 26 
 26 
 26 
 26 
 26 
 26 
 26 
 26 
 26 
 26 
 26 
 26 
 26 
 26 
 26 
 26 
 26 
 26 
 26 
 26 
 26 
 26 
 26 
 26 
 26 
 26 
 26 
 26 
 26 
 26 
 26 
 26 
 26 
 26 
 26 
 26 
 26 
 26 
 26 
 26 
 26 
 26 
 26 
 26 
 26 
 26 
 26 
 26 
 26 
 26 
 26 
 26 
 26 
 26 
 26 
 26 
 26 
 26 
 26 
 26 
 26 
 26 
 26 
 26 
 26 
 26 
 26 
 26 
 26 
 26 
 26 
 26 
 26 
 26 
 26 
 26 
 26 
 26 
 26 
 26 
 26 
 26 
 26 
 26 
 26 
 26 
 26 
 26 
 26 
 26 
 26 
 26 
 26 
 26 
 26 
 26 
 26 
 26 
 26 
 26 
 26 
 26 
 26 
 26 
 26 
 26 
 26 
 26 
 26 
 26 
 26 
 26 
 26 
 26 
 26 
 26 
 26 
 26 
 26 
 26 
 26 
 26 
 26 
 26 
 26 
 26 
 26 
 26 
 26 
 26 
 26 
 26 
 26 
 26 
 26 
 26 
 26 
 26 
 26 
 26 
 26 
 26 
 26 
 26 
 26 
 26 
 26 
 26 
 26 
 26 
 26 
 26 
 26 
 26 
 26 
 26 
 26 
 26 
 26 
 26 
 26 
 26 
 26 
 26 
 26 
 26 
 26 
 26 
 26 
 26 
 26 
 26 
 26 
 26 
 26 
 26 
 26 
 26 
 26 
 26 
 26 
 26 
 26 
 26 
 26 
 26 
 26 
 26 
 26 
 26 
 26 
 26 
 26 
 26 
 26 
 26 
 26 
 26 
 26 
 26 
 26 
 26 
 26 
 26 
 26 
 26 
 26 
 26 
 26 
 26 
 26 
 26 
 26 
 26 
 26 
 26 
 26 
 26 
 26 
 26 
 26 
 26 
 26 
 26 
 26 
 26 
 26 
 26 
 26 
 26 
 26 
 26 
 26 
 26 
 26 
 26 
 26 
 26 
 26 
 26 
 26 
 26 
 26 
 26 
 26 
 26 
 26 
 26 
 26 
 26 
 26 
 26 
 26 
 26 
 26 
 26 
 26 
 26 
 26 
 26 
 26 
 26 
 26 
 26 
 26 
 26 
 26 
 26 
 26 
 26 
 26 
 26 
 26 
 26 
 26 
 26 
 26 
 26 
 26 
 26 
 26 
 26 
 26 
 26 
 26 
 26 
 26 
 26 
 26 
 26 
 26 
 26 
 26 
 26 
 26 
 26 
 26 
 26 
 26 
 26 
 26 
 26 
 26 
 26 
 26 
 26 
 26 
 26 
 26 
 26 
 26 
 26 
 26 
 26 
 26 
 26 
 26 
 26 
 26 
 26 
 26 
 26 
 26 
 26 
 26 
 26 
 26 
 26 
 26 
 26 
 26 
 26 
 26 
 26 
 26 
 26 
 26 
 26 
 26 
 26 
 26 
 26 
 26 
 26 
 26 
 26 
 26 
 26 
 26 
 26 
 26 
 26 
 26 
 26 
 26 
 26 
 26 
 26 
 26 
 26 
 26 
 26 
 26 
 26 
 26 
 26 
 26 
 26 
 26 
 26 
 26 
 26 
 26 
 26 
 26 
 26 
 26 
 26 
 26 
 26 
 26 
 26 
 26 
 26 
 26 
 26 
 26 
 26 
 26 
 26 
 26 
 26 
 26 
 26 
 26 
 26 
 26 
 26 
 26 
 26 
 26 
 26 
 26 
 26 
 26 
 26 
 26 
 26 
 26 
 26 
 26 
 26 
 26 
 26 
 26 
 26 
 26 
 26 
 26 
 26 
 26 
 26 
 26 
 26 
 26 
 26 
 26 
 26 
 26 
 26 
 26 
 26 
 26 
 26 
 26 
 26 
 26 
 26 
 26 
 26 
 26 
 26 
 26 
 26 
 26 
 26 
 26 
 26 
 26 
 26 
 26 
 26 
 26 
 26 
 26 
 26 
 26 
 26 
 26 
 26 
 26 
 26 
 26 
 26 
 26 
 26 
 26 
 26 
 26 
 26 
 26 
 26 
 26 
 26 
 26 
 26 
 26 
 26 
 26 
 26 
 26 
 26 
 26 
 26 
 26 
 26 
 26 
 26 
 26 
 26 
 26 
 26 
 26 
 26 
 26 
 26 
 26 
 26 
 26 
 26 
 26 
 26 
 26 
 26 
 26 
 26 
 26 
 26 
 26 
 26 
 26 
 26 
 26 
 26 
 26 
 26 
 26 
 26 
 26 
 26 
 26 
 26 
 26 
 26 
 26 
 26 
 26 
 26 
 26 
 26 
 26 
 26 
 26 
 26 
 26 
 26 
 26 
 26 
 26 
 26 
 26 
 26 
 26 
 26 
 26 
 26 
 26 
 26 
 26 
 26 
 26 
 26 
 26 
 26 
 26 
 26 
 26 
 26 
 26 
 26 
 26 
 26 
 26 
 26 
 26 
 26 
 26 
 26 
 26 
 26 
 26 
 26 
 26 
 26 
 26 
 26 
 26 
 26 
 26 
 26 
 26 
 26 
 26 
 26 
 26 
 26 
 26 
 26 
 26 
 26 
 26 
 26 
 26 
 26 
 26 
 26 
 26 
 26 
 26 
 26 
 26 
 26 
 26 
 26 
 26 
 26 
 26 
 26 
 26 
 26 
 26 
 26 
 26 
 26 
 26 
 26 
 26 
 26 
 26 
 26 
 26 
 26 
 26 
 26 
 26 
 26 
 26 
 26 
 26 
 26 
 26 
 26 
 26 
 26 
 26 
 26 
 26 
 26 
 26 
 26 
 26 
 26 
 26 
 26 
 26 
 26 
 26 
 26 
 26 
 26 
 26 
 26 
 26 
 26 
 26 
 26 
 26 
 26 
 26 
 26 
 26 
 26 
 26 
 26 
 26 
 26 
 26 
 26 
 26 
 26 
 26 
 26 
 26 
 26 
 26 
 26 
 26 
 26 
 26 
 26 
 26 
 26 
 26 
 26 
 26 
 26 
 26 
 26 
 26 
 26 
 26 
 26 
 26 
 26 
 26 
 26 
 26 
 26 
 26 
 26 
 26 
 26 
 26 
 26 
 26 
 26 
 26 
 26 
 26 
 26 
 26 
 26 
 26 
 26 
 26 
 26 
 26 
 26 
 26 
 26 
 26 
 26 
 26 
 26 
 26 
 26 
 26 
 26 
 26 
 26 
 26 
 26 
 26 
 26 
 26 
 26 
 26 
 26 
 26 
 26 
 26 
 26 
 26 
 26 
 26 
 26 
 26 
 26 
 26 
 26 
 26 
 26 
 26 
 26 
 26 
 26 
 26 
 26 
 26 
 26 
 26 
 26 
 26 
 26 
 26 
 26 
 26 
 26 
 26 
 26 
 26 
 26 
 26 
 26 
 26 
 26 
 26 
 26 
 26 
 26 
 26 
 26 
 26 
 26 
 26 
 26 
 26 
 26 
 26 
 26 
 26 
 26 
 26 
 26 
 26 
 26 
 26 
 26 
 26 
 26 
 26 
 26 
 26 
 26 
 26 
 26 
 26 
 26 
 26 
 26 
 26 
 26 
 26 
 26 
 26 
 26 
 26 
 26 
 26 
 26 
 26 
 26 
 26 
 26 
 26 
 26 
 26 
 26 
 26 
 26 
 26 
 26 
 26 
 26 
 26 
 26 
 26 
 26 
 26 
 26 
 26 
 26 
 26 
 26 
 26 
 26 
 26 
 26 
 26 
 26 
 26 
 26 
 26 
 26 
 26 
 26 
 26 
 26 
 26 
 26 
 26 
 26 
 26 
 26 
 26 
 26 
 26 
 26 
 26 
 26 
 26 
 26 
 26 
 26 
 26 
 26 
 26 
 26 
 26 
 26 
 26 
 26 
 26 
 26 
 26 
 26 
 26 
 26 
 26 
 26 
 26 
 26 
 26 
 26 
 26 
 26 
 26 
 26 
 26 
 26 
 26 
 26 
 26 
 26 
 26 
 26 
 26 
 26 
 26 
 26 
 26 
 26 
 26 
 26 
 26 
 26 
 26 
 26 
 26 
 26 
 26 
 26 
 26 
 26 
 26 
 26 
 26 
 26 
 26 
 26 
 26 
 26 
 26 
 26 
 26 
 26 
 26 
 26 
 26 
 26 
 26 
 26 
 26 
 26 
 26 
 26 
 26 
 26 
 26 
 26 
 26 
 26 
 26 
 26 
 26 
 26 
 26 
 26 
 26 
 26 
 26 
 26 
 26 
 26 
 26 
 26 
 26 
 26 
 26 
 26 
 26 
 26 
 26 
 26 
 26 
 26 
 26 
 26 
 26 
 26 
 26 
 26 
 26 
 26 
 26 
 26 
 26 
 26 
 26 
 26 
 26 
 26 
 26 
 26 
 26 
 26 
 26 
 26 
 26 
 26 
 26 
 26 
 26 
 26 
 26 
 26 
 26 
 26 
 26 
 26 
 26 
 26 
 26 
 26 
 26 
 26 
 26 
 26 
 26 
 26 
 26 
 26 
 26 
 26 
 26 
 26 
 26 
 26 
 26 
 26 
 26 
 26 
 26 
 26 
 26 
 26 
 26 
 26 
 26 
 26 
 26 
 26 
 26 
 26 
 26 
 26 
 26 
 26 
 26 
 26 
 26 
 26 
 26 
 26 
 26 
 26 
 26 
 26 
 26 
 26 
 26 
 26 
 26 
 26 
 26 
 26 
 26 
 26 
 26 
 26 
 26 
 26 
 26 
 26 
 26 
 26 
 26 
 26 
 26 
 26 
 26 
 26 
 26 
 26 
 26 
 26 
 26 
 26 
 26 
 26 
 26 
 26 
 26 
 26 
 26 
 26 
 26 
 26 
 26 
 26 
 26 
 26 
 26 
 26 
 26 
 26 
 26 
 26 
 26 
 26 
 26 
 26 
 26 
 26 
 26 
 26 
 26 
 26 
 26 
 26 
 26 
 26 
 26 
 26 
 26 
 26 
 26 
 26 
 26 
 26 
 26 
 26 
 26 
 26 
 26 
 26 
 26 
 26 
 26 
 26 
 26 
 26 
 26 
 26 
 26 
 26 
 26 
 26 
 26 
 26 
 26 
 26 
 26 
 26 
 26 
 26 
 26 
 26 
 26 
 26 
 26 
 26 
 26 
 26 
 26 
 26 
 26 
 26 
 26 
 26 
 26 
 26 
 26 
 26 
 26 
 26 
 26 
 26 
 26 
 26 
 26 
 26 
 26 
 26 
 26 
 26 
 26 
 26 
 26 
 26 
 26 
 26 
 26 
 26 
 26 
 26 
 26 
 26 
 26 
 26 
 26 
 26 
 26 
 26 
 26 
 26 
 26 
 26 
 26 
 26 
 26 
 26 
 26 
 26 
 26 
 26 
 26 
 26 
 26 
 26 
 26 
 26 
 26 
 26 
 26 
 26 
 26 
 26 
 26 
 26 
 26 
 26 
 26 
 26 
 26 
 26 
 26 
 26 
 26 
 26 
 26 
 26 
 26 
 26 
 26 
 26 
 26 
 26 
 26 
 26 
 26 
 26 
 26 
 26 
 26 
 26 
 26 
 26 
 26 
 26 
 26 
 26 
 26 
 26 
 26 
 26 
 26 
 26 
 26 
 26 
 26 
 26 
 26 
 26 
 26 
 26 
 26 
 26 
 26 
 26 
 26 
 26 
 26 
 26 
 26 
 26 
 26 
 26 
 26 
 26 
 26 
 26 
 26 
 26 
 26 
 26 
 26 
 26 
 26 
 26 
 26 
 26 
 26 
 26 
 26 
 26 
 26 
 26 
 26 
 26 
 26 
 26 
 26 
 26 
 26 
 26 
 26 
 26 
 26 
 26 
 26 
 26 
 26 
 26 
 26 
 26 
 26 
 26 
 26 
 26 
 26 
 26 
 26 
 26 
 26 
 26 
 26 
 26 
 26 
 26 
 26 
 26 
 26 
 26 
 26 
 26 
 26 
 26 
 26 
 26 
 26 
 26 
 26 
 26 
 26 
 26 
 26 
 26 
 26 
 26 
 26 
 26 
 26 
 26 
 26 
 26 
 26 
 26 
 26 
 26 
 26 
 26 
 26 
 26 
 26 
 26 
 26 
 26 
 26 
 26 
 26 
 26 
 26 
 26 
 26 
 26 
 26 
 26 
 26 
 26 
 26 
 26 
 26 
 26 
 26 
 26 
 26 
 26 
 26 
 26 
 26 
 26 
 26 
 26 
 26 
 26 
 26 
 26 
 26 
 26 
 26 
 26 
 26 
 26 
 26 
 26 
 26 
 26 
 26 
 26 
 26 
 26 
 26 
 26 
 26 
 26 
 26 
 26 
 26 
 26 
 26 
 26 
 26 
 26 
 26 
 26 
 26 
 26 
 26 
 26 
 26 
 26 
 26 
 26 
 26 
 26 
 26 
 26 
 26 
 26 
 26 
 26 
 26 
 26 
 26 
 26 
 26 
 26 
 26 
 26 
 26 
 26 
 26 
 26 
 26 
 26 
 26 
 26 
 26 
 26 
 26 
 26 
 26 
 26 
 26 
 26 
 26 
 26 
 26 
 26 
 26 
 26 
 26 
 26 
 26 
 26 
 26 
 26 
 26 
 26 
 26 
 26 
 26 
 26 
 26 
 26 
 26 
 26 
 26 
 26 
 26 
 26 
 26 
 26 
 26 
 26 
 26 
 26 
 26 
 26 
 26 
 26 
 26 
 26 
 26 
 26 
 26 
 26 
 26 
 26 
 26 
 26 
 26 
 26 
 26 
 26 
 26 
 26 
 26 
 26 
 26 
 26 
 26 
 26 
 26 
 26 
 26 
 26 
 26 
 26 
 26 
 26 
 26 
 26 
 26 
 26 
 26 
 26 
 26 
 26 
 26 
 26 
 26 
 26 
 26 
 26 
 26 
 26 
 26 
 26 
 26 
 26 
 26 
 26 
 26 
 26 
 26 
 26 
 26 
 26 
 26 
 26 
 26 
 26 
 26 
 26 
 26 
 26 
 26 
 26 
 26 
 26 
 26 
 26 
 26 
 26 
 26 
 26 
 26 
 26 
 26 
 26 
 26 
 26 
 26 
 26 
 26 
 26 
 26 
 26 
 26 
 26 
 26 
 26 
 26 
 26 
 26 
 26 
 26 
 26 
 26 
 26 
 26 
 26 
 26 
 26 
 26 
 26 
 26 
 26 
 26 
 26 
 26 
 26 
 26 
 26 
 26 
 26 
 26 
 26 
 26 
 26 
 26 
 26 
 26 
 26 
 26 
 26 
 26 
 26 
 26 
 26 
 26 
 26 
 26 
 26 
 26 
 26 
 26 
 26 
 26 
 26 
 26 
 26 
 26 
 26 
 26 
 26 
 26 
 26 
 26 
 26 
 26 
 26 
 26 
 26 
 26 
 26 
 26 
 26 
 26 
 26 
 26 
 26 
 26 
 26 
 26 
 26 
 26 
 26 
 26 
 26 
 26 
 26 
 26 
 26 
 26 
 26 
 26 
 26 
 26 
 26 
 26 
 26 
 26 
 26 
 26 
 26 
 26 
 26 
 26 
 26 
 26 
 26 
 26 
 26 
 26 
 26 
 26 
 26 
 26 
 26 
 26 
 26 
 26 
 26 
 26 
 26 
 26 
 26 
 26 
 26 
 26 
 26 
 26 
 26 
 26 
 26 
 26 
 26 
 26 
 26 
 26 
 26 
 26 
 26 
 26 
 26 
 26 
 26 
 26 
 26 
 26 
 26 
 26 
 26 
 26 
 26 
 26 
 26 
 26 
 26 
 26 
 26 
 26 
 26 
 26 
 26 
 26 
 26 
 26 
 26 
 26 
 26 
 26 
 26 
 26 
 26 
 26 
 26 
 26 
 26 
 26 
 26 
 26 
 26 
 26 
 26 
 26 
 26 
 26 
 26 
 26 
 26 
 26 
 26 
 26 
 26 
 26 
 26 
 26 
 26 
 26 
 26 
 26 
 26 
 26 
 26 
 26 
 26 
 26 
 26 
 26 
 26 
 26 
 26 
 26 
 26 
 26 
 26 
 26 
 26 
 26 
 26 
 26 
 26 
 26 
 26 
 26 
 26 
 26 
 26 
 26 
 26 
 26 
 26 
 26 
 26 
 26 
 26 
 26 
 26 
 26 
 26 
 26 
 26 
 26 
 26 
 26 
 26 
 26 
 26 
 26 
 26 
 26 
 26 
 26 
 26 
 26 
 26 
 26 
 26 
 26 
 26 
 26 
 26 
 26 
 26 
 26 
 26 
 26 
 26 
 26 
 26 
 26 
 26 
 26 
 26 
 26 
 26 
 26 
 26 
 26 
 26 
 26 
 26 
 26 
 26 
 26 
 26 
 26 
 26 
 26 
 26 
 26 
 26 
 26 
 26 
 26 
 26 
 26 
 26 
 26 
 26 
 26 
 26 
 26 
 26 
 26 
 26 
 26 
 26 
 26 
 26 
 26 
 edgeUsage
1 0 1 
 0 1 1 
 1 0 1 
 0 1 1 
 1 0 1 
 0 1 1 
 1 0 1 
 0 1 1 
 1 0 1 
 0 1 1 
 1 0 1 
 0 1 1 
 1 0 1 
 0 1 1 
 1 1 1 
 0 1 1 
 1 0 1 
 0 1 0 
 1 0 0 
 0 1 1 
 1 0 0 
 0 1 1 
 1 0 0 
 0 1 1 
 1 0 0 
 0 1 1 
 1 0 0 
 0 1 1 
 1 0 0 
 0 1 1 
 1 1 0 
 0 1 1 
 1 0 0 
 0 1 1 
 1 0 0 
 0 1 1 
 1 0 0 
 0 1 1 
 1 0 0 
 0 1 1 
 1 0 0 
 0 1 1 
 1 0 0 
 0 1 1 
 1 0 0 
 0 1 1 
 1 1 0 
 0 1 1 
 1 0 1 
 0 1 0 
 1 0 0 
 0 1 1 
 1 0 0 
 0 1 1 
 1 0 0 
 0 1 1 
 1 0 0 
 0 1 1 
 1 0 0 
 0 1 1 
 1 0 0 
 0 1 1 
 1 1 0 
 0 1 1 
 1 0 0 
 0 1 1 
 1 0 0 
 0 1 1 
 1 0 0 
 0 1 1 
 1 0 0 
 0 1 1 
 1 0 0 
 0 1 1 
 1 0 0 
 0 1 1 
 1 0 0 
 0 1 1 
 1 1 0 
 0 1 1 
 1 0 1 
 0 1 0 
 1 0 0 
 0 1 1 
 1 0 0 
 0 1 1 
 1 0 0 
 0 1 1 
 1 0 0 
 0 1 1 
 1 0 0 
 0 1 1 
 1 0 0 
 0 1 1 
 1 1 0 
 0 1 1 
 1 0 0 
 0 1 1 
 1 0 0 
 0 1 1 
 1 0 0 
 0 1 1 
 1 0 0 
 0 1 1 
 1 0 0 
 0 1 1 
 1 0 0 
 0 1 1 
 1 0 0 
 0 1 1 
 1 1 0 
 0 1 1 
 1 0 1 
 0 1 0 
 1 0 1 
 0 1 0 
 1 0 1 
 0 1 0 
 1 0 1 
 0 1 0 
 1 0 1 
 0 1 0 
 1 0 1 
 0 1 0 
 1 0 1 
 0 1 0 
 1 0 1 
 0 1 1 
 EdgeNode 
3 5 82 83 84 85 86 87 
 5 6 88 89 90 91 92 93 
 6 7 94 95 96 97 98 99 
 7 8 100 101 102 103 104 105 
 8 9 106 107 108 109 110 111 
 9 10 112 113 114 115 116 117 
 10 11 118 119 120 121 122 123 
 11 1 124 125 126 127 128 129 
 1 12 130 131 132 133 134 135 
 12 13 136 137 138 139 140 141 
 13 14 142 143 144 145 146 147 
 14 15 148 149 150 151 152 153 
 15 16 154 155 156 157 158 159 
 16 17 160 161 162 163 164 165 
 17 18 166 167 168 169 170 171 
 18 2 172 173 174 175 176 177 
 2 19 178 179 180 181 182 183 
 19 20 184 185 186 187 188 189 
 20 21 190 191 192 193 194 195 
 21 22 196 197 198 199 200 201 
 22 23 202 203 204 205 206 207 
 23 24 208 209 210 211 212 213 
 24 25 214 215 216 217 218 219 
 25 4 220 221 222 223 224 225 
 4 28 226 227 228 229 230 231 
 28 27 232 233 234 235 236 237 
 27 29 238 239 240 241 242 243 
 29 26 244 245 246 247 248 249 
 26 31 250 251 252 253 254 255 
 31 30 256 257 258 259 260 261 
 30 32 262 263 264 265 266 267 
 32 3 268 269 270 271 272 273 
 25 33 274 275 276 277 278 279 
 24 34 280 281 282 283 284 285 
 23 35 286 287 288 289 290 291 
 22 36 292 293 294 295 296 297 
 21 37 298 299 300 301 302 303 
 20 38 304 305 306 307 308 309 
 19 39 310 311 312 313 314 315 
 33 40 316 317 318 319 320 321 
 34 41 322 323 324 325 326 327 
 35 42 328 329 330 331 332 333 
 36 43 334 335 336 337 338 339 
 37 44 340 341 342 343 344 345 
 38 45 346 347 348 349 350 351 
 39 46 352 353 354 355 356 357 
 40 47 358 359 360 361 362 363 
 41 48 364 365 366 367 368 369 
 42 49 370 371 372 373 374 375 
 43 50 376 377 378 379 380 381 
 44 51 382 383 384 385 386 387 
 45 52 388 389 390 391 392 393 
 46 53 394 395 396 397 398 399 
 47 54 400 401 402 403 404 405 
 48 55 406 407 408 409 410 411 
 49 56 412 413 414 415 416 417 
 50 57 418 419 420 421 422 423 
 51 58 424 425 426 427 428 429 
 52 59 430 431 432 433 434 435 
 53 60 436 437 438 439 440 441 
 54 61 442 443 444 445 446 447 
 55 62 448 449 450 451 452 453 
 56 63 454 455 456 457 458 459 
 57 64 460 461 462 463 464 465 
 58 65 466 467 468 469 470 471 
 59 66 472 473 474 475 476 477 
 60 67 478 479 480 481 482 483 
 61 68 484 485 486 487 488 489 
 62 69 490 491 492 493 494 495 
 63 70 496 497 498 499 500 501 
 64 71 502 503 504 505 506 507 
 65 72 508 509 510 511 512 513 
 66 73 514 515 516 517 518 519 
 67 74 520 521 522 523 524 525 
 68 75 526 527 528 529 530 531 
 69 76 532 533 534 535 536 537 
 70 77 538 539 540 541 542 543 
 71 78 544 545 546 547 548 549 
 72 79 550 551 552 553 554 555 
 73 80 556 557 558 559 560 561 
 74 81 562 563 564 565 566 567 
 75 5 568 569 570 571 572 573 
 76 6 574 575 576 577 578 579 
 77 7 580 581 582 583 584 585 
 78 8 586 587 588 589 590 591 
 79 9 592 593 594 595 596 597 
 80 10 598 599 600 601 602 603 
 81 11 604 605 606 607 608 609 
 28 33 610 611 612 613 614 615 
 33 34 616 617 618 619 620 621 
 34 35 622 623 624 625 626 627 
 35 36 628 629 630 631 632 633 
 36 37 634 635 636 637 638 639 
 37 38 640 641 642 643 644 645 
 38 39 646 647 648 649 650 651 
 39 18 652 653 654 655 656 657 
 27 40 658 659 660 661 662 663 
 40 41 664 665 666 667 668 669 
 41 42 670 671 672 673 674 675 
 42 43 676 677 678 679 680 681 
 43 44 682 683 684 685 686 687 
 44 45 688 689 690 691 692 693 
 45 46 694 695 696 697 698 699 
 46 17 700 701 702 703 704 705 
 29 47 706 707 708 709 710 711 
 47 48 712 713 714 715 716 717 
 48 49 718 719 720 721 722 723 
 49 50 724 725 726 727 728 729 
 50 51 730 731 732 733 734 735 
 51 52 736 737 738 739 740 741 
 52 53 742 743 744 745 746 747 
 53 16 748 749 750 751 752 753 
 26 54 754 755 756 757 758 759 
 54 55 760 761 762 763 764 765 
 55 56 766 767 768 769 770 771 
 56 57 772 773 774 775 776 777 
 57 58 778 779 780 781 782 783 
 58 59 784 785 786 787 788 789 
 59 60 790 791 792 793 794 795 
 60 15 796 797 798 799 800 801 
 31 61 802 803 804 805 806 807 
 61 62 808 809 810 811 812 813 
 62 63 814 815 816 817 818 819 
 63 64 820 821 822 823 824 825 
 64 65 826 827 828 829 830 831 
 65 66 832 833 834 835 836 837 
 66 67 838 839 840 841 842 843 
 67 14 844 845 846 847 848 849 
 30 68 850 851 852 853 854 855 
 68 69 856 857 858 859 860 861 
 69 70 862 863 864 865 866 867 
 70 71 868 869 870 871 872 873 
 71 72 874 875 876 877 878 879 
 72 73 880 881 882 883 884 885 
 73 74 886 887 888 889 890 891 
 74 13 892 893 894 895 896 897 
 32 75 898 899 900 901 902 903 
 75 76 904 905 906 907 908 909 
 76 77 910 911 912 913 914 915 
 77 78 916 917 918 919 920 921 
 78 79 922 923 924 925 926 927 
 79 80 928 929 930 931 932 933 
 80 81 934 935 936 937 938 939 
 81 12 940 941 942 943 944 945 
 4 33 946 947 948 949 950 951 
 25 34 952 953 954 955 956 957 
 24 35 958 959 960 961 962 963 
 23 36 964 965 966 967 968 969 
 22 37 970 971 972 973 974 975 
 21 38 976 977 978 979 980 981 
 20 39 982 983 984 985 986 987 
 19 18 988 989 990 991 992 993 
 27 33 994 995 996 997 998 999 
 33 41 1000 1001 1002 1003 1004 1005 
 34 42 1006 1007 1008 1009 1010 1011 
 35 43 1012 1013 1014 1015 1016 1017 
 36 44 1018 1019 1020 1021 1022 1023 
 37 45 1024 1025 1026 1027 1028 1029 
 38 46 1030 1031 1032 1033 1034 1035 
 39 17 1036 1037 1038 1039 1040 1041 
 27 47 1042 1043 1044 1045 1046 1047 
 40 48 1048 1049 1050 1051 1052 1053 
 41 49 1054 1055 1056 1057 1058 1059 
 42 50 1060 1061 1062 1063 1064 1065 
 43 51 1066 1067 1068 1069 1070 1071 
 44 52 1072 1073 1074 1075 1076 1077 
 45 53 1078 1079 1080 1081 1082 1083 
 46 16 1084 1085 1086 1087 1088 1089 
 26 47 1090 1091 1092 1093 1094 1095 
 47 55 1096 1097 1098 1099 1100 1101 
 48 56 1102 1103 1104 1105 1106 1107 
 49 57 1108 1109 1110 1111 1112 1113 
 50 58 1114 1115 1116 1117 1118 1119 
 51 59 1120 1121 1122 1123 1124 1125 
 52 60 1126 1127 1128 1129 1130 1131 
 53 15 1132 1133 1134 1135 1136 1137 
 26 61 1138 1139 1140 1141 1142 1143 
 54 62 1144 1145 1146 1147 1148 1149 
 55 63 1150 1151 1152 1153 1154 1155 
 56 64 1156 1157 1158 1159 1160 1161 
 57 65 1162 1163 1164 1165 1166 1167 
 58 66 1168 1169 1170 1171 1172 1173 
 59 67 1174 1175 1176 1177 1178 1179 
 60 14 1180 1181 1182 1183 1184 1185 
 30 61 1186 1187 1188 1189 1190 1191 
 61 69 1192 1193 1194 1195 1196 1197 
 62 70 1198 1199 1200 1201 1202 1203 
 63 71 1204 1205 1206 1207 1208 1209 
 64 72 1210 1211 1212 1213 1214 1215 
 65 73 1216 1217 1218 1219 1220 1221 
 66 74 1222 1223 1224 1225 1226 1227 
 67 13 1228 1229 1230 1231 1232 1233 
 30 75 1234 1235 1236 1237 1238 1239 
 68 76 1240 1241 1242 1243 1244 1245 
 69 77 1246 1247 1248 1249 1250 1251 
 70 78 1252 1253 1254 1255 1256 1257 
 71 79 1258 1259 1260 1261 1262 1263 
 72 80 1264 1265 1266 1267 1268 1269 
 73 81 1270 1271 1272 1273 1274 1275 
 74 12 1276 1277 1278 1279 1280 1281 
 3 75 1282 1283 1284 1285 1286 1287 
 5 76 1288 1289 1290 1291 1292 1293 
 6 77 1294 1295 1296 1297 1298 1299 
 7 78 1300 1301 1302 1303 1304 1305 
 8 79 1306 1307 1308 1309 1310 1311 
 9 80 1312 1313 1314 1315 1316 1317 
 10 81 1318 1319 1320 1321 1322 1323 
 11 12 1324 1325 1326 1327 1328 1329 
 bcElement 32
2 14 1 
17 14 2 
34 14 1 
49 14 2 
66 14 1 
81 14 2 
98 14 1 
113 14 2 
114 23 1 
116 23 1 
118 23 1 
120 23 1 
122 23 1 
124 23 1 
126 23 1 
128 23 1 
128 6 2 
111 6 1 
95 6 1 
79 6 1 
63 6 1 
47 6 1 
31 6 1 
15 6 1 
15 24 2 
13 24 2 
11 24 2 
9 24 2 
7 24 2 
5 24 2 
3 24 2 
1 24 2 
