Edge min = 0.125000, max=0.176777, average=0.140931;
Grid_size 128
Node_size 81
Total_DOF 625
edge_Size 208
maxDOF 10
Solution_Order
3 
 meshIEN 
81 2 14 
 2 81 25 
 80 25 81 
 25 80 24 
 79 24 80 
 24 79 23 
 78 23 79 
 23 78 22 
 77 22 78 
 22 77 21 
 76 21 77 
 21 76 20 
 75 20 76 
 20 75 19 
 32 19 75 
 19 32 4 
 81 13 74 
 13 81 14 
 80 74 73 
 74 80 81 
 79 73 72 
 73 79 80 
 78 72 71 
 72 78 79 
 77 71 70 
 71 77 78 
 76 70 69 
 70 76 77 
 75 69 68 
 69 75 76 
 32 68 31 
 68 32 75 
 67 13 15 
 13 67 74 
 73 67 66 
 67 73 74 
 72 66 65 
 66 72 73 
 71 65 64 
 65 71 72 
 70 64 63 
 64 70 71 
 69 63 62 
 63 69 70 
 68 62 61 
 62 68 69 
 31 61 30 
 61 31 68 
 67 12 60 
 12 67 15 
 66 60 59 
 60 66 67 
 65 59 58 
 59 65 66 
 64 58 57 
 58 64 65 
 63 57 56 
 57 63 64 
 62 56 55 
 56 62 63 
 61 55 54 
 55 61 62 
 30 54 29 
 54 30 61 
 53 12 17 
 12 53 60 
 59 53 52 
 53 59 60 
 58 52 51 
 52 58 59 
 57 51 50 
 51 57 58 
 56 50 49 
 50 56 57 
 55 49 48 
 49 55 56 
 54 48 47 
 48 54 55 
 29 47 28 
 47 29 54 
 53 16 46 
 16 53 17 
 52 46 45 
 46 52 53 
 51 45 44 
 45 51 52 
 50 44 43 
 44 50 51 
 49 43 42 
 43 49 50 
 48 42 41 
 42 48 49 
 47 41 40 
 41 47 48 
 28 40 27 
 40 28 47 
 39 16 18 
 16 39 46 
 45 39 38 
 39 45 46 
 44 38 37 
 38 44 45 
 43 37 36 
 37 43 44 
 42 36 35 
 36 42 43 
 41 35 34 
 35 41 42 
 40 34 33 
 34 40 41 
 27 33 26 
 33 27 40 
 39 1 5 
 1 39 18 
 38 5 6 
 5 38 39 
 37 6 7 
 6 37 38 
 36 7 8 
 7 36 37 
 35 8 9 
 8 35 36 
 34 9 10 
 9 34 35 
 33 10 11 
 10 33 34 
 26 11 3 
 11 26 33 
 solutionIEN 
81 2 14 370 371 99 98 368 369 498 
 2 81 25 371 370 257 256 129 128 499 
 80 25 81 372 373 256 257 366 367 500 
 25 80 24 373 372 255 254 127 126 501 
 79 24 80 374 375 254 255 364 365 502 
 24 79 23 375 374 253 252 125 124 503 
 78 23 79 376 377 252 253 362 363 504 
 23 78 22 377 376 251 250 123 122 505 
 77 22 78 378 379 250 251 360 361 506 
 22 77 21 379 378 249 248 121 120 507 
 76 21 77 380 381 248 249 358 359 508 
 21 76 20 381 380 247 246 119 118 509 
 75 20 76 382 383 246 247 356 357 510 
 20 75 19 383 382 245 244 117 116 511 
 32 19 75 384 385 244 245 354 355 512 
 19 32 4 385 384 145 144 115 114 513 
 81 13 74 386 387 352 353 243 242 514 
 13 81 14 387 386 369 368 101 100 515 
 80 74 73 388 389 350 351 241 240 516 
 74 80 81 389 388 367 366 242 243 517 
 79 73 72 390 391 348 349 239 238 518 
 73 79 80 391 390 365 364 240 241 519 
 78 72 71 392 393 346 347 237 236 520 
 72 78 79 393 392 363 362 238 239 521 
 77 71 70 394 395 344 345 235 234 522 
 71 77 78 395 394 361 360 236 237 523 
 76 70 69 396 397 342 343 233 232 524 
 70 76 77 397 396 359 358 234 235 525 
 75 69 68 398 399 340 341 231 230 526 
 69 75 76 399 398 357 356 232 233 527 
 32 68 31 400 401 338 339 143 142 528 
 68 32 75 401 400 355 354 230 231 529 
 67 13 15 402 403 103 102 336 337 530 
 13 67 74 403 402 229 228 353 352 531 
 73 67 66 404 405 334 335 227 226 532 
 67 73 74 405 404 351 350 228 229 533 
 72 66 65 406 407 332 333 225 224 534 
 66 72 73 407 406 349 348 226 227 535 
 71 65 64 408 409 330 331 223 222 536 
 65 71 72 409 408 347 346 224 225 537 
 70 64 63 410 411 328 329 221 220 538 
 64 70 71 411 410 345 344 222 223 539 
 69 63 62 412 413 326 327 219 218 540 
 63 69 70 413 412 343 342 220 221 541 
 68 62 61 414 415 324 325 217 216 542 
 62 68 69 415 414 341 340 218 219 543 
 31 61 30 416 417 322 323 141 140 544 
 61 31 68 417 416 339 338 216 217 545 
 67 12 60 418 419 320 321 215 214 546 
 12 67 15 419 418 337 336 105 104 547 
 66 60 59 420 421 318 319 213 212 548 
 60 66 67 421 420 335 334 214 215 549 
 65 59 58 422 423 316 317 211 210 550 
 59 65 66 423 422 333 332 212 213 551 
 64 58 57 424 425 314 315 209 208 552 
 58 64 65 425 424 331 330 210 211 553 
 63 57 56 426 427 312 313 207 206 554 
 57 63 64 427 426 329 328 208 209 555 
 62 56 55 428 429 310 311 205 204 556 
 56 62 63 429 428 327 326 206 207 557 
 61 55 54 430 431 308 309 203 202 558 
 55 61 62 431 430 325 324 204 205 559 
 30 54 29 432 433 306 307 139 138 560 
 54 30 61 433 432 323 322 202 203 561 
 53 12 17 434 435 107 106 304 305 562 
 12 53 60 435 434 201 200 321 320 563 
 59 53 52 436 437 302 303 199 198 564 
 53 59 60 437 436 319 318 200 201 565 
 58 52 51 438 439 300 301 197 196 566 
 52 58 59 439 438 317 316 198 199 567 
 57 51 50 440 441 298 299 195 194 568 
 51 57 58 441 440 315 314 196 197 569 
 56 50 49 442 443 296 297 193 192 570 
 50 56 57 443 442 313 312 194 195 571 
 55 49 48 444 445 294 295 191 190 572 
 49 55 56 445 444 311 310 192 193 573 
 54 48 47 446 447 292 293 189 188 574 
 48 54 55 447 446 309 308 190 191 575 
 29 47 28 448 449 290 291 137 136 576 
 47 29 54 449 448 307 306 188 189 577 
 53 16 46 450 451 288 289 187 186 578 
 16 53 17 451 450 305 304 109 108 579 
 52 46 45 452 453 286 287 185 184 580 
 46 52 53 453 452 303 302 186 187 581 
 51 45 44 454 455 284 285 183 182 582 
 45 51 52 455 454 301 300 184 185 583 
 50 44 43 456 457 282 283 181 180 584 
 44 50 51 457 456 299 298 182 183 585 
 49 43 42 458 459 280 281 179 178 586 
 43 49 50 459 458 297 296 180 181 587 
 48 42 41 460 461 278 279 177 176 588 
 42 48 49 461 460 295 294 178 179 589 
 47 41 40 462 463 276 277 175 174 590 
 41 47 48 463 462 293 292 176 177 591 
 28 40 27 464 465 274 275 135 134 592 
 40 28 47 465 464 291 290 174 175 593 
 39 16 18 466 467 111 110 272 273 594 
 16 39 46 467 466 173 172 289 288 595 
 45 39 38 468 469 270 271 171 170 596 
 39 45 46 469 468 287 286 172 173 597 
 44 38 37 470 471 268 269 169 168 598 
 38 44 45 471 470 285 284 170 171 599 
 43 37 36 472 473 266 267 167 166 600 
 37 43 44 473 472 283 282 168 169 601 
 42 36 35 474 475 264 265 165 164 602 
 36 42 43 475 474 281 280 166 167 603 
 41 35 34 476 477 262 263 163 162 604 
 35 41 42 477 476 279 278 164 165 605 
 40 34 33 478 479 260 261 161 160 606 
 34 40 41 479 478 277 276 162 163 607 
 27 33 26 480 481 258 259 133 132 608 
 33 27 40 481 480 275 274 160 161 609 
 39 1 5 482 483 83 82 159 158 610 
 1 39 18 483 482 273 272 113 112 611 
 38 5 6 484 485 85 84 157 156 612 
 5 38 39 485 484 271 270 158 159 613 
 37 6 7 486 487 87 86 155 154 614 
 6 37 38 487 486 269 268 156 157 615 
 36 7 8 488 489 89 88 153 152 616 
 7 36 37 489 488 267 266 154 155 617 
 35 8 9 490 491 91 90 151 150 618 
 8 35 36 491 490 265 264 152 153 619 
 34 9 10 492 493 93 92 149 148 620 
 9 34 35 493 492 263 262 150 151 621 
 33 10 11 494 495 95 94 147 146 622 
 10 33 34 495 494 261 260 148 149 623 
 26 11 3 496 497 97 96 131 130 624 
 11 26 33 497 496 259 258 146 147 625 
 solutionOrder
3 3 3 3 
 3 3 3 3 
 3 3 3 3 
 3 3 3 3 
 3 3 3 3 
 3 3 3 3 
 3 3 3 3 
 3 3 3 3 
 3 3 3 3 
 3 3 3 3 
 3 3 3 3 
 3 3 3 3 
 3 3 3 3 
 3 3 3 3 
 3 3 3 3 
 3 3 3 3 
 3 3 3 3 
 3 3 3 3 
 3 3 3 3 
 3 3 3 3 
 3 3 3 3 
 3 3 3 3 
 3 3 3 3 
 3 3 3 3 
 3 3 3 3 
 3 3 3 3 
 3 3 3 3 
 3 3 3 3 
 3 3 3 3 
 3 3 3 3 
 3 3 3 3 
 3 3 3 3 
 3 3 3 3 
 3 3 3 3 
 3 3 3 3 
 3 3 3 3 
 3 3 3 3 
 3 3 3 3 
 3 3 3 3 
 3 3 3 3 
 3 3 3 3 
 3 3 3 3 
 3 3 3 3 
 3 3 3 3 
 3 3 3 3 
 3 3 3 3 
 3 3 3 3 
 3 3 3 3 
 3 3 3 3 
 3 3 3 3 
 3 3 3 3 
 3 3 3 3 
 3 3 3 3 
 3 3 3 3 
 3 3 3 3 
 3 3 3 3 
 3 3 3 3 
 3 3 3 3 
 3 3 3 3 
 3 3 3 3 
 3 3 3 3 
 3 3 3 3 
 3 3 3 3 
 3 3 3 3 
 3 3 3 3 
 3 3 3 3 
 3 3 3 3 
 3 3 3 3 
 3 3 3 3 
 3 3 3 3 
 3 3 3 3 
 3 3 3 3 
 3 3 3 3 
 3 3 3 3 
 3 3 3 3 
 3 3 3 3 
 3 3 3 3 
 3 3 3 3 
 3 3 3 3 
 3 3 3 3 
 3 3 3 3 
 3 3 3 3 
 3 3 3 3 
 3 3 3 3 
 3 3 3 3 
 3 3 3 3 
 3 3 3 3 
 3 3 3 3 
 3 3 3 3 
 3 3 3 3 
 3 3 3 3 
 3 3 3 3 
 3 3 3 3 
 3 3 3 3 
 3 3 3 3 
 3 3 3 3 
 3 3 3 3 
 3 3 3 3 
 3 3 3 3 
 3 3 3 3 
 3 3 3 3 
 3 3 3 3 
 3 3 3 3 
 3 3 3 3 
 3 3 3 3 
 3 3 3 3 
 3 3 3 3 
 3 3 3 3 
 3 3 3 3 
 3 3 3 3 
 3 3 3 3 
 3 3 3 3 
 3 3 3 3 
 3 3 3 3 
 3 3 3 3 
 3 3 3 3 
 3 3 3 3 
 3 3 3 3 
 3 3 3 3 
 3 3 3 3 
 3 3 3 3 
 3 3 3 3 
 3 3 3 3 
 3 3 3 3 
 3 3 3 3 
 3 3 3 3 
 3 3 3 3 
 3 3 3 3 
 vertexCoord 
0.000000 0.000000 
 -0.707107 0.707107 
 0.707107 0.707107 
 -0.000000 1.414214 
 0.088388 0.088388 
 0.176777 0.176777 
 0.265165 0.265165 
 0.353553 0.353553 
 0.441942 0.441942 
 0.530330 0.530330 
 0.618718 0.618718 
 -0.353553 0.353553 
 -0.530330 0.530330 
 -0.618718 0.618718 
 -0.441942 0.441942 
 -0.176777 0.176777 
 -0.265165 0.265165 
 -0.088388 0.088388 
 -0.088388 1.325825 
 -0.176777 1.237437 
 -0.265165 1.149049 
 -0.353553 1.060660 
 -0.441942 0.972272 
 -0.530330 0.883883 
 -0.618718 0.795495 
 0.618718 0.795495 
 0.530330 0.883883 
 0.441942 0.972272 
 0.353553 1.060660 
 0.265165 1.149049 
 0.176777 1.237437 
 0.088388 1.325825 
 0.530330 0.707107 
 0.441942 0.618718 
 0.353553 0.530330 
 0.265165 0.441942 
 0.176777 0.353553 
 0.088388 0.265165 
 0.000000 0.176777 
 0.441942 0.795495 
 0.353553 0.707107 
 0.265165 0.618718 
 0.176777 0.530330 
 0.088388 0.441942 
 0.000000 0.353553 
 -0.088388 0.265165 
 0.353553 0.883883 
 0.265165 0.795495 
 0.176777 0.707107 
 0.088388 0.618718 
 -0.000000 0.530330 
 -0.088388 0.441942 
 -0.176777 0.353553 
 0.265165 0.972272 
 0.176777 0.883883 
 0.088388 0.795495 
 -0.000000 0.707107 
 -0.088388 0.618718 
 -0.176777 0.530330 
 -0.265165 0.441942 
 0.176777 1.060660 
 0.088388 0.972272 
 -0.000000 0.883883 
 -0.088388 0.795495 
 -0.176777 0.707107 
 -0.265165 0.618718 
 -0.353553 0.530330 
 0.088388 1.149049 
 -0.000000 1.060660 
 -0.088388 0.972272 
 -0.176777 0.883883 
 -0.265165 0.795495 
 -0.353553 0.707107 
 -0.441942 0.618718 
 0.000000 1.237437 
 -0.088388 1.149049 
 -0.176777 1.060660 
 -0.265165 0.972272 
 -0.353553 0.883883 
 -0.441942 0.795495 
 -0.530330 0.707107 
 bc_tag 
5 
 2 
 16 
 18 
 23 
 23 
 23 
 23 
 23 
 23 
 23 
 6 
 6 
 6 
 6 
 6 
 6 
 6 
 24 
 24 
 24 
 24 
 24 
 24 
 24 
 14 
 14 
 14 
 14 
 14 
 14 
 14 
 26 
 26 
 26 
 26 
 26 
 26 
 26 
 26 
 26 
 26 
 26 
 26 
 26 
 26 
 26 
 26 
 26 
 26 
 26 
 26 
 26 
 26 
 26 
 26 
 26 
 26 
 26 
 26 
 26 
 26 
 26 
 26 
 26 
 26 
 26 
 26 
 26 
 26 
 26 
 26 
 26 
 26 
 26 
 26 
 26 
 26 
 26 
 26 
 26 
 23 
 23 
 23 
 23 
 23 
 23 
 23 
 23 
 23 
 23 
 23 
 23 
 23 
 23 
 23 
 23 
 6 
 6 
 6 
 6 
 6 
 6 
 6 
 6 
 6 
 6 
 6 
 6 
 6 
 6 
 6 
 6 
 24 
 24 
 24 
 24 
 24 
 24 
 24 
 24 
 24 
 24 
 24 
 24 
 24 
 24 
 24 
 24 
 14 
 14 
 14 
 14 
 14 
 14 
 14 
 14 
 14 
 14 
 14 
 14 
 14 
 14 
 14 
 14 
 26 
 26 
 26 
 26 
 26 
 26 
 26 
 26 
 26 
 26 
 26 
 26 
 26 
 26 
 26 
 26 
 26 
 26 
 26 
 26 
 26 
 26 
 26 
 26 
 26 
 26 
 26 
 26 
 26 
 26 
 26 
 26 
 26 
 26 
 26 
 26 
 26 
 26 
 26 
 26 
 26 
 26 
 26 
 26 
 26 
 26 
 26 
 26 
 26 
 26 
 26 
 26 
 26 
 26 
 26 
 26 
 26 
 26 
 26 
 26 
 26 
 26 
 26 
 26 
 26 
 26 
 26 
 26 
 26 
 26 
 26 
 26 
 26 
 26 
 26 
 26 
 26 
 26 
 26 
 26 
 26 
 26 
 26 
 26 
 26 
 26 
 26 
 26 
 26 
 26 
 26 
 26 
 26 
 26 
 26 
 26 
 26 
 26 
 26 
 26 
 26 
 26 
 26 
 26 
 26 
 26 
 26 
 26 
 26 
 26 
 26 
 26 
 26 
 26 
 26 
 26 
 26 
 26 
 26 
 26 
 26 
 26 
 26 
 26 
 26 
 26 
 26 
 26 
 26 
 26 
 26 
 26 
 26 
 26 
 26 
 26 
 26 
 26 
 26 
 26 
 26 
 26 
 26 
 26 
 26 
 26 
 26 
 26 
 26 
 26 
 26 
 26 
 26 
 26 
 26 
 26 
 26 
 26 
 26 
 26 
 26 
 26 
 26 
 26 
 26 
 26 
 26 
 26 
 26 
 26 
 26 
 26 
 26 
 26 
 26 
 26 
 26 
 26 
 26 
 26 
 26 
 26 
 26 
 26 
 26 
 26 
 26 
 26 
 26 
 26 
 26 
 26 
 26 
 26 
 26 
 26 
 26 
 26 
 26 
 26 
 26 
 26 
 26 
 26 
 26 
 26 
 26 
 26 
 26 
 26 
 26 
 26 
 26 
 26 
 26 
 26 
 26 
 26 
 26 
 26 
 26 
 26 
 26 
 26 
 26 
 26 
 26 
 26 
 26 
 26 
 26 
 26 
 26 
 26 
 26 
 26 
 26 
 26 
 26 
 26 
 26 
 26 
 26 
 26 
 26 
 26 
 26 
 26 
 26 
 26 
 26 
 26 
 26 
 26 
 26 
 26 
 26 
 26 
 26 
 26 
 26 
 26 
 26 
 26 
 26 
 26 
 26 
 26 
 26 
 26 
 26 
 26 
 26 
 26 
 26 
 26 
 26 
 26 
 26 
 26 
 26 
 26 
 26 
 26 
 26 
 26 
 26 
 26 
 26 
 26 
 26 
 26 
 26 
 26 
 26 
 26 
 26 
 26 
 26 
 26 
 26 
 26 
 26 
 26 
 26 
 26 
 26 
 26 
 26 
 26 
 26 
 26 
 26 
 26 
 26 
 26 
 26 
 26 
 26 
 26 
 26 
 26 
 26 
 26 
 26 
 26 
 26 
 26 
 26 
 26 
 26 
 26 
 26 
 26 
 26 
 26 
 26 
 26 
 26 
 26 
 26 
 26 
 26 
 26 
 26 
 26 
 26 
 26 
 26 
 26 
 26 
 26 
 26 
 26 
 26 
 26 
 26 
 26 
 26 
 26 
 26 
 26 
 26 
 26 
 26 
 26 
 26 
 26 
 26 
 26 
 26 
 26 
 26 
 26 
 26 
 26 
 26 
 26 
 26 
 26 
 26 
 26 
 26 
 26 
 26 
 26 
 26 
 26 
 26 
 26 
 26 
 26 
 26 
 26 
 26 
 26 
 26 
 26 
 26 
 26 
 26 
 26 
 26 
 26 
 26 
 26 
 26 
 26 
 26 
 26 
 26 
 26 
 26 
 26 
 26 
 26 
 26 
 26 
 26 
 26 
 26 
 26 
 26 
 26 
 26 
 26 
 26 
 26 
 26 
 26 
 26 
 26 
 26 
 26 
 26 
 26 
 26 
 26 
 26 
 26 
 26 
 26 
 26 
 26 
 26 
 26 
 26 
 26 
 26 
 26 
 26 
 26 
 26 
 26 
 26 
 26 
 26 
 26 
 26 
 26 
 26 
 26 
 26 
 26 
 26 
 26 
 26 
 26 
 26 
 26 
 26 
 26 
 26 
 26 
 26 
 26 
 26 
 26 
 26 
 26 
 edgeUsage
0 1 0 
 1 1 1 
 0 0 0 
 1 1 1 
 0 0 0 
 1 1 1 
 0 0 0 
 1 1 1 
 0 0 0 
 1 1 1 
 0 0 0 
 1 1 1 
 0 0 0 
 1 1 1 
 0 0 0 
 1 1 1 
 0 0 1 
 1 1 1 
 0 0 1 
 1 1 0 
 0 0 1 
 1 1 0 
 0 0 1 
 1 1 0 
 0 0 1 
 1 1 0 
 0 0 1 
 1 1 0 
 0 0 1 
 1 1 0 
 0 0 1 
 1 1 0 
 0 1 0 
 1 1 1 
 0 0 1 
 1 1 0 
 0 0 1 
 1 1 0 
 0 0 1 
 1 1 0 
 0 0 1 
 1 1 0 
 0 0 1 
 1 1 0 
 0 0 1 
 1 1 0 
 0 0 1 
 1 1 0 
 0 0 1 
 1 1 1 
 0 0 1 
 1 1 0 
 0 0 1 
 1 1 0 
 0 0 1 
 1 1 0 
 0 0 1 
 1 1 0 
 0 0 1 
 1 1 0 
 0 0 1 
 1 1 0 
 0 0 1 
 1 1 0 
 0 1 0 
 1 1 1 
 0 0 1 
 1 1 0 
 0 0 1 
 1 1 0 
 0 0 1 
 1 1 0 
 0 0 1 
 1 1 0 
 0 0 1 
 1 1 0 
 0 0 1 
 1 1 0 
 0 0 1 
 1 1 0 
 0 0 1 
 1 1 1 
 0 0 1 
 1 1 0 
 0 0 1 
 1 1 0 
 0 0 1 
 1 1 0 
 0 0 1 
 1 1 0 
 0 0 1 
 1 1 0 
 0 0 1 
 1 1 0 
 0 0 1 
 1 1 0 
 0 1 0 
 1 1 1 
 0 0 1 
 1 1 0 
 0 0 1 
 1 1 0 
 0 0 1 
 1 1 0 
 0 0 1 
 1 1 0 
 0 0 1 
 1 1 0 
 0 0 1 
 1 1 0 
 0 0 1 
 1 1 0 
 0 1 1 
 1 1 1 
 0 1 1 
 1 1 0 
 0 1 1 
 1 1 0 
 0 1 1 
 1 1 0 
 0 1 1 
 1 1 0 
 0 1 1 
 1 1 0 
 0 1 1 
 1 1 0 
 0 1 1 
 1 1 0 
 EdgeNode 
1 5 82 83 
 5 6 84 85 
 6 7 86 87 
 7 8 88 89 
 8 9 90 91 
 9 10 92 93 
 10 11 94 95 
 11 3 96 97 
 2 14 98 99 
 14 13 100 101 
 13 15 102 103 
 15 12 104 105 
 12 17 106 107 
 17 16 108 109 
 16 18 110 111 
 18 1 112 113 
 4 19 114 115 
 19 20 116 117 
 20 21 118 119 
 21 22 120 121 
 22 23 122 123 
 23 24 124 125 
 24 25 126 127 
 25 2 128 129 
 3 26 130 131 
 26 27 132 133 
 27 28 134 135 
 28 29 136 137 
 29 30 138 139 
 30 31 140 141 
 31 32 142 143 
 32 4 144 145 
 11 33 146 147 
 10 34 148 149 
 9 35 150 151 
 8 36 152 153 
 7 37 154 155 
 6 38 156 157 
 5 39 158 159 
 33 40 160 161 
 34 41 162 163 
 35 42 164 165 
 36 43 166 167 
 37 44 168 169 
 38 45 170 171 
 39 46 172 173 
 40 47 174 175 
 41 48 176 177 
 42 49 178 179 
 43 50 180 181 
 44 51 182 183 
 45 52 184 185 
 46 53 186 187 
 47 54 188 189 
 48 55 190 191 
 49 56 192 193 
 50 57 194 195 
 51 58 196 197 
 52 59 198 199 
 53 60 200 201 
 54 61 202 203 
 55 62 204 205 
 56 63 206 207 
 57 64 208 209 
 58 65 210 211 
 59 66 212 213 
 60 67 214 215 
 61 68 216 217 
 62 69 218 219 
 63 70 220 221 
 64 71 222 223 
 65 72 224 225 
 66 73 226 227 
 67 74 228 229 
 68 75 230 231 
 69 76 232 233 
 70 77 234 235 
 71 78 236 237 
 72 79 238 239 
 73 80 240 241 
 74 81 242 243 
 75 19 244 245 
 76 20 246 247 
 77 21 248 249 
 78 22 250 251 
 79 23 252 253 
 80 24 254 255 
 81 25 256 257 
 26 33 258 259 
 33 34 260 261 
 34 35 262 263 
 35 36 264 265 
 36 37 266 267 
 37 38 268 269 
 38 39 270 271 
 39 18 272 273 
 27 40 274 275 
 40 41 276 277 
 41 42 278 279 
 42 43 280 281 
 43 44 282 283 
 44 45 284 285 
 45 46 286 287 
 46 16 288 289 
 28 47 290 291 
 47 48 292 293 
 48 49 294 295 
 49 50 296 297 
 50 51 298 299 
 51 52 300 301 
 52 53 302 303 
 53 17 304 305 
 29 54 306 307 
 54 55 308 309 
 55 56 310 311 
 56 57 312 313 
 57 58 314 315 
 58 59 316 317 
 59 60 318 319 
 60 12 320 321 
 30 61 322 323 
 61 62 324 325 
 62 63 326 327 
 63 64 328 329 
 64 65 330 331 
 65 66 332 333 
 66 67 334 335 
 67 15 336 337 
 31 68 338 339 
 68 69 340 341 
 69 70 342 343 
 70 71 344 345 
 71 72 346 347 
 72 73 348 349 
 73 74 350 351 
 74 13 352 353 
 32 75 354 355 
 75 76 356 357 
 76 77 358 359 
 77 78 360 361 
 78 79 362 363 
 79 80 364 365 
 80 81 366 367 
 81 14 368 369 
 2 81 370 371 
 25 80 372 373 
 24 79 374 375 
 23 78 376 377 
 22 77 378 379 
 21 76 380 381 
 20 75 382 383 
 19 32 384 385 
 13 81 386 387 
 74 80 388 389 
 73 79 390 391 
 72 78 392 393 
 71 77 394 395 
 70 76 396 397 
 69 75 398 399 
 68 32 400 401 
 13 67 402 403 
 67 73 404 405 
 66 72 406 407 
 65 71 408 409 
 64 70 410 411 
 63 69 412 413 
 62 68 414 415 
 61 31 416 417 
 12 67 418 419 
 60 66 420 421 
 59 65 422 423 
 58 64 424 425 
 57 63 426 427 
 56 62 428 429 
 55 61 430 431 
 54 30 432 433 
 12 53 434 435 
 53 59 436 437 
 52 58 438 439 
 51 57 440 441 
 50 56 442 443 
 49 55 444 445 
 48 54 446 447 
 47 29 448 449 
 16 53 450 451 
 46 52 452 453 
 45 51 454 455 
 44 50 456 457 
 43 49 458 459 
 42 48 460 461 
 41 47 462 463 
 40 28 464 465 
 16 39 466 467 
 39 45 468 469 
 38 44 470 471 
 37 43 472 473 
 36 42 474 475 
 35 41 476 477 
 34 40 478 479 
 33 27 480 481 
 1 39 482 483 
 5 38 484 485 
 6 37 486 487 
 7 36 488 489 
 8 35 490 491 
 9 34 492 493 
 10 33 494 495 
 11 26 496 497 
 bcElement 32
127 14 2 
111 14 2 
95 14 2 
79 14 2 
63 14 2 
47 14 2 
31 14 2 
16 14 1 
16 24 2 
14 24 2 
12 24 2 
10 24 2 
8 24 2 
6 24 2 
4 24 2 
2 24 2 
1 6 1 
18 6 2 
33 6 1 
50 6 2 
65 6 1 
82 6 2 
97 6 1 
114 6 2 
113 23 1 
115 23 1 
117 23 1 
119 23 1 
121 23 1 
123 23 1 
125 23 1 
127 23 1 
