Edge min = 0.046367, max=0.139871, average=0.093369;
Grid_size 276
Node_size 160
Total_DOF 1306
edge_Size 435
maxDOF 10
Solution_Order
3 
 meshIEN 
68 43 69 
 17 12 68 
 69 1 17 
 69 17 68 
 69 43 70 
 7 1 69 
 70 6 7 
 70 7 69 
 71 44 72 
 68 12 71 
 72 43 68 
 72 68 71 
 73 45 74 
 26 21 73 
 74 2 26 
 74 26 73 
 74 45 75 
 13 2 74 
 75 10 13 
 75 13 74 
 76 46 77 
 31 4 76 
 77 28 31 
 77 31 76 
 78 46 76 
 42 38 78 
 76 4 42 
 76 42 78 
 79 47 80 
 22 3 79 
 80 19 22 
 80 22 79 
 81 47 79 
 35 30 81 
 79 3 35 
 79 35 81 
 82 48 83 
 39 5 82 
 83 36 39 
 83 39 82 
 84 48 82 
 8 6 84 
 82 5 8 
 82 8 84 
 85 49 86 
 15 9 85 
 86 11 15 
 86 15 85 
 87 10 75 
 88 49 87 
 75 45 88 
 75 88 87 
 87 49 85 
 14 10 87 
 85 9 14 
 85 14 87 
 89 50 90 
 24 18 89 
 90 20 24 
 90 24 89 
 90 50 91 
 25 20 90 
 91 21 25 
 91 25 90 
 92 51 93 
 41 37 92 
 93 38 41 
 93 41 92 
 93 51 94 
 78 38 93 
 94 46 78 
 94 78 93 
 95 52 96 
 33 27 95 
 96 29 33 
 96 33 95 
 97 54 98 
 89 18 97 
 98 50 89 
 98 89 97 
 99 19 80 
 100 54 99 
 80 47 100 
 80 100 99 
 99 54 97 
 23 19 99 
 97 18 23 
 97 23 99 
 101 36 83 
 102 55 101 
 83 48 102 
 83 102 101 
 101 55 103 
 40 36 101 
 103 37 40 
 103 40 101 
 103 55 104 
 92 37 103 
 104 51 92 
 104 92 103 
 105 56 106 
 95 27 105 
 106 52 95 
 106 95 105 
 107 28 77 
 108 56 107 
 77 46 108 
 77 108 107 
 107 56 105 
 32 28 107 
 105 27 32 
 105 32 107 
 109 29 96 
 110 57 109 
 96 52 110 
 96 110 109 
 111 57 112 
 100 47 111 
 112 54 100 
 112 100 111 
 109 57 113 
 34 29 109 
 113 30 34 
 113 34 109 
 113 57 111 
 81 30 113 
 111 47 81 
 111 81 113 
 114 44 116 
 115 58 114 
 116 53 115 
 116 115 114 
 117 60 118 
 108 46 117 
 118 56 108 
 118 108 117 
 117 46 94 
 119 60 117 
 94 51 119 
 94 119 117 
 120 48 122 
 121 61 120 
 122 58 121 
 122 121 120 
 120 61 123 
 102 48 120 
 123 55 102 
 123 102 120 
 124 62 125 
 115 53 124 
 125 58 115 
 125 115 124 
 125 62 126 
 121 58 125 
 126 61 121 
 126 121 125 
 127 63 128 
 110 52 127 
 128 57 110 
 128 110 127 
 129 50 98 
 130 64 129 
 98 54 130 
 98 130 129 
 131 64 133 
 132 59 131 
 133 63 132 
 133 132 131 
 134 57 128 
 133 64 134 
 128 63 133 
 128 133 134 
 130 54 112 
 134 64 130 
 112 57 134 
 112 134 130 
 135 55 123 
 136 65 135 
 123 61 136 
 123 136 135 
 137 65 138 
 119 51 137 
 138 60 119 
 138 119 137 
 137 51 104 
 135 65 137 
 104 55 135 
 104 135 137 
 139 59 132 
 140 65 139 
 132 63 140 
 132 140 139 
 138 65 140 
 141 60 138 
 140 63 141 
 140 141 138 
 142 66 143 
 88 45 142 
 143 49 88 
 143 88 142 
 143 66 145 
 144 49 143 
 145 53 144 
 145 144 143 
 145 66 146 
 124 53 145 
 146 62 124 
 146 124 145 
 147 59 148 
 146 66 147 
 148 62 146 
 148 146 147 
 149 50 129 
 150 67 149 
 129 64 150 
 129 150 149 
 151 67 152 
 142 45 151 
 152 66 142 
 152 142 151 
 153 48 84 
 70 43 153 
 84 6 70 
 84 70 153 
 154 58 122 
 153 43 154 
 122 48 153 
 122 153 154 
 154 43 72 
 114 58 154 
 72 44 114 
 72 114 154 
 155 21 91 
 149 67 155 
 91 50 149 
 91 149 155 
 155 67 151 
 73 21 155 
 151 45 73 
 151 73 155 
 156 44 71 
 16 11 156 
 71 12 16 
 71 16 156 
 157 60 141 
 127 52 157 
 141 63 127 
 141 127 157 
 157 52 106 
 118 60 157 
 106 56 118 
 106 118 157 
 158 59 139 
 136 61 158 
 139 65 136 
 139 136 158 
 158 61 126 
 148 59 158 
 126 62 148 
 126 148 158 
 159 59 147 
 152 67 159 
 147 66 152 
 147 152 159 
 159 67 150 
 131 59 159 
 150 64 131 
 150 131 159 
 160 53 116 
 156 11 160 
 116 44 156 
 116 156 160 
 160 11 86 
 144 53 160 
 86 49 144 
 86 144 160 
 solutionIEN 
68 43 69 247 248 252 251 257 258 1031 
 17 12 68 186 185 245 246 253 254 1032 
 69 1 17 250 249 188 187 255 256 1033 
 69 17 68 256 255 254 253 258 257 1034 
 69 43 70 251 252 262 261 267 268 1035 
 7 1 69 162 161 249 250 263 264 1036 
 70 6 7 260 259 164 163 265 266 1037 
 70 7 69 266 265 264 263 268 267 1038 
 71 44 72 271 272 276 275 281 282 1039 
 68 12 71 246 245 269 270 277 278 1040 
 72 43 68 274 273 248 247 279 280 1041 
 72 68 71 280 279 278 277 282 281 1042 
 73 45 74 285 286 290 289 295 296 1043 
 26 21 73 206 205 283 284 291 292 1044 
 74 2 26 288 287 208 207 293 294 1045 
 74 26 73 294 293 292 291 296 295 1046 
 74 45 75 289 290 300 299 305 306 1047 
 13 2 74 170 169 287 288 301 302 1048 
 75 10 13 298 297 172 171 303 304 1049 
 75 13 74 304 303 302 301 306 305 1050 
 76 46 77 309 310 314 313 319 320 1051 
 31 4 76 210 209 307 308 315 316 1052 
 77 28 31 312 311 212 211 317 318 1053 
 77 31 76 318 317 316 315 320 319 1054 
 78 46 76 323 324 310 309 329 330 1055 
 42 38 78 242 241 321 322 325 326 1056 
 76 4 42 308 307 244 243 327 328 1057 
 76 42 78 328 327 326 325 330 329 1058 
 79 47 80 333 334 338 337 343 344 1059 
 22 3 79 190 189 331 332 339 340 1060 
 80 19 22 336 335 192 191 341 342 1061 
 80 22 79 342 341 340 339 344 343 1062 
 81 47 79 347 348 334 333 353 354 1063 
 35 30 81 226 225 345 346 349 350 1064 
 79 3 35 332 331 228 227 351 352 1065 
 79 35 81 352 351 350 349 354 353 1066 
 82 48 83 357 358 362 361 367 368 1067 
 39 5 82 230 229 355 356 363 364 1068 
 83 36 39 360 359 232 231 365 366 1069 
 83 39 82 366 365 364 363 368 367 1070 
 84 48 82 371 372 358 357 377 378 1071 
 8 6 84 166 165 369 370 373 374 1072 
 82 5 8 356 355 168 167 375 376 1073 
 82 8 84 376 375 374 373 378 377 1074 
 85 49 86 381 382 386 385 391 392 1075 
 15 9 85 178 177 379 380 387 388 1076 
 86 11 15 384 383 180 179 389 390 1077 
 86 15 85 390 389 388 387 392 391 1078 
 87 10 75 394 393 297 298 405 406 1079 
 88 49 87 399 400 396 395 401 402 1080 
 75 45 88 299 300 397 398 403 404 1081 
 75 88 87 404 403 402 401 406 405 1082 
 87 49 85 395 396 382 381 411 412 1083 
 14 10 87 174 173 393 394 407 408 1084 
 85 9 14 380 379 176 175 409 410 1085 
 85 14 87 410 409 408 407 412 411 1086 
 89 50 90 415 416 420 419 425 426 1087 
 24 18 89 198 197 413 414 421 422 1088 
 90 20 24 418 417 200 199 423 424 1089 
 90 24 89 424 423 422 421 426 425 1090 
 90 50 91 419 420 430 429 435 436 1091 
 25 20 90 202 201 417 418 431 432 1092 
 91 21 25 428 427 204 203 433 434 1093 
 91 25 90 434 433 432 431 436 435 1094 
 92 51 93 439 440 444 443 449 450 1095 
 41 37 92 238 237 437 438 445 446 1096 
 93 38 41 442 441 240 239 447 448 1097 
 93 41 92 448 447 446 445 450 449 1098 
 93 51 94 443 444 454 453 459 460 1099 
 78 38 93 322 321 441 442 455 456 1100 
 94 46 78 452 451 324 323 457 458 1101 
 94 78 93 458 457 456 455 460 459 1102 
 95 52 96 463 464 468 467 473 474 1103 
 33 27 95 218 217 461 462 469 470 1104 
 96 29 33 466 465 220 219 471 472 1105 
 96 33 95 472 471 470 469 474 473 1106 
 97 54 98 477 478 482 481 487 488 1107 
 89 18 97 414 413 475 476 483 484 1108 
 98 50 89 480 479 416 415 485 486 1109 
 98 89 97 486 485 484 483 488 487 1110 
 99 19 80 490 489 335 336 501 502 1111 
 100 54 99 495 496 492 491 497 498 1112 
 80 47 100 337 338 493 494 499 500 1113 
 80 100 99 500 499 498 497 502 501 1114 
 99 54 97 491 492 478 477 507 508 1115 
 23 19 99 194 193 489 490 503 504 1116 
 97 18 23 476 475 196 195 505 506 1117 
 97 23 99 506 505 504 503 508 507 1118 
 101 36 83 510 509 359 360 521 522 1119 
 102 55 101 515 516 512 511 517 518 1120 
 83 48 102 361 362 513 514 519 520 1121 
 83 102 101 520 519 518 517 522 521 1122 
 101 55 103 511 512 526 525 531 532 1123 
 40 36 101 234 233 509 510 527 528 1124 
 103 37 40 524 523 236 235 529 530 1125 
 103 40 101 530 529 528 527 532 531 1126 
 103 55 104 525 526 536 535 541 542 1127 
 92 37 103 438 437 523 524 537 538 1128 
 104 51 92 534 533 440 439 539 540 1129 
 104 92 103 540 539 538 537 542 541 1130 
 105 56 106 545 546 550 549 555 556 1131 
 95 27 105 462 461 543 544 551 552 1132 
 106 52 95 548 547 464 463 553 554 1133 
 106 95 105 554 553 552 551 556 555 1134 
 107 28 77 558 557 311 312 569 570 1135 
 108 56 107 563 564 560 559 565 566 1136 
 77 46 108 313 314 561 562 567 568 1137 
 77 108 107 568 567 566 565 570 569 1138 
 107 56 105 559 560 546 545 575 576 1139 
 32 28 107 214 213 557 558 571 572 1140 
 105 27 32 544 543 216 215 573 574 1141 
 105 32 107 574 573 572 571 576 575 1142 
 109 29 96 578 577 465 466 589 590 1143 
 110 57 109 583 584 580 579 585 586 1144 
 96 52 110 467 468 581 582 587 588 1145 
 96 110 109 588 587 586 585 590 589 1146 
 111 57 112 593 594 598 597 603 604 1147 
 100 47 111 494 493 591 592 599 600 1148 
 112 54 100 596 595 496 495 601 602 1149 
 112 100 111 602 601 600 599 604 603 1150 
 109 57 113 579 580 608 607 613 614 1151 
 34 29 109 222 221 577 578 609 610 1152 
 113 30 34 606 605 224 223 611 612 1153 
 113 34 109 612 611 610 609 614 613 1154 
 113 57 111 607 608 594 593 619 620 1155 
 81 30 113 346 345 605 606 615 616 1156 
 111 47 81 592 591 348 347 617 618 1157 
 111 81 113 618 617 616 615 620 619 1158 
 114 44 116 622 621 629 630 637 638 1159 
 115 58 114 627 628 624 623 633 634 1160 
 116 53 115 631 632 625 626 635 636 1161 
 116 115 114 636 635 634 633 638 637 1162 
 117 60 118 641 642 646 645 651 652 1163 
 108 46 117 562 561 639 640 647 648 1164 
 118 56 108 644 643 564 563 649 650 1165 
 118 108 117 650 649 648 647 652 651 1166 
 117 46 94 640 639 451 452 661 662 1167 
 119 60 117 655 656 642 641 657 658 1168 
 94 51 119 453 454 653 654 659 660 1169 
 94 119 117 660 659 658 657 662 661 1170 
 120 48 122 664 663 671 672 679 680 1171 
 121 61 120 669 670 666 665 675 676 1172 
 122 58 121 673 674 667 668 677 678 1173 
 122 121 120 678 677 676 675 680 679 1174 
 120 61 123 665 666 684 683 689 690 1175 
 102 48 120 514 513 663 664 685 686 1176 
 123 55 102 682 681 516 515 687 688 1177 
 123 102 120 688 687 686 685 690 689 1178 
 124 62 125 693 694 698 697 703 704 1179 
 115 53 124 626 625 691 692 699 700 1180 
 125 58 115 696 695 628 627 701 702 1181 
 125 115 124 702 701 700 699 704 703 1182 
 125 62 126 697 698 708 707 713 714 1183 
 121 58 125 668 667 695 696 709 710 1184 
 126 61 121 706 705 670 669 711 712 1185 
 126 121 125 712 711 710 709 714 713 1186 
 127 63 128 717 718 722 721 727 728 1187 
 110 52 127 582 581 715 716 723 724 1188 
 128 57 110 720 719 584 583 725 726 1189 
 128 110 127 726 725 724 723 728 727 1190 
 129 50 98 730 729 479 480 741 742 1191 
 130 64 129 735 736 732 731 737 738 1192 
 98 54 130 481 482 733 734 739 740 1193 
 98 130 129 740 739 738 737 742 741 1194 
 131 64 133 745 746 754 753 759 760 1195 
 132 59 131 748 747 743 744 755 756 1196 
 133 63 132 752 751 750 749 757 758 1197 
 133 132 131 758 757 756 755 760 759 1198 
 134 57 128 762 761 719 720 769 770 1199 
 133 64 134 753 754 764 763 765 766 1200 
 128 63 133 721 722 751 752 767 768 1201 
 128 133 134 768 767 766 765 770 769 1202 
 130 54 112 734 733 595 596 775 776 1203 
 134 64 130 763 764 736 735 771 772 1204 
 112 57 134 597 598 761 762 773 774 1205 
 112 134 130 774 773 772 771 776 775 1206 
 135 55 123 778 777 681 682 789 790 1207 
 136 65 135 783 784 780 779 785 786 1208 
 123 61 136 683 684 781 782 787 788 1209 
 123 136 135 788 787 786 785 790 789 1210 
 137 65 138 793 794 798 797 803 804 1211 
 119 51 137 654 653 791 792 799 800 1212 
 138 60 119 796 795 656 655 801 802 1213 
 138 119 137 802 801 800 799 804 803 1214 
 137 51 104 792 791 533 534 809 810 1215 
 135 65 137 779 780 794 793 805 806 1216 
 104 55 135 535 536 777 778 807 808 1217 
 104 135 137 808 807 806 805 810 809 1218 
 139 59 132 812 811 747 748 823 824 1219 
 140 65 139 817 818 814 813 819 820 1220 
 132 63 140 749 750 815 816 821 822 1221 
 132 140 139 822 821 820 819 824 823 1222 
 138 65 140 797 798 818 817 833 834 1223 
 141 60 138 826 825 795 796 829 830 1224 
 140 63 141 816 815 828 827 831 832 1225 
 140 141 138 832 831 830 829 834 833 1226 
 142 66 143 837 838 842 841 847 848 1227 
 88 45 142 398 397 835 836 843 844 1228 
 143 49 88 840 839 400 399 845 846 1229 
 143 88 142 846 845 844 843 848 847 1230 
 143 66 145 841 842 856 855 861 862 1231 
 144 49 143 850 849 839 840 857 858 1232 
 145 53 144 854 853 852 851 859 860 1233 
 145 144 143 860 859 858 857 862 861 1234 
 145 66 146 855 856 866 865 871 872 1235 
 124 53 145 692 691 853 854 867 868 1236 
 146 62 124 864 863 694 693 869 870 1237 
 146 124 145 870 869 868 867 872 871 1238 
 147 59 148 874 873 877 878 885 886 1239 
 146 66 147 865 866 876 875 881 882 1240 
 148 62 146 879 880 863 864 883 884 1241 
 148 146 147 884 883 882 881 886 885 1242 
 149 50 129 888 887 729 730 899 900 1243 
 150 67 149 893 894 890 889 895 896 1244 
 129 64 150 731 732 891 892 897 898 1245 
 129 150 149 898 897 896 895 900 899 1246 
 151 67 152 903 904 908 907 913 914 1247 
 142 45 151 836 835 901 902 909 910 1248 
 152 66 142 906 905 838 837 911 912 1249 
 152 142 151 912 911 910 909 914 913 1250 
 153 48 84 917 918 372 371 923 924 1251 
 70 43 153 261 262 915 916 919 920 1252 
 84 6 70 370 369 259 260 921 922 1253 
 84 70 153 922 921 920 919 924 923 1254 
 154 58 122 926 925 674 673 933 934 1255 
 153 43 154 916 915 928 927 929 930 1256 
 122 48 153 672 671 918 917 931 932 1257 
 122 153 154 932 931 930 929 934 933 1258 
 154 43 72 927 928 273 274 939 940 1259 
 114 58 154 623 624 925 926 935 936 1260 
 72 44 114 275 276 621 622 937 938 1261 
 72 114 154 938 937 936 935 940 939 1262 
 155 21 91 942 941 427 428 949 950 1263 
 149 67 155 889 890 944 943 945 946 1264 
 91 50 149 429 430 887 888 947 948 1265 
 91 149 155 948 947 946 945 950 949 1266 
 155 67 151 943 944 904 903 955 956 1267 
 73 21 155 284 283 941 942 951 952 1268 
 151 45 73 902 901 286 285 953 954 1269 
 151 73 155 954 953 952 951 956 955 1270 
 156 44 71 959 960 272 271 965 966 1271 
 16 11 156 182 181 957 958 961 962 1272 
 71 12 16 270 269 184 183 963 964 1273 
 71 16 156 964 963 962 961 966 965 1274 
 157 60 141 968 967 825 826 975 976 1275 
 127 52 157 716 715 970 969 971 972 1276 
 141 63 127 827 828 718 717 973 974 1277 
 141 127 157 974 973 972 971 976 975 1278 
 157 52 106 969 970 547 548 981 982 1279 
 118 60 157 645 646 967 968 977 978 1280 
 106 56 118 549 550 643 644 979 980 1281 
 106 118 157 980 979 978 977 982 981 1282 
 158 59 139 984 983 811 812 991 992 1283 
 136 61 158 782 781 986 985 987 988 1284 
 139 65 136 813 814 784 783 989 990 1285 
 139 136 158 990 989 988 987 992 991 1286 
 158 61 126 985 986 705 706 997 998 1287 
 148 59 158 878 877 983 984 993 994 1288 
 126 62 148 707 708 880 879 995 996 1289 
 126 148 158 996 995 994 993 998 997 1290 
 159 59 147 1000 999 873 874 1007 1008 1291 
 152 67 159 907 908 1002 1001 1003 1004 1292 
 147 66 152 875 876 905 906 1005 1006 1293 
 147 152 159 1006 1005 1004 1003 1008 1007 1294 
 159 67 150 1001 1002 894 893 1013 1014 1295 
 131 59 159 744 743 999 1000 1009 1010 1296 
 150 64 131 892 891 746 745 1011 1012 1297 
 150 131 159 1012 1011 1010 1009 1014 1013 1298 
 160 53 116 1016 1015 632 631 1023 1024 1299 
 156 11 160 958 957 1018 1017 1019 1020 1300 
 116 44 156 630 629 960 959 1021 1022 1301 
 116 156 160 1022 1021 1020 1019 1024 1023 1302 
 160 11 86 1017 1018 383 384 1029 1030 1303 
 144 53 160 851 852 1015 1016 1025 1026 1304 
 86 49 144 385 386 849 850 1027 1028 1305 
 86 144 160 1028 1027 1026 1025 1030 1029 1306 
 solutionOrder
3 3 3 3 
 3 3 3 3 
 3 3 3 3 
 3 3 3 3 
 3 3 3 3 
 3 3 3 3 
 3 3 3 3 
 3 3 3 3 
 3 3 3 3 
 3 3 3 3 
 3 3 3 3 
 3 3 3 3 
 3 3 3 3 
 3 3 3 3 
 3 3 3 3 
 3 3 3 3 
 3 3 3 3 
 3 3 3 3 
 3 3 3 3 
 3 3 3 3 
 3 3 3 3 
 3 3 3 3 
 3 3 3 3 
 3 3 3 3 
 3 3 3 3 
 3 3 3 3 
 3 3 3 3 
 3 3 3 3 
 3 3 3 3 
 3 3 3 3 
 3 3 3 3 
 3 3 3 3 
 3 3 3 3 
 3 3 3 3 
 3 3 3 3 
 3 3 3 3 
 3 3 3 3 
 3 3 3 3 
 3 3 3 3 
 3 3 3 3 
 3 3 3 3 
 3 3 3 3 
 3 3 3 3 
 3 3 3 3 
 3 3 3 3 
 3 3 3 3 
 3 3 3 3 
 3 3 3 3 
 3 3 3 3 
 3 3 3 3 
 3 3 3 3 
 3 3 3 3 
 3 3 3 3 
 3 3 3 3 
 3 3 3 3 
 3 3 3 3 
 3 3 3 3 
 3 3 3 3 
 3 3 3 3 
 3 3 3 3 
 3 3 3 3 
 3 3 3 3 
 3 3 3 3 
 3 3 3 3 
 3 3 3 3 
 3 3 3 3 
 3 3 3 3 
 3 3 3 3 
 3 3 3 3 
 3 3 3 3 
 3 3 3 3 
 3 3 3 3 
 3 3 3 3 
 3 3 3 3 
 3 3 3 3 
 3 3 3 3 
 3 3 3 3 
 3 3 3 3 
 3 3 3 3 
 3 3 3 3 
 3 3 3 3 
 3 3 3 3 
 3 3 3 3 
 3 3 3 3 
 3 3 3 3 
 3 3 3 3 
 3 3 3 3 
 3 3 3 3 
 3 3 3 3 
 3 3 3 3 
 3 3 3 3 
 3 3 3 3 
 3 3 3 3 
 3 3 3 3 
 3 3 3 3 
 3 3 3 3 
 3 3 3 3 
 3 3 3 3 
 3 3 3 3 
 3 3 3 3 
 3 3 3 3 
 3 3 3 3 
 3 3 3 3 
 3 3 3 3 
 3 3 3 3 
 3 3 3 3 
 3 3 3 3 
 3 3 3 3 
 3 3 3 3 
 3 3 3 3 
 3 3 3 3 
 3 3 3 3 
 3 3 3 3 
 3 3 3 3 
 3 3 3 3 
 3 3 3 3 
 3 3 3 3 
 3 3 3 3 
 3 3 3 3 
 3 3 3 3 
 3 3 3 3 
 3 3 3 3 
 3 3 3 3 
 3 3 3 3 
 3 3 3 3 
 3 3 3 3 
 3 3 3 3 
 3 3 3 3 
 3 3 3 3 
 3 3 3 3 
 3 3 3 3 
 3 3 3 3 
 3 3 3 3 
 3 3 3 3 
 3 3 3 3 
 3 3 3 3 
 3 3 3 3 
 3 3 3 3 
 3 3 3 3 
 3 3 3 3 
 3 3 3 3 
 3 3 3 3 
 3 3 3 3 
 3 3 3 3 
 3 3 3 3 
 3 3 3 3 
 3 3 3 3 
 3 3 3 3 
 3 3 3 3 
 3 3 3 3 
 3 3 3 3 
 3 3 3 3 
 3 3 3 3 
 3 3 3 3 
 3 3 3 3 
 3 3 3 3 
 3 3 3 3 
 3 3 3 3 
 3 3 3 3 
 3 3 3 3 
 3 3 3 3 
 3 3 3 3 
 3 3 3 3 
 3 3 3 3 
 3 3 3 3 
 3 3 3 3 
 3 3 3 3 
 3 3 3 3 
 3 3 3 3 
 3 3 3 3 
 3 3 3 3 
 3 3 3 3 
 3 3 3 3 
 3 3 3 3 
 3 3 3 3 
 3 3 3 3 
 3 3 3 3 
 3 3 3 3 
 3 3 3 3 
 3 3 3 3 
 3 3 3 3 
 3 3 3 3 
 3 3 3 3 
 3 3 3 3 
 3 3 3 3 
 3 3 3 3 
 3 3 3 3 
 3 3 3 3 
 3 3 3 3 
 3 3 3 3 
 3 3 3 3 
 3 3 3 3 
 3 3 3 3 
 3 3 3 3 
 3 3 3 3 
 3 3 3 3 
 3 3 3 3 
 3 3 3 3 
 3 3 3 3 
 3 3 3 3 
 3 3 3 3 
 3 3 3 3 
 3 3 3 3 
 3 3 3 3 
 3 3 3 3 
 3 3 3 3 
 3 3 3 3 
 3 3 3 3 
 3 3 3 3 
 3 3 3 3 
 3 3 3 3 
 3 3 3 3 
 3 3 3 3 
 3 3 3 3 
 3 3 3 3 
 3 3 3 3 
 3 3 3 3 
 3 3 3 3 
 3 3 3 3 
 3 3 3 3 
 3 3 3 3 
 3 3 3 3 
 3 3 3 3 
 3 3 3 3 
 3 3 3 3 
 3 3 3 3 
 3 3 3 3 
 3 3 3 3 
 3 3 3 3 
 3 3 3 3 
 3 3 3 3 
 3 3 3 3 
 3 3 3 3 
 3 3 3 3 
 3 3 3 3 
 3 3 3 3 
 3 3 3 3 
 3 3 3 3 
 3 3 3 3 
 3 3 3 3 
 3 3 3 3 
 3 3 3 3 
 3 3 3 3 
 3 3 3 3 
 3 3 3 3 
 3 3 3 3 
 3 3 3 3 
 3 3 3 3 
 3 3 3 3 
 3 3 3 3 
 3 3 3 3 
 3 3 3 3 
 3 3 3 3 
 3 3 3 3 
 3 3 3 3 
 3 3 3 3 
 3 3 3 3 
 3 3 3 3 
 3 3 3 3 
 3 3 3 3 
 3 3 3 3 
 3 3 3 3 
 3 3 3 3 
 3 3 3 3 
 3 3 3 3 
 3 3 3 3 
 3 3 3 3 
 3 3 3 3 
 3 3 3 3 
 3 3 3 3 
 3 3 3 3 
 3 3 3 3 
 3 3 3 3 
 3 3 3 3 
 3 3 3 3 
 3 3 3 3 
 vertexCoord 
0.000000 0.000000 
 1.000000 0.000000 
 1.000000 1.000000 
 0.000000 1.000000 
 -0.000000 0.300000 
 0.000000 0.150000 
 0.000000 0.075000 
 -0.000000 0.225000 
 0.599799 0.000000 
 0.799805 0.000000 
 0.399794 0.000000 
 0.199897 0.000000 
 0.899902 0.000000 
 0.699802 0.000000 
 0.499797 0.000000 
 0.299845 0.000000 
 0.099948 0.000000 
 1.000000 0.599837 
 1.000000 0.799805 
 1.000000 0.399885 
 1.000000 0.199934 
 1.000000 0.899902 
 1.000000 0.699821 
 1.000000 0.499861 
 1.000000 0.299909 
 1.000000 0.099967 
 0.400167 1.000000 
 0.200195 1.000000 
 0.600121 1.000000 
 0.800061 1.000000 
 0.100098 1.000000 
 0.300181 1.000000 
 0.500144 1.000000 
 0.700091 1.000000 
 0.900030 1.000000 
 -0.000000 0.475707 
 -0.000000 0.650606 
 -0.000000 0.825303 
 -0.000000 0.387854 
 -0.000000 0.563157 
 -0.000000 0.737955 
 -0.000000 0.912652 
 0.149138 0.124855 
 0.289763 0.102080 
 0.789673 0.151147 
 0.165673 0.853770 
 0.865923 0.849935 
 0.117873 0.300765 
 0.600328 0.092732 
 0.863002 0.418777 
 0.158498 0.686326 
 0.469676 0.839210 
 0.430136 0.164666 
 0.847360 0.663721 
 0.148929 0.508007 
 0.311446 0.885238 
 0.680546 0.788832 
 0.269851 0.220881 
 0.506444 0.421320 
 0.320804 0.742703 
 0.296646 0.381949 
 0.417231 0.285286 
 0.496286 0.646702 
 0.680699 0.532717 
 0.321268 0.564501 
 0.581840 0.239155 
 0.747230 0.319778 
 0.174517 0.062427 
 0.074569 0.062427 
 0.074569 0.137427 
 0.244830 0.051040 
 0.219450 0.113468 
 0.894837 0.175540 
 0.894837 0.075574 
 0.794739 0.075574 
 0.082837 0.926885 
 0.182934 0.926885 
 0.082837 0.839537 
 0.932961 0.924968 
 0.932961 0.824870 
 0.832992 0.924968 
 0.058937 0.300383 
 0.058937 0.388236 
 0.058937 0.225383 
 0.600064 0.046366 
 0.500061 0.046366 
 0.700066 0.046366 
 0.695001 0.121940 
 0.931501 0.509307 
 0.931501 0.409331 
 0.931501 0.309355 
 0.079249 0.668466 
 0.079249 0.755815 
 0.162085 0.770048 
 0.434921 0.919605 
 0.534898 0.919605 
 0.923680 0.631779 
 0.855181 0.541249 
 0.923680 0.731763 
 0.856641 0.756828 
 0.074465 0.491857 
 0.133401 0.404386 
 0.074465 0.579307 
 0.153713 0.597167 
 0.355806 0.942619 
 0.390561 0.862224 
 0.255821 0.942619 
 0.238559 0.869504 
 0.640334 0.894416 
 0.575111 0.814021 
 0.773234 0.819384 
 0.763953 0.726276 
 0.740303 0.894416 
 0.279807 0.161481 
 0.349994 0.192774 
 0.359950 0.133373 
 0.243238 0.798237 
 0.316125 0.813971 
 0.239651 0.714515 
 0.207260 0.341357 
 0.283248 0.301415 
 0.193862 0.260823 
 0.222788 0.444978 
 0.423684 0.224976 
 0.343541 0.253084 
 0.356938 0.333617 
 0.482981 0.742956 
 0.588416 0.717767 
 0.771850 0.475747 
 0.764029 0.598219 
 0.593571 0.477019 
 0.501365 0.534011 
 0.588492 0.589710 
 0.680622 0.660775 
 0.235098 0.536254 
 0.308957 0.473225 
 0.239883 0.625414 
 0.321036 0.653602 
 0.413856 0.492911 
 0.408777 0.605602 
 0.408545 0.694703 
 0.685757 0.195151 
 0.591084 0.165944 
 0.515232 0.128699 
 0.505988 0.201911 
 0.499536 0.262221 
 0.544142 0.330238 
 0.461837 0.353303 
 0.805116 0.369277 
 0.713964 0.426247 
 0.768452 0.235462 
 0.664535 0.279466 
 0.133506 0.212810 
 0.209494 0.172868 
 0.873615 0.259856 
 0.344779 0.051040 
 0.395240 0.790956 
 0.401545 0.401634 
 0.626837 0.370549 
 0.414965 0.082333 
 bc_tag 
93 
 15 
 10 
 5 
 2 
 101 
 101 
 101 
 21 
 21 
 21 
 21 
 21 
 21 
 21 
 21 
 21 
 16 
 16 
 16 
 16 
 16 
 16 
 16 
 16 
 16 
 11 
 11 
 11 
 11 
 11 
 11 
 11 
 11 
 11 
 6 
 6 
 6 
 6 
 6 
 6 
 6 
 39 
 39 
 39 
 39 
 39 
 39 
 39 
 39 
 39 
 39 
 39 
 39 
 39 
 39 
 39 
 39 
 39 
 39 
 39 
 39 
 39 
 39 
 39 
 39 
 39 
 39 
 39 
 39 
 39 
 39 
 39 
 39 
 39 
 39 
 39 
 39 
 39 
 39 
 39 
 39 
 39 
 39 
 39 
 39 
 39 
 39 
 39 
 39 
 39 
 39 
 39 
 39 
 39 
 39 
 39 
 39 
 39 
 39 
 39 
 39 
 39 
 39 
 39 
 39 
 39 
 39 
 39 
 39 
 39 
 39 
 39 
 39 
 39 
 39 
 39 
 39 
 39 
 39 
 39 
 39 
 39 
 39 
 39 
 39 
 39 
 39 
 39 
 39 
 39 
 39 
 39 
 39 
 39 
 39 
 39 
 39 
 39 
 39 
 39 
 39 
 39 
 39 
 39 
 39 
 39 
 39 
 39 
 39 
 39 
 39 
 39 
 39 
 39 
 39 
 39 
 39 
 39 
 39 
 101 
 101 
 101 
 101 
 101 
 101 
 101 
 101 
 21 
 21 
 21 
 21 
 21 
 21 
 21 
 21 
 21 
 21 
 21 
 21 
 21 
 21 
 21 
 21 
 21 
 21 
 21 
 21 
 16 
 16 
 16 
 16 
 16 
 16 
 16 
 16 
 16 
 16 
 16 
 16 
 16 
 16 
 16 
 16 
 16 
 16 
 16 
 16 
 11 
 11 
 11 
 11 
 11 
 11 
 11 
 11 
 11 
 11 
 11 
 11 
 11 
 11 
 11 
 11 
 11 
 11 
 11 
 11 
 6 
 6 
 6 
 6 
 6 
 6 
 6 
 6 
 6 
 6 
 6 
 6 
 6 
 6 
 6 
 6 
 39 
 39 
 39 
 39 
 39 
 39 
 39 
 39 
 39 
 39 
 39 
 39 
 39 
 39 
 39 
 39 
 39 
 39 
 39 
 39 
 39 
 39 
 39 
 39 
 39 
 39 
 39 
 39 
 39 
 39 
 39 
 39 
 39 
 39 
 39 
 39 
 39 
 39 
 39 
 39 
 39 
 39 
 39 
 39 
 39 
 39 
 39 
 39 
 39 
 39 
 39 
 39 
 39 
 39 
 39 
 39 
 39 
 39 
 39 
 39 
 39 
 39 
 39 
 39 
 39 
 39 
 39 
 39 
 39 
 39 
 39 
 39 
 39 
 39 
 39 
 39 
 39 
 39 
 39 
 39 
 39 
 39 
 39 
 39 
 39 
 39 
 39 
 39 
 39 
 39 
 39 
 39 
 39 
 39 
 39 
 39 
 39 
 39 
 39 
 39 
 39 
 39 
 39 
 39 
 39 
 39 
 39 
 39 
 39 
 39 
 39 
 39 
 39 
 39 
 39 
 39 
 39 
 39 
 39 
 39 
 39 
 39 
 39 
 39 
 39 
 39 
 39 
 39 
 39 
 39 
 39 
 39 
 39 
 39 
 39 
 39 
 39 
 39 
 39 
 39 
 39 
 39 
 39 
 39 
 39 
 39 
 39 
 39 
 39 
 39 
 39 
 39 
 39 
 39 
 39 
 39 
 39 
 39 
 39 
 39 
 39 
 39 
 39 
 39 
 39 
 39 
 39 
 39 
 39 
 39 
 39 
 39 
 39 
 39 
 39 
 39 
 39 
 39 
 39 
 39 
 39 
 39 
 39 
 39 
 39 
 39 
 39 
 39 
 39 
 39 
 39 
 39 
 39 
 39 
 39 
 39 
 39 
 39 
 39 
 39 
 39 
 39 
 39 
 39 
 39 
 39 
 39 
 39 
 39 
 39 
 39 
 39 
 39 
 39 
 39 
 39 
 39 
 39 
 39 
 39 
 39 
 39 
 39 
 39 
 39 
 39 
 39 
 39 
 39 
 39 
 39 
 39 
 39 
 39 
 39 
 39 
 39 
 39 
 39 
 39 
 39 
 39 
 39 
 39 
 39 
 39 
 39 
 39 
 39 
 39 
 39 
 39 
 39 
 39 
 39 
 39 
 39 
 39 
 39 
 39 
 39 
 39 
 39 
 39 
 39 
 39 
 39 
 39 
 39 
 39 
 39 
 39 
 39 
 39 
 39 
 39 
 39 
 39 
 39 
 39 
 39 
 39 
 39 
 39 
 39 
 39 
 39 
 39 
 39 
 39 
 39 
 39 
 39 
 39 
 39 
 39 
 39 
 39 
 39 
 39 
 39 
 39 
 39 
 39 
 39 
 39 
 39 
 39 
 39 
 39 
 39 
 39 
 39 
 39 
 39 
 39 
 39 
 39 
 39 
 39 
 39 
 39 
 39 
 39 
 39 
 39 
 39 
 39 
 39 
 39 
 39 
 39 
 39 
 39 
 39 
 39 
 39 
 39 
 39 
 39 
 39 
 39 
 39 
 39 
 39 
 39 
 39 
 39 
 39 
 39 
 39 
 39 
 39 
 39 
 39 
 39 
 39 
 39 
 39 
 39 
 39 
 39 
 39 
 39 
 39 
 39 
 39 
 39 
 39 
 39 
 39 
 39 
 39 
 39 
 39 
 39 
 39 
 39 
 39 
 39 
 39 
 39 
 39 
 39 
 39 
 39 
 39 
 39 
 39 
 39 
 39 
 39 
 39 
 39 
 39 
 39 
 39 
 39 
 39 
 39 
 39 
 39 
 39 
 39 
 39 
 39 
 39 
 39 
 39 
 39 
 39 
 39 
 39 
 39 
 39 
 39 
 39 
 39 
 39 
 39 
 39 
 39 
 39 
 39 
 39 
 39 
 39 
 39 
 39 
 39 
 39 
 39 
 39 
 39 
 39 
 39 
 39 
 39 
 39 
 39 
 39 
 39 
 39 
 39 
 39 
 39 
 39 
 39 
 39 
 39 
 39 
 39 
 39 
 39 
 39 
 39 
 39 
 39 
 39 
 39 
 39 
 39 
 39 
 39 
 39 
 39 
 39 
 39 
 39 
 39 
 39 
 39 
 39 
 39 
 39 
 39 
 39 
 39 
 39 
 39 
 39 
 39 
 39 
 39 
 39 
 39 
 39 
 39 
 39 
 39 
 39 
 39 
 39 
 39 
 39 
 39 
 39 
 39 
 39 
 39 
 39 
 39 
 39 
 39 
 39 
 39 
 39 
 39 
 39 
 39 
 39 
 39 
 39 
 39 
 39 
 39 
 39 
 39 
 39 
 39 
 39 
 39 
 39 
 39 
 39 
 39 
 39 
 39 
 39 
 39 
 39 
 39 
 39 
 39 
 39 
 39 
 39 
 39 
 39 
 39 
 39 
 39 
 39 
 39 
 39 
 39 
 39 
 39 
 39 
 39 
 39 
 39 
 39 
 39 
 39 
 39 
 39 
 39 
 39 
 39 
 39 
 39 
 39 
 39 
 39 
 39 
 39 
 39 
 39 
 39 
 39 
 39 
 39 
 39 
 39 
 39 
 39 
 39 
 39 
 39 
 39 
 39 
 39 
 39 
 39 
 39 
 39 
 39 
 39 
 39 
 39 
 39 
 39 
 39 
 39 
 39 
 39 
 39 
 39 
 39 
 39 
 39 
 39 
 39 
 39 
 39 
 39 
 39 
 39 
 39 
 39 
 39 
 39 
 39 
 39 
 39 
 39 
 39 
 39 
 39 
 39 
 39 
 39 
 39 
 39 
 39 
 39 
 39 
 39 
 39 
 39 
 39 
 39 
 39 
 39 
 39 
 39 
 39 
 39 
 39 
 39 
 39 
 39 
 39 
 39 
 39 
 39 
 39 
 39 
 39 
 39 
 39 
 39 
 39 
 39 
 39 
 39 
 39 
 39 
 39 
 39 
 39 
 39 
 39 
 39 
 39 
 39 
 39 
 39 
 39 
 39 
 39 
 39 
 39 
 39 
 39 
 39 
 39 
 39 
 39 
 39 
 39 
 39 
 39 
 39 
 39 
 39 
 39 
 39 
 39 
 39 
 39 
 39 
 39 
 39 
 39 
 39 
 39 
 39 
 39 
 39 
 39 
 39 
 39 
 39 
 39 
 39 
 39 
 39 
 39 
 39 
 39 
 39 
 39 
 39 
 39 
 39 
 39 
 39 
 39 
 39 
 39 
 39 
 39 
 39 
 39 
 39 
 39 
 39 
 39 
 39 
 39 
 39 
 39 
 39 
 39 
 39 
 39 
 39 
 39 
 39 
 39 
 39 
 39 
 39 
 39 
 39 
 39 
 39 
 39 
 39 
 39 
 39 
 39 
 39 
 39 
 39 
 39 
 39 
 39 
 39 
 39 
 39 
 39 
 39 
 39 
 39 
 39 
 39 
 39 
 39 
 39 
 39 
 39 
 39 
 39 
 39 
 39 
 39 
 39 
 39 
 39 
 39 
 39 
 39 
 39 
 39 
 39 
 39 
 39 
 39 
 39 
 39 
 39 
 39 
 39 
 39 
 39 
 39 
 39 
 39 
 39 
 39 
 39 
 39 
 39 
 39 
 39 
 39 
 39 
 39 
 39 
 39 
 39 
 39 
 39 
 39 
 39 
 39 
 39 
 39 
 39 
 39 
 39 
 39 
 39 
 39 
 39 
 39 
 39 
 39 
 39 
 39 
 39 
 39 
 39 
 39 
 39 
 39 
 39 
 39 
 39 
 39 
 39 
 39 
 39 
 39 
 39 
 39 
 39 
 39 
 39 
 39 
 39 
 39 
 39 
 39 
 39 
 39 
 39 
 39 
 39 
 39 
 39 
 39 
 39 
 39 
 39 
 39 
 39 
 39 
 39 
 39 
 39 
 39 
 39 
 39 
 39 
 39 
 39 
 39 
 39 
 39 
 39 
 39 
 39 
 39 
 39 
 39 
 39 
 39 
 39 
 39 
 39 
 39 
 39 
 39 
 39 
 39 
 39 
 39 
 39 
 39 
 39 
 39 
 39 
 39 
 39 
 39 
 39 
 39 
 39 
 39 
 39 
 39 
 39 
 39 
 39 
 39 
 39 
 39 
 39 
 39 
 39 
 39 
 39 
 39 
 39 
 39 
 39 
 39 
 39 
 39 
 39 
 39 
 39 
 39 
 39 
 39 
 39 
 39 
 39 
 39 
 39 
 39 
 39 
 39 
 39 
 39 
 39 
 39 
 39 
 39 
 39 
 39 
 39 
 39 
 39 
 39 
 39 
 39 
 39 
 39 
 39 
 39 
 39 
 39 
 39 
 39 
 39 
 39 
 39 
 39 
 39 
 39 
 39 
 39 
 39 
 39 
 39 
 39 
 39 
 39 
 39 
 39 
 39 
 39 
 39 
 39 
 39 
 39 
 39 
 39 
 39 
 39 
 39 
 39 
 39 
 39 
 39 
 39 
 39 
 39 
 39 
 39 
 39 
 39 
 39 
 39 
 39 
 39 
 39 
 39 
 39 
 39 
 39 
 39 
 39 
 39 
 39 
 39 
 39 
 39 
 39 
 39 
 39 
 39 
 39 
 39 
 39 
 39 
 39 
 39 
 39 
 39 
 39 
 39 
 39 
 39 
 39 
 39 
 39 
 39 
 39 
 39 
 39 
 39 
 39 
 39 
 39 
 39 
 39 
 39 
 39 
 39 
 39 
 39 
 39 
 39 
 39 
 39 
 39 
 edgeUsage
0 1 0 
 1 0 0 
 1 1 0 
 1 1 1 
 0 1 0 
 1 0 0 
 1 1 0 
 1 1 1 
 0 1 0 
 1 0 0 
 1 1 0 
 1 1 1 
 0 1 0 
 1 0 0 
 1 1 0 
 1 1 1 
 0 1 0 
 1 0 0 
 1 1 0 
 1 1 1 
 0 1 0 
 1 0 0 
 1 1 0 
 1 1 1 
 0 1 0 
 1 0 0 
 1 1 0 
 1 1 1 
 0 1 0 
 1 0 0 
 1 1 0 
 1 1 1 
 0 1 0 
 1 0 0 
 1 1 0 
 1 1 1 
 0 1 0 
 1 0 0 
 1 1 0 
 1 1 1 
 0 1 0 
 1 0 0 
 1 1 0 
 1 1 1 
 0 1 0 
 1 0 0 
 1 1 0 
 1 1 1 
 1 0 0 
 0 1 0 
 0 0 0 
 1 1 1 
 0 1 0 
 1 0 0 
 1 1 0 
 1 1 1 
 0 1 0 
 1 0 0 
 1 1 0 
 1 1 1 
 0 1 0 
 1 0 0 
 1 1 0 
 1 1 1 
 0 1 0 
 1 0 0 
 1 1 0 
 1 1 1 
 0 1 0 
 1 0 0 
 1 1 0 
 1 1 1 
 0 1 0 
 1 0 0 
 1 1 0 
 1 1 1 
 0 1 0 
 1 0 0 
 1 1 0 
 1 1 1 
 1 0 0 
 0 1 0 
 0 0 0 
 1 1 1 
 0 1 0 
 1 0 0 
 1 1 0 
 1 1 1 
 1 0 0 
 0 1 0 
 0 0 0 
 1 1 1 
 0 1 0 
 1 0 0 
 1 1 0 
 1 1 1 
 0 1 0 
 1 0 0 
 1 1 0 
 1 1 1 
 0 1 0 
 1 0 0 
 1 1 0 
 1 1 1 
 1 0 0 
 0 1 0 
 0 0 0 
 1 1 1 
 0 1 0 
 1 0 0 
 1 1 0 
 1 1 1 
 1 0 0 
 0 1 0 
 0 0 0 
 1 1 1 
 0 1 0 
 1 0 0 
 1 1 0 
 1 1 1 
 0 1 0 
 1 0 0 
 1 1 0 
 1 1 1 
 0 1 0 
 1 0 0 
 1 1 0 
 1 1 1 
 1 0 0 
 0 1 0 
 0 0 0 
 1 1 1 
 0 1 0 
 1 0 0 
 1 1 0 
 1 1 1 
 1 0 0 
 0 1 0 
 0 0 0 
 1 1 1 
 1 0 0 
 0 1 0 
 0 0 0 
 1 1 1 
 0 1 0 
 1 0 0 
 1 1 0 
 1 1 1 
 0 1 0 
 1 0 0 
 1 1 0 
 1 1 1 
 0 1 0 
 1 0 0 
 1 1 0 
 1 1 1 
 0 1 0 
 1 0 0 
 1 1 0 
 1 1 1 
 1 0 0 
 0 1 0 
 0 0 0 
 1 1 1 
 0 1 0 
 1 0 0 
 1 1 0 
 1 1 1 
 1 0 0 
 0 1 0 
 0 0 0 
 1 1 1 
 1 0 0 
 0 1 0 
 0 0 0 
 1 1 1 
 1 0 0 
 0 1 0 
 0 0 0 
 1 1 1 
 0 1 0 
 1 0 0 
 1 1 0 
 1 1 1 
 1 0 0 
 0 1 0 
 0 0 0 
 1 1 1 
 1 0 0 
 0 1 0 
 0 0 0 
 1 1 1 
 0 1 0 
 1 0 0 
 1 1 0 
 1 1 1 
 0 1 0 
 1 0 0 
 1 1 0 
 1 1 1 
 0 1 0 
 1 0 0 
 1 1 0 
 1 1 1 
 0 1 0 
 1 0 0 
 1 1 0 
 1 1 1 
 1 0 0 
 0 1 0 
 0 0 0 
 1 1 1 
 1 0 0 
 0 1 0 
 0 0 0 
 1 1 1 
 0 1 0 
 1 0 0 
 1 1 0 
 1 1 1 
 0 1 0 
 0 0 0 
 1 0 0 
 1 1 1 
 1 1 0 
 1 1 0 
 1 1 0 
 1 1 1 
 0 0 0 
 0 0 0 
 0 0 0 
 1 1 1 
 1 0 0 
 0 1 0 
 0 0 0 
 1 1 1 
 0 1 0 
 1 0 0 
 1 1 0 
 1 1 1 
 0 1 0 
 1 0 0 
 1 1 0 
 1 1 1 
 1 0 0 
 1 1 0 
 0 1 0 
 1 1 1 
 0 0 0 
 0 0 0 
 0 0 0 
 1 1 1 
 1 0 0 
 1 1 0 
 0 1 0 
 1 1 1 
 0 0 0 
 1 0 0 
 0 1 0 
 1 1 1 
 1 0 0 
 0 1 0 
 0 0 0 
 1 1 1 
 0 1 0 
 1 0 0 
 1 1 0 
 1 1 1 
 1 1 0 
 1 1 0 
 1 1 0 
 1 1 1 
 0 0 0 
 0 0 0 
 0 0 0 
 1 1 1 
 EdgeNode 
1 7 161 162 
 7 6 163 164 
 6 8 165 166 
 8 5 167 168 
 2 13 169 170 
 13 10 171 172 
 10 14 173 174 
 14 9 175 176 
 9 15 177 178 
 15 11 179 180 
 11 16 181 182 
 16 12 183 184 
 12 17 185 186 
 17 1 187 188 
 3 22 189 190 
 22 19 191 192 
 19 23 193 194 
 23 18 195 196 
 18 24 197 198 
 24 20 199 200 
 20 25 201 202 
 25 21 203 204 
 21 26 205 206 
 26 2 207 208 
 4 31 209 210 
 31 28 211 212 
 28 32 213 214 
 32 27 215 216 
 27 33 217 218 
 33 29 219 220 
 29 34 221 222 
 34 30 223 224 
 30 35 225 226 
 35 3 227 228 
 5 39 229 230 
 39 36 231 232 
 36 40 233 234 
 40 37 235 236 
 37 41 237 238 
 41 38 239 240 
 38 42 241 242 
 42 4 243 244 
 12 68 245 246 
 68 43 247 248 
 1 69 249 250 
 69 43 251 252 
 68 17 253 254 
 17 69 255 256 
 69 68 257 258 
 6 70 259 260 
 70 43 261 262 
 69 7 263 264 
 7 70 265 266 
 70 69 267 268 
 12 71 269 270 
 71 44 271 272 
 43 72 273 274 
 72 44 275 276 
 71 68 277 278 
 68 72 279 280 
 72 71 281 282 
 21 73 283 284 
 73 45 285 286 
 2 74 287 288 
 74 45 289 290 
 73 26 291 292 
 26 74 293 294 
 74 73 295 296 
 10 75 297 298 
 75 45 299 300 
 74 13 301 302 
 13 75 303 304 
 75 74 305 306 
 4 76 307 308 
 76 46 309 310 
 28 77 311 312 
 77 46 313 314 
 76 31 315 316 
 31 77 317 318 
 77 76 319 320 
 38 78 321 322 
 78 46 323 324 
 78 42 325 326 
 42 76 327 328 
 76 78 329 330 
 3 79 331 332 
 79 47 333 334 
 19 80 335 336 
 80 47 337 338 
 79 22 339 340 
 22 80 341 342 
 80 79 343 344 
 30 81 345 346 
 81 47 347 348 
 81 35 349 350 
 35 79 351 352 
 79 81 353 354 
 5 82 355 356 
 82 48 357 358 
 36 83 359 360 
 83 48 361 362 
 82 39 363 364 
 39 83 365 366 
 83 82 367 368 
 6 84 369 370 
 84 48 371 372 
 84 8 373 374 
 8 82 375 376 
 82 84 377 378 
 9 85 379 380 
 85 49 381 382 
 11 86 383 384 
 86 49 385 386 
 85 15 387 388 
 15 86 389 390 
 86 85 391 392 
 10 87 393 394 
 87 49 395 396 
 45 88 397 398 
 88 49 399 400 
 87 88 401 402 
 88 75 403 404 
 75 87 405 406 
 87 14 407 408 
 14 85 409 410 
 85 87 411 412 
 18 89 413 414 
 89 50 415 416 
 20 90 417 418 
 90 50 419 420 
 89 24 421 422 
 24 90 423 424 
 90 89 425 426 
 21 91 427 428 
 91 50 429 430 
 90 25 431 432 
 25 91 433 434 
 91 90 435 436 
 37 92 437 438 
 92 51 439 440 
 38 93 441 442 
 93 51 443 444 
 92 41 445 446 
 41 93 447 448 
 93 92 449 450 
 46 94 451 452 
 94 51 453 454 
 93 78 455 456 
 78 94 457 458 
 94 93 459 460 
 27 95 461 462 
 95 52 463 464 
 29 96 465 466 
 96 52 467 468 
 95 33 469 470 
 33 96 471 472 
 96 95 473 474 
 18 97 475 476 
 97 54 477 478 
 50 98 479 480 
 98 54 481 482 
 97 89 483 484 
 89 98 485 486 
 98 97 487 488 
 19 99 489 490 
 99 54 491 492 
 47 100 493 494 
 100 54 495 496 
 99 100 497 498 
 100 80 499 500 
 80 99 501 502 
 99 23 503 504 
 23 97 505 506 
 97 99 507 508 
 36 101 509 510 
 101 55 511 512 
 48 102 513 514 
 102 55 515 516 
 101 102 517 518 
 102 83 519 520 
 83 101 521 522 
 37 103 523 524 
 103 55 525 526 
 101 40 527 528 
 40 103 529 530 
 103 101 531 532 
 51 104 533 534 
 104 55 535 536 
 103 92 537 538 
 92 104 539 540 
 104 103 541 542 
 27 105 543 544 
 105 56 545 546 
 52 106 547 548 
 106 56 549 550 
 105 95 551 552 
 95 106 553 554 
 106 105 555 556 
 28 107 557 558 
 107 56 559 560 
 46 108 561 562 
 108 56 563 564 
 107 108 565 566 
 108 77 567 568 
 77 107 569 570 
 107 32 571 572 
 32 105 573 574 
 105 107 575 576 
 29 109 577 578 
 109 57 579 580 
 52 110 581 582 
 110 57 583 584 
 109 110 585 586 
 110 96 587 588 
 96 109 589 590 
 47 111 591 592 
 111 57 593 594 
 54 112 595 596 
 112 57 597 598 
 111 100 599 600 
 100 112 601 602 
 112 111 603 604 
 30 113 605 606 
 113 57 607 608 
 109 34 609 610 
 34 113 611 612 
 113 109 613 614 
 113 81 615 616 
 81 111 617 618 
 111 113 619 620 
 44 114 621 622 
 114 58 623 624 
 53 115 625 626 
 115 58 627 628 
 44 116 629 630 
 116 53 631 632 
 114 115 633 634 
 115 116 635 636 
 116 114 637 638 
 46 117 639 640 
 117 60 641 642 
 56 118 643 644 
 118 60 645 646 
 117 108 647 648 
 108 118 649 650 
 118 117 651 652 
 51 119 653 654 
 119 60 655 656 
 117 119 657 658 
 119 94 659 660 
 94 117 661 662 
 48 120 663 664 
 120 61 665 666 
 58 121 667 668 
 121 61 669 670 
 48 122 671 672 
 122 58 673 674 
 120 121 675 676 
 121 122 677 678 
 122 120 679 680 
 55 123 681 682 
 123 61 683 684 
 120 102 685 686 
 102 123 687 688 
 123 120 689 690 
 53 124 691 692 
 124 62 693 694 
 58 125 695 696 
 125 62 697 698 
 124 115 699 700 
 115 125 701 702 
 125 124 703 704 
 61 126 705 706 
 126 62 707 708 
 125 121 709 710 
 121 126 711 712 
 126 125 713 714 
 52 127 715 716 
 127 63 717 718 
 57 128 719 720 
 128 63 721 722 
 127 110 723 724 
 110 128 725 726 
 128 127 727 728 
 50 129 729 730 
 129 64 731 732 
 54 130 733 734 
 130 64 735 736 
 129 130 737 738 
 130 98 739 740 
 98 129 741 742 
 59 131 743 744 
 131 64 745 746 
 59 132 747 748 
 132 63 749 750 
 63 133 751 752 
 133 64 753 754 
 131 132 755 756 
 132 133 757 758 
 133 131 759 760 
 57 134 761 762 
 134 64 763 764 
 134 133 765 766 
 133 128 767 768 
 128 134 769 770 
 130 134 771 772 
 134 112 773 774 
 112 130 775 776 
 55 135 777 778 
 135 65 779 780 
 61 136 781 782 
 136 65 783 784 
 135 136 785 786 
 136 123 787 788 
 123 135 789 790 
 51 137 791 792 
 137 65 793 794 
 60 138 795 796 
 138 65 797 798 
 137 119 799 800 
 119 138 801 802 
 138 137 803 804 
 137 135 805 806 
 135 104 807 808 
 104 137 809 810 
 59 139 811 812 
 139 65 813 814 
 63 140 815 816 
 140 65 817 818 
 139 140 819 820 
 140 132 821 822 
 132 139 823 824 
 60 141 825 826 
 141 63 827 828 
 138 141 829 830 
 141 140 831 832 
 140 138 833 834 
 45 142 835 836 
 142 66 837 838 
 49 143 839 840 
 143 66 841 842 
 142 88 843 844 
 88 143 845 846 
 143 142 847 848 
 49 144 849 850 
 144 53 851 852 
 53 145 853 854 
 145 66 855 856 
 143 144 857 858 
 144 145 859 860 
 145 143 861 862 
 62 146 863 864 
 146 66 865 866 
 145 124 867 868 
 124 146 869 870 
 146 145 871 872 
 59 147 873 874 
 147 66 875 876 
 59 148 877 878 
 148 62 879 880 
 147 146 881 882 
 146 148 883 884 
 148 147 885 886 
 50 149 887 888 
 149 67 889 890 
 64 150 891 892 
 150 67 893 894 
 149 150 895 896 
 150 129 897 898 
 129 149 899 900 
 45 151 901 902 
 151 67 903 904 
 66 152 905 906 
 152 67 907 908 
 151 142 909 910 
 142 152 911 912 
 152 151 913 914 
 43 153 915 916 
 153 48 917 918 
 153 70 919 920 
 70 84 921 922 
 84 153 923 924 
 58 154 925 926 
 154 43 927 928 
 154 153 929 930 
 153 122 931 932 
 122 154 933 934 
 154 114 935 936 
 114 72 937 938 
 72 154 939 940 
 21 155 941 942 
 155 67 943 944 
 155 149 945 946 
 149 91 947 948 
 91 155 949 950 
 155 73 951 952 
 73 151 953 954 
 151 155 955 956 
 11 156 957 958 
 156 44 959 960 
 156 16 961 962 
 16 71 963 964 
 71 156 965 966 
 60 157 967 968 
 157 52 969 970 
 157 127 971 972 
 127 141 973 974 
 141 157 975 976 
 157 118 977 978 
 118 106 979 980 
 106 157 981 982 
 59 158 983 984 
 158 61 985 986 
 158 136 987 988 
 136 139 989 990 
 139 158 991 992 
 158 148 993 994 
 148 126 995 996 
 126 158 997 998 
 59 159 999 1000 
 159 67 1001 1002 
 159 152 1003 1004 
 152 147 1005 1006 
 147 159 1007 1008 
 159 131 1009 1010 
 131 150 1011 1012 
 150 159 1013 1014 
 53 160 1015 1016 
 160 11 1017 1018 
 160 156 1019 1020 
 156 116 1021 1022 
 116 160 1023 1024 
 160 144 1025 1026 
 144 86 1027 1028 
 86 160 1029 1030 
 bcElement 42
6 101 3 
7 101 1 
42 101 3 
43 101 1 
38 6 3 
39 6 1 
94 6 3 
95 6 1 
66 6 3 
67 6 1 
26 6 3 
27 6 1 
22 11 3 
23 11 1 
110 11 3 
111 11 1 
74 11 3 
75 11 1 
122 11 3 
123 11 1 
34 11 3 
35 11 1 
30 16 3 
31 16 1 
86 16 3 
87 16 1 
58 16 3 
59 16 1 
62 16 3 
63 16 1 
14 16 3 
15 16 1 
18 21 3 
19 21 1 
54 21 3 
55 21 1 
46 21 3 
47 21 1 
242 21 3 
243 21 1 
2 21 3 
3 21 1 
