Edge min = 0.023183, max=0.069935, average=0.046662;
Grid_size 1104
Node_size 595
Total_DOF 595
edge_Size 1698
maxDOF 3
Solution_Order
1 
 meshIEN 
203 110 205 
 204 111 203 
 205 85 204 
 205 204 203 
 206 21 30 
 207 110 206 
 30 16 207 
 30 207 206 
 208 111 209 
 31 21 208 
 209 1 31 
 209 31 208 
 203 111 208 
 206 110 203 
 208 21 206 
 208 206 203 
 210 111 204 
 211 112 210 
 204 85 211 
 204 211 210 
 212 7 9 
 209 111 212 
 9 1 209 
 9 209 212 
 213 112 214 
 10 7 213 
 214 6 10 
 214 10 213 
 210 112 213 
 212 111 210 
 213 7 212 
 213 212 210 
 215 113 217 
 216 114 215 
 217 86 216 
 217 216 215 
 218 110 207 
 219 113 218 
 207 16 219 
 207 219 218 
 220 114 221 
 205 110 220 
 221 85 205 
 221 205 220 
 215 114 220 
 218 113 215 
 220 110 218 
 220 218 215 
 222 115 224 
 223 116 222 
 224 87 223 
 224 223 222 
 225 40 49 
 226 115 225 
 49 35 226 
 49 226 225 
 227 116 228 
 50 40 227 
 228 2 50 
 228 50 227 
 222 116 227 
 225 115 222 
 227 40 225 
 227 225 222 
 229 116 223 
 230 117 229 
 223 87 230 
 223 230 229 
 231 17 22 
 228 116 231 
 22 2 228 
 22 228 231 
 232 117 233 
 23 17 232 
 233 14 23 
 233 23 232 
 229 117 232 
 231 116 229 
 232 17 231 
 232 231 229 
 234 118 236 
 235 119 234 
 236 88 235 
 236 235 234 
 237 55 60 
 238 118 237 
 60 4 238 
 60 238 237 
 239 119 240 
 61 55 239 
 240 52 61 
 240 61 239 
 234 119 239 
 237 118 234 
 239 55 237 
 239 237 234 
 241 120 242 
 236 118 241 
 242 88 236 
 242 236 241 
 243 76 83 
 244 120 243 
 83 72 244 
 83 244 243 
 245 118 238 
 84 76 245 
 238 4 84 
 238 84 245 
 241 118 245 
 243 120 241 
 245 76 243 
 245 243 241 
 246 121 248 
 247 122 246 
 248 89 247 
 248 247 246 
 249 36 41 
 250 121 249 
 41 3 250 
 41 250 249 
 251 122 252 
 42 36 251 
 252 33 42 
 252 42 251 
 246 122 251 
 249 121 246 
 251 36 249 
 251 249 246 
 253 123 254 
 248 121 253 
 254 89 248 
 254 248 253 
 255 59 68 
 256 123 255 
 68 54 256 
 68 256 255 
 257 121 250 
 69 59 257 
 250 3 69 
 250 69 257 
 253 121 257 
 255 123 253 
 257 59 255 
 257 255 253 
 258 124 260 
 259 125 258 
 260 90 259 
 260 259 258 
 261 73 77 
 262 124 261 
 77 5 262 
 77 262 261 
 263 125 264 
 78 73 263 
 264 70 78 
 264 78 263 
 258 125 263 
 261 124 258 
 263 73 261 
 263 261 258 
 265 126 266 
 260 124 265 
 266 90 260 
 266 260 265 
 267 8 11 
 268 126 267 
 11 6 268 
 11 268 267 
 269 124 262 
 12 8 269 
 262 5 12 
 262 12 269 
 265 124 269 
 267 126 265 
 269 8 267 
 269 267 265 
 270 127 272 
 271 128 270 
 272 91 271 
 272 271 270 
 273 19 26 
 274 127 273 
 26 13 274 
 26 274 273 
 275 128 276 
 27 19 275 
 276 15 27 
 276 27 275 
 270 128 275 
 273 127 270 
 275 19 273 
 275 273 270 
 277 129 278 
 233 117 277 
 278 14 233 
 278 233 277 
 279 130 281 
 280 129 279 
 281 91 280 
 281 280 279 
 282 117 230 
 283 130 282 
 230 87 283 
 230 283 282 
 277 117 282 
 279 129 277 
 282 130 279 
 282 279 277 
 284 129 280 
 272 127 284 
 280 91 272 
 280 272 284 
 285 18 24 
 278 129 285 
 24 14 278 
 24 278 285 
 286 127 274 
 25 18 286 
 274 13 25 
 274 25 286 
 284 127 286 
 285 129 284 
 286 18 285 
 286 285 284 
 287 131 289 
 288 132 287 
 289 92 288 
 289 288 287 
 290 38 45 
 291 131 290 
 45 32 291 
 45 291 290 
 292 132 293 
 46 38 292 
 293 34 46 
 293 46 292 
 287 132 292 
 290 131 287 
 292 38 290 
 292 290 287 
 294 132 288 
 295 133 294 
 288 92 295 
 288 295 294 
 296 39 47 
 293 132 296 
 47 34 293 
 47 293 296 
 297 133 298 
 48 39 297 
 298 35 48 
 298 48 297 
 294 133 297 
 296 132 294 
 297 39 296 
 297 296 294 
 299 134 301 
 300 135 299 
 301 93 300 
 301 300 299 
 302 75 81 
 303 134 302 
 81 71 303 
 81 303 302 
 304 135 305 
 82 75 304 
 305 72 82 
 305 82 304 
 299 135 304 
 302 134 299 
 304 75 302 
 304 302 299 
 306 135 300 
 307 136 306 
 300 93 307 
 300 307 306 
 308 120 244 
 305 135 308 
 244 72 305 
 244 305 308 
 309 136 310 
 242 120 309 
 310 88 242 
 310 242 309 
 306 136 309 
 308 135 306 
 309 120 308 
 309 308 306 
 311 137 313 
 312 138 311 
 313 94 312 
 313 312 311 
 314 57 64 
 315 137 314 
 64 51 315 
 64 315 314 
 316 138 317 
 65 57 316 
 317 53 65 
 317 65 316 
 311 138 316 
 314 137 311 
 316 57 314 
 316 314 311 
 318 139 320 
 319 140 318 
 320 96 319 
 320 319 318 
 321 131 291 
 322 139 321 
 291 32 322 
 291 322 321 
 323 140 324 
 289 131 323 
 324 92 289 
 324 289 323 
 318 140 323 
 321 139 318 
 323 131 321 
 323 321 318 
 325 141 326 
 252 122 325 
 326 33 252 
 326 252 325 
 327 142 329 
 328 141 327 
 329 96 328 
 329 328 327 
 330 122 247 
 331 142 330 
 247 89 331 
 247 331 330 
 325 122 330 
 327 141 325 
 330 142 327 
 330 327 325 
 332 141 328 
 320 139 332 
 328 96 320 
 328 320 332 
 333 37 43 
 326 141 333 
 43 33 326 
 43 326 333 
 334 139 322 
 44 37 334 
 322 32 44 
 322 44 334 
 332 139 334 
 333 141 332 
 334 37 333 
 334 333 332 
 335 143 336 
 264 125 335 
 336 70 264 
 336 264 335 
 337 144 339 
 338 143 337 
 339 97 338 
 339 338 337 
 340 125 259 
 341 144 340 
 259 90 341 
 259 341 340 
 335 125 340 
 337 143 335 
 340 144 337 
 340 337 335 
 342 143 338 
 343 145 342 
 338 97 343 
 338 343 342 
 344 74 79 
 336 143 344 
 79 70 336 
 79 336 344 
 345 145 346 
 80 74 345 
 346 71 80 
 346 80 345 
 342 145 345 
 344 143 342 
 345 74 344 
 345 344 342 
 347 145 343 
 348 146 347 
 343 97 348 
 343 348 347 
 349 134 303 
 346 145 349 
 303 71 346 
 303 346 349 
 350 146 351 
 301 134 350 
 351 93 301 
 351 301 350 
 347 146 350 
 349 145 347 
 350 134 349 
 350 349 347 
 352 147 354 
 353 148 352 
 354 98 353 
 354 353 352 
 355 137 315 
 356 147 355 
 315 51 356 
 315 356 355 
 357 148 358 
 313 137 357 
 358 94 313 
 358 313 357 
 352 148 357 
 355 147 352 
 357 137 355 
 357 355 352 
 359 149 360 
 240 119 359 
 360 52 240 
 360 240 359 
 361 150 363 
 362 149 361 
 363 98 362 
 363 362 361 
 364 119 235 
 365 150 364 
 235 88 365 
 235 365 364 
 359 119 364 
 361 149 359 
 364 150 361 
 364 361 359 
 366 149 362 
 354 147 366 
 362 98 354 
 362 354 366 
 367 56 62 
 360 149 367 
 62 52 360 
 62 360 367 
 368 147 356 
 63 56 368 
 356 51 63 
 356 63 368 
 366 147 368 
 367 149 366 
 368 56 367 
 368 367 366 
 369 151 370 
 317 138 369 
 370 53 317 
 370 317 369 
 371 152 373 
 372 151 371 
 373 99 372 
 373 372 371 
 374 138 312 
 375 152 374 
 312 94 375 
 312 375 374 
 369 138 374 
 371 151 369 
 374 152 371 
 374 371 369 
 376 153 378 
 377 154 376 
 378 99 377 
 378 377 376 
 379 142 331 
 380 153 379 
 331 89 380 
 331 380 379 
 381 154 382 
 329 142 381 
 382 96 329 
 382 329 381 
 376 154 381 
 379 153 376 
 381 142 379 
 381 379 376 
 383 151 372 
 384 155 383 
 372 99 384 
 372 384 383 
 385 58 66 
 370 151 385 
 66 53 370 
 66 370 385 
 386 155 387 
 67 58 386 
 387 54 67 
 387 67 386 
 383 155 386 
 385 151 383 
 386 58 385 
 386 385 383 
 388 155 384 
 378 153 388 
 384 99 378 
 384 378 388 
 389 123 256 
 387 155 389 
 256 54 387 
 256 387 389 
 390 153 380 
 254 123 390 
 380 89 254 
 380 254 390 
 388 153 390 
 389 155 388 
 390 123 389 
 390 389 388 
 391 156 393 
 392 158 391 
 393 86 392 
 393 392 391 
 394 157 396 
 395 156 394 
 396 100 395 
 396 395 394 
 397 158 399 
 398 157 397 
 399 95 398 
 399 398 397 
 391 158 397 
 394 156 391 
 397 157 394 
 397 394 391 
 400 159 402 
 401 160 400 
 402 102 401 
 402 401 400 
 403 150 365 
 404 159 403 
 365 88 404 
 365 404 403 
 405 160 406 
 363 150 405 
 406 98 363 
 406 363 405 
 400 160 405 
 403 159 400 
 405 150 403 
 405 403 400 
 407 159 404 
 310 136 407 
 404 88 310 
 404 310 407 
 408 161 409 
 402 159 408 
 409 102 402 
 409 402 408 
 410 136 307 
 411 161 410 
 307 93 411 
 307 411 410 
 407 136 410 
 408 159 407 
 410 161 408 
 410 408 407 
 412 162 414 
 413 164 412 
 414 90 413 
 414 413 412 
 415 163 417 
 416 162 415 
 417 103 416 
 417 416 415 
 418 164 420 
 419 163 418 
 420 100 419 
 420 419 418 
 412 164 418 
 415 162 412 
 418 163 415 
 418 415 412 
 421 162 416 
 422 165 421 
 416 103 422 
 416 422 421 
 423 144 341 
 414 162 423 
 341 90 414 
 341 414 423 
 424 165 425 
 339 144 424 
 425 97 339 
 425 339 424 
 421 165 424 
 423 162 421 
 424 144 423 
 424 423 421 
 426 166 428 
 427 167 426 
 428 104 427 
 428 427 426 
 429 157 398 
 430 166 429 
 398 95 430 
 398 430 429 
 431 167 432 
 396 157 431 
 432 100 396 
 432 396 431 
 426 167 431 
 429 166 426 
 431 157 429 
 431 429 426 
 433 167 427 
 434 168 433 
 427 104 434 
 427 434 433 
 435 163 419 
 432 167 435 
 419 100 432 
 419 432 435 
 436 168 437 
 417 163 436 
 437 103 417 
 437 417 436 
 433 168 436 
 435 167 433 
 436 163 435 
 436 435 433 
 438 169 440 
 439 170 438 
 440 105 439 
 440 439 438 
 441 152 375 
 442 169 441 
 375 94 442 
 375 442 441 
 443 170 444 
 373 152 443 
 444 99 373 
 444 373 443 
 438 170 443 
 441 169 438 
 443 152 441 
 443 441 438 
 445 171 446 
 324 140 445 
 446 92 324 
 446 324 445 
 447 172 449 
 448 171 447 
 449 106 448 
 449 448 447 
 450 140 319 
 451 172 450 
 319 96 451 
 319 451 450 
 445 140 450 
 447 171 445 
 450 172 447 
 450 447 445 
 452 173 454 
 453 175 452 
 454 106 453 
 454 453 452 
 455 174 457 
 456 173 455 
 457 101 456 
 457 456 455 
 458 175 460 
 459 174 458 
 460 105 459 
 460 459 458 
 452 175 458 
 455 173 452 
 458 174 455 
 458 455 452 
 461 176 462 
 444 170 461 
 462 99 444 
 462 444 461 
 463 175 453 
 464 176 463 
 453 106 464 
 453 464 463 
 465 170 439 
 460 175 465 
 439 105 460 
 439 460 465 
 461 170 465 
 463 176 461 
 465 175 463 
 465 463 461 
 466 172 451 
 382 154 466 
 451 96 382 
 451 382 466 
 467 176 464 
 449 172 467 
 464 106 449 
 464 449 467 
 468 154 377 
 462 176 468 
 377 99 462 
 377 462 468 
 466 154 468 
 467 172 466 
 468 176 467 
 468 467 466 
 469 177 470 
 425 165 469 
 470 97 425 
 470 425 469 
 471 178 473 
 472 177 471 
 473 107 472 
 473 472 471 
 474 165 422 
 475 178 474 
 422 103 475 
 422 475 474 
 469 165 474 
 471 177 469 
 474 178 471 
 474 471 469 
 476 179 478 
 477 180 476 
 478 107 477 
 478 477 476 
 479 161 411 
 480 179 479 
 411 93 480 
 411 480 479 
 481 180 482 
 409 161 481 
 482 102 409 
 482 409 481 
 476 180 481 
 479 179 476 
 481 161 479 
 481 479 476 
 483 179 480 
 351 146 483 
 480 93 351 
 480 351 483 
 484 177 472 
 478 179 484 
 472 107 478 
 472 478 484 
 485 146 348 
 470 177 485 
 348 97 470 
 348 470 485 
 483 146 485 
 484 179 483 
 485 177 484 
 485 484 483 
 486 181 487 
 457 174 486 
 487 101 457 
 487 457 486 
 488 182 490 
 489 181 488 
 490 107 489 
 490 489 488 
 491 174 459 
 492 182 491 
 459 105 492 
 459 492 491 
 486 174 491 
 488 181 486 
 491 182 488 
 491 488 486 
 493 180 477 
 490 182 493 
 477 107 490 
 477 490 493 
 494 183 495 
 482 180 494 
 495 102 482 
 495 482 494 
 496 182 492 
 497 183 496 
 492 105 497 
 492 497 496 
 493 182 496 
 494 180 493 
 496 183 494 
 496 494 493 
 498 184 500 
 499 185 498 
 500 108 499 
 500 499 498 
 501 130 283 
 502 184 501 
 283 87 502 
 283 502 501 
 503 185 504 
 281 130 503 
 504 91 281 
 504 281 503 
 498 185 503 
 501 184 498 
 503 130 501 
 503 501 498 
 505 185 499 
 506 187 505 
 499 108 506 
 499 506 505 
 507 186 508 
 504 185 507 
 508 91 504 
 508 504 507 
 509 187 511 
 510 186 509 
 511 95 510 
 511 510 509 
 505 187 509 
 507 185 505 
 509 186 507 
 509 507 505 
 512 187 506 
 513 188 512 
 506 108 513 
 506 513 512 
 514 166 430 
 511 187 514 
 430 95 511 
 430 511 514 
 515 188 516 
 428 166 515 
 516 104 428 
 516 428 515 
 512 188 515 
 514 187 512 
 515 166 514 
 515 514 512 
 517 189 519 
 518 190 517 
 519 101 518 
 519 518 517 
 520 188 513 
 521 189 520 
 513 108 521 
 513 521 520 
 522 190 523 
 516 188 522 
 523 104 516 
 523 516 522 
 517 190 522 
 520 189 517 
 522 188 520 
 522 520 517 
 524 191 525 
 446 171 524 
 525 92 446 
 525 446 524 
 526 192 528 
 527 191 526 
 528 109 527 
 528 527 526 
 529 171 448 
 530 192 529 
 448 106 530 
 448 530 529 
 524 171 529 
 526 191 524 
 529 192 526 
 529 526 524 
 531 193 533 
 532 194 531 
 533 109 532 
 533 532 531 
 534 184 502 
 535 193 534 
 502 87 535 
 502 535 534 
 536 194 537 
 500 184 536 
 537 108 500 
 537 500 536 
 531 194 536 
 534 193 531 
 536 184 534 
 536 534 531 
 538 195 539 
 266 126 538 
 539 90 266 
 539 266 538 
 540 112 211 
 541 195 540 
 211 85 541 
 211 541 540 
 542 126 268 
 214 112 542 
 268 6 214 
 268 214 542 
 538 126 542 
 540 195 538 
 542 112 540 
 542 540 538 
 543 196 544 
 420 164 543 
 544 100 420 
 544 420 543 
 545 195 541 
 546 196 545 
 541 85 546 
 541 546 545 
 547 164 413 
 539 195 547 
 413 90 539 
 413 539 547 
 543 164 547 
 545 196 543 
 547 195 545 
 547 545 543 
 548 196 546 
 221 114 548 
 546 85 221 
 546 221 548 
 549 156 395 
 544 196 549 
 395 100 544 
 395 544 549 
 550 114 216 
 393 156 550 
 216 86 393 
 216 393 550 
 548 114 550 
 549 196 548 
 550 156 549 
 550 549 548 
 551 197 552 
 298 133 551 
 552 35 298 
 552 298 551 
 553 191 527 
 554 197 553 
 527 109 554 
 527 554 553 
 555 133 295 
 525 191 555 
 295 92 525 
 295 525 555 
 551 133 555 
 553 197 551 
 555 191 553 
 555 553 551 
 556 197 554 
 533 193 556 
 554 109 533 
 554 533 556 
 557 115 226 
 552 197 557 
 226 35 552 
 226 552 557 
 558 193 535 
 224 115 558 
 535 87 224 
 535 224 558 
 556 193 558 
 557 197 556 
 558 115 557 
 558 557 556 
 559 198 560 
 217 113 559 
 560 86 217 
 560 217 559 
 561 20 28 
 562 198 561 
 28 15 562 
 28 562 561 
 563 113 219 
 29 20 563 
 219 16 29 
 219 29 563 
 559 113 563 
 561 198 559 
 563 20 561 
 563 561 559 
 564 199 565 
 495 183 564 
 565 102 495 
 565 495 564 
 566 169 442 
 567 199 566 
 442 94 567 
 442 567 566 
 568 183 497 
 440 169 568 
 497 105 440 
 497 440 568 
 564 183 568 
 566 199 564 
 568 169 566 
 568 566 564 
 569 199 567 
 358 148 569 
 567 94 358 
 567 358 569 
 570 160 401 
 565 199 570 
 401 102 565 
 401 565 570 
 571 148 353 
 406 160 571 
 353 98 406 
 353 406 571 
 569 148 571 
 570 199 569 
 571 160 570 
 571 570 569 
 572 200 573 
 487 181 572 
 573 101 487 
 573 487 572 
 574 178 475 
 575 200 574 
 475 103 575 
 475 575 574 
 576 181 489 
 473 178 576 
 489 107 473 
 489 473 576 
 572 181 576 
 574 200 572 
 576 178 574 
 576 574 572 
 577 200 575 
 437 168 577 
 575 103 437 
 575 437 577 
 578 190 518 
 573 200 578 
 518 101 573 
 518 573 578 
 579 168 434 
 523 190 579 
 434 104 523 
 434 523 579 
 577 168 579 
 578 200 577 
 579 190 578 
 579 578 577 
 580 201 581 
 519 189 580 
 581 101 519 
 581 519 580 
 582 194 532 
 583 201 582 
 532 109 583 
 532 583 582 
 584 189 521 
 537 194 584 
 521 108 537 
 521 537 584 
 580 189 584 
 582 201 580 
 584 194 582 
 584 582 580 
 585 201 583 
 528 192 585 
 583 109 528 
 583 528 585 
 586 173 456 
 581 201 586 
 456 101 581 
 456 581 586 
 587 192 530 
 454 173 587 
 530 106 454 
 530 454 587 
 585 192 587 
 586 201 585 
 587 173 586 
 587 586 585 
 588 202 589 
 399 158 588 
 589 95 399 
 589 399 588 
 590 198 562 
 591 202 590 
 562 15 591 
 562 591 590 
 592 158 392 
 560 198 592 
 392 86 560 
 392 560 592 
 588 158 592 
 590 202 588 
 592 198 590 
 592 590 588 
 593 202 591 
 276 128 593 
 591 15 276 
 591 276 593 
 594 186 510 
 589 202 594 
 510 95 589 
 510 589 594 
 595 128 271 
 508 186 595 
 271 91 508 
 271 508 595 
 593 128 595 
 594 202 593 
 595 186 594 
 595 594 593 
 solutionIEN 
203 110 205 
 204 111 203 
 205 85 204 
 205 204 203 
 206 21 30 
 207 110 206 
 30 16 207 
 30 207 206 
 208 111 209 
 31 21 208 
 209 1 31 
 209 31 208 
 203 111 208 
 206 110 203 
 208 21 206 
 208 206 203 
 210 111 204 
 211 112 210 
 204 85 211 
 204 211 210 
 212 7 9 
 209 111 212 
 9 1 209 
 9 209 212 
 213 112 214 
 10 7 213 
 214 6 10 
 214 10 213 
 210 112 213 
 212 111 210 
 213 7 212 
 213 212 210 
 215 113 217 
 216 114 215 
 217 86 216 
 217 216 215 
 218 110 207 
 219 113 218 
 207 16 219 
 207 219 218 
 220 114 221 
 205 110 220 
 221 85 205 
 221 205 220 
 215 114 220 
 218 113 215 
 220 110 218 
 220 218 215 
 222 115 224 
 223 116 222 
 224 87 223 
 224 223 222 
 225 40 49 
 226 115 225 
 49 35 226 
 49 226 225 
 227 116 228 
 50 40 227 
 228 2 50 
 228 50 227 
 222 116 227 
 225 115 222 
 227 40 225 
 227 225 222 
 229 116 223 
 230 117 229 
 223 87 230 
 223 230 229 
 231 17 22 
 228 116 231 
 22 2 228 
 22 228 231 
 232 117 233 
 23 17 232 
 233 14 23 
 233 23 232 
 229 117 232 
 231 116 229 
 232 17 231 
 232 231 229 
 234 118 236 
 235 119 234 
 236 88 235 
 236 235 234 
 237 55 60 
 238 118 237 
 60 4 238 
 60 238 237 
 239 119 240 
 61 55 239 
 240 52 61 
 240 61 239 
 234 119 239 
 237 118 234 
 239 55 237 
 239 237 234 
 241 120 242 
 236 118 241 
 242 88 236 
 242 236 241 
 243 76 83 
 244 120 243 
 83 72 244 
 83 244 243 
 245 118 238 
 84 76 245 
 238 4 84 
 238 84 245 
 241 118 245 
 243 120 241 
 245 76 243 
 245 243 241 
 246 121 248 
 247 122 246 
 248 89 247 
 248 247 246 
 249 36 41 
 250 121 249 
 41 3 250 
 41 250 249 
 251 122 252 
 42 36 251 
 252 33 42 
 252 42 251 
 246 122 251 
 249 121 246 
 251 36 249 
 251 249 246 
 253 123 254 
 248 121 253 
 254 89 248 
 254 248 253 
 255 59 68 
 256 123 255 
 68 54 256 
 68 256 255 
 257 121 250 
 69 59 257 
 250 3 69 
 250 69 257 
 253 121 257 
 255 123 253 
 257 59 255 
 257 255 253 
 258 124 260 
 259 125 258 
 260 90 259 
 260 259 258 
 261 73 77 
 262 124 261 
 77 5 262 
 77 262 261 
 263 125 264 
 78 73 263 
 264 70 78 
 264 78 263 
 258 125 263 
 261 124 258 
 263 73 261 
 263 261 258 
 265 126 266 
 260 124 265 
 266 90 260 
 266 260 265 
 267 8 11 
 268 126 267 
 11 6 268 
 11 268 267 
 269 124 262 
 12 8 269 
 262 5 12 
 262 12 269 
 265 124 269 
 267 126 265 
 269 8 267 
 269 267 265 
 270 127 272 
 271 128 270 
 272 91 271 
 272 271 270 
 273 19 26 
 274 127 273 
 26 13 274 
 26 274 273 
 275 128 276 
 27 19 275 
 276 15 27 
 276 27 275 
 270 128 275 
 273 127 270 
 275 19 273 
 275 273 270 
 277 129 278 
 233 117 277 
 278 14 233 
 278 233 277 
 279 130 281 
 280 129 279 
 281 91 280 
 281 280 279 
 282 117 230 
 283 130 282 
 230 87 283 
 230 283 282 
 277 117 282 
 279 129 277 
 282 130 279 
 282 279 277 
 284 129 280 
 272 127 284 
 280 91 272 
 280 272 284 
 285 18 24 
 278 129 285 
 24 14 278 
 24 278 285 
 286 127 274 
 25 18 286 
 274 13 25 
 274 25 286 
 284 127 286 
 285 129 284 
 286 18 285 
 286 285 284 
 287 131 289 
 288 132 287 
 289 92 288 
 289 288 287 
 290 38 45 
 291 131 290 
 45 32 291 
 45 291 290 
 292 132 293 
 46 38 292 
 293 34 46 
 293 46 292 
 287 132 292 
 290 131 287 
 292 38 290 
 292 290 287 
 294 132 288 
 295 133 294 
 288 92 295 
 288 295 294 
 296 39 47 
 293 132 296 
 47 34 293 
 47 293 296 
 297 133 298 
 48 39 297 
 298 35 48 
 298 48 297 
 294 133 297 
 296 132 294 
 297 39 296 
 297 296 294 
 299 134 301 
 300 135 299 
 301 93 300 
 301 300 299 
 302 75 81 
 303 134 302 
 81 71 303 
 81 303 302 
 304 135 305 
 82 75 304 
 305 72 82 
 305 82 304 
 299 135 304 
 302 134 299 
 304 75 302 
 304 302 299 
 306 135 300 
 307 136 306 
 300 93 307 
 300 307 306 
 308 120 244 
 305 135 308 
 244 72 305 
 244 305 308 
 309 136 310 
 242 120 309 
 310 88 242 
 310 242 309 
 306 136 309 
 308 135 306 
 309 120 308 
 309 308 306 
 311 137 313 
 312 138 311 
 313 94 312 
 313 312 311 
 314 57 64 
 315 137 314 
 64 51 315 
 64 315 314 
 316 138 317 
 65 57 316 
 317 53 65 
 317 65 316 
 311 138 316 
 314 137 311 
 316 57 314 
 316 314 311 
 318 139 320 
 319 140 318 
 320 96 319 
 320 319 318 
 321 131 291 
 322 139 321 
 291 32 322 
 291 322 321 
 323 140 324 
 289 131 323 
 324 92 289 
 324 289 323 
 318 140 323 
 321 139 318 
 323 131 321 
 323 321 318 
 325 141 326 
 252 122 325 
 326 33 252 
 326 252 325 
 327 142 329 
 328 141 327 
 329 96 328 
 329 328 327 
 330 122 247 
 331 142 330 
 247 89 331 
 247 331 330 
 325 122 330 
 327 141 325 
 330 142 327 
 330 327 325 
 332 141 328 
 320 139 332 
 328 96 320 
 328 320 332 
 333 37 43 
 326 141 333 
 43 33 326 
 43 326 333 
 334 139 322 
 44 37 334 
 322 32 44 
 322 44 334 
 332 139 334 
 333 141 332 
 334 37 333 
 334 333 332 
 335 143 336 
 264 125 335 
 336 70 264 
 336 264 335 
 337 144 339 
 338 143 337 
 339 97 338 
 339 338 337 
 340 125 259 
 341 144 340 
 259 90 341 
 259 341 340 
 335 125 340 
 337 143 335 
 340 144 337 
 340 337 335 
 342 143 338 
 343 145 342 
 338 97 343 
 338 343 342 
 344 74 79 
 336 143 344 
 79 70 336 
 79 336 344 
 345 145 346 
 80 74 345 
 346 71 80 
 346 80 345 
 342 145 345 
 344 143 342 
 345 74 344 
 345 344 342 
 347 145 343 
 348 146 347 
 343 97 348 
 343 348 347 
 349 134 303 
 346 145 349 
 303 71 346 
 303 346 349 
 350 146 351 
 301 134 350 
 351 93 301 
 351 301 350 
 347 146 350 
 349 145 347 
 350 134 349 
 350 349 347 
 352 147 354 
 353 148 352 
 354 98 353 
 354 353 352 
 355 137 315 
 356 147 355 
 315 51 356 
 315 356 355 
 357 148 358 
 313 137 357 
 358 94 313 
 358 313 357 
 352 148 357 
 355 147 352 
 357 137 355 
 357 355 352 
 359 149 360 
 240 119 359 
 360 52 240 
 360 240 359 
 361 150 363 
 362 149 361 
 363 98 362 
 363 362 361 
 364 119 235 
 365 150 364 
 235 88 365 
 235 365 364 
 359 119 364 
 361 149 359 
 364 150 361 
 364 361 359 
 366 149 362 
 354 147 366 
 362 98 354 
 362 354 366 
 367 56 62 
 360 149 367 
 62 52 360 
 62 360 367 
 368 147 356 
 63 56 368 
 356 51 63 
 356 63 368 
 366 147 368 
 367 149 366 
 368 56 367 
 368 367 366 
 369 151 370 
 317 138 369 
 370 53 317 
 370 317 369 
 371 152 373 
 372 151 371 
 373 99 372 
 373 372 371 
 374 138 312 
 375 152 374 
 312 94 375 
 312 375 374 
 369 138 374 
 371 151 369 
 374 152 371 
 374 371 369 
 376 153 378 
 377 154 376 
 378 99 377 
 378 377 376 
 379 142 331 
 380 153 379 
 331 89 380 
 331 380 379 
 381 154 382 
 329 142 381 
 382 96 329 
 382 329 381 
 376 154 381 
 379 153 376 
 381 142 379 
 381 379 376 
 383 151 372 
 384 155 383 
 372 99 384 
 372 384 383 
 385 58 66 
 370 151 385 
 66 53 370 
 66 370 385 
 386 155 387 
 67 58 386 
 387 54 67 
 387 67 386 
 383 155 386 
 385 151 383 
 386 58 385 
 386 385 383 
 388 155 384 
 378 153 388 
 384 99 378 
 384 378 388 
 389 123 256 
 387 155 389 
 256 54 387 
 256 387 389 
 390 153 380 
 254 123 390 
 380 89 254 
 380 254 390 
 388 153 390 
 389 155 388 
 390 123 389 
 390 389 388 
 391 156 393 
 392 158 391 
 393 86 392 
 393 392 391 
 394 157 396 
 395 156 394 
 396 100 395 
 396 395 394 
 397 158 399 
 398 157 397 
 399 95 398 
 399 398 397 
 391 158 397 
 394 156 391 
 397 157 394 
 397 394 391 
 400 159 402 
 401 160 400 
 402 102 401 
 402 401 400 
 403 150 365 
 404 159 403 
 365 88 404 
 365 404 403 
 405 160 406 
 363 150 405 
 406 98 363 
 406 363 405 
 400 160 405 
 403 159 400 
 405 150 403 
 405 403 400 
 407 159 404 
 310 136 407 
 404 88 310 
 404 310 407 
 408 161 409 
 402 159 408 
 409 102 402 
 409 402 408 
 410 136 307 
 411 161 410 
 307 93 411 
 307 411 410 
 407 136 410 
 408 159 407 
 410 161 408 
 410 408 407 
 412 162 414 
 413 164 412 
 414 90 413 
 414 413 412 
 415 163 417 
 416 162 415 
 417 103 416 
 417 416 415 
 418 164 420 
 419 163 418 
 420 100 419 
 420 419 418 
 412 164 418 
 415 162 412 
 418 163 415 
 418 415 412 
 421 162 416 
 422 165 421 
 416 103 422 
 416 422 421 
 423 144 341 
 414 162 423 
 341 90 414 
 341 414 423 
 424 165 425 
 339 144 424 
 425 97 339 
 425 339 424 
 421 165 424 
 423 162 421 
 424 144 423 
 424 423 421 
 426 166 428 
 427 167 426 
 428 104 427 
 428 427 426 
 429 157 398 
 430 166 429 
 398 95 430 
 398 430 429 
 431 167 432 
 396 157 431 
 432 100 396 
 432 396 431 
 426 167 431 
 429 166 426 
 431 157 429 
 431 429 426 
 433 167 427 
 434 168 433 
 427 104 434 
 427 434 433 
 435 163 419 
 432 167 435 
 419 100 432 
 419 432 435 
 436 168 437 
 417 163 436 
 437 103 417 
 437 417 436 
 433 168 436 
 435 167 433 
 436 163 435 
 436 435 433 
 438 169 440 
 439 170 438 
 440 105 439 
 440 439 438 
 441 152 375 
 442 169 441 
 375 94 442 
 375 442 441 
 443 170 444 
 373 152 443 
 444 99 373 
 444 373 443 
 438 170 443 
 441 169 438 
 443 152 441 
 443 441 438 
 445 171 446 
 324 140 445 
 446 92 324 
 446 324 445 
 447 172 449 
 448 171 447 
 449 106 448 
 449 448 447 
 450 140 319 
 451 172 450 
 319 96 451 
 319 451 450 
 445 140 450 
 447 171 445 
 450 172 447 
 450 447 445 
 452 173 454 
 453 175 452 
 454 106 453 
 454 453 452 
 455 174 457 
 456 173 455 
 457 101 456 
 457 456 455 
 458 175 460 
 459 174 458 
 460 105 459 
 460 459 458 
 452 175 458 
 455 173 452 
 458 174 455 
 458 455 452 
 461 176 462 
 444 170 461 
 462 99 444 
 462 444 461 
 463 175 453 
 464 176 463 
 453 106 464 
 453 464 463 
 465 170 439 
 460 175 465 
 439 105 460 
 439 460 465 
 461 170 465 
 463 176 461 
 465 175 463 
 465 463 461 
 466 172 451 
 382 154 466 
 451 96 382 
 451 382 466 
 467 176 464 
 449 172 467 
 464 106 449 
 464 449 467 
 468 154 377 
 462 176 468 
 377 99 462 
 377 462 468 
 466 154 468 
 467 172 466 
 468 176 467 
 468 467 466 
 469 177 470 
 425 165 469 
 470 97 425 
 470 425 469 
 471 178 473 
 472 177 471 
 473 107 472 
 473 472 471 
 474 165 422 
 475 178 474 
 422 103 475 
 422 475 474 
 469 165 474 
 471 177 469 
 474 178 471 
 474 471 469 
 476 179 478 
 477 180 476 
 478 107 477 
 478 477 476 
 479 161 411 
 480 179 479 
 411 93 480 
 411 480 479 
 481 180 482 
 409 161 481 
 482 102 409 
 482 409 481 
 476 180 481 
 479 179 476 
 481 161 479 
 481 479 476 
 483 179 480 
 351 146 483 
 480 93 351 
 480 351 483 
 484 177 472 
 478 179 484 
 472 107 478 
 472 478 484 
 485 146 348 
 470 177 485 
 348 97 470 
 348 470 485 
 483 146 485 
 484 179 483 
 485 177 484 
 485 484 483 
 486 181 487 
 457 174 486 
 487 101 457 
 487 457 486 
 488 182 490 
 489 181 488 
 490 107 489 
 490 489 488 
 491 174 459 
 492 182 491 
 459 105 492 
 459 492 491 
 486 174 491 
 488 181 486 
 491 182 488 
 491 488 486 
 493 180 477 
 490 182 493 
 477 107 490 
 477 490 493 
 494 183 495 
 482 180 494 
 495 102 482 
 495 482 494 
 496 182 492 
 497 183 496 
 492 105 497 
 492 497 496 
 493 182 496 
 494 180 493 
 496 183 494 
 496 494 493 
 498 184 500 
 499 185 498 
 500 108 499 
 500 499 498 
 501 130 283 
 502 184 501 
 283 87 502 
 283 502 501 
 503 185 504 
 281 130 503 
 504 91 281 
 504 281 503 
 498 185 503 
 501 184 498 
 503 130 501 
 503 501 498 
 505 185 499 
 506 187 505 
 499 108 506 
 499 506 505 
 507 186 508 
 504 185 507 
 508 91 504 
 508 504 507 
 509 187 511 
 510 186 509 
 511 95 510 
 511 510 509 
 505 187 509 
 507 185 505 
 509 186 507 
 509 507 505 
 512 187 506 
 513 188 512 
 506 108 513 
 506 513 512 
 514 166 430 
 511 187 514 
 430 95 511 
 430 511 514 
 515 188 516 
 428 166 515 
 516 104 428 
 516 428 515 
 512 188 515 
 514 187 512 
 515 166 514 
 515 514 512 
 517 189 519 
 518 190 517 
 519 101 518 
 519 518 517 
 520 188 513 
 521 189 520 
 513 108 521 
 513 521 520 
 522 190 523 
 516 188 522 
 523 104 516 
 523 516 522 
 517 190 522 
 520 189 517 
 522 188 520 
 522 520 517 
 524 191 525 
 446 171 524 
 525 92 446 
 525 446 524 
 526 192 528 
 527 191 526 
 528 109 527 
 528 527 526 
 529 171 448 
 530 192 529 
 448 106 530 
 448 530 529 
 524 171 529 
 526 191 524 
 529 192 526 
 529 526 524 
 531 193 533 
 532 194 531 
 533 109 532 
 533 532 531 
 534 184 502 
 535 193 534 
 502 87 535 
 502 535 534 
 536 194 537 
 500 184 536 
 537 108 500 
 537 500 536 
 531 194 536 
 534 193 531 
 536 184 534 
 536 534 531 
 538 195 539 
 266 126 538 
 539 90 266 
 539 266 538 
 540 112 211 
 541 195 540 
 211 85 541 
 211 541 540 
 542 126 268 
 214 112 542 
 268 6 214 
 268 214 542 
 538 126 542 
 540 195 538 
 542 112 540 
 542 540 538 
 543 196 544 
 420 164 543 
 544 100 420 
 544 420 543 
 545 195 541 
 546 196 545 
 541 85 546 
 541 546 545 
 547 164 413 
 539 195 547 
 413 90 539 
 413 539 547 
 543 164 547 
 545 196 543 
 547 195 545 
 547 545 543 
 548 196 546 
 221 114 548 
 546 85 221 
 546 221 548 
 549 156 395 
 544 196 549 
 395 100 544 
 395 544 549 
 550 114 216 
 393 156 550 
 216 86 393 
 216 393 550 
 548 114 550 
 549 196 548 
 550 156 549 
 550 549 548 
 551 197 552 
 298 133 551 
 552 35 298 
 552 298 551 
 553 191 527 
 554 197 553 
 527 109 554 
 527 554 553 
 555 133 295 
 525 191 555 
 295 92 525 
 295 525 555 
 551 133 555 
 553 197 551 
 555 191 553 
 555 553 551 
 556 197 554 
 533 193 556 
 554 109 533 
 554 533 556 
 557 115 226 
 552 197 557 
 226 35 552 
 226 552 557 
 558 193 535 
 224 115 558 
 535 87 224 
 535 224 558 
 556 193 558 
 557 197 556 
 558 115 557 
 558 557 556 
 559 198 560 
 217 113 559 
 560 86 217 
 560 217 559 
 561 20 28 
 562 198 561 
 28 15 562 
 28 562 561 
 563 113 219 
 29 20 563 
 219 16 29 
 219 29 563 
 559 113 563 
 561 198 559 
 563 20 561 
 563 561 559 
 564 199 565 
 495 183 564 
 565 102 495 
 565 495 564 
 566 169 442 
 567 199 566 
 442 94 567 
 442 567 566 
 568 183 497 
 440 169 568 
 497 105 440 
 497 440 568 
 564 183 568 
 566 199 564 
 568 169 566 
 568 566 564 
 569 199 567 
 358 148 569 
 567 94 358 
 567 358 569 
 570 160 401 
 565 199 570 
 401 102 565 
 401 565 570 
 571 148 353 
 406 160 571 
 353 98 406 
 353 406 571 
 569 148 571 
 570 199 569 
 571 160 570 
 571 570 569 
 572 200 573 
 487 181 572 
 573 101 487 
 573 487 572 
 574 178 475 
 575 200 574 
 475 103 575 
 475 575 574 
 576 181 489 
 473 178 576 
 489 107 473 
 489 473 576 
 572 181 576 
 574 200 572 
 576 178 574 
 576 574 572 
 577 200 575 
 437 168 577 
 575 103 437 
 575 437 577 
 578 190 518 
 573 200 578 
 518 101 573 
 518 573 578 
 579 168 434 
 523 190 579 
 434 104 523 
 434 523 579 
 577 168 579 
 578 200 577 
 579 190 578 
 579 578 577 
 580 201 581 
 519 189 580 
 581 101 519 
 581 519 580 
 582 194 532 
 583 201 582 
 532 109 583 
 532 583 582 
 584 189 521 
 537 194 584 
 521 108 537 
 521 537 584 
 580 189 584 
 582 201 580 
 584 194 582 
 584 582 580 
 585 201 583 
 528 192 585 
 583 109 528 
 583 528 585 
 586 173 456 
 581 201 586 
 456 101 581 
 456 581 586 
 587 192 530 
 454 173 587 
 530 106 454 
 530 454 587 
 585 192 587 
 586 201 585 
 587 173 586 
 587 586 585 
 588 202 589 
 399 158 588 
 589 95 399 
 589 399 588 
 590 198 562 
 591 202 590 
 562 15 591 
 562 591 590 
 592 158 392 
 560 198 592 
 392 86 560 
 392 560 592 
 588 158 592 
 590 202 588 
 592 198 590 
 592 590 588 
 593 202 591 
 276 128 593 
 591 15 276 
 591 276 593 
 594 186 510 
 589 202 594 
 510 95 589 
 510 589 594 
 595 128 271 
 508 186 595 
 271 91 508 
 271 508 595 
 593 128 595 
 594 202 593 
 595 186 594 
 595 594 593 
 solutionOrder
1 1 1 1 
 1 1 1 1 
 1 1 1 1 
 1 1 1 1 
 1 1 1 1 
 1 1 1 1 
 1 1 1 1 
 1 1 1 1 
 1 1 1 1 
 1 1 1 1 
 1 1 1 1 
 1 1 1 1 
 1 1 1 1 
 1 1 1 1 
 1 1 1 1 
 1 1 1 1 
 1 1 1 1 
 1 1 1 1 
 1 1 1 1 
 1 1 1 1 
 1 1 1 1 
 1 1 1 1 
 1 1 1 1 
 1 1 1 1 
 1 1 1 1 
 1 1 1 1 
 1 1 1 1 
 1 1 1 1 
 1 1 1 1 
 1 1 1 1 
 1 1 1 1 
 1 1 1 1 
 1 1 1 1 
 1 1 1 1 
 1 1 1 1 
 1 1 1 1 
 1 1 1 1 
 1 1 1 1 
 1 1 1 1 
 1 1 1 1 
 1 1 1 1 
 1 1 1 1 
 1 1 1 1 
 1 1 1 1 
 1 1 1 1 
 1 1 1 1 
 1 1 1 1 
 1 1 1 1 
 1 1 1 1 
 1 1 1 1 
 1 1 1 1 
 1 1 1 1 
 1 1 1 1 
 1 1 1 1 
 1 1 1 1 
 1 1 1 1 
 1 1 1 1 
 1 1 1 1 
 1 1 1 1 
 1 1 1 1 
 1 1 1 1 
 1 1 1 1 
 1 1 1 1 
 1 1 1 1 
 1 1 1 1 
 1 1 1 1 
 1 1 1 1 
 1 1 1 1 
 1 1 1 1 
 1 1 1 1 
 1 1 1 1 
 1 1 1 1 
 1 1 1 1 
 1 1 1 1 
 1 1 1 1 
 1 1 1 1 
 1 1 1 1 
 1 1 1 1 
 1 1 1 1 
 1 1 1 1 
 1 1 1 1 
 1 1 1 1 
 1 1 1 1 
 1 1 1 1 
 1 1 1 1 
 1 1 1 1 
 1 1 1 1 
 1 1 1 1 
 1 1 1 1 
 1 1 1 1 
 1 1 1 1 
 1 1 1 1 
 1 1 1 1 
 1 1 1 1 
 1 1 1 1 
 1 1 1 1 
 1 1 1 1 
 1 1 1 1 
 1 1 1 1 
 1 1 1 1 
 1 1 1 1 
 1 1 1 1 
 1 1 1 1 
 1 1 1 1 
 1 1 1 1 
 1 1 1 1 
 1 1 1 1 
 1 1 1 1 
 1 1 1 1 
 1 1 1 1 
 1 1 1 1 
 1 1 1 1 
 1 1 1 1 
 1 1 1 1 
 1 1 1 1 
 1 1 1 1 
 1 1 1 1 
 1 1 1 1 
 1 1 1 1 
 1 1 1 1 
 1 1 1 1 
 1 1 1 1 
 1 1 1 1 
 1 1 1 1 
 1 1 1 1 
 1 1 1 1 
 1 1 1 1 
 1 1 1 1 
 1 1 1 1 
 1 1 1 1 
 1 1 1 1 
 1 1 1 1 
 1 1 1 1 
 1 1 1 1 
 1 1 1 1 
 1 1 1 1 
 1 1 1 1 
 1 1 1 1 
 1 1 1 1 
 1 1 1 1 
 1 1 1 1 
 1 1 1 1 
 1 1 1 1 
 1 1 1 1 
 1 1 1 1 
 1 1 1 1 
 1 1 1 1 
 1 1 1 1 
 1 1 1 1 
 1 1 1 1 
 1 1 1 1 
 1 1 1 1 
 1 1 1 1 
 1 1 1 1 
 1 1 1 1 
 1 1 1 1 
 1 1 1 1 
 1 1 1 1 
 1 1 1 1 
 1 1 1 1 
 1 1 1 1 
 1 1 1 1 
 1 1 1 1 
 1 1 1 1 
 1 1 1 1 
 1 1 1 1 
 1 1 1 1 
 1 1 1 1 
 1 1 1 1 
 1 1 1 1 
 1 1 1 1 
 1 1 1 1 
 1 1 1 1 
 1 1 1 1 
 1 1 1 1 
 1 1 1 1 
 1 1 1 1 
 1 1 1 1 
 1 1 1 1 
 1 1 1 1 
 1 1 1 1 
 1 1 1 1 
 1 1 1 1 
 1 1 1 1 
 1 1 1 1 
 1 1 1 1 
 1 1 1 1 
 1 1 1 1 
 1 1 1 1 
 1 1 1 1 
 1 1 1 1 
 1 1 1 1 
 1 1 1 1 
 1 1 1 1 
 1 1 1 1 
 1 1 1 1 
 1 1 1 1 
 1 1 1 1 
 1 1 1 1 
 1 1 1 1 
 1 1 1 1 
 1 1 1 1 
 1 1 1 1 
 1 1 1 1 
 1 1 1 1 
 1 1 1 1 
 1 1 1 1 
 1 1 1 1 
 1 1 1 1 
 1 1 1 1 
 1 1 1 1 
 1 1 1 1 
 1 1 1 1 
 1 1 1 1 
 1 1 1 1 
 1 1 1 1 
 1 1 1 1 
 1 1 1 1 
 1 1 1 1 
 1 1 1 1 
 1 1 1 1 
 1 1 1 1 
 1 1 1 1 
 1 1 1 1 
 1 1 1 1 
 1 1 1 1 
 1 1 1 1 
 1 1 1 1 
 1 1 1 1 
 1 1 1 1 
 1 1 1 1 
 1 1 1 1 
 1 1 1 1 
 1 1 1 1 
 1 1 1 1 
 1 1 1 1 
 1 1 1 1 
 1 1 1 1 
 1 1 1 1 
 1 1 1 1 
 1 1 1 1 
 1 1 1 1 
 1 1 1 1 
 1 1 1 1 
 1 1 1 1 
 1 1 1 1 
 1 1 1 1 
 1 1 1 1 
 1 1 1 1 
 1 1 1 1 
 1 1 1 1 
 1 1 1 1 
 1 1 1 1 
 1 1 1 1 
 1 1 1 1 
 1 1 1 1 
 1 1 1 1 
 1 1 1 1 
 1 1 1 1 
 1 1 1 1 
 1 1 1 1 
 1 1 1 1 
 1 1 1 1 
 1 1 1 1 
 1 1 1 1 
 1 1 1 1 
 1 1 1 1 
 1 1 1 1 
 1 1 1 1 
 1 1 1 1 
 1 1 1 1 
 1 1 1 1 
 1 1 1 1 
 1 1 1 1 
 1 1 1 1 
 1 1 1 1 
 1 1 1 1 
 1 1 1 1 
 1 1 1 1 
 1 1 1 1 
 1 1 1 1 
 1 1 1 1 
 1 1 1 1 
 1 1 1 1 
 1 1 1 1 
 1 1 1 1 
 1 1 1 1 
 1 1 1 1 
 1 1 1 1 
 1 1 1 1 
 1 1 1 1 
 1 1 1 1 
 1 1 1 1 
 1 1 1 1 
 1 1 1 1 
 1 1 1 1 
 1 1 1 1 
 1 1 1 1 
 1 1 1 1 
 1 1 1 1 
 1 1 1 1 
 1 1 1 1 
 1 1 1 1 
 1 1 1 1 
 1 1 1 1 
 1 1 1 1 
 1 1 1 1 
 1 1 1 1 
 1 1 1 1 
 1 1 1 1 
 1 1 1 1 
 1 1 1 1 
 1 1 1 1 
 1 1 1 1 
 1 1 1 1 
 1 1 1 1 
 1 1 1 1 
 1 1 1 1 
 1 1 1 1 
 1 1 1 1 
 1 1 1 1 
 1 1 1 1 
 1 1 1 1 
 1 1 1 1 
 1 1 1 1 
 1 1 1 1 
 1 1 1 1 
 1 1 1 1 
 1 1 1 1 
 1 1 1 1 
 1 1 1 1 
 1 1 1 1 
 1 1 1 1 
 1 1 1 1 
 1 1 1 1 
 1 1 1 1 
 1 1 1 1 
 1 1 1 1 
 1 1 1 1 
 1 1 1 1 
 1 1 1 1 
 1 1 1 1 
 1 1 1 1 
 1 1 1 1 
 1 1 1 1 
 1 1 1 1 
 1 1 1 1 
 1 1 1 1 
 1 1 1 1 
 1 1 1 1 
 1 1 1 1 
 1 1 1 1 
 1 1 1 1 
 1 1 1 1 
 1 1 1 1 
 1 1 1 1 
 1 1 1 1 
 1 1 1 1 
 1 1 1 1 
 1 1 1 1 
 1 1 1 1 
 1 1 1 1 
 1 1 1 1 
 1 1 1 1 
 1 1 1 1 
 1 1 1 1 
 1 1 1 1 
 1 1 1 1 
 1 1 1 1 
 1 1 1 1 
 1 1 1 1 
 1 1 1 1 
 1 1 1 1 
 1 1 1 1 
 1 1 1 1 
 1 1 1 1 
 1 1 1 1 
 1 1 1 1 
 1 1 1 1 
 1 1 1 1 
 1 1 1 1 
 1 1 1 1 
 1 1 1 1 
 1 1 1 1 
 1 1 1 1 
 1 1 1 1 
 1 1 1 1 
 1 1 1 1 
 1 1 1 1 
 1 1 1 1 
 1 1 1 1 
 1 1 1 1 
 1 1 1 1 
 1 1 1 1 
 1 1 1 1 
 1 1 1 1 
 1 1 1 1 
 1 1 1 1 
 1 1 1 1 
 1 1 1 1 
 1 1 1 1 
 1 1 1 1 
 1 1 1 1 
 1 1 1 1 
 1 1 1 1 
 1 1 1 1 
 1 1 1 1 
 1 1 1 1 
 1 1 1 1 
 1 1 1 1 
 1 1 1 1 
 1 1 1 1 
 1 1 1 1 
 1 1 1 1 
 1 1 1 1 
 1 1 1 1 
 1 1 1 1 
 1 1 1 1 
 1 1 1 1 
 1 1 1 1 
 1 1 1 1 
 1 1 1 1 
 1 1 1 1 
 1 1 1 1 
 1 1 1 1 
 1 1 1 1 
 1 1 1 1 
 1 1 1 1 
 1 1 1 1 
 1 1 1 1 
 1 1 1 1 
 1 1 1 1 
 1 1 1 1 
 1 1 1 1 
 1 1 1 1 
 1 1 1 1 
 1 1 1 1 
 1 1 1 1 
 1 1 1 1 
 1 1 1 1 
 1 1 1 1 
 1 1 1 1 
 1 1 1 1 
 1 1 1 1 
 1 1 1 1 
 1 1 1 1 
 1 1 1 1 
 1 1 1 1 
 1 1 1 1 
 1 1 1 1 
 1 1 1 1 
 1 1 1 1 
 1 1 1 1 
 1 1 1 1 
 1 1 1 1 
 1 1 1 1 
 1 1 1 1 
 1 1 1 1 
 1 1 1 1 
 1 1 1 1 
 1 1 1 1 
 1 1 1 1 
 1 1 1 1 
 1 1 1 1 
 1 1 1 1 
 1 1 1 1 
 1 1 1 1 
 1 1 1 1 
 1 1 1 1 
 1 1 1 1 
 1 1 1 1 
 1 1 1 1 
 1 1 1 1 
 1 1 1 1 
 1 1 1 1 
 1 1 1 1 
 1 1 1 1 
 1 1 1 1 
 1 1 1 1 
 1 1 1 1 
 1 1 1 1 
 1 1 1 1 
 1 1 1 1 
 1 1 1 1 
 1 1 1 1 
 1 1 1 1 
 1 1 1 1 
 1 1 1 1 
 1 1 1 1 
 1 1 1 1 
 1 1 1 1 
 1 1 1 1 
 1 1 1 1 
 1 1 1 1 
 1 1 1 1 
 1 1 1 1 
 1 1 1 1 
 1 1 1 1 
 1 1 1 1 
 1 1 1 1 
 1 1 1 1 
 1 1 1 1 
 1 1 1 1 
 1 1 1 1 
 1 1 1 1 
 1 1 1 1 
 1 1 1 1 
 1 1 1 1 
 1 1 1 1 
 1 1 1 1 
 1 1 1 1 
 1 1 1 1 
 1 1 1 1 
 1 1 1 1 
 1 1 1 1 
 1 1 1 1 
 1 1 1 1 
 1 1 1 1 
 1 1 1 1 
 1 1 1 1 
 1 1 1 1 
 1 1 1 1 
 1 1 1 1 
 1 1 1 1 
 1 1 1 1 
 1 1 1 1 
 1 1 1 1 
 1 1 1 1 
 1 1 1 1 
 1 1 1 1 
 1 1 1 1 
 1 1 1 1 
 1 1 1 1 
 1 1 1 1 
 1 1 1 1 
 1 1 1 1 
 1 1 1 1 
 1 1 1 1 
 1 1 1 1 
 1 1 1 1 
 1 1 1 1 
 1 1 1 1 
 1 1 1 1 
 1 1 1 1 
 1 1 1 1 
 1 1 1 1 
 1 1 1 1 
 1 1 1 1 
 1 1 1 1 
 1 1 1 1 
 1 1 1 1 
 1 1 1 1 
 1 1 1 1 
 1 1 1 1 
 1 1 1 1 
 1 1 1 1 
 1 1 1 1 
 1 1 1 1 
 1 1 1 1 
 1 1 1 1 
 1 1 1 1 
 1 1 1 1 
 1 1 1 1 
 1 1 1 1 
 1 1 1 1 
 1 1 1 1 
 1 1 1 1 
 1 1 1 1 
 1 1 1 1 
 1 1 1 1 
 1 1 1 1 
 1 1 1 1 
 1 1 1 1 
 1 1 1 1 
 1 1 1 1 
 1 1 1 1 
 1 1 1 1 
 1 1 1 1 
 1 1 1 1 
 1 1 1 1 
 1 1 1 1 
 1 1 1 1 
 1 1 1 1 
 1 1 1 1 
 1 1 1 1 
 1 1 1 1 
 1 1 1 1 
 1 1 1 1 
 1 1 1 1 
 1 1 1 1 
 1 1 1 1 
 1 1 1 1 
 1 1 1 1 
 1 1 1 1 
 1 1 1 1 
 1 1 1 1 
 1 1 1 1 
 1 1 1 1 
 1 1 1 1 
 1 1 1 1 
 1 1 1 1 
 1 1 1 1 
 1 1 1 1 
 1 1 1 1 
 1 1 1 1 
 1 1 1 1 
 1 1 1 1 
 1 1 1 1 
 1 1 1 1 
 1 1 1 1 
 1 1 1 1 
 1 1 1 1 
 1 1 1 1 
 1 1 1 1 
 1 1 1 1 
 1 1 1 1 
 1 1 1 1 
 1 1 1 1 
 1 1 1 1 
 1 1 1 1 
 1 1 1 1 
 1 1 1 1 
 1 1 1 1 
 1 1 1 1 
 1 1 1 1 
 1 1 1 1 
 1 1 1 1 
 1 1 1 1 
 1 1 1 1 
 1 1 1 1 
 1 1 1 1 
 1 1 1 1 
 1 1 1 1 
 1 1 1 1 
 1 1 1 1 
 1 1 1 1 
 1 1 1 1 
 1 1 1 1 
 1 1 1 1 
 1 1 1 1 
 1 1 1 1 
 1 1 1 1 
 1 1 1 1 
 1 1 1 1 
 1 1 1 1 
 1 1 1 1 
 1 1 1 1 
 1 1 1 1 
 1 1 1 1 
 1 1 1 1 
 1 1 1 1 
 1 1 1 1 
 1 1 1 1 
 1 1 1 1 
 1 1 1 1 
 1 1 1 1 
 1 1 1 1 
 1 1 1 1 
 1 1 1 1 
 1 1 1 1 
 1 1 1 1 
 1 1 1 1 
 1 1 1 1 
 1 1 1 1 
 1 1 1 1 
 1 1 1 1 
 1 1 1 1 
 1 1 1 1 
 1 1 1 1 
 1 1 1 1 
 1 1 1 1 
 1 1 1 1 
 1 1 1 1 
 1 1 1 1 
 1 1 1 1 
 1 1 1 1 
 1 1 1 1 
 1 1 1 1 
 1 1 1 1 
 1 1 1 1 
 1 1 1 1 
 1 1 1 1 
 1 1 1 1 
 1 1 1 1 
 1 1 1 1 
 1 1 1 1 
 1 1 1 1 
 1 1 1 1 
 1 1 1 1 
 1 1 1 1 
 1 1 1 1 
 1 1 1 1 
 1 1 1 1 
 1 1 1 1 
 1 1 1 1 
 1 1 1 1 
 1 1 1 1 
 1 1 1 1 
 1 1 1 1 
 1 1 1 1 
 1 1 1 1 
 1 1 1 1 
 1 1 1 1 
 1 1 1 1 
 1 1 1 1 
 1 1 1 1 
 1 1 1 1 
 1 1 1 1 
 1 1 1 1 
 1 1 1 1 
 1 1 1 1 
 1 1 1 1 
 1 1 1 1 
 1 1 1 1 
 1 1 1 1 
 1 1 1 1 
 1 1 1 1 
 1 1 1 1 
 1 1 1 1 
 1 1 1 1 
 1 1 1 1 
 1 1 1 1 
 1 1 1 1 
 1 1 1 1 
 1 1 1 1 
 1 1 1 1 
 1 1 1 1 
 1 1 1 1 
 1 1 1 1 
 1 1 1 1 
 1 1 1 1 
 1 1 1 1 
 1 1 1 1 
 1 1 1 1 
 1 1 1 1 
 1 1 1 1 
 1 1 1 1 
 1 1 1 1 
 1 1 1 1 
 1 1 1 1 
 1 1 1 1 
 1 1 1 1 
 1 1 1 1 
 1 1 1 1 
 1 1 1 1 
 1 1 1 1 
 1 1 1 1 
 1 1 1 1 
 1 1 1 1 
 1 1 1 1 
 1 1 1 1 
 1 1 1 1 
 1 1 1 1 
 1 1 1 1 
 1 1 1 1 
 1 1 1 1 
 1 1 1 1 
 1 1 1 1 
 1 1 1 1 
 1 1 1 1 
 1 1 1 1 
 1 1 1 1 
 1 1 1 1 
 1 1 1 1 
 1 1 1 1 
 1 1 1 1 
 1 1 1 1 
 1 1 1 1 
 1 1 1 1 
 1 1 1 1 
 1 1 1 1 
 1 1 1 1 
 1 1 1 1 
 1 1 1 1 
 1 1 1 1 
 1 1 1 1 
 1 1 1 1 
 1 1 1 1 
 1 1 1 1 
 1 1 1 1 
 1 1 1 1 
 1 1 1 1 
 1 1 1 1 
 1 1 1 1 
 1 1 1 1 
 1 1 1 1 
 1 1 1 1 
 1 1 1 1 
 1 1 1 1 
 1 1 1 1 
 1 1 1 1 
 1 1 1 1 
 1 1 1 1 
 1 1 1 1 
 1 1 1 1 
 1 1 1 1 
 1 1 1 1 
 1 1 1 1 
 1 1 1 1 
 1 1 1 1 
 1 1 1 1 
 1 1 1 1 
 1 1 1 1 
 1 1 1 1 
 1 1 1 1 
 1 1 1 1 
 1 1 1 1 
 1 1 1 1 
 1 1 1 1 
 1 1 1 1 
 1 1 1 1 
 1 1 1 1 
 1 1 1 1 
 1 1 1 1 
 1 1 1 1 
 1 1 1 1 
 1 1 1 1 
 1 1 1 1 
 1 1 1 1 
 1 1 1 1 
 1 1 1 1 
 1 1 1 1 
 1 1 1 1 
 1 1 1 1 
 1 1 1 1 
 1 1 1 1 
 1 1 1 1 
 1 1 1 1 
 1 1 1 1 
 1 1 1 1 
 1 1 1 1 
 1 1 1 1 
 1 1 1 1 
 1 1 1 1 
 1 1 1 1 
 1 1 1 1 
 1 1 1 1 
 1 1 1 1 
 1 1 1 1 
 1 1 1 1 
 1 1 1 1 
 1 1 1 1 
 1 1 1 1 
 1 1 1 1 
 1 1 1 1 
 1 1 1 1 
 1 1 1 1 
 1 1 1 1 
 1 1 1 1 
 1 1 1 1 
 1 1 1 1 
 1 1 1 1 
 1 1 1 1 
 1 1 1 1 
 1 1 1 1 
 1 1 1 1 
 1 1 1 1 
 1 1 1 1 
 1 1 1 1 
 1 1 1 1 
 1 1 1 1 
 1 1 1 1 
 1 1 1 1 
 1 1 1 1 
 1 1 1 1 
 1 1 1 1 
 1 1 1 1 
 1 1 1 1 
 1 1 1 1 
 1 1 1 1 
 1 1 1 1 
 1 1 1 1 
 1 1 1 1 
 1 1 1 1 
 1 1 1 1 
 1 1 1 1 
 1 1 1 1 
 1 1 1 1 
 1 1 1 1 
 1 1 1 1 
 1 1 1 1 
 1 1 1 1 
 1 1 1 1 
 1 1 1 1 
 1 1 1 1 
 1 1 1 1 
 1 1 1 1 
 1 1 1 1 
 1 1 1 1 
 1 1 1 1 
 1 1 1 1 
 1 1 1 1 
 1 1 1 1 
 1 1 1 1 
 1 1 1 1 
 1 1 1 1 
 1 1 1 1 
 1 1 1 1 
 1 1 1 1 
 1 1 1 1 
 1 1 1 1 
 1 1 1 1 
 1 1 1 1 
 1 1 1 1 
 1 1 1 1 
 1 1 1 1 
 1 1 1 1 
 1 1 1 1 
 1 1 1 1 
 1 1 1 1 
 1 1 1 1 
 1 1 1 1 
 1 1 1 1 
 1 1 1 1 
 1 1 1 1 
 1 1 1 1 
 1 1 1 1 
 1 1 1 1 
 1 1 1 1 
 1 1 1 1 
 1 1 1 1 
 1 1 1 1 
 1 1 1 1 
 1 1 1 1 
 1 1 1 1 
 1 1 1 1 
 1 1 1 1 
 1 1 1 1 
 1 1 1 1 
 1 1 1 1 
 1 1 1 1 
 1 1 1 1 
 1 1 1 1 
 1 1 1 1 
 1 1 1 1 
 1 1 1 1 
 1 1 1 1 
 1 1 1 1 
 1 1 1 1 
 1 1 1 1 
 1 1 1 1 
 1 1 1 1 
 1 1 1 1 
 1 1 1 1 
 1 1 1 1 
 1 1 1 1 
 1 1 1 1 
 1 1 1 1 
 1 1 1 1 
 1 1 1 1 
 1 1 1 1 
 1 1 1 1 
 1 1 1 1 
 1 1 1 1 
 1 1 1 1 
 1 1 1 1 
 1 1 1 1 
 1 1 1 1 
 1 1 1 1 
 1 1 1 1 
 1 1 1 1 
 1 1 1 1 
 1 1 1 1 
 1 1 1 1 
 1 1 1 1 
 1 1 1 1 
 1 1 1 1 
 1 1 1 1 
 1 1 1 1 
 1 1 1 1 
 1 1 1 1 
 1 1 1 1 
 1 1 1 1 
 1 1 1 1 
 1 1 1 1 
 1 1 1 1 
 1 1 1 1 
 1 1 1 1 
 1 1 1 1 
 1 1 1 1 
 1 1 1 1 
 1 1 1 1 
 1 1 1 1 
 1 1 1 1 
 1 1 1 1 
 1 1 1 1 
 1 1 1 1 
 1 1 1 1 
 1 1 1 1 
 1 1 1 1 
 1 1 1 1 
 1 1 1 1 
 1 1 1 1 
 1 1 1 1 
 1 1 1 1 
 1 1 1 1 
 1 1 1 1 
 1 1 1 1 
 1 1 1 1 
 1 1 1 1 
 1 1 1 1 
 1 1 1 1 
 1 1 1 1 
 1 1 1 1 
 1 1 1 1 
 1 1 1 1 
 1 1 1 1 
 1 1 1 1 
 1 1 1 1 
 1 1 1 1 
 1 1 1 1 
 1 1 1 1 
 1 1 1 1 
 1 1 1 1 
 1 1 1 1 
 1 1 1 1 
 1 1 1 1 
 1 1 1 1 
 1 1 1 1 
 1 1 1 1 
 1 1 1 1 
 1 1 1 1 
 1 1 1 1 
 1 1 1 1 
 1 1 1 1 
 1 1 1 1 
 1 1 1 1 
 1 1 1 1 
 1 1 1 1 
 1 1 1 1 
 1 1 1 1 
 1 1 1 1 
 1 1 1 1 
 1 1 1 1 
 1 1 1 1 
 1 1 1 1 
 1 1 1 1 
 1 1 1 1 
 1 1 1 1 
 1 1 1 1 
 1 1 1 1 
 1 1 1 1 
 1 1 1 1 
 1 1 1 1 
 1 1 1 1 
 1 1 1 1 
 1 1 1 1 
 1 1 1 1 
 1 1 1 1 
 1 1 1 1 
 1 1 1 1 
 1 1 1 1 
 1 1 1 1 
 1 1 1 1 
 1 1 1 1 
 1 1 1 1 
 1 1 1 1 
 1 1 1 1 
 1 1 1 1 
 1 1 1 1 
 1 1 1 1 
 1 1 1 1 
 1 1 1 1 
 1 1 1 1 
 1 1 1 1 
 1 1 1 1 
 1 1 1 1 
 1 1 1 1 
 1 1 1 1 
 1 1 1 1 
 1 1 1 1 
 1 1 1 1 
 1 1 1 1 
 1 1 1 1 
 1 1 1 1 
 1 1 1 1 
 1 1 1 1 
 1 1 1 1 
 1 1 1 1 
 1 1 1 1 
 1 1 1 1 
 1 1 1 1 
 1 1 1 1 
 1 1 1 1 
 1 1 1 1 
 1 1 1 1 
 1 1 1 1 
 1 1 1 1 
 1 1 1 1 
 1 1 1 1 
 1 1 1 1 
 1 1 1 1 
 1 1 1 1 
 1 1 1 1 
 1 1 1 1 
 1 1 1 1 
 1 1 1 1 
 1 1 1 1 
 1 1 1 1 
 1 1 1 1 
 1 1 1 1 
 1 1 1 1 
 1 1 1 1 
 1 1 1 1 
 vertexCoord 
0.000000 0.000000 
 1.000000 0.000000 
 1.000000 1.000000 
 0.000000 1.000000 
 -0.000000 0.300000 
 0.000000 0.150000 
 0.000000 0.075000 
 -0.000000 0.225000 
 0.000000 0.037500 
 0.000000 0.112500 
 -0.000000 0.187500 
 -0.000000 0.262500 
 0.599799 0.000000 
 0.799805 0.000000 
 0.399794 0.000000 
 0.199897 0.000000 
 0.899902 0.000000 
 0.699802 0.000000 
 0.499797 0.000000 
 0.299845 0.000000 
 0.099948 0.000000 
 0.949951 0.000000 
 0.849854 0.000000 
 0.749803 0.000000 
 0.649801 0.000000 
 0.549798 0.000000 
 0.449795 0.000000 
 0.349820 0.000000 
 0.249871 0.000000 
 0.149923 0.000000 
 0.049974 0.000000 
 1.000000 0.599837 
 1.000000 0.799805 
 1.000000 0.399885 
 1.000000 0.199934 
 1.000000 0.899902 
 1.000000 0.699821 
 1.000000 0.499861 
 1.000000 0.299909 
 1.000000 0.099967 
 1.000000 0.949951 
 1.000000 0.849854 
 1.000000 0.749813 
 1.000000 0.649829 
 1.000000 0.549849 
 1.000000 0.449873 
 1.000000 0.349897 
 1.000000 0.249922 
 1.000000 0.149950 
 1.000000 0.049983 
 0.400167 1.000000 
 0.200195 1.000000 
 0.600121 1.000000 
 0.800061 1.000000 
 0.100098 1.000000 
 0.300181 1.000000 
 0.500144 1.000000 
 0.700091 1.000000 
 0.900030 1.000000 
 0.050049 1.000000 
 0.150146 1.000000 
 0.250188 1.000000 
 0.350174 1.000000 
 0.450155 1.000000 
 0.550133 1.000000 
 0.650106 1.000000 
 0.750076 1.000000 
 0.850046 1.000000 
 0.950015 1.000000 
 -0.000000 0.475707 
 -0.000000 0.650606 
 -0.000000 0.825303 
 -0.000000 0.387854 
 -0.000000 0.563157 
 -0.000000 0.737955 
 -0.000000 0.912652 
 -0.000000 0.343927 
 -0.000000 0.431780 
 -0.000000 0.519432 
 -0.000000 0.606882 
 -0.000000 0.694281 
 -0.000000 0.781629 
 -0.000000 0.868977 
 -0.000000 0.956326 
 0.149138 0.124855 
 0.289763 0.102080 
 0.789673 0.151147 
 0.165673 0.853770 
 0.865923 0.849935 
 0.117873 0.300765 
 0.600328 0.092732 
 0.863002 0.418777 
 0.158498 0.686326 
 0.469676 0.839210 
 0.430136 0.164666 
 0.847360 0.663721 
 0.148929 0.508007 
 0.311446 0.885238 
 0.680546 0.788832 
 0.269851 0.220881 
 0.506444 0.421320 
 0.320804 0.742703 
 0.296646 0.381949 
 0.417231 0.285286 
 0.496286 0.646702 
 0.680699 0.532717 
 0.321268 0.564501 
 0.581840 0.239155 
 0.747230 0.319778 
 0.174517 0.062427 
 0.074569 0.062427 
 0.074569 0.137427 
 0.244830 0.051040 
 0.219450 0.113468 
 0.894837 0.175540 
 0.894837 0.075574 
 0.794739 0.075574 
 0.082837 0.926885 
 0.182934 0.926885 
 0.082837 0.839537 
 0.932961 0.924968 
 0.932961 0.824870 
 0.832992 0.924968 
 0.058937 0.300383 
 0.058937 0.388236 
 0.058937 0.225383 
 0.600064 0.046366 
 0.500061 0.046366 
 0.700066 0.046366 
 0.695001 0.121940 
 0.931501 0.509307 
 0.931501 0.409331 
 0.931501 0.309355 
 0.079249 0.668466 
 0.079249 0.755815 
 0.162085 0.770048 
 0.434921 0.919605 
 0.534898 0.919605 
 0.923680 0.631779 
 0.855181 0.541249 
 0.923680 0.731763 
 0.856641 0.756828 
 0.074465 0.491857 
 0.133401 0.404386 
 0.074465 0.579307 
 0.153713 0.597167 
 0.355806 0.942619 
 0.390561 0.862224 
 0.255821 0.942619 
 0.238559 0.869504 
 0.640334 0.894416 
 0.575111 0.814021 
 0.773234 0.819384 
 0.763953 0.726276 
 0.740303 0.894416 
 0.279807 0.161481 
 0.349994 0.192774 
 0.359950 0.133373 
 0.243238 0.798237 
 0.316125 0.813971 
 0.239651 0.714515 
 0.207260 0.341357 
 0.283248 0.301415 
 0.193862 0.260823 
 0.222788 0.444978 
 0.423684 0.224976 
 0.343541 0.253084 
 0.356938 0.333617 
 0.482981 0.742956 
 0.588416 0.717767 
 0.771850 0.475747 
 0.764029 0.598219 
 0.593571 0.477019 
 0.501365 0.534011 
 0.588492 0.589710 
 0.680622 0.660775 
 0.235098 0.536254 
 0.308957 0.473225 
 0.239883 0.625414 
 0.321036 0.653602 
 0.413856 0.492911 
 0.408777 0.605602 
 0.408545 0.694703 
 0.685757 0.195151 
 0.591084 0.165944 
 0.515232 0.128699 
 0.505988 0.201911 
 0.499536 0.262221 
 0.544142 0.330238 
 0.461837 0.353303 
 0.805116 0.369277 
 0.713964 0.426247 
 0.768452 0.235462 
 0.664535 0.279466 
 0.133506 0.212810 
 0.209494 0.172868 
 0.873615 0.259856 
 0.344779 0.051040 
 0.395240 0.790956 
 0.401545 0.401634 
 0.626837 0.370549 
 0.414965 0.082333 
 0.124543 0.062427 
 0.111853 0.093641 
 0.161828 0.093641 
 0.137233 0.031214 
 0.187207 0.031214 
 0.087259 0.031214 
 0.037284 0.031214 
 0.074569 0.099927 
 0.111853 0.131141 
 0.037284 0.068714 
 0.037284 0.106214 
 0.037284 0.143714 
 0.232140 0.082254 
 0.254607 0.107774 
 0.267297 0.076560 
 0.209674 0.056734 
 0.222364 0.025520 
 0.196984 0.087947 
 0.184294 0.119161 
 0.894837 0.125557 
 0.842255 0.113360 
 0.842255 0.163344 
 0.947418 0.137754 
 0.947418 0.187737 
 0.947418 0.087770 
 0.947418 0.037787 
 0.844788 0.075574 
 0.792206 0.113360 
 0.897370 0.037787 
 0.847321 0.037787 
 0.797272 0.037787 
 0.132885 0.926885 
 0.174304 0.890328 
 0.124255 0.890328 
 0.091467 0.963443 
 0.041418 0.963443 
 0.141516 0.963443 
 0.191565 0.963443 
 0.082837 0.883211 
 0.124255 0.846654 
 0.041418 0.876094 
 0.041418 0.832420 
 0.041418 0.919768 
 0.932961 0.874919 
 0.899442 0.837403 
 0.899442 0.887452 
 0.966481 0.912435 
 0.966481 0.962484 
 0.966481 0.862386 
 0.966481 0.812337 
 0.882977 0.924968 
 0.849457 0.887452 
 0.866511 0.962484 
 0.816526 0.962484 
 0.916496 0.962484 
 0.058937 0.344309 
 0.088405 0.344501 
 0.088405 0.300574 
 0.029468 0.344118 
 0.029468 0.300191 
 0.029468 0.388045 
 0.029468 0.431972 
 0.058937 0.262883 
 0.088405 0.263074 
 0.029468 0.225191 
 0.029468 0.187691 
 0.029468 0.262691 
 0.550062 0.046366 
 0.550195 0.069549 
 0.600196 0.069549 
 0.549930 0.023183 
 0.599932 0.023183 
 0.499929 0.023183 
 0.449927 0.023183 
 0.747403 0.060970 
 0.749936 0.023183 
 0.697534 0.084153 
 0.650197 0.069549 
 0.647665 0.107336 
 0.744870 0.098757 
 0.742337 0.136543 
 0.650065 0.046366 
 0.699934 0.023183 
 0.649933 0.023183 
 0.931501 0.459319 
 0.897252 0.414054 
 0.897252 0.464042 
 0.965751 0.504584 
 0.965751 0.554572 
 0.965751 0.454596 
 0.965751 0.404608 
 0.931501 0.359343 
 0.897252 0.364066 
 0.965751 0.354620 
 0.965751 0.304632 
 0.965751 0.254644 
 0.079249 0.712141 
 0.118873 0.721071 
 0.118873 0.677396 
 0.039624 0.703211 
 0.039624 0.659536 
 0.039624 0.746885 
 0.039624 0.790559 
 0.120667 0.762932 
 0.160292 0.728187 
 0.081043 0.797676 
 0.122461 0.804793 
 0.163879 0.811909 
 0.484910 0.919605 
 0.502287 0.879407 
 0.452298 0.879407 
 0.467533 0.959802 
 0.417544 0.959802 
 0.517521 0.959802 
 0.567510 0.959802 
 0.889430 0.586514 
 0.851270 0.602485 
 0.885520 0.647750 
 0.927590 0.570543 
 0.961840 0.615808 
 0.893341 0.525278 
 0.859092 0.480013 
 0.928321 0.778316 
 0.961840 0.765784 
 0.890161 0.744295 
 0.885520 0.697742 
 0.852000 0.710274 
 0.894801 0.790849 
 0.861282 0.803382 
 0.923680 0.681771 
 0.961840 0.715792 
 0.961840 0.665800 
 0.066701 0.440047 
 0.037232 0.483782 
 0.103933 0.448122 
 0.111697 0.499932 
 0.141165 0.456197 
 0.096169 0.396311 
 0.125637 0.352576 
 0.074465 0.535582 
 0.111697 0.543657 
 0.037232 0.527507 
 0.037232 0.571232 
 0.037232 0.614957 
 0.114089 0.588237 
 0.151321 0.552587 
 0.076857 0.623887 
 0.116481 0.632817 
 0.156106 0.641747 
 0.373183 0.902422 
 0.351003 0.873731 
 0.333626 0.913929 
 0.395364 0.931112 
 0.377987 0.971310 
 0.412741 0.890914 
 0.430118 0.850717 
 0.219377 0.934752 
 0.228008 0.971310 
 0.247190 0.906062 
 0.283633 0.913929 
 0.275003 0.877371 
 0.210747 0.898195 
 0.202116 0.861637 
 0.305813 0.942619 
 0.278001 0.971310 
 0.327994 0.971310 
 0.587616 0.907010 
 0.620228 0.947208 
 0.607722 0.854218 
 0.660440 0.841624 
 0.627828 0.801426 
 0.555005 0.866813 
 0.522393 0.826615 
 0.768594 0.772830 
 0.722249 0.757554 
 0.726890 0.804108 
 0.814938 0.788106 
 0.819579 0.834660 
 0.810297 0.741552 
 0.805656 0.694998 
 0.690318 0.894416 
 0.710425 0.841624 
 0.670212 0.947208 
 0.720197 0.947208 
 0.770182 0.947208 
 0.756769 0.856900 
 0.786648 0.909692 
 0.803113 0.872176 
 0.319878 0.147427 
 0.324856 0.117727 
 0.284785 0.131781 
 0.314900 0.177127 
 0.274829 0.191181 
 0.309922 0.206827 
 0.354972 0.163074 
 0.390065 0.178720 
 0.395043 0.149020 
 0.279682 0.806104 
 0.318464 0.778337 
 0.282021 0.770470 
 0.240899 0.833870 
 0.204456 0.826003 
 0.277342 0.841737 
 0.313785 0.849605 
 0.202662 0.784142 
 0.241445 0.756376 
 0.280227 0.728609 
 0.200868 0.742281 
 0.199074 0.700420 
 0.200561 0.301090 
 0.155868 0.280794 
 0.162567 0.321061 
 0.245254 0.321386 
 0.251953 0.361653 
 0.289947 0.341682 
 0.238555 0.281119 
 0.276550 0.261148 
 0.231857 0.240852 
 0.215024 0.393167 
 0.259717 0.413463 
 0.170331 0.372872 
 0.178094 0.424682 
 0.185858 0.476493 
 0.383612 0.239030 
 0.380386 0.269185 
 0.420457 0.255131 
 0.386839 0.208875 
 0.426910 0.194821 
 0.346767 0.222929 
 0.306696 0.236982 
 0.350240 0.293351 
 0.387085 0.309452 
 0.313395 0.277249 
 0.320093 0.317516 
 0.326792 0.357783 
 0.535698 0.730362 
 0.542351 0.682235 
 0.489633 0.694829 
 0.529046 0.778488 
 0.476328 0.791083 
 0.581763 0.765894 
 0.634481 0.753300 
 0.813516 0.508498 
 0.817426 0.447262 
 0.767940 0.536983 
 0.726274 0.504232 
 0.722364 0.565468 
 0.809605 0.569734 
 0.805694 0.630970 
 0.591032 0.533364 
 0.634595 0.561214 
 0.637135 0.504868 
 0.547468 0.505515 
 0.550008 0.449170 
 0.503904 0.477666 
 0.544929 0.561861 
 0.498825 0.590357 
 0.542389 0.618206 
 0.634519 0.689271 
 0.680584 0.724803 
 0.634557 0.625242 
 0.680660 0.596746 
 0.588454 0.653738 
 0.763991 0.662248 
 0.722326 0.629497 
 0.722287 0.693525 
 0.228943 0.490616 
 0.192014 0.522131 
 0.272028 0.504740 
 0.278183 0.550378 
 0.315112 0.518863 
 0.265872 0.459102 
 0.302801 0.427587 
 0.280459 0.639508 
 0.321152 0.609052 
 0.280575 0.594958 
 0.239767 0.669964 
 0.199190 0.655870 
 0.280343 0.684058 
 0.320920 0.698153 
 0.196798 0.611290 
 0.237491 0.580834 
 0.194406 0.566711 
 0.457610 0.513461 
 0.460150 0.457116 
 0.411316 0.549256 
 0.367562 0.528706 
 0.365022 0.585052 
 0.455071 0.569807 
 0.452531 0.626152 
 0.364906 0.629602 
 0.364790 0.674152 
 0.364674 0.718703 
 0.408661 0.650152 
 0.452415 0.670702 
 0.638421 0.180547 
 0.586462 0.202549 
 0.633799 0.217153 
 0.690379 0.158545 
 0.737715 0.173149 
 0.643043 0.143942 
 0.595706 0.129338 
 0.548536 0.183927 
 0.543914 0.220533 
 0.553158 0.147321 
 0.557780 0.110716 
 0.510610 0.165305 
 0.472684 0.146683 
 0.468062 0.183288 
 0.502762 0.232066 
 0.540688 0.250688 
 0.464836 0.213443 
 0.461610 0.243598 
 0.458383 0.273753 
 0.502990 0.341770 
 0.484141 0.387312 
 0.525293 0.375779 
 0.521839 0.296229 
 0.562991 0.284696 
 0.480687 0.307762 
 0.439534 0.319295 
 0.788483 0.422512 
 0.834059 0.394027 
 0.759540 0.397762 
 0.776173 0.344527 
 0.730597 0.373013 
 0.742907 0.450997 
 0.697331 0.479482 
 0.716493 0.257464 
 0.705883 0.299622 
 0.757841 0.277620 
 0.727104 0.215307 
 0.779063 0.193305 
 0.675146 0.237309 
 0.623188 0.259311 
 0.096221 0.219096 
 0.125690 0.256788 
 0.104037 0.175119 
 0.141322 0.168832 
 0.066753 0.181405 
 0.201678 0.216846 
 0.239673 0.196875 
 0.171500 0.192839 
 0.179316 0.148861 
 0.163684 0.236817 
 0.214472 0.143168 
 0.244651 0.167174 
 0.249629 0.137474 
 0.902558 0.284605 
 0.936807 0.229895 
 0.839365 0.314566 
 0.810422 0.289817 
 0.868309 0.339316 
 0.821033 0.247659 
 0.884226 0.217698 
 0.831644 0.205501 
 0.294804 0.051040 
 0.317271 0.076560 
 0.322312 0.025520 
 0.372286 0.025520 
 0.272338 0.025520 
 0.401892 0.742829 
 0.358022 0.766830 
 0.439110 0.766956 
 0.432458 0.815083 
 0.445763 0.718829 
 0.392900 0.826590 
 0.355682 0.802463 
 0.353343 0.838097 
 0.407700 0.447273 
 0.453994 0.411477 
 0.355251 0.437430 
 0.349095 0.391792 
 0.361406 0.483068 
 0.379242 0.367626 
 0.431691 0.377469 
 0.409388 0.343460 
 0.585490 0.350393 
 0.566640 0.395935 
 0.645686 0.325008 
 0.687033 0.345163 
 0.604339 0.304852 
 0.670401 0.398398 
 0.610204 0.423784 
 0.653768 0.451633 
 0.387457 0.107853 
 0.422551 0.123500 
 0.379872 0.066687 
 0.407380 0.041167 
 0.352364 0.092207 
 0.457513 0.064350 
 0.465099 0.105516 
 0.507647 0.087533 
 bc_tag 
93 
 15 
 10 
 5 
 2 
 101 
 101 
 101 
 101 
 101 
 101 
 101 
 21 
 21 
 21 
 21 
 21 
 21 
 21 
 21 
 21 
 21 
 21 
 21 
 21 
 21 
 21 
 21 
 21 
 21 
 21 
 16 
 16 
 16 
 16 
 16 
 16 
 16 
 16 
 16 
 16 
 16 
 16 
 16 
 16 
 16 
 16 
 16 
 16 
 16 
 11 
 11 
 11 
 11 
 11 
 11 
 11 
 11 
 11 
 11 
 11 
 11 
 11 
 11 
 11 
 11 
 11 
 11 
 11 
 6 
 6 
 6 
 6 
 6 
 6 
 6 
 6 
 6 
 6 
 6 
 6 
 6 
 6 
 6 
 39 
 39 
 39 
 39 
 39 
 39 
 39 
 39 
 39 
 39 
 39 
 39 
 39 
 39 
 39 
 39 
 39 
 39 
 39 
 39 
 39 
 39 
 39 
 39 
 39 
 39 
 39 
 39 
 39 
 39 
 39 
 39 
 39 
 39 
 39 
 39 
 39 
 39 
 39 
 39 
 39 
 39 
 39 
 39 
 39 
 39 
 39 
 39 
 39 
 39 
 39 
 39 
 39 
 39 
 39 
 39 
 39 
 39 
 39 
 39 
 39 
 39 
 39 
 39 
 39 
 39 
 39 
 39 
 39 
 39 
 39 
 39 
 39 
 39 
 39 
 39 
 39 
 39 
 39 
 39 
 39 
 39 
 39 
 39 
 39 
 39 
 39 
 39 
 39 
 39 
 39 
 39 
 39 
 39 
 39 
 39 
 39 
 39 
 39 
 39 
 39 
 39 
 39 
 39 
 39 
 39 
 39 
 39 
 39 
 39 
 39 
 39 
 39 
 39 
 39 
 39 
 39 
 39 
 39 
 39 
 39 
 39 
 39 
 39 
 39 
 39 
 39 
 39 
 39 
 39 
 39 
 39 
 39 
 39 
 39 
 39 
 39 
 39 
 39 
 39 
 39 
 39 
 39 
 39 
 39 
 39 
 39 
 39 
 39 
 39 
 39 
 39 
 39 
 39 
 39 
 39 
 39 
 39 
 39 
 39 
 39 
 39 
 39 
 39 
 39 
 39 
 39 
 39 
 39 
 39 
 39 
 39 
 39 
 39 
 39 
 39 
 39 
 39 
 39 
 39 
 39 
 39 
 39 
 39 
 39 
 39 
 39 
 39 
 39 
 39 
 39 
 39 
 39 
 39 
 39 
 39 
 39 
 39 
 39 
 39 
 39 
 39 
 39 
 39 
 39 
 39 
 39 
 39 
 39 
 39 
 39 
 39 
 39 
 39 
 39 
 39 
 39 
 39 
 39 
 39 
 39 
 39 
 39 
 39 
 39 
 39 
 39 
 39 
 39 
 39 
 39 
 39 
 39 
 39 
 39 
 39 
 39 
 39 
 39 
 39 
 39 
 39 
 39 
 39 
 39 
 39 
 39 
 39 
 39 
 39 
 39 
 39 
 39 
 39 
 39 
 39 
 39 
 39 
 39 
 39 
 39 
 39 
 39 
 39 
 39 
 39 
 39 
 39 
 39 
 39 
 39 
 39 
 39 
 39 
 39 
 39 
 39 
 39 
 39 
 39 
 39 
 39 
 39 
 39 
 39 
 39 
 39 
 39 
 39 
 39 
 39 
 39 
 39 
 39 
 39 
 39 
 39 
 39 
 39 
 39 
 39 
 39 
 39 
 39 
 39 
 39 
 39 
 39 
 39 
 39 
 39 
 39 
 39 
 39 
 39 
 39 
 39 
 39 
 39 
 39 
 39 
 39 
 39 
 39 
 39 
 39 
 39 
 39 
 39 
 39 
 39 
 39 
 39 
 39 
 39 
 39 
 39 
 39 
 39 
 39 
 39 
 39 
 39 
 39 
 39 
 39 
 39 
 39 
 39 
 39 
 39 
 39 
 39 
 39 
 39 
 39 
 39 
 39 
 39 
 39 
 39 
 39 
 39 
 39 
 39 
 39 
 39 
 39 
 39 
 39 
 39 
 39 
 39 
 39 
 39 
 39 
 39 
 39 
 39 
 39 
 39 
 39 
 39 
 39 
 39 
 39 
 39 
 39 
 39 
 39 
 39 
 39 
 39 
 39 
 39 
 39 
 39 
 39 
 39 
 39 
 39 
 39 
 39 
 39 
 39 
 39 
 39 
 39 
 39 
 39 
 39 
 39 
 39 
 39 
 39 
 39 
 39 
 39 
 39 
 39 
 39 
 39 
 39 
 39 
 39 
 39 
 39 
 39 
 39 
 39 
 39 
 39 
 39 
 39 
 39 
 39 
 39 
 39 
 39 
 39 
 39 
 39 
 39 
 39 
 39 
 39 
 39 
 39 
 39 
 39 
 39 
 39 
 39 
 39 
 39 
 39 
 39 
 39 
 39 
 39 
 39 
 39 
 39 
 39 
 39 
 39 
 39 
 39 
 39 
 39 
 39 
 39 
 39 
 39 
 39 
 39 
 39 
 39 
 39 
 39 
 39 
 39 
 39 
 39 
 39 
 39 
 39 
 39 
 39 
 39 
 39 
 39 
 39 
 39 
 39 
 39 
 39 
 39 
 39 
 39 
 39 
 39 
 39 
 39 
 39 
 39 
 39 
 39 
 39 
 39 
 39 
 edgeUsage
0 0 0 
 1 0 0 
 0 1 0 
 1 1 1 
 0 1 0 
 0 0 0 
 1 0 0 
 1 1 1 
 0 1 0 
 1 0 0 
 1 1 0 
 1 1 1 
 1 1 0 
 1 1 0 
 1 1 0 
 1 1 1 
 0 0 0 
 1 0 0 
 0 1 0 
 1 1 1 
 0 1 0 
 0 0 0 
 1 0 0 
 1 1 1 
 0 1 0 
 1 0 0 
 1 1 0 
 1 1 1 
 1 1 0 
 1 1 0 
 1 1 0 
 1 1 1 
 0 0 0 
 1 0 0 
 0 1 0 
 1 1 1 
 0 1 0 
 0 0 0 
 1 0 0 
 1 1 1 
 0 1 0 
 1 0 0 
 1 1 0 
 1 1 1 
 1 1 0 
 1 1 0 
 1 1 0 
 1 1 1 
 0 0 0 
 1 0 0 
 0 1 0 
 1 1 1 
 0 1 0 
 0 0 0 
 1 0 0 
 1 1 1 
 0 1 0 
 1 0 0 
 1 1 0 
 1 1 1 
 1 1 0 
 1 1 0 
 1 1 0 
 1 1 1 
 0 0 0 
 1 0 0 
 0 1 0 
 1 1 1 
 0 1 0 
 0 0 0 
 1 0 0 
 1 1 1 
 0 1 0 
 1 0 0 
 1 1 0 
 1 1 1 
 1 1 0 
 1 1 0 
 1 1 0 
 1 1 1 
 0 0 0 
 1 0 0 
 0 1 0 
 1 1 1 
 0 1 0 
 0 0 0 
 1 0 0 
 1 1 1 
 0 1 0 
 1 0 0 
 1 1 0 
 1 1 1 
 1 1 0 
 1 1 0 
 1 1 0 
 1 1 1 
 0 0 0 
 1 0 0 
 0 1 0 
 1 1 1 
 0 1 0 
 0 0 0 
 1 0 0 
 1 1 1 
 0 1 0 
 1 0 0 
 1 1 0 
 1 1 1 
 1 1 0 
 1 1 0 
 1 1 0 
 1 1 1 
 0 0 0 
 1 0 0 
 0 1 0 
 1 1 1 
 0 1 0 
 0 0 0 
 1 0 0 
 1 1 1 
 0 1 0 
 1 0 0 
 1 1 0 
 1 1 1 
 1 1 0 
 1 1 0 
 1 1 0 
 1 1 1 
 0 0 0 
 1 0 0 
 0 1 0 
 1 1 1 
 0 1 0 
 0 0 0 
 1 0 0 
 1 1 1 
 0 1 0 
 1 0 0 
 1 1 0 
 1 1 1 
 1 1 0 
 1 1 0 
 1 1 0 
 1 1 1 
 0 0 0 
 1 0 0 
 0 1 0 
 1 1 1 
 0 1 0 
 0 0 0 
 1 0 0 
 1 1 1 
 0 1 0 
 1 0 0 
 1 1 0 
 1 1 1 
 1 1 0 
 1 1 0 
 1 1 0 
 1 1 1 
 0 0 0 
 1 0 0 
 0 1 0 
 1 1 1 
 0 1 0 
 0 0 0 
 1 0 0 
 1 1 1 
 0 1 0 
 1 0 0 
 1 1 0 
 1 1 1 
 1 1 0 
 1 1 0 
 1 1 0 
 1 1 1 
 0 0 0 
 1 0 0 
 0 1 0 
 1 1 1 
 0 1 0 
 0 0 0 
 1 0 0 
 1 1 1 
 0 1 0 
 1 0 0 
 1 1 0 
 1 1 1 
 1 1 0 
 1 1 0 
 1 1 0 
 1 1 1 
 0 1 0 
 0 0 0 
 1 0 0 
 1 1 1 
 0 0 0 
 1 0 0 
 0 1 0 
 1 1 1 
 0 0 0 
 0 0 0 
 0 0 0 
 1 1 1 
 1 1 0 
 1 1 0 
 1 1 0 
 1 1 1 
 0 0 0 
 1 0 0 
 0 1 0 
 1 1 1 
 0 1 0 
 0 0 0 
 1 0 0 
 1 1 1 
 0 1 0 
 1 0 0 
 1 1 0 
 1 1 1 
 1 1 0 
 1 1 0 
 1 1 0 
 1 1 1 
 0 0 0 
 1 0 0 
 0 1 0 
 1 1 1 
 0 1 0 
 0 0 0 
 1 0 0 
 1 1 1 
 0 1 0 
 1 0 0 
 1 1 0 
 1 1 1 
 1 1 0 
 1 1 0 
 1 1 0 
 1 1 1 
 0 0 0 
 1 0 0 
 0 1 0 
 1 1 1 
 0 1 0 
 0 0 0 
 1 0 0 
 1 1 1 
 0 1 0 
 1 0 0 
 1 1 0 
 1 1 1 
 1 1 0 
 1 1 0 
 1 1 0 
 1 1 1 
 0 0 0 
 1 0 0 
 0 1 0 
 1 1 1 
 0 1 0 
 0 0 0 
 1 0 0 
 1 1 1 
 0 1 0 
 1 0 0 
 1 1 0 
 1 1 1 
 1 1 0 
 1 1 0 
 1 1 0 
 1 1 1 
 0 0 0 
 1 0 0 
 0 1 0 
 1 1 1 
 0 1 0 
 0 0 0 
 1 0 0 
 1 1 1 
 0 1 0 
 1 0 0 
 1 1 0 
 1 1 1 
 1 1 0 
 1 1 0 
 1 1 0 
 1 1 1 
 0 0 0 
 1 0 0 
 0 1 0 
 1 1 1 
 0 1 0 
 0 0 0 
 1 0 0 
 1 1 1 
 0 1 0 
 1 0 0 
 1 1 0 
 1 1 1 
 1 1 0 
 1 1 0 
 1 1 0 
 1 1 1 
 0 0 0 
 1 0 0 
 0 1 0 
 1 1 1 
 0 1 0 
 0 0 0 
 1 0 0 
 1 1 1 
 0 1 0 
 1 0 0 
 1 1 0 
 1 1 1 
 1 1 0 
 1 1 0 
 1 1 0 
 1 1 1 
 0 1 0 
 0 0 0 
 1 0 0 
 1 1 1 
 0 0 0 
 1 0 0 
 0 1 0 
 1 1 1 
 0 0 0 
 0 0 0 
 0 0 0 
 1 1 1 
 1 1 0 
 1 1 0 
 1 1 0 
 1 1 1 
 0 0 0 
 1 0 0 
 0 1 0 
 1 1 1 
 0 1 0 
 0 0 0 
 1 0 0 
 1 1 1 
 0 1 0 
 1 0 0 
 1 1 0 
 1 1 1 
 1 1 0 
 1 1 0 
 1 1 0 
 1 1 1 
 0 1 0 
 0 0 0 
 1 0 0 
 1 1 1 
 0 0 0 
 1 0 0 
 0 1 0 
 1 1 1 
 0 0 0 
 0 0 0 
 0 0 0 
 1 1 1 
 1 1 0 
 1 1 0 
 1 1 0 
 1 1 1 
 0 0 0 
 1 0 0 
 0 1 0 
 1 1 1 
 0 1 0 
 0 0 0 
 1 0 0 
 1 1 1 
 0 1 0 
 1 0 0 
 1 1 0 
 1 1 1 
 1 1 0 
 1 1 0 
 1 1 0 
 1 1 1 
 0 0 0 
 1 0 0 
 0 1 0 
 1 1 1 
 0 1 0 
 0 0 0 
 1 0 0 
 1 1 1 
 0 1 0 
 1 0 0 
 1 1 0 
 1 1 1 
 1 1 0 
 1 1 0 
 1 1 0 
 1 1 1 
 0 0 0 
 1 0 0 
 0 1 0 
 1 1 1 
 0 1 0 
 0 0 0 
 1 0 0 
 1 1 1 
 0 1 0 
 1 0 0 
 1 1 0 
 1 1 1 
 1 1 0 
 1 1 0 
 1 1 0 
 1 1 1 
 0 1 0 
 0 0 0 
 1 0 0 
 1 1 1 
 0 0 0 
 1 0 0 
 0 1 0 
 1 1 1 
 0 0 0 
 0 0 0 
 0 0 0 
 1 1 1 
 1 1 0 
 1 1 0 
 1 1 0 
 1 1 1 
 0 0 0 
 1 0 0 
 0 1 0 
 1 1 1 
 0 1 0 
 0 0 0 
 1 0 0 
 1 1 1 
 0 1 0 
 1 0 0 
 1 1 0 
 1 1 1 
 1 1 0 
 1 1 0 
 1 1 0 
 1 1 1 
 0 1 0 
 0 0 0 
 1 0 0 
 1 1 1 
 0 0 0 
 1 0 0 
 0 1 0 
 1 1 1 
 0 0 0 
 0 0 0 
 0 0 0 
 1 1 1 
 1 1 0 
 1 1 0 
 1 1 0 
 1 1 1 
 0 0 0 
 1 0 0 
 0 1 0 
 1 1 1 
 0 1 0 
 0 0 0 
 1 0 0 
 1 1 1 
 0 1 0 
 1 0 0 
 1 1 0 
 1 1 1 
 1 1 0 
 1 1 0 
 1 1 0 
 1 1 1 
 0 0 0 
 1 0 0 
 0 1 0 
 1 1 1 
 0 1 0 
 0 0 0 
 1 0 0 
 1 1 1 
 0 1 0 
 1 0 0 
 1 1 0 
 1 1 1 
 1 1 0 
 1 1 0 
 1 1 0 
 1 1 1 
 0 0 0 
 1 0 0 
 0 1 0 
 1 1 1 
 0 1 0 
 0 0 0 
 1 0 0 
 1 1 1 
 0 1 0 
 1 0 0 
 1 1 0 
 1 1 1 
 1 1 0 
 1 1 0 
 1 1 0 
 1 1 1 
 0 1 0 
 0 0 0 
 1 0 0 
 1 1 1 
 0 0 0 
 1 0 0 
 0 1 0 
 1 1 1 
 0 0 0 
 0 0 0 
 0 0 0 
 1 1 1 
 1 1 0 
 1 1 0 
 1 1 0 
 1 1 1 
 0 0 0 
 1 0 0 
 0 1 0 
 1 1 1 
 0 1 0 
 0 0 0 
 1 0 0 
 1 1 1 
 0 1 0 
 1 0 0 
 1 1 0 
 1 1 1 
 1 1 0 
 1 1 0 
 1 1 0 
 1 1 1 
 0 1 0 
 0 0 0 
 1 0 0 
 1 1 1 
 0 0 0 
 1 0 0 
 0 1 0 
 1 1 1 
 0 0 0 
 0 0 0 
 0 0 0 
 1 1 1 
 1 1 0 
 1 1 0 
 1 1 0 
 1 1 1 
 0 1 0 
 0 0 0 
 1 0 0 
 1 1 1 
 0 0 0 
 1 0 0 
 0 1 0 
 1 1 1 
 0 0 0 
 0 0 0 
 0 0 0 
 1 1 1 
 1 1 0 
 1 1 0 
 1 1 0 
 1 1 1 
 0 0 0 
 1 0 0 
 0 1 0 
 1 1 1 
 0 1 0 
 0 0 0 
 1 0 0 
 1 1 1 
 0 1 0 
 1 0 0 
 1 1 0 
 1 1 1 
 1 1 0 
 1 1 0 
 1 1 0 
 1 1 1 
 0 0 0 
 1 0 0 
 0 1 0 
 1 1 1 
 0 1 0 
 0 0 0 
 1 0 0 
 1 1 1 
 0 1 0 
 1 0 0 
 1 1 0 
 1 1 1 
 1 1 0 
 1 1 0 
 1 1 0 
 1 1 1 
 0 0 0 
 1 0 0 
 0 1 0 
 1 1 1 
 0 1 0 
 0 0 0 
 1 0 0 
 1 1 1 
 0 1 0 
 1 0 0 
 1 1 0 
 1 1 1 
 1 1 0 
 1 1 0 
 1 1 0 
 1 1 1 
 0 0 0 
 1 0 0 
 0 1 0 
 1 1 1 
 0 1 0 
 0 0 0 
 1 0 0 
 1 1 1 
 0 1 0 
 1 0 0 
 1 1 0 
 1 1 1 
 1 1 0 
 1 1 0 
 1 1 0 
 1 1 1 
 0 1 0 
 0 0 0 
 1 0 0 
 1 1 1 
 0 0 0 
 1 0 0 
 0 1 0 
 1 1 1 
 0 0 0 
 0 0 0 
 0 0 0 
 1 1 1 
 1 1 0 
 1 1 0 
 1 1 0 
 1 1 1 
 0 0 0 
 1 0 0 
 0 1 0 
 1 1 1 
 0 1 0 
 0 0 0 
 1 0 0 
 1 1 1 
 0 1 0 
 1 0 0 
 1 1 0 
 1 1 1 
 1 1 0 
 1 1 0 
 1 1 0 
 1 1 1 
 0 1 0 
 0 0 0 
 1 0 0 
 1 1 1 
 0 0 0 
 1 0 0 
 0 1 0 
 1 1 1 
 0 0 0 
 0 0 0 
 0 0 0 
 1 1 1 
 1 1 0 
 1 1 0 
 1 1 0 
 1 1 1 
 0 1 0 
 0 0 0 
 1 0 0 
 1 1 1 
 0 0 0 
 1 0 0 
 0 1 0 
 1 1 1 
 0 0 0 
 0 0 0 
 0 0 0 
 1 1 1 
 1 1 0 
 1 1 0 
 1 1 0 
 1 1 1 
 0 1 0 
 0 0 0 
 1 0 0 
 1 1 1 
 0 0 0 
 1 0 0 
 0 1 0 
 1 1 1 
 0 0 0 
 0 0 0 
 0 0 0 
 1 1 1 
 1 1 0 
 1 1 0 
 1 1 0 
 1 1 1 
 0 0 0 
 1 0 0 
 0 1 0 
 1 1 1 
 0 1 0 
 0 0 0 
 1 0 0 
 1 1 1 
 0 1 0 
 1 0 0 
 1 1 0 
 1 1 1 
 1 1 0 
 1 1 0 
 1 1 0 
 1 1 1 
 0 1 0 
 0 0 0 
 1 0 0 
 1 1 1 
 0 0 0 
 1 0 0 
 0 1 0 
 1 1 1 
 0 0 0 
 0 0 0 
 0 0 0 
 1 1 1 
 1 1 0 
 1 1 0 
 1 1 0 
 1 1 1 
 0 1 0 
 0 0 0 
 1 0 0 
 1 1 1 
 0 0 0 
 1 0 0 
 0 1 0 
 1 1 1 
 0 0 0 
 0 0 0 
 0 0 0 
 1 1 1 
 1 1 0 
 1 1 0 
 1 1 0 
 1 1 1 
 0 0 0 
 1 0 0 
 0 1 0 
 1 1 1 
 0 1 0 
 0 0 0 
 1 0 0 
 1 1 1 
 0 1 0 
 1 0 0 
 1 1 0 
 1 1 1 
 1 1 0 
 1 1 0 
 1 1 0 
 1 1 1 
 0 0 0 
 1 0 0 
 0 1 0 
 1 1 1 
 0 1 0 
 0 0 0 
 1 0 0 
 1 1 1 
 0 1 0 
 1 0 0 
 1 1 0 
 1 1 1 
 1 1 0 
 1 1 0 
 1 1 0 
 1 1 1 
 0 0 0 
 1 0 0 
 0 1 0 
 1 1 1 
 0 1 0 
 0 0 0 
 1 0 0 
 1 1 1 
 0 1 0 
 1 0 0 
 1 1 0 
 1 1 1 
 1 1 0 
 1 1 0 
 1 1 0 
 1 1 1 
 0 0 0 
 1 0 0 
 0 1 0 
 1 1 1 
 0 1 0 
 0 0 0 
 1 0 0 
 1 1 1 
 0 1 0 
 1 0 0 
 1 1 0 
 1 1 1 
 1 1 0 
 1 1 0 
 1 1 0 
 1 1 1 
 0 1 0 
 0 0 0 
 1 0 0 
 1 1 1 
 0 0 0 
 1 0 0 
 0 1 0 
 1 1 1 
 0 0 0 
 0 0 0 
 0 0 0 
 1 1 1 
 1 1 0 
 1 1 0 
 1 1 0 
 1 1 1 
 0 1 0 
 0 0 0 
 1 0 0 
 1 1 1 
 0 0 0 
 1 0 0 
 0 1 0 
 1 1 1 
 0 0 0 
 0 0 0 
 0 0 0 
 1 1 1 
 1 1 0 
 1 1 0 
 1 1 0 
 1 1 1 
 0 0 0 
 1 0 0 
 0 1 0 
 1 1 1 
 0 1 0 
 0 0 0 
 1 0 0 
 1 1 1 
 0 1 0 
 1 0 0 
 1 1 0 
 1 1 1 
 1 1 0 
 1 1 0 
 1 1 0 
 1 1 1 
 0 0 0 
 1 0 0 
 0 1 0 
 1 1 1 
 0 0 0 
 0 0 0 
 0 0 0 
 1 1 1 
 0 1 0 
 0 0 0 
 1 0 0 
 1 1 1 
 1 1 0 
 1 1 0 
 1 1 0 
 1 1 1 
 0 1 0 
 1 0 0 
 1 1 0 
 1 1 1 
 0 1 0 
 1 0 0 
 1 1 0 
 1 1 1 
 0 1 0 
 1 0 0 
 1 1 0 
 1 1 1 
 1 1 0 
 1 1 0 
 1 1 0 
 1 1 1 
 0 0 0 
 0 0 0 
 0 0 0 
 1 1 1 
 0 0 0 
 0 0 0 
 0 0 0 
 1 1 1 
 0 0 0 
 0 0 0 
 0 0 0 
 1 1 1 
 1 1 0 
 1 1 0 
 1 1 0 
 1 1 1 
 0 1 0 
 0 0 0 
 1 0 0 
 1 1 1 
 0 0 0 
 1 0 0 
 0 1 0 
 1 1 1 
 0 0 0 
 0 0 0 
 0 0 0 
 1 1 1 
 1 1 0 
 1 1 0 
 1 1 0 
 1 1 1 
 0 0 0 
 1 0 0 
 0 1 0 
 1 1 1 
 0 1 0 
 0 0 0 
 1 0 0 
 1 1 1 
 0 1 0 
 1 0 0 
 1 1 0 
 1 1 1 
 1 1 0 
 1 1 0 
 1 1 0 
 1 1 1 
 0 0 0 
 1 0 0 
 0 1 0 
 1 1 1 
 0 1 0 
 0 0 0 
 1 0 0 
 1 1 1 
 0 1 0 
 1 0 0 
 1 1 0 
 1 1 1 
 1 1 0 
 1 1 0 
 1 1 0 
 1 1 1 
 0 1 0 
 0 0 0 
 1 0 0 
 1 1 1 
 0 1 0 
 1 0 0 
 1 1 0 
 1 1 1 
 0 0 0 
 1 0 0 
 0 1 0 
 1 1 1 
 1 1 0 
 1 1 0 
 1 1 0 
 1 1 1 
 0 0 0 
 0 0 0 
 0 0 0 
 1 1 1 
 0 0 0 
 0 0 0 
 0 0 0 
 1 1 1 
 0 0 0 
 0 0 0 
 0 0 0 
 1 1 1 
 1 1 0 
 1 1 0 
 1 1 0 
 1 1 1 
 0 1 0 
 0 0 0 
 1 0 0 
 1 1 1 
 0 1 0 
 1 0 0 
 1 1 0 
 1 1 1 
 0 0 0 
 1 0 0 
 0 1 0 
 1 1 1 
 1 1 0 
 1 1 0 
 1 1 0 
 1 1 1 
 0 0 0 
 0 0 0 
 0 0 0 
 1 1 1 
 0 1 0 
 0 0 0 
 1 0 0 
 1 1 1 
 0 0 0 
 1 0 0 
 0 1 0 
 1 1 1 
 1 1 0 
 1 1 0 
 1 1 0 
 1 1 1 
 0 1 0 
 0 0 0 
 1 0 0 
 1 1 1 
 0 0 0 
 1 0 0 
 0 1 0 
 1 1 1 
 0 0 0 
 0 0 0 
 0 0 0 
 1 1 1 
 1 1 0 
 1 1 0 
 1 1 0 
 1 1 1 
 0 0 0 
 1 0 0 
 0 1 0 
 1 1 1 
 0 1 0 
 0 0 0 
 1 0 0 
 1 1 1 
 0 1 0 
 1 0 0 
 1 1 0 
 1 1 1 
 1 1 0 
 1 1 0 
 1 1 0 
 1 1 1 
 0 1 0 
 1 0 0 
 1 1 0 
 1 1 1 
 0 1 0 
 1 0 0 
 1 1 0 
 1 1 1 
 0 1 0 
 1 0 0 
 1 1 0 
 1 1 1 
 1 1 0 
 1 1 0 
 1 1 0 
 1 1 1 
 0 0 0 
 0 0 0 
 0 0 0 
 1 1 1 
 0 0 0 
 0 0 0 
 0 0 0 
 1 1 1 
 0 0 0 
 0 0 0 
 0 0 0 
 1 1 1 
 1 1 0 
 1 1 0 
 1 1 0 
 1 1 1 
 EdgeNode 
1 9 
 9 7 
 7 10 
 10 6 
 6 11 
 11 8 
 8 12 
 12 5 
 2 22 
 22 17 
 17 23 
 23 14 
 14 24 
 24 18 
 18 25 
 25 13 
 13 26 
 26 19 
 19 27 
 27 15 
 15 28 
 28 20 
 20 29 
 29 16 
 16 30 
 30 21 
 21 31 
 31 1 
 3 41 
 41 36 
 36 42 
 42 33 
 33 43 
 43 37 
 37 44 
 44 32 
 32 45 
 45 38 
 38 46 
 46 34 
 34 47 
 47 39 
 39 48 
 48 35 
 35 49 
 49 40 
 40 50 
 50 2 
 4 60 
 60 55 
 55 61 
 61 52 
 52 62 
 62 56 
 56 63 
 63 51 
 51 64 
 64 57 
 57 65 
 65 53 
 53 66 
 66 58 
 58 67 
 67 54 
 54 68 
 68 59 
 59 69 
 69 3 
 5 77 
 77 73 
 73 78 
 78 70 
 70 79 
 79 74 
 74 80 
 80 71 
 71 81 
 81 75 
 75 82 
 82 72 
 72 83 
 83 76 
 76 84 
 84 4 
 111 203 
 203 110 
 111 204 
 204 85 
 110 205 
 205 85 
 203 204 
 204 205 
 205 203 
 110 206 
 206 21 
 16 207 
 207 110 
 206 207 
 207 30 
 30 206 
 21 208 
 208 111 
 1 209 
 209 111 
 208 31 
 31 209 
 209 208 
 203 206 
 206 208 
 208 203 
 112 210 
 210 111 
 112 211 
 211 85 
 210 211 
 211 204 
 204 210 
 111 212 
 212 7 
 212 209 
 209 9 
 9 212 
 7 213 
 213 112 
 6 214 
 214 112 
 213 10 
 10 214 
 214 213 
 210 212 
 212 213 
 213 210 
 114 215 
 215 113 
 114 216 
 216 86 
 113 217 
 217 86 
 215 216 
 216 217 
 217 215 
 113 218 
 218 110 
 16 219 
 219 113 
 218 219 
 219 207 
 207 218 
 110 220 
 220 114 
 85 221 
 221 114 
 220 205 
 205 221 
 221 220 
 215 218 
 218 220 
 220 215 
 116 222 
 222 115 
 116 223 
 223 87 
 115 224 
 224 87 
 222 223 
 223 224 
 224 222 
 115 225 
 225 40 
 35 226 
 226 115 
 225 226 
 226 49 
 49 225 
 40 227 
 227 116 
 2 228 
 228 116 
 227 50 
 50 228 
 228 227 
 222 225 
 225 227 
 227 222 
 117 229 
 229 116 
 117 230 
 230 87 
 229 230 
 230 223 
 223 229 
 116 231 
 231 17 
 231 228 
 228 22 
 22 231 
 17 232 
 232 117 
 14 233 
 233 117 
 232 23 
 23 233 
 233 232 
 229 231 
 231 232 
 232 229 
 119 234 
 234 118 
 119 235 
 235 88 
 118 236 
 236 88 
 234 235 
 235 236 
 236 234 
 118 237 
 237 55 
 4 238 
 238 118 
 237 238 
 238 60 
 60 237 
 55 239 
 239 119 
 52 240 
 240 119 
 239 61 
 61 240 
 240 239 
 234 237 
 237 239 
 239 234 
 118 241 
 241 120 
 120 242 
 242 88 
 241 236 
 236 242 
 242 241 
 120 243 
 243 76 
 72 244 
 244 120 
 243 244 
 244 83 
 83 243 
 76 245 
 245 118 
 245 84 
 84 238 
 238 245 
 241 243 
 243 245 
 245 241 
 122 246 
 246 121 
 122 247 
 247 89 
 121 248 
 248 89 
 246 247 
 247 248 
 248 246 
 121 249 
 249 36 
 3 250 
 250 121 
 249 250 
 250 41 
 41 249 
 36 251 
 251 122 
 33 252 
 252 122 
 251 42 
 42 252 
 252 251 
 246 249 
 249 251 
 251 246 
 121 253 
 253 123 
 123 254 
 254 89 
 253 248 
 248 254 
 254 253 
 123 255 
 255 59 
 54 256 
 256 123 
 255 256 
 256 68 
 68 255 
 59 257 
 257 121 
 257 69 
 69 250 
 250 257 
 253 255 
 255 257 
 257 253 
 125 258 
 258 124 
 125 259 
 259 90 
 124 260 
 260 90 
 258 259 
 259 260 
 260 258 
 124 261 
 261 73 
 5 262 
 262 124 
 261 262 
 262 77 
 77 261 
 73 263 
 263 125 
 70 264 
 264 125 
 263 78 
 78 264 
 264 263 
 258 261 
 261 263 
 263 258 
 124 265 
 265 126 
 126 266 
 266 90 
 265 260 
 260 266 
 266 265 
 126 267 
 267 8 
 6 268 
 268 126 
 267 268 
 268 11 
 11 267 
 8 269 
 269 124 
 269 12 
 12 262 
 262 269 
 265 267 
 267 269 
 269 265 
 128 270 
 270 127 
 128 271 
 271 91 
 127 272 
 272 91 
 270 271 
 271 272 
 272 270 
 127 273 
 273 19 
 13 274 
 274 127 
 273 274 
 274 26 
 26 273 
 19 275 
 275 128 
 15 276 
 276 128 
 275 27 
 27 276 
 276 275 
 270 273 
 273 275 
 275 270 
 117 277 
 277 129 
 14 278 
 278 129 
 277 233 
 233 278 
 278 277 
 129 279 
 279 130 
 129 280 
 280 91 
 130 281 
 281 91 
 279 280 
 280 281 
 281 279 
 130 282 
 282 117 
 87 283 
 283 130 
 282 283 
 283 230 
 230 282 
 277 279 
 279 282 
 282 277 
 127 284 
 284 129 
 284 272 
 272 280 
 280 284 
 129 285 
 285 18 
 285 278 
 278 24 
 24 285 
 18 286 
 286 127 
 286 25 
 25 274 
 274 286 
 284 285 
 285 286 
 286 284 
 132 287 
 287 131 
 132 288 
 288 92 
 131 289 
 289 92 
 287 288 
 288 289 
 289 287 
 131 290 
 290 38 
 32 291 
 291 131 
 290 291 
 291 45 
 45 290 
 38 292 
 292 132 
 34 293 
 293 132 
 292 46 
 46 293 
 293 292 
 287 290 
 290 292 
 292 287 
 133 294 
 294 132 
 133 295 
 295 92 
 294 295 
 295 288 
 288 294 
 132 296 
 296 39 
 296 293 
 293 47 
 47 296 
 39 297 
 297 133 
 35 298 
 298 133 
 297 48 
 48 298 
 298 297 
 294 296 
 296 297 
 297 294 
 135 299 
 299 134 
 135 300 
 300 93 
 134 301 
 301 93 
 299 300 
 300 301 
 301 299 
 134 302 
 302 75 
 71 303 
 303 134 
 302 303 
 303 81 
 81 302 
 75 304 
 304 135 
 72 305 
 305 135 
 304 82 
 82 305 
 305 304 
 299 302 
 302 304 
 304 299 
 136 306 
 306 135 
 136 307 
 307 93 
 306 307 
 307 300 
 300 306 
 135 308 
 308 120 
 308 305 
 305 244 
 244 308 
 120 309 
 309 136 
 88 310 
 310 136 
 309 242 
 242 310 
 310 309 
 306 308 
 308 309 
 309 306 
 138 311 
 311 137 
 138 312 
 312 94 
 137 313 
 313 94 
 311 312 
 312 313 
 313 311 
 137 314 
 314 57 
 51 315 
 315 137 
 314 315 
 315 64 
 64 314 
 57 316 
 316 138 
 53 317 
 317 138 
 316 65 
 65 317 
 317 316 
 311 314 
 314 316 
 316 311 
 140 318 
 318 139 
 140 319 
 319 96 
 139 320 
 320 96 
 318 319 
 319 320 
 320 318 
 139 321 
 321 131 
 32 322 
 322 139 
 321 322 
 322 291 
 291 321 
 131 323 
 323 140 
 92 324 
 324 140 
 323 289 
 289 324 
 324 323 
 318 321 
 321 323 
 323 318 
 122 325 
 325 141 
 33 326 
 326 141 
 325 252 
 252 326 
 326 325 
 141 327 
 327 142 
 141 328 
 328 96 
 142 329 
 329 96 
 327 328 
 328 329 
 329 327 
 142 330 
 330 122 
 89 331 
 331 142 
 330 331 
 331 247 
 247 330 
 325 327 
 327 330 
 330 325 
 139 332 
 332 141 
 332 320 
 320 328 
 328 332 
 141 333 
 333 37 
 333 326 
 326 43 
 43 333 
 37 334 
 334 139 
 334 44 
 44 322 
 322 334 
 332 333 
 333 334 
 334 332 
 125 335 
 335 143 
 70 336 
 336 143 
 335 264 
 264 336 
 336 335 
 143 337 
 337 144 
 143 338 
 338 97 
 144 339 
 339 97 
 337 338 
 338 339 
 339 337 
 144 340 
 340 125 
 90 341 
 341 144 
 340 341 
 341 259 
 259 340 
 335 337 
 337 340 
 340 335 
 145 342 
 342 143 
 145 343 
 343 97 
 342 343 
 343 338 
 338 342 
 143 344 
 344 74 
 344 336 
 336 79 
 79 344 
 74 345 
 345 145 
 71 346 
 346 145 
 345 80 
 80 346 
 346 345 
 342 344 
 344 345 
 345 342 
 146 347 
 347 145 
 146 348 
 348 97 
 347 348 
 348 343 
 343 347 
 145 349 
 349 134 
 349 346 
 346 303 
 303 349 
 134 350 
 350 146 
 93 351 
 351 146 
 350 301 
 301 351 
 351 350 
 347 349 
 349 350 
 350 347 
 148 352 
 352 147 
 148 353 
 353 98 
 147 354 
 354 98 
 352 353 
 353 354 
 354 352 
 147 355 
 355 137 
 51 356 
 356 147 
 355 356 
 356 315 
 315 355 
 137 357 
 357 148 
 94 358 
 358 148 
 357 313 
 313 358 
 358 357 
 352 355 
 355 357 
 357 352 
 119 359 
 359 149 
 52 360 
 360 149 
 359 240 
 240 360 
 360 359 
 149 361 
 361 150 
 149 362 
 362 98 
 150 363 
 363 98 
 361 362 
 362 363 
 363 361 
 150 364 
 364 119 
 88 365 
 365 150 
 364 365 
 365 235 
 235 364 
 359 361 
 361 364 
 364 359 
 147 366 
 366 149 
 366 354 
 354 362 
 362 366 
 149 367 
 367 56 
 367 360 
 360 62 
 62 367 
 56 368 
 368 147 
 368 63 
 63 356 
 356 368 
 366 367 
 367 368 
 368 366 
 138 369 
 369 151 
 53 370 
 370 151 
 369 317 
 317 370 
 370 369 
 151 371 
 371 152 
 151 372 
 372 99 
 152 373 
 373 99 
 371 372 
 372 373 
 373 371 
 152 374 
 374 138 
 94 375 
 375 152 
 374 375 
 375 312 
 312 374 
 369 371 
 371 374 
 374 369 
 154 376 
 376 153 
 154 377 
 377 99 
 153 378 
 378 99 
 376 377 
 377 378 
 378 376 
 153 379 
 379 142 
 89 380 
 380 153 
 379 380 
 380 331 
 331 379 
 142 381 
 381 154 
 96 382 
 382 154 
 381 329 
 329 382 
 382 381 
 376 379 
 379 381 
 381 376 
 155 383 
 383 151 
 155 384 
 384 99 
 383 384 
 384 372 
 372 383 
 151 385 
 385 58 
 385 370 
 370 66 
 66 385 
 58 386 
 386 155 
 54 387 
 387 155 
 386 67 
 67 387 
 387 386 
 383 385 
 385 386 
 386 383 
 153 388 
 388 155 
 388 378 
 378 384 
 384 388 
 155 389 
 389 123 
 389 387 
 387 256 
 256 389 
 123 390 
 390 153 
 390 254 
 254 380 
 380 390 
 388 389 
 389 390 
 390 388 
 158 391 
 391 156 
 86 392 
 392 158 
 86 393 
 393 156 
 391 392 
 392 393 
 393 391 
 156 394 
 394 157 
 156 395 
 395 100 
 157 396 
 396 100 
 394 395 
 395 396 
 396 394 
 157 397 
 397 158 
 95 398 
 398 157 
 158 399 
 399 95 
 397 398 
 398 399 
 399 397 
 391 394 
 394 397 
 397 391 
 160 400 
 400 159 
 160 401 
 401 102 
 159 402 
 402 102 
 400 401 
 401 402 
 402 400 
 159 403 
 403 150 
 88 404 
 404 159 
 403 404 
 404 365 
 365 403 
 150 405 
 405 160 
 98 406 
 406 160 
 405 363 
 363 406 
 406 405 
 400 403 
 403 405 
 405 400 
 136 407 
 407 159 
 407 310 
 310 404 
 404 407 
 159 408 
 408 161 
 161 409 
 409 102 
 408 402 
 402 409 
 409 408 
 161 410 
 410 136 
 93 411 
 411 161 
 410 411 
 411 307 
 307 410 
 407 408 
 408 410 
 410 407 
 164 412 
 412 162 
 90 413 
 413 164 
 90 414 
 414 162 
 412 413 
 413 414 
 414 412 
 162 415 
 415 163 
 162 416 
 416 103 
 163 417 
 417 103 
 415 416 
 416 417 
 417 415 
 163 418 
 418 164 
 100 419 
 419 163 
 164 420 
 420 100 
 418 419 
 419 420 
 420 418 
 412 415 
 415 418 
 418 412 
 165 421 
 421 162 
 165 422 
 422 103 
 421 422 
 422 416 
 416 421 
 162 423 
 423 144 
 423 414 
 414 341 
 341 423 
 144 424 
 424 165 
 97 425 
 425 165 
 424 339 
 339 425 
 425 424 
 421 423 
 423 424 
 424 421 
 167 426 
 426 166 
 167 427 
 427 104 
 166 428 
 428 104 
 426 427 
 427 428 
 428 426 
 166 429 
 429 157 
 95 430 
 430 166 
 429 430 
 430 398 
 398 429 
 157 431 
 431 167 
 100 432 
 432 167 
 431 396 
 396 432 
 432 431 
 426 429 
 429 431 
 431 426 
 168 433 
 433 167 
 168 434 
 434 104 
 433 434 
 434 427 
 427 433 
 167 435 
 435 163 
 435 432 
 432 419 
 419 435 
 163 436 
 436 168 
 103 437 
 437 168 
 436 417 
 417 437 
 437 436 
 433 435 
 435 436 
 436 433 
 170 438 
 438 169 
 170 439 
 439 105 
 169 440 
 440 105 
 438 439 
 439 440 
 440 438 
 169 441 
 441 152 
 94 442 
 442 169 
 441 442 
 442 375 
 375 441 
 152 443 
 443 170 
 99 444 
 444 170 
 443 373 
 373 444 
 444 443 
 438 441 
 441 443 
 443 438 
 140 445 
 445 171 
 92 446 
 446 171 
 445 324 
 324 446 
 446 445 
 171 447 
 447 172 
 171 448 
 448 106 
 172 449 
 449 106 
 447 448 
 448 449 
 449 447 
 172 450 
 450 140 
 96 451 
 451 172 
 450 451 
 451 319 
 319 450 
 445 447 
 447 450 
 450 445 
 175 452 
 452 173 
 175 453 
 453 106 
 173 454 
 454 106 
 452 453 
 453 454 
 454 452 
 173 455 
 455 174 
 101 456 
 456 173 
 101 457 
 457 174 
 455 456 
 456 457 
 457 455 
 174 458 
 458 175 
 174 459 
 459 105 
 105 460 
 460 175 
 458 459 
 459 460 
 460 458 
 452 455 
 455 458 
 458 452 
 170 461 
 461 176 
 99 462 
 462 176 
 461 444 
 444 462 
 462 461 
 176 463 
 463 175 
 176 464 
 464 106 
 463 464 
 464 453 
 453 463 
 175 465 
 465 170 
 465 460 
 460 439 
 439 465 
 461 463 
 463 465 
 465 461 
 154 466 
 466 172 
 466 382 
 382 451 
 451 466 
 172 467 
 467 176 
 467 449 
 449 464 
 464 467 
 176 468 
 468 154 
 468 462 
 462 377 
 377 468 
 466 467 
 467 468 
 468 466 
 165 469 
 469 177 
 97 470 
 470 177 
 469 425 
 425 470 
 470 469 
 177 471 
 471 178 
 177 472 
 472 107 
 178 473 
 473 107 
 471 472 
 472 473 
 473 471 
 178 474 
 474 165 
 103 475 
 475 178 
 474 475 
 475 422 
 422 474 
 469 471 
 471 474 
 474 469 
 180 476 
 476 179 
 180 477 
 477 107 
 179 478 
 478 107 
 476 477 
 477 478 
 478 476 
 179 479 
 479 161 
 93 480 
 480 179 
 479 480 
 480 411 
 411 479 
 161 481 
 481 180 
 102 482 
 482 180 
 481 409 
 409 482 
 482 481 
 476 479 
 479 481 
 481 476 
 146 483 
 483 179 
 483 351 
 351 480 
 480 483 
 179 484 
 484 177 
 484 478 
 478 472 
 472 484 
 177 485 
 485 146 
 485 470 
 470 348 
 348 485 
 483 484 
 484 485 
 485 483 
 174 486 
 486 181 
 101 487 
 487 181 
 486 457 
 457 487 
 487 486 
 181 488 
 488 182 
 181 489 
 489 107 
 182 490 
 490 107 
 488 489 
 489 490 
 490 488 
 182 491 
 491 174 
 105 492 
 492 182 
 491 492 
 492 459 
 459 491 
 486 488 
 488 491 
 491 486 
 182 493 
 493 180 
 493 490 
 490 477 
 477 493 
 180 494 
 494 183 
 102 495 
 495 183 
 494 482 
 482 495 
 495 494 
 183 496 
 496 182 
 183 497 
 497 105 
 496 497 
 497 492 
 492 496 
 493 494 
 494 496 
 496 493 
 185 498 
 498 184 
 185 499 
 499 108 
 184 500 
 500 108 
 498 499 
 499 500 
 500 498 
 184 501 
 501 130 
 87 502 
 502 184 
 501 502 
 502 283 
 283 501 
 130 503 
 503 185 
 91 504 
 504 185 
 503 281 
 281 504 
 504 503 
 498 501 
 501 503 
 503 498 
 187 505 
 505 185 
 187 506 
 506 108 
 505 506 
 506 499 
 499 505 
 185 507 
 507 186 
 91 508 
 508 186 
 507 504 
 504 508 
 508 507 
 186 509 
 509 187 
 186 510 
 510 95 
 95 511 
 511 187 
 509 510 
 510 511 
 511 509 
 505 507 
 507 509 
 509 505 
 188 512 
 512 187 
 188 513 
 513 108 
 512 513 
 513 506 
 506 512 
 187 514 
 514 166 
 514 511 
 511 430 
 430 514 
 166 515 
 515 188 
 104 516 
 516 188 
 515 428 
 428 516 
 516 515 
 512 514 
 514 515 
 515 512 
 190 517 
 517 189 
 101 518 
 518 190 
 101 519 
 519 189 
 517 518 
 518 519 
 519 517 
 189 520 
 520 188 
 189 521 
 521 108 
 520 521 
 521 513 
 513 520 
 188 522 
 522 190 
 190 523 
 523 104 
 522 516 
 516 523 
 523 522 
 517 520 
 520 522 
 522 517 
 171 524 
 524 191 
 92 525 
 525 191 
 524 446 
 446 525 
 525 524 
 191 526 
 526 192 
 191 527 
 527 109 
 192 528 
 528 109 
 526 527 
 527 528 
 528 526 
 192 529 
 529 171 
 106 530 
 530 192 
 529 530 
 530 448 
 448 529 
 524 526 
 526 529 
 529 524 
 194 531 
 531 193 
 194 532 
 532 109 
 193 533 
 533 109 
 531 532 
 532 533 
 533 531 
 193 534 
 534 184 
 87 535 
 535 193 
 534 535 
 535 502 
 502 534 
 184 536 
 536 194 
 108 537 
 537 194 
 536 500 
 500 537 
 537 536 
 531 534 
 534 536 
 536 531 
 126 538 
 538 195 
 195 539 
 539 90 
 538 266 
 266 539 
 539 538 
 195 540 
 540 112 
 85 541 
 541 195 
 540 541 
 541 211 
 211 540 
 112 542 
 542 126 
 542 214 
 214 268 
 268 542 
 538 540 
 540 542 
 542 538 
 164 543 
 543 196 
 100 544 
 544 196 
 543 420 
 420 544 
 544 543 
 196 545 
 545 195 
 196 546 
 546 85 
 545 546 
 546 541 
 541 545 
 195 547 
 547 164 
 547 539 
 539 413 
 413 547 
 543 545 
 545 547 
 547 543 
 114 548 
 548 196 
 548 221 
 221 546 
 546 548 
 196 549 
 549 156 
 549 544 
 544 395 
 395 549 
 156 550 
 550 114 
 550 393 
 393 216 
 216 550 
 548 549 
 549 550 
 550 548 
 133 551 
 551 197 
 35 552 
 552 197 
 551 298 
 298 552 
 552 551 
 197 553 
 553 191 
 197 554 
 554 109 
 553 554 
 554 527 
 527 553 
 191 555 
 555 133 
 555 525 
 525 295 
 295 555 
 551 553 
 553 555 
 555 551 
 193 556 
 556 197 
 556 533 
 533 554 
 554 556 
 197 557 
 557 115 
 557 552 
 552 226 
 226 557 
 115 558 
 558 193 
 558 224 
 224 535 
 535 558 
 556 557 
 557 558 
 558 556 
 113 559 
 559 198 
 198 560 
 560 86 
 559 217 
 217 560 
 560 559 
 198 561 
 561 20 
 15 562 
 562 198 
 561 562 
 562 28 
 28 561 
 20 563 
 563 113 
 563 29 
 29 219 
 219 563 
 559 561 
 561 563 
 563 559 
 183 564 
 564 199 
 102 565 
 565 199 
 564 495 
 495 565 
 565 564 
 199 566 
 566 169 
 199 567 
 567 94 
 566 567 
 567 442 
 442 566 
 169 568 
 568 183 
 568 440 
 440 497 
 497 568 
 564 566 
 566 568 
 568 564 
 148 569 
 569 199 
 569 358 
 358 567 
 567 569 
 199 570 
 570 160 
 570 565 
 565 401 
 401 570 
 160 571 
 571 148 
 571 406 
 406 353 
 353 571 
 569 570 
 570 571 
 571 569 
 181 572 
 572 200 
 101 573 
 573 200 
 572 487 
 487 573 
 573 572 
 200 574 
 574 178 
 200 575 
 575 103 
 574 575 
 575 475 
 475 574 
 178 576 
 576 181 
 576 473 
 473 489 
 489 576 
 572 574 
 574 576 
 576 572 
 168 577 
 577 200 
 577 437 
 437 575 
 575 577 
 200 578 
 578 190 
 578 573 
 573 518 
 518 578 
 190 579 
 579 168 
 579 523 
 523 434 
 434 579 
 577 578 
 578 579 
 579 577 
 189 580 
 580 201 
 101 581 
 581 201 
 580 519 
 519 581 
 581 580 
 201 582 
 582 194 
 201 583 
 583 109 
 582 583 
 583 532 
 532 582 
 194 584 
 584 189 
 584 537 
 537 521 
 521 584 
 580 582 
 582 584 
 584 580 
 192 585 
 585 201 
 585 528 
 528 583 
 583 585 
 201 586 
 586 173 
 586 581 
 581 456 
 456 586 
 173 587 
 587 192 
 587 454 
 454 530 
 530 587 
 585 586 
 586 587 
 587 585 
 158 588 
 588 202 
 95 589 
 589 202 
 588 399 
 399 589 
 589 588 
 202 590 
 590 198 
 202 591 
 591 15 
 590 591 
 591 562 
 562 590 
 198 592 
 592 158 
 592 560 
 560 392 
 392 592 
 588 590 
 590 592 
 592 588 
 128 593 
 593 202 
 593 276 
 276 591 
 591 593 
 202 594 
 594 186 
 594 589 
 589 510 
 510 594 
 186 595 
 595 128 
 595 508 
 508 271 
 271 595 
 593 594 
 594 595 
 595 593 
 bcElement 84
23 101 3 
21 101 1 
26 101 3 
27 101 1 
167 101 3 
165 101 1 
170 101 3 
171 101 1 
151 6 3 
149 6 1 
154 6 3 
155 6 1 
375 6 3 
373 6 1 
378 6 3 
379 6 1 
263 6 3 
261 6 1 
266 6 3 
267 6 1 
103 6 3 
101 6 1 
106 6 3 
107 6 1 
87 11 3 
85 11 1 
90 11 3 
91 11 1 
439 11 3 
437 11 1 
442 11 3 
443 11 1 
295 11 3 
293 11 1 
298 11 3 
299 11 1 
487 11 3 
485 11 1 
490 11 3 
491 11 1 
135 11 3 
133 11 1 
138 11 3 
139 11 1 
119 16 3 
117 16 1 
122 16 3 
123 16 1 
343 16 3 
341 16 1 
346 16 3 
347 16 1 
231 16 3 
229 16 1 
234 16 3 
235 16 1 
247 16 3 
245 16 1 
250 16 3 
251 16 1 
55 16 3 
53 16 1 
58 16 3 
59 16 1 
71 21 3 
69 21 1 
74 21 3 
75 21 1 
215 21 3 
213 21 1 
218 21 3 
219 21 1 
183 21 3 
181 21 1 
186 21 3 
187 21 1 
967 21 3 
965 21 1 
970 21 3 
971 21 1 
7 21 3 
5 21 1 
10 21 3 
11 21 1 
