Edge min = 0.054605, max=0.141563, average=0.090650;
Grid_size 290
Node_size 166
Total_DOF 3726
maxDOF 21
Solution_Order
5 
 meshIEN 
41 6 1 
 41 1 16 
 47 28 4 
 47 4 40 
 48 2 25 
 48 10 2 
 49 3 34 
 49 19 3 
 51 5 7 
 7 42 51 
 52 43 42 
 15 50 52 
 52 16 15 
 44 55 56 
 57 11 9 
 11 57 59 
 59 12 11 
 61 58 45 
 22 58 61 
 61 24 22 
 62 20 18 
 65 13 14 
 43 52 66 
 66 52 50 
 5 51 67 
 67 36 5 
 68 35 37 
 69 39 35 
 35 68 69 
 69 68 53 
 44 56 70 
 71 30 29 
 30 71 72 
 72 26 30 
 73 55 44 
 54 55 73 
 28 47 74 
 74 27 28 
 75 29 27 
 75 55 54 
 27 74 75 
 75 74 55 
 75 71 29 
 54 71 75 
 76 38 39 
 39 69 76 
 77 47 40 
 77 74 47 
 77 40 38 
 55 74 77 
 77 56 55 
 38 76 77 
 77 76 56 
 78 9 10 
 78 57 9 
 10 48 78 
 79 23 17 
 12 59 80 
 80 8 12 
 81 59 57 
 86 48 25 
 86 78 48 
 24 61 86 
 86 25 24 
 20 62 87 
 87 21 20 
 88 18 19 
 88 62 18 
 19 49 88 
 89 31 32 
 89 63 31 
 90 49 34 
 90 88 49 
 33 64 90 
 90 34 33 
 91 37 36 
 91 68 37 
 57 78 92 
 78 86 92 
 45 81 92 
 92 81 57 
 92 61 45 
 92 86 61 
 93 81 45 
 94 93 45 
 45 58 94 
 95 93 82 
 81 93 95 
 59 81 95 
 97 73 44 
 54 73 100 
 104 66 50 
 105 96 60 
 43 66 106 
 62 88 108 
 88 90 108 
 108 64 46 
 108 90 64 
 26 72 109 
 109 32 26 
 109 89 32 
 111 94 58 
 58 79 111 
 112 70 53 
 112 98 70 
 97 98 113 
 83 97 113 
 114 97 83 
 54 100 115 
 115 71 54 
 115 72 71 
 46 101 116 
 116 108 46 
 62 108 116 
 118 79 17 
 118 17 21 
 94 111 119 
 122 105 60 
 60 99 122 
 123 95 82 
 96 105 123 
 82 96 123 
 43 106 124 
 125 104 85 
 85 104 126 
 59 95 127 
 127 80 59 
 8 80 128 
 128 14 8 
 84 101 129 
 63 89 131 
 131 130 147 
 147 129 132 
 63 131 132 
 132 131 147 
 46 64 132 
 132 64 63 
 133 110 67 
 51 124 133 
 133 67 51 
 68 91 134 
 134 112 53 
 53 68 134 
 135 113 98 
 98 112 135 
 136 114 83 
 83 99 136 
 79 118 137 
 137 111 79 
 137 119 111 
 103 119 137 
 94 119 138 
 93 94 138 
 82 93 138 
 102 117 139 
 139 120 84 
 84 102 139 
 140 116 101 
 103 121 140 
 140 120 103 
 62 116 141 
 141 87 62 
 141 121 87 
 116 140 141 
 141 140 121 
 142 122 99 
 83 113 142 
 142 99 83 
 107 127 143 
 85 126 143 
 143 126 107 
 144 125 85 
 145 126 104 
 145 104 50 
 50 65 145 
 84 129 146 
 146 102 84 
 147 146 129 
 130 131 148 
 148 131 89 
 89 109 148 
 149 130 100 
 150 124 106 
 150 133 124 
 151 134 91 
 91 110 151 
 152 136 99 
 102 146 152 
 60 102 152 
 152 99 60 
 153 138 119 
 153 139 117 
 153 119 103 
 120 139 153 
 103 120 153 
 154 142 113 
 113 135 154 
 85 143 155 
 155 123 105 
 155 143 123 
 155 144 85 
 105 122 156 
 125 144 157 
 157 150 106 
 106 125 157 
 133 150 158 
 134 151 159 
 112 134 159 
 136 152 160 
 160 152 146 
 146 147 160 
 130 149 160 
 160 147 130 
 142 154 161 
 161 156 122 
 122 142 161 
 162 158 150 
 150 157 162 
 163 159 151 
 151 158 163 
 158 162 163 
 164 154 135 
 156 161 165 
 165 162 157 
 165 157 144 
 144 156 165 
 166 165 161 
 154 164 166 
 166 161 154 
 162 165 166 
 166 163 162 
 41 42 7 
 7 6 41 
 52 42 41 
 41 16 52 
 65 50 15 
 15 13 65 
 124 51 42 
 42 43 124 
 63 64 33 
 33 31 63 
 76 69 53 
 56 76 53 
 53 70 56 
 23 79 58 
 58 22 23 
 98 97 44 
 44 70 98 
 73 97 114 
 125 106 66 
 66 104 125 
 73 114 149 
 149 100 73 
 87 121 118 
 118 21 87 
 107 128 80 
 80 127 107 
 100 130 148 
 148 115 100 
 120 140 101 
 101 84 120 
 123 143 127 
 127 95 123 
 156 144 155 
 155 105 156 
 128 145 65 
 65 14 128 
 115 148 109 
 109 72 115 
 158 151 110 
 110 133 158 
 117 96 82 
 138 153 117 
 117 82 138 
 136 160 149 
 149 114 136 
 163 166 164 
 164 159 163 
 159 164 135 
 135 112 159 
 96 117 102 
 102 60 96 
 137 118 121 
 121 103 137 
 145 128 107 
 107 126 145 
 46 132 129 
 129 101 46 
 110 91 36 
 36 67 110 
 solutionIEN 
41 6 1 330 329 328 327 170 169 168 167 331 332 333 334 1987 1988 1989 1990 1991 1992 
 41 1 16 334 333 332 331 218 217 216 215 335 336 337 338 1993 1994 1995 1996 1997 1998 
 47 28 4 358 357 356 355 262 261 260 259 351 352 353 354 1999 2000 2001 2002 2003 2004 
 47 4 40 354 353 352 351 326 325 324 323 359 360 361 362 2005 2006 2007 2008 2009 2010 
 48 2 25 370 369 368 367 258 257 256 255 363 364 365 366 2011 2012 2013 2014 2015 2016 
 48 10 2 374 373 372 371 182 181 180 179 367 368 369 370 2017 2018 2019 2020 2021 2022 
 49 3 34 382 381 380 379 298 297 296 295 375 376 377 378 2023 2024 2025 2026 2027 2028 
 49 19 3 386 385 384 383 222 221 220 219 379 380 381 382 2029 2030 2031 2032 2033 2034 
 51 5 7 394 393 392 391 178 177 176 175 395 396 397 398 2035 2036 2037 2038 2039 2040 
 7 42 51 339 340 341 342 399 400 401 402 398 397 396 395 2041 2042 2043 2044 2045 2046 
 52 43 42 410 409 408 407 350 349 348 347 403 404 405 406 2047 2048 2049 2050 2051 2052 
 15 50 52 387 388 389 390 415 416 417 418 414 413 412 411 2053 2054 2055 2056 2057 2058 
 52 16 15 422 421 420 419 214 213 212 211 411 412 413 414 2059 2060 2061 2062 2063 2064 
 44 55 56 423 424 425 426 435 436 437 438 434 433 432 431 2065 2066 2067 2068 2069 2070 
 57 11 9 442 441 440 439 190 189 188 187 443 444 445 446 2071 2072 2073 2074 2075 2076 
 11 57 59 439 440 441 442 455 456 457 458 466 465 464 463 2077 2078 2079 2080 2081 2082 
 59 12 11 462 461 460 459 194 193 192 191 463 464 465 466 2083 2084 2085 2086 2087 2088 
 61 58 45 474 473 472 471 454 453 452 451 467 468 469 470 2089 2090 2091 2092 2093 2094 
 22 58 61 447 448 449 450 471 472 473 474 482 481 480 479 2095 2096 2097 2098 2099 2100 
 61 24 22 478 477 476 475 250 249 248 247 479 480 481 482 2101 2102 2103 2104 2105 2106 
 62 20 18 486 485 484 483 230 229 228 227 487 488 489 490 2107 2108 2109 2110 2111 2112 
 65 13 14 514 513 512 511 206 205 204 203 507 508 509 510 2113 2114 2115 2116 2117 2118 
 43 52 66 407 408 409 410 523 524 525 526 522 521 520 519 2119 2120 2121 2122 2123 2124 
 66 52 50 526 525 524 523 418 417 416 415 527 528 529 530 2125 2126 2127 2128 2129 2130 
 5 51 67 391 392 393 394 535 536 537 538 534 533 532 531 2131 2132 2133 2134 2135 2136 
 67 36 5 542 541 540 539 302 301 300 299 531 532 533 534 2137 2138 2139 2140 2141 2142 
 68 35 37 550 549 548 547 310 309 308 307 543 544 545 546 2143 2144 2145 2146 2147 2148 
 69 39 35 562 561 560 559 314 313 312 311 555 556 557 558 2149 2150 2151 2152 2153 2154 
 35 68 69 547 548 549 550 567 568 569 570 558 557 556 555 2155 2156 2157 2158 2159 2160 
 69 68 53 570 569 568 567 554 553 552 551 563 564 565 566 2161 2162 2163 2164 2165 2166 
 44 56 70 431 432 433 434 575 576 577 578 574 573 572 571 2167 2168 2169 2170 2171 2172 
 71 30 29 586 585 584 583 274 273 272 271 591 592 593 594 2173 2174 2175 2176 2177 2178 
 30 71 72 583 584 585 586 599 600 601 602 606 605 604 603 2179 2180 2181 2182 2183 2184 
 72 26 30 598 597 596 595 278 277 276 275 603 604 605 606 2185 2186 2187 2188 2189 2190 
 73 55 44 614 613 612 611 426 425 424 423 607 608 609 610 2191 2192 2193 2194 2195 2196 
 54 55 73 427 428 429 430 611 612 613 614 618 617 616 615 2197 2198 2199 2200 2201 2202 
 28 47 74 355 356 357 358 623 624 625 626 622 621 620 619 2203 2204 2205 2206 2207 2208 
 74 27 28 630 629 628 627 266 265 264 263 619 620 621 622 2209 2210 2211 2212 2213 2214 
 75 29 27 642 641 640 639 270 269 268 267 635 636 637 638 2215 2216 2217 2218 2219 2220 
 75 55 54 650 649 648 647 430 429 428 427 643 644 645 646 2221 2222 2223 2224 2225 2226 
 27 74 75 627 628 629 630 651 652 653 654 638 637 636 635 2227 2228 2229 2230 2231 2232 
 75 74 55 654 653 652 651 634 633 632 631 647 648 649 650 2233 2234 2235 2236 2237 2238 
 75 71 29 658 657 656 655 594 593 592 591 639 640 641 642 2239 2240 2241 2242 2243 2244 
 54 71 75 587 588 589 590 655 656 657 658 646 645 644 643 2245 2246 2247 2248 2249 2250 
 76 38 39 666 665 664 663 318 317 316 315 659 660 661 662 2251 2252 2253 2254 2255 2256 
 39 69 76 559 560 561 562 671 672 673 674 662 661 660 659 2257 2258 2259 2260 2261 2262 
 77 47 40 682 681 680 679 362 361 360 359 675 676 677 678 2263 2264 2265 2266 2267 2268 
 77 74 47 686 685 684 683 626 625 624 623 679 680 681 682 2269 2270 2271 2272 2273 2274 
 77 40 38 678 677 676 675 322 321 320 319 687 688 689 690 2275 2276 2277 2278 2279 2280 
 55 74 77 631 632 633 634 683 684 685 686 694 693 692 691 2281 2282 2283 2284 2285 2286 
 77 56 55 698 697 696 695 438 437 436 435 691 692 693 694 2287 2288 2289 2290 2291 2292 
 38 76 77 663 664 665 666 699 700 701 702 690 689 688 687 2293 2294 2295 2296 2297 2298 
 77 76 56 702 701 700 699 670 669 668 667 695 696 697 698 2299 2300 2301 2302 2303 2304 
 78 9 10 710 709 708 707 186 185 184 183 703 704 705 706 2305 2306 2307 2308 2309 2310 
 78 57 9 714 713 712 711 446 445 444 443 707 708 709 710 2311 2312 2313 2314 2315 2316 
 10 48 78 371 372 373 374 715 716 717 718 706 705 704 703 2317 2318 2319 2320 2321 2322 
 79 23 17 726 725 724 723 242 241 240 239 719 720 721 722 2323 2324 2325 2326 2327 2328 
 12 59 80 459 460 461 462 735 736 737 738 734 733 732 731 2329 2330 2331 2332 2333 2334 
 80 8 12 742 741 740 739 198 197 196 195 731 732 733 734 2335 2336 2337 2338 2339 2340 
 81 59 57 754 753 752 751 458 457 456 455 747 748 749 750 2341 2342 2343 2344 2345 2346 
 86 48 25 762 761 760 759 366 365 364 363 755 756 757 758 2347 2348 2349 2350 2351 2352 
 86 78 48 766 765 764 763 718 717 716 715 759 760 761 762 2353 2354 2355 2356 2357 2358 
 24 61 86 475 476 477 478 771 772 773 774 770 769 768 767 2359 2360 2361 2362 2363 2364 
 86 25 24 758 757 756 755 254 253 252 251 767 768 769 770 2365 2366 2367 2368 2369 2370 
 20 62 87 483 484 485 486 779 780 781 782 778 777 776 775 2371 2372 2373 2374 2375 2376 
 87 21 20 786 785 784 783 234 233 232 231 775 776 777 778 2377 2378 2379 2380 2381 2382 
 88 18 19 794 793 792 791 226 225 224 223 787 788 789 790 2383 2384 2385 2386 2387 2388 
 88 62 18 798 797 796 795 490 489 488 487 791 792 793 794 2389 2390 2391 2392 2393 2394 
 19 49 88 383 384 385 386 799 800 801 802 790 789 788 787 2395 2396 2397 2398 2399 2400 
 89 31 32 810 809 808 807 286 285 284 283 803 804 805 806 2401 2402 2403 2404 2405 2406 
 89 63 31 814 813 812 811 494 493 492 491 807 808 809 810 2407 2408 2409 2410 2411 2412 
 90 49 34 822 821 820 819 378 377 376 375 815 816 817 818 2413 2414 2415 2416 2417 2418 
 90 88 49 826 825 824 823 802 801 800 799 819 820 821 822 2419 2420 2421 2422 2423 2424 
 33 64 90 503 504 505 506 831 832 833 834 830 829 828 827 2425 2426 2427 2428 2429 2430 
 90 34 33 818 817 816 815 294 293 292 291 827 828 829 830 2431 2432 2433 2434 2435 2436 
 91 37 36 842 841 840 839 306 305 304 303 835 836 837 838 2437 2438 2439 2440 2441 2442 
 91 68 37 846 845 844 843 546 545 544 543 839 840 841 842 2443 2444 2445 2446 2447 2448 
 57 78 92 711 712 713 714 851 852 853 854 850 849 848 847 2449 2450 2451 2452 2453 2454 
 78 86 92 763 764 765 766 855 856 857 858 854 853 852 851 2455 2456 2457 2458 2459 2460 
 45 81 92 743 744 745 746 863 864 865 866 862 861 860 859 2461 2462 2463 2464 2465 2466 
 92 81 57 866 865 864 863 750 749 748 747 847 848 849 850 2467 2468 2469 2470 2471 2472 
 92 61 45 870 869 868 867 470 469 468 467 859 860 861 862 2473 2474 2475 2476 2477 2478 
 92 86 61 858 857 856 855 774 773 772 771 867 868 869 870 2479 2480 2481 2482 2483 2484 
 93 81 45 882 881 880 879 746 745 744 743 875 876 877 878 2485 2486 2487 2488 2489 2490 
 94 93 45 890 889 888 887 878 877 876 875 891 892 893 894 2491 2492 2493 2494 2495 2496 
 45 58 94 451 452 453 454 883 884 885 886 894 893 892 891 2497 2498 2499 2500 2501 2502 
 95 93 82 902 901 900 899 874 873 872 871 895 896 897 898 2503 2504 2505 2506 2507 2508 
 81 93 95 879 880 881 882 899 900 901 902 910 909 908 907 2509 2510 2511 2512 2513 2514 
 59 81 95 751 752 753 754 907 908 909 910 906 905 904 903 2515 2516 2517 2518 2519 2520 
 97 73 44 926 925 924 923 610 609 608 607 919 920 921 922 2521 2522 2523 2524 2525 2526 
 54 73 100 615 616 617 618 951 952 953 954 950 949 948 947 2527 2528 2529 2530 2531 2532 
 104 66 50 978 977 976 975 530 529 528 527 971 972 973 974 2533 2534 2535 2536 2537 2538 
 105 96 60 990 989 988 987 914 913 912 911 983 984 985 986 2539 2540 2541 2542 2543 2544 
 43 66 106 519 520 521 522 995 996 997 998 994 993 992 991 2545 2546 2547 2548 2549 2550 
 62 88 108 795 796 797 798 1003 1004 1005 1006 1002 1001 1000 999 2551 2552 2553 2554 2555 2556 
 88 90 108 823 824 825 826 1011 1012 1013 1014 1006 1005 1004 1003 2557 2558 2559 2560 2561 2562 
 108 64 46 1018 1017 1016 1015 498 497 496 495 1007 1008 1009 1010 2563 2564 2565 2566 2567 2568 
 108 90 64 1014 1013 1012 1011 834 833 832 831 1015 1016 1017 1018 2569 2570 2571 2572 2573 2574 
 26 72 109 595 596 597 598 1023 1024 1025 1026 1022 1021 1020 1019 2575 2576 2577 2578 2579 2580 
 109 32 26 1034 1033 1032 1031 282 281 280 279 1019 1020 1021 1022 2581 2582 2583 2584 2585 2586 
 109 89 32 1030 1029 1028 1027 806 805 804 803 1031 1032 1033 1034 2587 2588 2589 2590 2591 2592 
 111 94 58 1050 1049 1048 1047 886 885 884 883 1043 1044 1045 1046 2593 2594 2595 2596 2597 2598 
 58 79 111 727 728 729 730 1051 1052 1053 1054 1046 1045 1044 1043 2599 2600 2601 2602 2603 2604 
 112 70 53 1062 1061 1060 1059 582 581 580 579 1055 1056 1057 1058 2605 2606 2607 2608 2609 2610 
 112 98 70 1066 1065 1064 1063 938 937 936 935 1059 1060 1061 1062 2611 2612 2613 2614 2615 2616 
 97 98 113 931 932 933 934 1075 1076 1077 1078 1074 1073 1072 1071 2617 2618 2619 2620 2621 2622 
 83 97 113 927 928 929 930 1071 1072 1073 1074 1070 1069 1068 1067 2623 2624 2625 2626 2627 2628 
 114 97 83 1086 1085 1084 1083 930 929 928 927 1079 1080 1081 1082 2629 2630 2631 2632 2633 2634 
 54 100 115 947 948 949 950 1091 1092 1093 1094 1090 1089 1088 1087 2635 2636 2637 2638 2639 2640 
 115 71 54 1102 1101 1100 1099 590 589 588 587 1087 1088 1089 1090 2641 2642 2643 2644 2645 2646 
 115 72 71 1098 1097 1096 1095 602 601 600 599 1099 1100 1101 1102 2647 2648 2649 2650 2651 2652 
 46 101 116 955 956 957 958 1107 1108 1109 1110 1106 1105 1104 1103 2653 2654 2655 2656 2657 2658 
 116 108 46 1118 1117 1116 1115 1010 1009 1008 1007 1103 1104 1105 1106 2659 2660 2661 2662 2663 2664 
 62 108 116 999 1000 1001 1002 1115 1116 1117 1118 1114 1113 1112 1111 2665 2666 2667 2668 2669 2670 
 118 79 17 1134 1133 1132 1131 722 721 720 719 1127 1128 1129 1130 2671 2672 2673 2674 2675 2676 
 118 17 21 1130 1129 1128 1127 238 237 236 235 1135 1136 1137 1138 2677 2678 2679 2680 2681 2682 
 94 111 119 1047 1048 1049 1050 1143 1144 1145 1146 1142 1141 1140 1139 2683 2684 2685 2686 2687 2688 
 122 105 60 1178 1177 1176 1175 986 985 984 983 1171 1172 1173 1174 2689 2690 2691 2692 2693 2694 
 60 99 122 939 940 941 942 1179 1180 1181 1182 1174 1173 1172 1171 2695 2696 2697 2698 2699 2700 
 123 95 82 1190 1189 1188 1187 898 897 896 895 1183 1184 1185 1186 2701 2702 2703 2704 2705 2706 
 96 105 123 987 988 989 990 1195 1196 1197 1198 1194 1193 1192 1191 2707 2708 2709 2710 2711 2712 
 82 96 123 915 916 917 918 1191 1192 1193 1194 1186 1185 1184 1183 2713 2714 2715 2716 2717 2718 
 43 106 124 991 992 993 994 1207 1208 1209 1210 1206 1205 1204 1203 2719 2720 2721 2722 2723 2724 
 125 104 85 1218 1217 1216 1215 982 981 980 979 1211 1212 1213 1214 2725 2726 2727 2728 2729 2730 
 85 104 126 979 980 981 982 1231 1232 1233 1234 1226 1225 1224 1223 2731 2732 2733 2734 2735 2736 
 59 95 127 903 904 905 906 1239 1240 1241 1242 1238 1237 1236 1235 2737 2738 2739 2740 2741 2742 
 127 80 59 1246 1245 1244 1243 738 737 736 735 1235 1236 1237 1238 2743 2744 2745 2746 2747 2748 
 8 80 128 739 740 741 742 1255 1256 1257 1258 1254 1253 1252 1251 2749 2750 2751 2752 2753 2754 
 128 14 8 1262 1261 1260 1259 202 201 200 199 1251 1252 1253 1254 2755 2756 2757 2758 2759 2760 
 84 101 129 959 960 961 962 1267 1268 1269 1270 1274 1273 1272 1271 2761 2762 2763 2764 2765 2766 
 63 89 131 811 812 813 814 1287 1288 1289 1290 1282 1281 1280 1279 2767 2768 2769 2770 2771 2772 
 131 130 147 1294 1293 1292 1291 1543 1544 1545 1546 1283 1284 1285 1286 2773 2774 2775 2776 2777 2778 
 147 129 132 1550 1549 1548 1547 1299 1300 1301 1302 1306 1305 1304 1303 2779 2780 2781 2782 2783 2784 
 63 131 132 1279 1280 1281 1282 1311 1312 1313 1314 1310 1309 1308 1307 2785 2786 2787 2788 2789 2790 
 132 131 147 1314 1313 1312 1311 1286 1285 1284 1283 1303 1304 1305 1306 2791 2792 2793 2794 2795 2796 
 46 64 132 495 496 497 498 1315 1316 1317 1318 1298 1297 1296 1295 2797 2798 2799 2800 2801 2802 
 132 64 63 1318 1317 1316 1315 502 501 500 499 1307 1308 1309 1310 2803 2804 2805 2806 2807 2808 
 133 110 67 1326 1325 1324 1323 1042 1041 1040 1039 1327 1328 1329 1330 2809 2810 2811 2812 2813 2814 
 51 124 133 1199 1200 1201 1202 1319 1320 1321 1322 1334 1333 1332 1331 2815 2816 2817 2818 2819 2820 
 133 67 51 1330 1329 1328 1327 538 537 536 535 1331 1332 1333 1334 2821 2822 2823 2824 2825 2826 
 68 91 134 843 844 845 846 1339 1340 1341 1342 1338 1337 1336 1335 2827 2828 2829 2830 2831 2832 
 134 112 53 1346 1345 1344 1343 1058 1057 1056 1055 1347 1348 1349 1350 2833 2834 2835 2836 2837 2838 
 53 68 134 551 552 553 554 1335 1336 1337 1338 1350 1349 1348 1347 2839 2840 2841 2842 2843 2844 
 135 113 98 1358 1357 1356 1355 1078 1077 1076 1075 1351 1352 1353 1354 2845 2846 2847 2848 2849 2850 
 98 112 135 1063 1064 1065 1066 1359 1360 1361 1362 1354 1353 1352 1351 2851 2852 2853 2854 2855 2856 
 136 114 83 1374 1373 1372 1371 1082 1081 1080 1079 1367 1368 1369 1370 2857 2858 2859 2860 2861 2862 
 83 99 136 943 944 945 946 1363 1364 1365 1366 1370 1369 1368 1367 2863 2864 2865 2866 2867 2868 
 79 118 137 1131 1132 1133 1134 1379 1380 1381 1382 1378 1377 1376 1375 2869 2870 2871 2872 2873 2874 
 137 111 79 1386 1385 1384 1383 1054 1053 1052 1051 1375 1376 1377 1378 2875 2876 2877 2878 2879 2880 
 137 119 111 1390 1389 1388 1387 1146 1145 1144 1143 1383 1384 1385 1386 2881 2882 2883 2884 2885 2886 
 103 119 137 1147 1148 1149 1150 1387 1388 1389 1390 1394 1393 1392 1391 2887 2888 2889 2890 2891 2892 
 94 119 138 1139 1140 1141 1142 1399 1400 1401 1402 1398 1397 1396 1395 2893 2894 2895 2896 2897 2898 
 93 94 138 887 888 889 890 1395 1396 1397 1398 1410 1409 1408 1407 2899 2900 2901 2902 2903 2904 
 82 93 138 871 872 873 874 1407 1408 1409 1410 1406 1405 1404 1403 2905 2906 2907 2908 2909 2910 
 102 117 139 1119 1120 1121 1122 1415 1416 1417 1418 1414 1413 1412 1411 2911 2912 2913 2914 2915 2916 
 139 120 84 1426 1425 1424 1423 1154 1153 1152 1151 1419 1420 1421 1422 2917 2918 2919 2920 2921 2922 
 84 102 139 967 968 969 970 1411 1412 1413 1414 1422 1421 1420 1419 2923 2924 2925 2926 2927 2928 
 140 116 101 1434 1433 1432 1431 1110 1109 1108 1107 1427 1428 1429 1430 2929 2930 2931 2932 2933 2934 
 103 121 140 1159 1160 1161 1162 1435 1436 1437 1438 1446 1445 1444 1443 2935 2936 2937 2938 2939 2940 
 140 120 103 1442 1441 1440 1439 1158 1157 1156 1155 1443 1444 1445 1446 2941 2942 2943 2944 2945 2946 
 62 116 141 1111 1112 1113 1114 1451 1452 1453 1454 1450 1449 1448 1447 2947 2948 2949 2950 2951 2952 
 141 87 62 1458 1457 1456 1455 782 781 780 779 1447 1448 1449 1450 2953 2954 2955 2956 2957 2958 
 141 121 87 1462 1461 1460 1459 1170 1169 1168 1167 1455 1456 1457 1458 2959 2960 2961 2962 2963 2964 
 116 140 141 1431 1432 1433 1434 1463 1464 1465 1466 1454 1453 1452 1451 2965 2966 2967 2968 2969 2970 
 141 140 121 1466 1465 1464 1463 1438 1437 1436 1435 1459 1460 1461 1462 2971 2972 2973 2974 2975 2976 
 142 122 99 1474 1473 1472 1471 1182 1181 1180 1179 1467 1468 1469 1470 2977 2978 2979 2980 2981 2982 
 83 113 142 1067 1068 1069 1070 1475 1476 1477 1478 1482 1481 1480 1479 2983 2984 2985 2986 2987 2988 
 142 99 83 1470 1469 1468 1467 946 945 944 943 1479 1480 1481 1482 2989 2990 2991 2992 2993 2994 
 107 127 143 1247 1248 1249 1250 1487 1488 1489 1490 1486 1485 1484 1483 2995 2996 2997 2998 2999 3000 
 85 126 143 1223 1224 1225 1226 1499 1500 1501 1502 1494 1493 1492 1491 3001 3002 3003 3004 3005 3006 
 143 126 107 1502 1501 1500 1499 1230 1229 1228 1227 1483 1484 1485 1486 3007 3008 3009 3010 3011 3012 
 144 125 85 1510 1509 1508 1507 1214 1213 1212 1211 1503 1504 1505 1506 3013 3014 3015 3016 3017 3018 
 145 126 104 1518 1517 1516 1515 1234 1233 1232 1231 1511 1512 1513 1514 3019 3020 3021 3022 3023 3024 
 145 104 50 1514 1513 1512 1511 974 973 972 971 1523 1524 1525 1526 3025 3026 3027 3028 3029 3030 
 50 65 145 515 516 517 518 1519 1520 1521 1522 1526 1525 1524 1523 3031 3032 3033 3034 3035 3036 
 84 129 146 1271 1272 1273 1274 1535 1536 1537 1538 1534 1533 1532 1531 3037 3038 3039 3040 3041 3042 
 146 102 84 1542 1541 1540 1539 970 969 968 967 1531 1532 1533 1534 3043 3044 3045 3046 3047 3048 
 147 146 129 1554 1553 1552 1551 1538 1537 1536 1535 1547 1548 1549 1550 3049 3050 3051 3052 3053 3054 
 130 131 148 1291 1292 1293 1294 1563 1564 1565 1566 1562 1561 1560 1559 3055 3056 3057 3058 3059 3060 
 148 131 89 1566 1565 1564 1563 1290 1289 1288 1287 1571 1572 1573 1574 3061 3062 3063 3064 3065 3066 
 89 109 148 1027 1028 1029 1030 1567 1568 1569 1570 1574 1573 1572 1571 3067 3068 3069 3070 3071 3072 
 149 130 100 1582 1581 1580 1579 1278 1277 1276 1275 1575 1576 1577 1578 3073 3074 3075 3076 3077 3078 
 150 124 106 1594 1593 1592 1591 1210 1209 1208 1207 1587 1588 1589 1590 3079 3080 3081 3082 3083 3084 
 150 133 124 1598 1597 1596 1595 1322 1321 1320 1319 1591 1592 1593 1594 3085 3086 3087 3088 3089 3090 
 151 134 91 1610 1609 1608 1607 1342 1341 1340 1339 1603 1604 1605 1606 3091 3092 3093 3094 3095 3096 
 91 110 151 1035 1036 1037 1038 1599 1600 1601 1602 1606 1605 1604 1603 3097 3098 3099 3100 3101 3102 
 152 136 99 1618 1617 1616 1615 1366 1365 1364 1363 1611 1612 1613 1614 3103 3104 3105 3106 3107 3108 
 102 146 152 1539 1540 1541 1542 1623 1624 1625 1626 1622 1621 1620 1619 3109 3110 3111 3112 3113 3114 
 60 102 152 963 964 965 966 1619 1620 1621 1622 1630 1629 1628 1627 3115 3116 3117 3118 3119 3120 
 152 99 60 1614 1613 1612 1611 942 941 940 939 1627 1628 1629 1630 3121 3122 3123 3124 3125 3126 
 153 138 119 1638 1637 1636 1635 1402 1401 1400 1399 1631 1632 1633 1634 3127 3128 3129 3130 3131 3132 
 153 139 117 1646 1645 1644 1643 1418 1417 1416 1415 1639 1640 1641 1642 3133 3134 3135 3136 3137 3138 
 153 119 103 1634 1633 1632 1631 1150 1149 1148 1147 1647 1648 1649 1650 3139 3140 3141 3142 3143 3144 
 120 139 153 1423 1424 1425 1426 1643 1644 1645 1646 1654 1653 1652 1651 3145 3146 3147 3148 3149 3150 
 103 120 153 1155 1156 1157 1158 1651 1652 1653 1654 1650 1649 1648 1647 3151 3152 3153 3154 3155 3156 
 154 142 113 1662 1661 1660 1659 1478 1477 1476 1475 1655 1656 1657 1658 3157 3158 3159 3160 3161 3162 
 113 135 154 1355 1356 1357 1358 1663 1664 1665 1666 1658 1657 1656 1655 3163 3164 3165 3166 3167 3168 
 85 143 155 1491 1492 1493 1494 1671 1672 1673 1674 1670 1669 1668 1667 3169 3170 3171 3172 3173 3174 
 155 123 105 1682 1681 1680 1679 1198 1197 1196 1195 1675 1676 1677 1678 3175 3176 3177 3178 3179 3180 
 155 143 123 1674 1673 1672 1671 1498 1497 1496 1495 1679 1680 1681 1682 3181 3182 3183 3184 3185 3186 
 155 144 85 1686 1685 1684 1683 1506 1505 1504 1503 1667 1668 1669 1670 3187 3188 3189 3190 3191 3192 
 105 122 156 1175 1176 1177 1178 1687 1688 1689 1690 1694 1693 1692 1691 3193 3194 3195 3196 3197 3198 
 125 144 157 1507 1508 1509 1510 1703 1704 1705 1706 1702 1701 1700 1699 3199 3200 3201 3202 3203 3204 
 157 150 106 1714 1713 1712 1711 1590 1589 1588 1587 1707 1708 1709 1710 3205 3206 3207 3208 3209 3210 
 106 125 157 1219 1220 1221 1222 1699 1700 1701 1702 1710 1709 1708 1707 3211 3212 3213 3214 3215 3216 
 133 150 158 1595 1596 1597 1598 1723 1724 1725 1726 1718 1717 1716 1715 3217 3218 3219 3220 3221 3222 
 134 151 159 1607 1608 1609 1610 1731 1732 1733 1734 1738 1737 1736 1735 3223 3224 3225 3226 3227 3228 
 112 134 159 1343 1344 1345 1346 1735 1736 1737 1738 1730 1729 1728 1727 3229 3230 3231 3232 3233 3234 
 136 152 160 1615 1616 1617 1618 1743 1744 1745 1746 1742 1741 1740 1739 3235 3236 3237 3238 3239 3240 
 160 152 146 1746 1745 1744 1743 1626 1625 1624 1623 1751 1752 1753 1754 3241 3242 3243 3244 3245 3246 
 146 147 160 1551 1552 1553 1554 1755 1756 1757 1758 1754 1753 1752 1751 3247 3248 3249 3250 3251 3252 
 130 149 160 1579 1580 1581 1582 1747 1748 1749 1750 1762 1761 1760 1759 3253 3254 3255 3256 3257 3258 
 160 147 130 1758 1757 1756 1755 1546 1545 1544 1543 1759 1760 1761 1762 3259 3260 3261 3262 3263 3264 
 142 154 161 1659 1660 1661 1662 1767 1768 1769 1770 1766 1765 1764 1763 3265 3266 3267 3268 3269 3270 
 161 156 122 1774 1773 1772 1771 1690 1689 1688 1687 1775 1776 1777 1778 3271 3272 3273 3274 3275 3276 
 122 142 161 1471 1472 1473 1474 1763 1764 1765 1766 1778 1777 1776 1775 3277 3278 3279 3280 3281 3282 
 162 158 150 1786 1785 1784 1783 1726 1725 1724 1723 1779 1780 1781 1782 3283 3284 3285 3286 3287 3288 
 150 157 162 1711 1712 1713 1714 1787 1788 1789 1790 1782 1781 1780 1779 3289 3290 3291 3292 3293 3294 
 163 159 151 1798 1797 1796 1795 1734 1733 1732 1731 1791 1792 1793 1794 3295 3296 3297 3298 3299 3300 
 151 158 163 1719 1720 1721 1722 1799 1800 1801 1802 1794 1793 1792 1791 3301 3302 3303 3304 3305 3306 
 158 162 163 1783 1784 1785 1786 1803 1804 1805 1806 1802 1801 1800 1799 3307 3308 3309 3310 3311 3312 
 164 154 135 1818 1817 1816 1815 1666 1665 1664 1663 1807 1808 1809 1810 3313 3314 3315 3316 3317 3318 
 156 161 165 1771 1772 1773 1774 1823 1824 1825 1826 1822 1821 1820 1819 3319 3320 3321 3322 3323 3324 
 165 162 157 1834 1833 1832 1831 1790 1789 1788 1787 1827 1828 1829 1830 3325 3326 3327 3328 3329 3330 
 165 157 144 1830 1829 1828 1827 1706 1705 1704 1703 1835 1836 1837 1838 3331 3332 3333 3334 3335 3336 
 144 156 165 1695 1696 1697 1698 1819 1820 1821 1822 1838 1837 1836 1835 3337 3338 3339 3340 3341 3342 
 166 165 161 1846 1845 1844 1843 1826 1825 1824 1823 1839 1840 1841 1842 3343 3344 3345 3346 3347 3348 
 154 164 166 1815 1816 1817 1818 1851 1852 1853 1854 1850 1849 1848 1847 3349 3350 3351 3352 3353 3354 
 166 161 154 1842 1841 1840 1839 1770 1769 1768 1767 1847 1848 1849 1850 3355 3356 3357 3358 3359 3360 
 162 165 166 1831 1832 1833 1834 1843 1844 1845 1846 1858 1857 1856 1855 3361 3362 3363 3364 3365 3366 
 166 163 162 1862 1861 1860 1859 1806 1805 1804 1803 1855 1856 1857 1858 3367 3368 3369 3370 3371 3372 
 41 42 7 343 344 345 346 342 341 340 339 1866 1865 1864 1863 3373 3374 3375 3376 3377 3378 
 7 6 41 174 173 172 171 327 328 329 330 1863 1864 1865 1866 3379 3380 3381 3382 3383 3384 
 52 42 41 406 405 404 403 346 345 344 343 1870 1869 1868 1867 3385 3386 3387 3388 3389 3390 
 41 16 52 338 337 336 335 419 420 421 422 1867 1868 1869 1870 3391 3392 3393 3394 3395 3396 
 65 50 15 518 517 516 515 390 389 388 387 1874 1873 1872 1871 3397 3398 3399 3400 3401 3402 
 15 13 65 210 209 208 207 511 512 513 514 1871 1872 1873 1874 3403 3404 3405 3406 3407 3408 
 124 51 42 1202 1201 1200 1199 402 401 400 399 1878 1877 1876 1875 3409 3410 3411 3412 3413 3414 
 42 43 124 347 348 349 350 1203 1204 1205 1206 1875 1876 1877 1878 3415 3416 3417 3418 3419 3420 
 63 64 33 499 500 501 502 506 505 504 503 1882 1881 1880 1879 3421 3422 3423 3424 3425 3426 
 33 31 63 290 289 288 287 491 492 493 494 1879 1880 1881 1882 3427 3428 3429 3430 3431 3432 
 76 69 53 674 673 672 671 566 565 564 563 1883 1884 1885 1886 3433 3434 3435 3436 3437 3438 
 56 76 53 667 668 669 670 1886 1885 1884 1883 1890 1889 1888 1887 3439 3440 3441 3442 3443 3444 
 53 70 56 579 580 581 582 578 577 576 575 1887 1888 1889 1890 3445 3446 3447 3448 3449 3450 
 23 79 58 723 724 725 726 730 729 728 727 1894 1893 1892 1891 3451 3452 3453 3454 3455 3456 
 58 22 23 450 449 448 447 246 245 244 243 1891 1892 1893 1894 3457 3458 3459 3460 3461 3462 
 98 97 44 934 933 932 931 922 921 920 919 1898 1897 1896 1895 3463 3464 3465 3466 3467 3468 
 44 70 98 571 572 573 574 935 936 937 938 1895 1896 1897 1898 3469 3470 3471 3472 3473 3474 
 73 97 114 923 924 925 926 1083 1084 1085 1086 1899 1900 1901 1902 3475 3476 3477 3478 3479 3480 
 125 106 66 1222 1221 1220 1219 998 997 996 995 1906 1905 1904 1903 3481 3482 3483 3484 3485 3486 
 66 104 125 975 976 977 978 1215 1216 1217 1218 1903 1904 1905 1906 3487 3488 3489 3490 3491 3492 
 73 114 149 1902 1901 1900 1899 1583 1584 1585 1586 1910 1909 1908 1907 3493 3494 3495 3496 3497 3498 
 149 100 73 1578 1577 1576 1575 954 953 952 951 1907 1908 1909 1910 3499 3500 3501 3502 3503 3504 
 87 121 118 1167 1168 1169 1170 1166 1165 1164 1163 1914 1913 1912 1911 3505 3506 3507 3508 3509 3510 
 118 21 87 1138 1137 1136 1135 783 784 785 786 1911 1912 1913 1914 3511 3512 3513 3514 3515 3516 
 107 128 80 1263 1264 1265 1266 1258 1257 1256 1255 1918 1917 1916 1915 3517 3518 3519 3520 3521 3522 
 80 127 107 1243 1244 1245 1246 1250 1249 1248 1247 1915 1916 1917 1918 3523 3524 3525 3526 3527 3528 
 100 130 148 1275 1276 1277 1278 1559 1560 1561 1562 1922 1921 1920 1919 3529 3530 3531 3532 3533 3534 
 148 115 100 1558 1557 1556 1555 1094 1093 1092 1091 1919 1920 1921 1922 3535 3536 3537 3538 3539 3540 
 120 140 101 1439 1440 1441 1442 1430 1429 1428 1427 1926 1925 1924 1923 3541 3542 3543 3544 3545 3546 
 101 84 120 962 961 960 959 1151 1152 1153 1154 1923 1924 1925 1926 3547 3548 3549 3550 3551 3552 
 123 143 127 1495 1496 1497 1498 1490 1489 1488 1487 1930 1929 1928 1927 3553 3554 3555 3556 3557 3558 
 127 95 123 1242 1241 1240 1239 1187 1188 1189 1190 1927 1928 1929 1930 3559 3560 3561 3562 3563 3564 
 156 144 155 1698 1697 1696 1695 1683 1684 1685 1686 1934 1933 1932 1931 3565 3566 3567 3568 3569 3570 
 155 105 156 1678 1677 1676 1675 1691 1692 1693 1694 1931 1932 1933 1934 3571 3572 3573 3574 3575 3576 
 128 145 65 1527 1528 1529 1530 1522 1521 1520 1519 1938 1937 1936 1935 3577 3578 3579 3580 3581 3582 
 65 14 128 510 509 508 507 1259 1260 1261 1262 1935 1936 1937 1938 3583 3584 3585 3586 3587 3588 
 115 148 109 1555 1556 1557 1558 1570 1569 1568 1567 1942 1941 1940 1939 3589 3590 3591 3592 3593 3594 
 109 72 115 1026 1025 1024 1023 1095 1096 1097 1098 1939 1940 1941 1942 3595 3596 3597 3598 3599 3600 
 158 151 110 1722 1721 1720 1719 1602 1601 1600 1599 1946 1945 1944 1943 3601 3602 3603 3604 3605 3606 
 110 133 158 1323 1324 1325 1326 1715 1716 1717 1718 1943 1944 1945 1946 3607 3608 3609 3610 3611 3612 
 117 96 82 1126 1125 1124 1123 918 917 916 915 1947 1948 1949 1950 3613 3614 3615 3616 3617 3618 
 138 153 117 1635 1636 1637 1638 1642 1641 1640 1639 1954 1953 1952 1951 3619 3620 3621 3622 3623 3624 
 117 82 138 1950 1949 1948 1947 1403 1404 1405 1406 1951 1952 1953 1954 3625 3626 3627 3628 3629 3630 
 136 160 149 1739 1740 1741 1742 1750 1749 1748 1747 1958 1957 1956 1955 3631 3632 3633 3634 3635 3636 
 149 114 136 1586 1585 1584 1583 1371 1372 1373 1374 1955 1956 1957 1958 3637 3638 3639 3640 3641 3642 
 163 166 164 1859 1860 1861 1862 1854 1853 1852 1851 1962 1961 1960 1959 3643 3644 3645 3646 3647 3648 
 164 159 163 1814 1813 1812 1811 1795 1796 1797 1798 1959 1960 1961 1962 3649 3650 3651 3652 3653 3654 
 159 164 135 1811 1812 1813 1814 1810 1809 1808 1807 1966 1965 1964 1963 3655 3656 3657 3658 3659 3660 
 135 112 159 1362 1361 1360 1359 1727 1728 1729 1730 1963 1964 1965 1966 3661 3662 3663 3664 3665 3666 
 96 117 102 1123 1124 1125 1126 1122 1121 1120 1119 1970 1969 1968 1967 3667 3668 3669 3670 3671 3672 
 102 60 96 966 965 964 963 911 912 913 914 1967 1968 1969 1970 3673 3674 3675 3676 3677 3678 
 137 118 121 1382 1381 1380 1379 1163 1164 1165 1166 1974 1973 1972 1971 3679 3680 3681 3682 3683 3684 
 121 103 137 1162 1161 1160 1159 1391 1392 1393 1394 1971 1972 1973 1974 3685 3686 3687 3688 3689 3690 
 145 128 107 1530 1529 1528 1527 1266 1265 1264 1263 1978 1977 1976 1975 3691 3692 3693 3694 3695 3696 
 107 126 145 1227 1228 1229 1230 1515 1516 1517 1518 1975 1976 1977 1978 3697 3698 3699 3700 3701 3702 
 46 132 129 1295 1296 1297 1298 1302 1301 1300 1299 1982 1981 1980 1979 3703 3704 3705 3706 3707 3708 
 129 101 46 1270 1269 1268 1267 958 957 956 955 1979 1980 1981 1982 3709 3710 3711 3712 3713 3714 
 110 91 36 1038 1037 1036 1035 838 837 836 835 1986 1985 1984 1983 3715 3716 3717 3718 3719 3720 
 36 67 110 539 540 541 542 1039 1040 1041 1042 1983 1984 1985 1986 3721 3722 3723 3724 3725 3726 
 solutionOrder
5 5 5 5 
 5 5 5 5 
 5 5 5 5 
 5 5 5 5 
 5 5 5 5 
 5 5 5 5 
 5 5 5 5 
 5 5 5 5 
 5 5 5 5 
 5 5 5 5 
 5 5 5 5 
 5 5 5 5 
 5 5 5 5 
 5 5 5 5 
 5 5 5 5 
 5 5 5 5 
 5 5 5 5 
 5 5 5 5 
 5 5 5 5 
 5 5 5 5 
 5 5 5 5 
 5 5 5 5 
 5 5 5 5 
 5 5 5 5 
 5 5 5 5 
 5 5 5 5 
 5 5 5 5 
 5 5 5 5 
 5 5 5 5 
 5 5 5 5 
 5 5 5 5 
 5 5 5 5 
 5 5 5 5 
 5 5 5 5 
 5 5 5 5 
 5 5 5 5 
 5 5 5 5 
 5 5 5 5 
 5 5 5 5 
 5 5 5 5 
 5 5 5 5 
 5 5 5 5 
 5 5 5 5 
 5 5 5 5 
 5 5 5 5 
 5 5 5 5 
 5 5 5 5 
 5 5 5 5 
 5 5 5 5 
 5 5 5 5 
 5 5 5 5 
 5 5 5 5 
 5 5 5 5 
 5 5 5 5 
 5 5 5 5 
 5 5 5 5 
 5 5 5 5 
 5 5 5 5 
 5 5 5 5 
 5 5 5 5 
 5 5 5 5 
 5 5 5 5 
 5 5 5 5 
 5 5 5 5 
 5 5 5 5 
 5 5 5 5 
 5 5 5 5 
 5 5 5 5 
 5 5 5 5 
 5 5 5 5 
 5 5 5 5 
 5 5 5 5 
 5 5 5 5 
 5 5 5 5 
 5 5 5 5 
 5 5 5 5 
 5 5 5 5 
 5 5 5 5 
 5 5 5 5 
 5 5 5 5 
 5 5 5 5 
 5 5 5 5 
 5 5 5 5 
 5 5 5 5 
 5 5 5 5 
 5 5 5 5 
 5 5 5 5 
 5 5 5 5 
 5 5 5 5 
 5 5 5 5 
 5 5 5 5 
 5 5 5 5 
 5 5 5 5 
 5 5 5 5 
 5 5 5 5 
 5 5 5 5 
 5 5 5 5 
 5 5 5 5 
 5 5 5 5 
 5 5 5 5 
 5 5 5 5 
 5 5 5 5 
 5 5 5 5 
 5 5 5 5 
 5 5 5 5 
 5 5 5 5 
 5 5 5 5 
 5 5 5 5 
 5 5 5 5 
 5 5 5 5 
 5 5 5 5 
 5 5 5 5 
 5 5 5 5 
 5 5 5 5 
 5 5 5 5 
 5 5 5 5 
 5 5 5 5 
 5 5 5 5 
 5 5 5 5 
 5 5 5 5 
 5 5 5 5 
 5 5 5 5 
 5 5 5 5 
 5 5 5 5 
 5 5 5 5 
 5 5 5 5 
 5 5 5 5 
 5 5 5 5 
 5 5 5 5 
 5 5 5 5 
 5 5 5 5 
 5 5 5 5 
 5 5 5 5 
 5 5 5 5 
 5 5 5 5 
 5 5 5 5 
 5 5 5 5 
 5 5 5 5 
 5 5 5 5 
 5 5 5 5 
 5 5 5 5 
 5 5 5 5 
 5 5 5 5 
 5 5 5 5 
 5 5 5 5 
 5 5 5 5 
 5 5 5 5 
 5 5 5 5 
 5 5 5 5 
 5 5 5 5 
 5 5 5 5 
 5 5 5 5 
 5 5 5 5 
 5 5 5 5 
 5 5 5 5 
 5 5 5 5 
 5 5 5 5 
 5 5 5 5 
 5 5 5 5 
 5 5 5 5 
 5 5 5 5 
 5 5 5 5 
 5 5 5 5 
 5 5 5 5 
 5 5 5 5 
 5 5 5 5 
 5 5 5 5 
 5 5 5 5 
 5 5 5 5 
 5 5 5 5 
 5 5 5 5 
 5 5 5 5 
 5 5 5 5 
 5 5 5 5 
 5 5 5 5 
 5 5 5 5 
 5 5 5 5 
 5 5 5 5 
 5 5 5 5 
 5 5 5 5 
 5 5 5 5 
 5 5 5 5 
 5 5 5 5 
 5 5 5 5 
 5 5 5 5 
 5 5 5 5 
 5 5 5 5 
 5 5 5 5 
 5 5 5 5 
 5 5 5 5 
 5 5 5 5 
 5 5 5 5 
 5 5 5 5 
 5 5 5 5 
 5 5 5 5 
 5 5 5 5 
 5 5 5 5 
 5 5 5 5 
 5 5 5 5 
 5 5 5 5 
 5 5 5 5 
 5 5 5 5 
 5 5 5 5 
 5 5 5 5 
 5 5 5 5 
 5 5 5 5 
 5 5 5 5 
 5 5 5 5 
 5 5 5 5 
 5 5 5 5 
 5 5 5 5 
 5 5 5 5 
 5 5 5 5 
 5 5 5 5 
 5 5 5 5 
 5 5 5 5 
 5 5 5 5 
 5 5 5 5 
 5 5 5 5 
 5 5 5 5 
 5 5 5 5 
 5 5 5 5 
 5 5 5 5 
 5 5 5 5 
 5 5 5 5 
 5 5 5 5 
 5 5 5 5 
 5 5 5 5 
 5 5 5 5 
 5 5 5 5 
 5 5 5 5 
 5 5 5 5 
 5 5 5 5 
 5 5 5 5 
 5 5 5 5 
 5 5 5 5 
 5 5 5 5 
 5 5 5 5 
 5 5 5 5 
 5 5 5 5 
 5 5 5 5 
 5 5 5 5 
 5 5 5 5 
 5 5 5 5 
 5 5 5 5 
 5 5 5 5 
 5 5 5 5 
 5 5 5 5 
 5 5 5 5 
 5 5 5 5 
 5 5 5 5 
 5 5 5 5 
 5 5 5 5 
 5 5 5 5 
 5 5 5 5 
 5 5 5 5 
 5 5 5 5 
 5 5 5 5 
 5 5 5 5 
 5 5 5 5 
 5 5 5 5 
 5 5 5 5 
 5 5 5 5 
 5 5 5 5 
 5 5 5 5 
 5 5 5 5 
 5 5 5 5 
 5 5 5 5 
 5 5 5 5 
 5 5 5 5 
 5 5 5 5 
 5 5 5 5 
 5 5 5 5 
 5 5 5 5 
 5 5 5 5 
 5 5 5 5 
 5 5 5 5 
 5 5 5 5 
 5 5 5 5 
 5 5 5 5 
 5 5 5 5 
 5 5 5 5 
 5 5 5 5 
 5 5 5 5 
 5 5 5 5 
 5 5 5 5 
 5 5 5 5 
 5 5 5 5 
 5 5 5 5 
 5 5 5 5 
 vertexCoord 
0.000000 0.000000 
 1.000000 0.000000 
 1.000000 1.000000 
 0.000000 1.000000 
 -0.000000 0.300000 
 0.000000 0.099902 
 0.000000 0.199951 
 0.499925 0.000000 
 0.799946 0.000000 
 0.899973 0.000000 
 0.699934 0.000000 
 0.599948 0.000000 
 0.299919 0.000000 
 0.399922 0.000000 
 0.199897 0.000000 
 0.099948 0.000000 
 1.000000 0.500000 
 1.000000 0.799928 
 1.000000 0.899964 
 1.000000 0.699897 
 1.000000 0.599948 
 1.000000 0.299900 
 1.000000 0.399902 
 1.000000 0.199897 
 1.000000 0.099948 
 0.500000 1.000000 
 0.200100 1.000000 
 0.100098 1.000000 
 0.300103 1.000000 
 0.400052 1.000000 
 0.700081 1.000000 
 0.600041 1.000000 
 0.800103 1.000000 
 0.900052 1.000000 
 -0.000000 0.599939 
 -0.000000 0.399976 
 -0.000000 0.499957 
 -0.000000 0.799945 
 -0.000000 0.699917 
 -0.000000 0.899972 
 0.062106 0.095237 
 0.105374 0.175214 
 0.182834 0.179215 
 0.250350 0.715492 
 0.824466 0.240517 
 0.761501 0.767765 
 0.067403 0.933364 
 0.934971 0.060564 
 0.939679 0.932493 
 0.279305 0.098796 
 0.073725 0.258928 
 0.168959 0.101053 
 0.118281 0.644319 
 0.340969 0.855245 
 0.229560 0.821040 
 0.156629 0.741931 
 0.764962 0.084262 
 0.918658 0.302220 
 0.651928 0.105069 
 0.519130 0.489087 
 0.917168 0.219956 
 0.922308 0.745031 
 0.711096 0.918807 
 0.782448 0.874433 
 0.329304 0.057393 
 0.253246 0.158909 
 0.058536 0.332728 
 0.061358 0.568025 
 0.051430 0.650161 
 0.195773 0.666822 
 0.359845 0.933781 
 0.437824 0.944565 
 0.344862 0.753093 
 0.161428 0.920502 
 0.265334 0.921761 
 0.077509 0.738608 
 0.098035 0.836998 
 0.859908 0.071751 
 0.930081 0.409519 
 0.539356 0.078196 
 0.743223 0.180163 
 0.651422 0.336910 
 0.391981 0.608748 
 0.666618 0.617904 
 0.402887 0.231996 
 0.923091 0.133220 
 0.940272 0.638914 
 0.929837 0.850642 
 0.608251 0.927680 
 0.868350 0.911835 
 0.070780 0.474665 
 0.838803 0.154978 
 0.731363 0.274851 
 0.800647 0.315739 
 0.650114 0.223822 
 0.581736 0.413243 
 0.328134 0.663508 
 0.258792 0.630955 
 0.455417 0.552906 
 0.432841 0.811441 
 0.744762 0.670904 
 0.603124 0.532674 
 0.800177 0.526586 
 0.343139 0.167919 
 0.498996 0.389599 
 0.234408 0.235383 
 0.473280 0.135249 
 0.848687 0.814603 
 0.510689 0.929946 
 0.095691 0.392222 
 0.862029 0.384311 
 0.193267 0.592720 
 0.326116 0.586880 
 0.393307 0.677539 
 0.433486 0.890132 
 0.825082 0.715522 
 0.658801 0.443844 
 0.933625 0.532617 
 0.795599 0.419497 
 0.737160 0.576210 
 0.868968 0.577622 
 0.442200 0.465691 
 0.558481 0.289966 
 0.154653 0.244587 
 0.317332 0.234013 
 0.418312 0.172638 
 0.566725 0.171329 
 0.437393 0.064039 
 0.676659 0.712918 
 0.519752 0.783265 
 0.608243 0.842843 
 0.690082 0.810626 
 0.127170 0.318421 
 0.131311 0.541668 
 0.259648 0.558321 
 0.459153 0.638699 
 0.865080 0.475025 
 0.728422 0.378264 
 0.677111 0.530832 
 0.801592 0.632289 
 0.871644 0.661876 
 0.384303 0.530114 
 0.480580 0.216990 
 0.372912 0.305200 
 0.380122 0.116006 
 0.594998 0.645972 
 0.600544 0.746992 
 0.518750 0.865815 
 0.442403 0.723646 
 0.205987 0.308624 
 0.145681 0.454557 
 0.523475 0.587837 
 0.732878 0.479205 
 0.319785 0.514785 
 0.455761 0.302488 
 0.413691 0.382245 
 0.287916 0.305603 
 0.175033 0.381726 
 0.198498 0.515722 
 0.514621 0.677395 
 0.366513 0.452327 
 0.254899 0.371576 
 0.220769 0.444956 
 0.259047 0.495562 
 0.341958 0.378824 
 0.297138 0.442302 
 bc_tag 
93 
 15 
 10 
 5 
 2 
 101 
 101 
 21 
 21 
 21 
 21 
 21 
 21 
 21 
 21 
 21 
 16 
 16 
 16 
 16 
 16 
 16 
 16 
 16 
 16 
 11 
 11 
 11 
 11 
 11 
 11 
 11 
 11 
 11 
 6 
 6 
 6 
 6 
 6 
 6 
 39 
 39 
 39 
 39 
 39 
 39 
 39 
 39 
 39 
 39 
 39 
 39 
 39 
 39 
 39 
 39 
 39 
 39 
 39 
 39 
 39 
 39 
 39 
 39 
 39 
 39 
 39 
 39 
 39 
 39 
 39 
 39 
 39 
 39 
 39 
 39 
 39 
 39 
 39 
 39 
 39 
 39 
 39 
 39 
 39 
 39 
 39 
 39 
 39 
 39 
 39 
 39 
 39 
 39 
 39 
 39 
 39 
 39 
 39 
 39 
 39 
 39 
 39 
 39 
 39 
 39 
 39 
 39 
 39 
 39 
 39 
 39 
 39 
 39 
 39 
 39 
 39 
 39 
 39 
 39 
 39 
 39 
 39 
 39 
 39 
 39 
 39 
 39 
 39 
 39 
 39 
 39 
 39 
 39 
 39 
 39 
 39 
 39 
 39 
 39 
 39 
 39 
 39 
 39 
 39 
 39 
 39 
 39 
 39 
 39 
 39 
 39 
 39 
 39 
 39 
 39 
 39 
 39 
 39 
 39 
 39 
 39 
 39 
 39 
 39 
 39 
 101 
 101 
 101 
 101 
 101 
 101 
 101 
 101 
 101 
 101 
 101 
 101 
 21 
 21 
 21 
 21 
 21 
 21 
 21 
 21 
 21 
 21 
 21 
 21 
 21 
 21 
 21 
 21 
 21 
 21 
 21 
 21 
 21 
 21 
 21 
 21 
 21 
 21 
 21 
 21 
 21 
 21 
 21 
 21 
 21 
 21 
 21 
 21 
 21 
 21 
 21 
 21 
 16 
 16 
 16 
 16 
 16 
 16 
 16 
 16 
 16 
 16 
 16 
 16 
 16 
 16 
 16 
 16 
 16 
 16 
 16 
 16 
 16 
 16 
 16 
 16 
 16 
 16 
 16 
 16 
 16 
 16 
 16 
 16 
 16 
 16 
 16 
 16 
 16 
 16 
 16 
 16 
 11 
 11 
 11 
 11 
 11 
 11 
 11 
 11 
 11 
 11 
 11 
 11 
 11 
 11 
 11 
 11 
 11 
 11 
 11 
 11 
 11 
 11 
 11 
 11 
 11 
 11 
 11 
 11 
 11 
 11 
 11 
 11 
 11 
 11 
 11 
 11 
 11 
 11 
 11 
 11 
 6 
 6 
 6 
 6 
 6 
 6 
 6 
 6 
 6 
 6 
 6 
 6 
 6 
 6 
 6 
 6 
 6 
 6 
 6 
 6 
 6 
 6 
 6 
 6 
 6 
 6 
 6 
 6 
 39 
 39 
 39 
 39 
 39 
 39 
 39 
 39 
 39 
 39 
 39 
 39 
 39 
 39 
 39 
 39 
 39 
 39 
 39 
 39 
 39 
 39 
 39 
 39 
 39 
 39 
 39 
 39 
 39 
 39 
 39 
 39 
 39 
 39 
 39 
 39 
 39 
 39 
 39 
 39 
 39 
 39 
 39 
 39 
 39 
 39 
 39 
 39 
 39 
 39 
 39 
 39 
 39 
 39 
 39 
 39 
 39 
 39 
 39 
 39 
 39 
 39 
 39 
 39 
 39 
 39 
 39 
 39 
 39 
 39 
 39 
 39 
 39 
 39 
 39 
 39 
 39 
 39 
 39 
 39 
 39 
 39 
 39 
 39 
 39 
 39 
 39 
 39 
 39 
 39 
 39 
 39 
 39 
 39 
 39 
 39 
 39 
 39 
 39 
 39 
 39 
 39 
 39 
 39 
 39 
 39 
 39 
 39 
 39 
 39 
 39 
 39 
 39 
 39 
 39 
 39 
 39 
 39 
 39 
 39 
 39 
 39 
 39 
 39 
 39 
 39 
 39 
 39 
 39 
 39 
 39 
 39 
 39 
 39 
 39 
 39 
 39 
 39 
 39 
 39 
 39 
 39 
 39 
 39 
 39 
 39 
 39 
 39 
 39 
 39 
 39 
 39 
 39 
 39 
 39 
 39 
 39 
 39 
 39 
 39 
 39 
 39 
 39 
 39 
 39 
 39 
 39 
 39 
 39 
 39 
 39 
 39 
 39 
 39 
 39 
 39 
 39 
 39 
 39 
 39 
 39 
 39 
 39 
 39 
 39 
 39 
 39 
 39 
 39 
 39 
 39 
 39 
 39 
 39 
 39 
 39 
 39 
 39 
 39 
 39 
 39 
 39 
 39 
 39 
 39 
 39 
 39 
 39 
 39 
 39 
 39 
 39 
 39 
 39 
 39 
 39 
 39 
 39 
 39 
 39 
 39 
 39 
 39 
 39 
 39 
 39 
 39 
 39 
 39 
 39 
 39 
 39 
 39 
 39 
 39 
 39 
 39 
 39 
 39 
 39 
 39 
 39 
 39 
 39 
 39 
 39 
 39 
 39 
 39 
 39 
 39 
 39 
 39 
 39 
 39 
 39 
 39 
 39 
 39 
 39 
 39 
 39 
 39 
 39 
 39 
 39 
 39 
 39 
 39 
 39 
 39 
 39 
 39 
 39 
 39 
 39 
 39 
 39 
 39 
 39 
 39 
 39 
 39 
 39 
 39 
 39 
 39 
 39 
 39 
 39 
 39 
 39 
 39 
 39 
 39 
 39 
 39 
 39 
 39 
 39 
 39 
 39 
 39 
 39 
 39 
 39 
 39 
 39 
 39 
 39 
 39 
 39 
 39 
 39 
 39 
 39 
 39 
 39 
 39 
 39 
 39 
 39 
 39 
 39 
 39 
 39 
 39 
 39 
 39 
 39 
 39 
 39 
 39 
 39 
 39 
 39 
 39 
 39 
 39 
 39 
 39 
 39 
 39 
 39 
 39 
 39 
 39 
 39 
 39 
 39 
 39 
 39 
 39 
 39 
 39 
 39 
 39 
 39 
 39 
 39 
 39 
 39 
 39 
 39 
 39 
 39 
 39 
 39 
 39 
 39 
 39 
 39 
 39 
 39 
 39 
 39 
 39 
 39 
 39 
 39 
 39 
 39 
 39 
 39 
 39 
 39 
 39 
 39 
 39 
 39 
 39 
 39 
 39 
 39 
 39 
 39 
 39 
 39 
 39 
 39 
 39 
 39 
 39 
 39 
 39 
 39 
 39 
 39 
 39 
 39 
 39 
 39 
 39 
 39 
 39 
 39 
 39 
 39 
 39 
 39 
 39 
 39 
 39 
 39 
 39 
 39 
 39 
 39 
 39 
 39 
 39 
 39 
 39 
 39 
 39 
 39 
 39 
 39 
 39 
 39 
 39 
 39 
 39 
 39 
 39 
 39 
 39 
 39 
 39 
 39 
 39 
 39 
 39 
 39 
 39 
 39 
 39 
 39 
 39 
 39 
 39 
 39 
 39 
 39 
 39 
 39 
 39 
 39 
 39 
 39 
 39 
 39 
 39 
 39 
 39 
 39 
 39 
 39 
 39 
 39 
 39 
 39 
 39 
 39 
 39 
 39 
 39 
 39 
 39 
 39 
 39 
 39 
 39 
 39 
 39 
 39 
 39 
 39 
 39 
 39 
 39 
 39 
 39 
 39 
 39 
 39 
 39 
 39 
 39 
 39 
 39 
 39 
 39 
 39 
 39 
 39 
 39 
 39 
 39 
 39 
 39 
 39 
 39 
 39 
 39 
 39 
 39 
 39 
 39 
 39 
 39 
 39 
 39 
 39 
 39 
 39 
 39 
 39 
 39 
 39 
 39 
 39 
 39 
 39 
 39 
 39 
 39 
 39 
 39 
 39 
 39 
 39 
 39 
 39 
 39 
 39 
 39 
 39 
 39 
 39 
 39 
 39 
 39 
 39 
 39 
 39 
 39 
 39 
 39 
 39 
 39 
 39 
 39 
 39 
 39 
 39 
 39 
 39 
 39 
 39 
 39 
 39 
 39 
 39 
 39 
 39 
 39 
 39 
 39 
 39 
 39 
 39 
 39 
 39 
 39 
 39 
 39 
 39 
 39 
 39 
 39 
 39 
 39 
 39 
 39 
 39 
 39 
 39 
 39 
 39 
 39 
 39 
 39 
 39 
 39 
 39 
 39 
 39 
 39 
 39 
 39 
 39 
 39 
 39 
 39 
 39 
 39 
 39 
 39 
 39 
 39 
 39 
 39 
 39 
 39 
 39 
 39 
 39 
 39 
 39 
 39 
 39 
 39 
 39 
 39 
 39 
 39 
 39 
 39 
 39 
 39 
 39 
 39 
 39 
 39 
 39 
 39 
 39 
 39 
 39 
 39 
 39 
 39 
 39 
 39 
 39 
 39 
 39 
 39 
 39 
 39 
 39 
 39 
 39 
 39 
 39 
 39 
 39 
 39 
 39 
 39 
 39 
 39 
 39 
 39 
 39 
 39 
 39 
 39 
 39 
 39 
 39 
 39 
 39 
 39 
 39 
 39 
 39 
 39 
 39 
 39 
 39 
 39 
 39 
 39 
 39 
 39 
 39 
 39 
 39 
 39 
 39 
 39 
 39 
 39 
 39 
 39 
 39 
 39 
 39 
 39 
 39 
 39 
 39 
 39 
 39 
 39 
 39 
 39 
 39 
 39 
 39 
 39 
 39 
 39 
 39 
 39 
 39 
 39 
 39 
 39 
 39 
 39 
 39 
 39 
 39 
 39 
 39 
 39 
 39 
 39 
 39 
 39 
 39 
 39 
 39 
 39 
 39 
 39 
 39 
 39 
 39 
 39 
 39 
 39 
 39 
 39 
 39 
 39 
 39 
 39 
 39 
 39 
 39 
 39 
 39 
 39 
 39 
 39 
 39 
 39 
 39 
 39 
 39 
 39 
 39 
 39 
 39 
 39 
 39 
 39 
 39 
 39 
 39 
 39 
 39 
 39 
 39 
 39 
 39 
 39 
 39 
 39 
 39 
 39 
 39 
 39 
 39 
 39 
 39 
 39 
 39 
 39 
 39 
 39 
 39 
 39 
 39 
 39 
 39 
 39 
 39 
 39 
 39 
 39 
 39 
 39 
 39 
 39 
 39 
 39 
 39 
 39 
 39 
 39 
 39 
 39 
 39 
 39 
 39 
 39 
 39 
 39 
 39 
 39 
 39 
 39 
 39 
 39 
 39 
 39 
 39 
 39 
 39 
 39 
 39 
 39 
 39 
 39 
 39 
 39 
 39 
 39 
 39 
 39 
 39 
 39 
 39 
 39 
 39 
 39 
 39 
 39 
 39 
 39 
 39 
 39 
 39 
 39 
 39 
 39 
 39 
 39 
 39 
 39 
 39 
 39 
 39 
 39 
 39 
 39 
 39 
 39 
 39 
 39 
 39 
 39 
 39 
 39 
 39 
 39 
 39 
 39 
 39 
 39 
 39 
 39 
 39 
 39 
 39 
 39 
 39 
 39 
 39 
 39 
 39 
 39 
 39 
 39 
 39 
 39 
 39 
 39 
 39 
 39 
 39 
 39 
 39 
 39 
 39 
 39 
 39 
 39 
 39 
 39 
 39 
 39 
 39 
 39 
 39 
 39 
 39 
 39 
 39 
 39 
 39 
 39 
 39 
 39 
 39 
 39 
 39 
 39 
 39 
 39 
 39 
 39 
 39 
 39 
 39 
 39 
 39 
 39 
 39 
 39 
 39 
 39 
 39 
 39 
 39 
 39 
 39 
 39 
 39 
 39 
 39 
 39 
 39 
 39 
 39 
 39 
 39 
 39 
 39 
 39 
 39 
 39 
 39 
 39 
 39 
 39 
 39 
 39 
 39 
 39 
 39 
 39 
 39 
 39 
 39 
 39 
 39 
 39 
 39 
 39 
 39 
 39 
 39 
 39 
 39 
 39 
 39 
 39 
 39 
 39 
 39 
 39 
 39 
 39 
 39 
 39 
 39 
 39 
 39 
 39 
 39 
 39 
 39 
 39 
 39 
 39 
 39 
 39 
 39 
 39 
 39 
 39 
 39 
 39 
 39 
 39 
 39 
 39 
 39 
 39 
 39 
 39 
 39 
 39 
 39 
 39 
 39 
 39 
 39 
 39 
 39 
 39 
 39 
 39 
 39 
 39 
 39 
 39 
 39 
 39 
 39 
 39 
 39 
 39 
 39 
 39 
 39 
 39 
 39 
 39 
 39 
 39 
 39 
 39 
 39 
 39 
 39 
 39 
 39 
 39 
 39 
 39 
 39 
 39 
 39 
 39 
 39 
 39 
 39 
 39 
 39 
 39 
 39 
 39 
 39 
 39 
 39 
 39 
 39 
 39 
 39 
 39 
 39 
 39 
 39 
 39 
 39 
 39 
 39 
 39 
 39 
 39 
 39 
 39 
 39 
 39 
 39 
 39 
 39 
 39 
 39 
 39 
 39 
 39 
 39 
 39 
 39 
 39 
 39 
 39 
 39 
 39 
 39 
 39 
 39 
 39 
 39 
 39 
 39 
 39 
 39 
 39 
 39 
 39 
 39 
 39 
 39 
 39 
 39 
 39 
 39 
 39 
 39 
 39 
 39 
 39 
 39 
 39 
 39 
 39 
 39 
 39 
 39 
 39 
 39 
 39 
 39 
 39 
 39 
 39 
 39 
 39 
 39 
 39 
 39 
 39 
 39 
 39 
 39 
 39 
 39 
 39 
 39 
 39 
 39 
 39 
 39 
 39 
 39 
 39 
 39 
 39 
 39 
 39 
 39 
 39 
 39 
 39 
 39 
 39 
 39 
 39 
 39 
 39 
 39 
 39 
 39 
 39 
 39 
 39 
 39 
 39 
 39 
 39 
 39 
 39 
 39 
 39 
 39 
 39 
 39 
 39 
 39 
 39 
 39 
 39 
 39 
 39 
 39 
 39 
 39 
 39 
 39 
 39 
 39 
 39 
 39 
 39 
 39 
 39 
 39 
 39 
 39 
 39 
 39 
 39 
 39 
 39 
 39 
 39 
 39 
 39 
 39 
 39 
 39 
 39 
 39 
 39 
 39 
 39 
 39 
 39 
 39 
 39 
 39 
 39 
 39 
 39 
 39 
 39 
 39 
 39 
 39 
 39 
 39 
 39 
 39 
 39 
 39 
 39 
 39 
 39 
 39 
 39 
 39 
 39 
 39 
 39 
 39 
 39 
 39 
 39 
 39 
 39 
 39 
 39 
 39 
 39 
 39 
 39 
 39 
 39 
 39 
 39 
 39 
 39 
 39 
 39 
 39 
 39 
 39 
 39 
 39 
 39 
 39 
 39 
 39 
 39 
 39 
 39 
 39 
 39 
 39 
 39 
 39 
 39 
 39 
 39 
 39 
 39 
 39 
 39 
 39 
 39 
 39 
 39 
 39 
 39 
 39 
 39 
 39 
 39 
 39 
 39 
 39 
 39 
 39 
 39 
 39 
 39 
 39 
 39 
 39 
 39 
 39 
 39 
 39 
 39 
 39 
 39 
 39 
 39 
 39 
 39 
 39 
 39 
 39 
 39 
 39 
 39 
 39 
 39 
 39 
 39 
 39 
 39 
 39 
 39 
 39 
 39 
 39 
 39 
 39 
 39 
 39 
 39 
 39 
 39 
 39 
 39 
 39 
 39 
 39 
 39 
 39 
 39 
 39 
 39 
 39 
 39 
 39 
 39 
 39 
 39 
 39 
 39 
 39 
 39 
 39 
 39 
 39 
 39 
 39 
 39 
 39 
 39 
 39 
 39 
 39 
 39 
 39 
 39 
 39 
 39 
 39 
 39 
 39 
 39 
 39 
 39 
 39 
 39 
 39 
 39 
 39 
 39 
 39 
 39 
 39 
 39 
 39 
 39 
 39 
 39 
 39 
 39 
 39 
 39 
 39 
 39 
 39 
 39 
 39 
 39 
 39 
 39 
 39 
 39 
 39 
 39 
 39 
 39 
 39 
 39 
 39 
 39 
 39 
 39 
 39 
 39 
 39 
 39 
 39 
 39 
 39 
 39 
 39 
 39 
 39 
 39 
 39 
 39 
 39 
 39 
 39 
 39 
 39 
 39 
 39 
 39 
 39 
 39 
 39 
 39 
 39 
 39 
 39 
 39 
 39 
 39 
 39 
 39 
 39 
 39 
 39 
 39 
 39 
 39 
 39 
 39 
 39 
 39 
 39 
 39 
 39 
 39 
 39 
 39 
 39 
 39 
 39 
 39 
 39 
 39 
 39 
 39 
 39 
 39 
 39 
 39 
 39 
 39 
 39 
 39 
 39 
 39 
 39 
 39 
 39 
 39 
 39 
 39 
 39 
 39 
 39 
 39 
 39 
 39 
 39 
 39 
 39 
 39 
 39 
 39 
 39 
 39 
 39 
 39 
 39 
 39 
 39 
 39 
 39 
 39 
 39 
 39 
 39 
 39 
 39 
 39 
 39 
 39 
 39 
 39 
 39 
 39 
 39 
 39 
 39 
 39 
 39 
 39 
 39 
 39 
 39 
 39 
 39 
 39 
 39 
 39 
 39 
 39 
 39 
 39 
 39 
 39 
 39 
 39 
 39 
 39 
 39 
 39 
 39 
 39 
 39 
 39 
 39 
 39 
 39 
 39 
 39 
 39 
 39 
 39 
 39 
 39 
 39 
 39 
 39 
 39 
 39 
 39 
 39 
 39 
 39 
 39 
 39 
 39 
 39 
 39 
 39 
 39 
 39 
 39 
 39 
 39 
 39 
 39 
 39 
 39 
 39 
 39 
 39 
 39 
 39 
 39 
 39 
 39 
 39 
 39 
 39 
 39 
 39 
 39 
 39 
 39 
 39 
 39 
 39 
 39 
 39 
 39 
 39 
 39 
 39 
 39 
 39 
 39 
 39 
 39 
 39 
 39 
 39 
 39 
 39 
 39 
 39 
 39 
 39 
 39 
 39 
 39 
 39 
 39 
 39 
 39 
 39 
 39 
 39 
 39 
 39 
 39 
 39 
 39 
 39 
 39 
 39 
 39 
 39 
 39 
 39 
 39 
 39 
 39 
 39 
 39 
 39 
 39 
 39 
 39 
 39 
 39 
 39 
 39 
 39 
 39 
 39 
 39 
 39 
 39 
 39 
 39 
 39 
 39 
 39 
 39 
 39 
 39 
 39 
 39 
 39 
 39 
 39 
 39 
 39 
 39 
 39 
 39 
 39 
 39 
 39 
 39 
 39 
 39 
 39 
 39 
 39 
 39 
 39 
 39 
 39 
 39 
 39 
 39 
 39 
 39 
 39 
 39 
 39 
 39 
 39 
 39 
 39 
 39 
 39 
 39 
 39 
 39 
 39 
 39 
 39 
 39 
 39 
 39 
 39 
 39 
 39 
 39 
 39 
 39 
 39 
 39 
 39 
 39 
 39 
 39 
 39 
 39 
 39 
 39 
 39 
 39 
 39 
 39 
 39 
 39 
 39 
 39 
 39 
 39 
 39 
 39 
 39 
 39 
 39 
 39 
 39 
 39 
 39 
 39 
 39 
 39 
 39 
 39 
 39 
 39 
 39 
 39 
 39 
 39 
 39 
 39 
 39 
 39 
 39 
 39 
 39 
 39 
 39 
 39 
 39 
 39 
 39 
 39 
 39 
 39 
 39 
 39 
 39 
 39 
 39 
 39 
 39 
 39 
 39 
 39 
 39 
 39 
 39 
 39 
 39 
 39 
 39 
 39 
 39 
 39 
 39 
 39 
 39 
 39 
 39 
 39 
 39 
 39 
 39 
 39 
 39 
 39 
 39 
 39 
 39 
 39 
 39 
 39 
 39 
 39 
 39 
 39 
 39 
 39 
 39 
 39 
 39 
 39 
 39 
 39 
 39 
 39 
 39 
 39 
 39 
 39 
 39 
 39 
 39 
 39 
 39 
 39 
 39 
 39 
 39 
 39 
 39 
 39 
 39 
 39 
 39 
 39 
 39 
 39 
 39 
 39 
 39 
 39 
 39 
 39 
 39 
 39 
 39 
 39 
 39 
 39 
 39 
 39 
 39 
 39 
 39 
 39 
 39 
 39 
 39 
 39 
 39 
 39 
 39 
 39 
 39 
 39 
 39 
 39 
 39 
 39 
 39 
 39 
 39 
 39 
 39 
 39 
 39 
 39 
 39 
 39 
 39 
 39 
 39 
 39 
 39 
 39 
 39 
 39 
 39 
 39 
 39 
 39 
 39 
 39 
 39 
 39 
 39 
 39 
 39 
 39 
 39 
 39 
 39 
 39 
 39 
 39 
 39 
 39 
 39 
 39 
 39 
 39 
 39 
 39 
 39 
 39 
 39 
 39 
 39 
 39 
 39 
 39 
 39 
 39 
 39 
 39 
 39 
 39 
 39 
 39 
 39 
 39 
 39 
 39 
 39 
 39 
 39 
 39 
 39 
 39 
 39 
 39 
 39 
 39 
 39 
 39 
 39 
 39 
 39 
 39 
 39 
 39 
 39 
 39 
 39 
 39 
 39 
 39 
 39 
 39 
 39 
 39 
 39 
 39 
 39 
 39 
 39 
 39 
 39 
 39 
 39 
 39 
 39 
 39 
 39 
 39 
 39 
 39 
 39 
 39 
 39 
 39 
 39 
 39 
 39 
 39 
 39 
 39 
 39 
 39 
 39 
 39 
 39 
 39 
 39 
 39 
 39 
 39 
 39 
 39 
 39 
 39 
 39 
 39 
 39 
 39 
 39 
 39 
 39 
 39 
 39 
 39 
 39 
 39 
 39 
 39 
 39 
 39 
 39 
 39 
 39 
 39 
 39 
 39 
 39 
 39 
 39 
 39 
 39 
 39 
 39 
 39 
 39 
 39 
 39 
 39 
 39 
 39 
 39 
 39 
 39 
 39 
 39 
 39 
 39 
 39 
 39 
 39 
 39 
 39 
 39 
 39 
 39 
 39 
 39 
 39 
 39 
 39 
 39 
 39 
 39 
 39 
 39 
 39 
 39 
 39 
 39 
 39 
 39 
 39 
 39 
 39 
 39 
 39 
 39 
 39 
 39 
 39 
 39 
 39 
 39 
 39 
 39 
 39 
 39 
 39 
 39 
 39 
 39 
 39 
 39 
 39 
 39 
 39 
 39 
 39 
 39 
 39 
 39 
 39 
 39 
 39 
 39 
 39 
 39 
 39 
 39 
 39 
 39 
 39 
 39 
 39 
 39 
 39 
 39 
 39 
 39 
 39 
 39 
 39 
 39 
 39 
 39 
 39 
 39 
 39 
 39 
 39 
 39 
 39 
 39 
 39 
 39 
 39 
 39 
 39 
 39 
 39 
 39 
 39 
 39 
 39 
 39 
 39 
 39 
 39 
 39 
 39 
 39 
 39 
 39 
 39 
 39 
 39 
 39 
 39 
 39 
 39 
 39 
 39 
 39 
 39 
 39 
 39 
 39 
 39 
 39 
 39 
 39 
 39 
 39 
 39 
 39 
 39 
 39 
 39 
 39 
 39 
 39 
 39 
 39 
 39 
 39 
 39 
 39 
 39 
 39 
 39 
 39 
 39 
 39 
 39 
 39 
 39 
 39 
 39 
 39 
 39 
 39 
 39 
 39 
 39 
 39 
 39 
 39 
 39 
 39 
 39 
 39 
 39 
 39 
 39 
 39 
 39 
 39 
 39 
 39 
 39 
 39 
 39 
 39 
 39 
 39 
 39 
 39 
 39 
 39 
 39 
 39 
 39 
 39 
 39 
 39 
 39 
 39 
 39 
 39 
 39 
 39 
 39 
 39 
 39 
 39 
 39 
 39 
 39 
 39 
 39 
 39 
 39 
 39 
 39 
 39 
 39 
 39 
 39 
 39 
 39 
 39 
 39 
 39 
 39 
 39 
 39 
 39 
 39 
 39 
 39 
 39 
 39 
 39 
 39 
 39 
 39 
 39 
 39 
 39 
 39 
 39 
 39 
 39 
 39 
 39 
 39 
 39 
 39 
 39 
 39 
 39 
 39 
 39 
 39 
 39 
 39 
 39 
 39 
 39 
 39 
 39 
 39 
 39 
 39 
 39 
 39 
 39 
 39 
 39 
 39 
 39 
 39 
 39 
 39 
 39 
 39 
 39 
 39 
 39 
 39 
 39 
 39 
 39 
 39 
 39 
 39 
 39 
 39 
 39 
 39 
 39 
 39 
 39 
 39 
 39 
 39 
 39 
 39 
 39 
 39 
 39 
 39 
 39 
 39 
 39 
 39 
 39 
 39 
 39 
 39 
 39 
 39 
 39 
 39 
 39 
 39 
 39 
 39 
 39 
 39 
 39 
 39 
 39 
 39 
 39 
 39 
 39 
 39 
 39 
 39 
 39 
 39 
 39 
 39 
 39 
 39 
 39 
 39 
 39 
 39 
 39 
 39 
 39 
 39 
 39 
 39 
 39 
 39 
 39 
 39 
 39 
 39 
 39 
 39 
 39 
 39 
 39 
 39 
 39 
 39 
 39 
 39 
 39 
 39 
 39 
 39 
 39 
 39 
 39 
 39 
 39 
 39 
 39 
 39 
 39 
 39 
 39 
 39 
 39 
 39 
 39 
 39 
 39 
 39 
 39 
 39 
 39 
 39 
 39 
 39 
 39 
 39 
 39 
 39 
 39 
 39 
 39 
 39 
 39 
 39 
 39 
 39 
 39 
 39 
 39 
 39 
 39 
 39 
 39 
 39 
 39 
 39 
 39 
 39 
 39 
 39 
 39 
 39 
 39 
 39 
 39 
 39 
 39 
 39 
 39 
 39 
 39 
 39 
 39 
 39 
 39 
 39 
 39 
 39 
 39 
 39 
 39 
 39 
 39 
 39 
 39 
 39 
 39 
 39 
 39 
 39 
 39 
 39 
 39 
 39 
 39 
 39 
 39 
 39 
 39 
 39 
 39 
 39 
 39 
 39 
 39 
 39 
 39 
 39 
 39 
 39 
 39 
 39 
 39 
 39 
 39 
 39 
 39 
 39 
 39 
 39 
 39 
 39 
 39 
 39 
 39 
 39 
 39 
 39 
 39 
 39 
 39 
 39 
 39 
 39 
 39 
 39 
 39 
 39 
 39 
 39 
 39 
 39 
 39 
 39 
 39 
 39 
 39 
 39 
 39 
 39 
 39 
 39 
 39 
 39 
 39 
 39 
 39 
 39 
 39 
 39 
 39 
 39 
 39 
 39 
 39 
 39 
 39 
 39 
 39 
 39 
 39 
 39 
 39 
 39 
 39 
 39 
 39 
 39 
 39 
 39 
 39 
 39 
 39 
 39 
 39 
 39 
 39 
 39 
 39 
 39 
 39 
 39 
 39 
 39 
 39 
 39 
 39 
 39 
 39 
 39 
 39 
 39 
 39 
 39 
 39 
 39 
 39 
 39 
 39 
 39 
 39 
 39 
 39 
 39 
 39 
 39 
 39 
 39 
 39 
 39 
 39 
 39 
 39 
 39 
 39 
 39 
 39 
 39 
 39 
 39 
 39 
 39 
 39 
 39 
 39 
 39 
 39 
 39 
 39 
 39 
 39 
 39 
 39 
 39 
 39 
 39 
 39 
 39 
 39 
 39 
 39 
 39 
 39 
 39 
 39 
 39 
 39 
 39 
 39 
 39 
 39 
 39 
 39 
 39 
 39 
 39 
 39 
 39 
 39 
 39 
 39 
 39 
 39 
 39 
 39 
 39 
 39 
 39 
 39 
 39 
 39 
 39 
 39 
 39 
 39 
 39 
 39 
 39 
 39 
 39 
 39 
 39 
 39 
 39 
 39 
 39 
 39 
 39 
 39 
 39 
 39 
 39 
 39 
 39 
 39 
 39 
 39 
 39 
 39 
 39 
 39 
 39 
 39 
 39 
 39 
 39 
 39 
 39 
 39 
 39 
 39 
 39 
 39 
 39 
 39 
 39 
 39 
 39 
 39 
 39 
 39 
 39 
 39 
 39 
 39 
 39 
 39 
 39 
 39 
 39 
 39 
 39 
 39 
 39 
 39 
 39 
 39 
 39 
 39 
 39 
 39 
 39 
 39 
 39 
 39 
 39 
 39 
 39 
 39 
 39 
 39 
 39 
 39 
 39 
 39 
 39 
 39 
 39 
 39 
 39 
 39 
 39 
 39 
 39 
 39 
 39 
 39 
 39 
 39 
 39 
 39 
 39 
 39 
 39 
 39 
 39 
 39 
 39 
 39 
 39 
 39 
 39 
 39 
 39 
 39 
 39 
 39 
 39 
 39 
 39 
 39 
 39 
 39 
 39 
 39 
 39 
 39 
 39 
 39 
 39 
 39 
 39 
 39 
 39 
 39 
 39 
 39 
 39 
 39 
 39 
 39 
 39 
 39 
 39 
 39 
 39 
 39 
 39 
 39 
 39 
 39 
 39 
 39 
 39 
 39 
 39 
 39 
 39 
 39 
 39 
 39 
 39 
 39 
 39 
 39 
 39 
 39 
 39 
 39 
 39 
 39 
 39 
 39 
 39 
 39 
 39 
 39 
 39 
 39 
 39 
 39 
 39 
 39 
 39 
 39 
 39 
 39 
 39 
 39 
 39 
 39 
 39 
 39 
 39 
 39 
 39 
 39 
 39 
 39 
 39 
 39 
 39 
 39 
 39 
 39 
 39 
 39 
 39 
 39 
 39 
 39 
 39 
 39 
 39 
 39 
 39 
 39 
 39 
 39 
 39 
 39 
 39 
 39 
 39 
 39 
 39 
 39 
 39 
 39 
 39 
 39 
 39 
 39 
 39 
 39 
 39 
 39 
 39 
 39 
 39 
 39 
 39 
 39 
 39 
 39 
 39 
 39 
 39 
 39 
 39 
 39 
 39 
 39 
 39 
 39 
 39 
 39 
 39 
 39 
 39 
 39 
 39 
 39 
 39 
 39 
 39 
 39 
 39 
 39 
 39 
 39 
 39 
 39 
 39 
 39 
 39 
 39 
 39 
 39 
 39 
 39 
 39 
 39 
 39 
 39 
 39 
 39 
 39 
 39 
 39 
 39 
 39 
 39 
 39 
 39 
 39 
 39 
 39 
 39 
 39 
 39 
 39 
 39 
 39 
 39 
 39 
 39 
 39 
 39 
 39 
 39 
 39 
 39 
 39 
 39 
 39 
 39 
 39 
 39 
 39 
 39 
 39 
 39 
 39 
 39 
 39 
 39 
 39 
 39 
 39 
 39 
 39 
 39 
 39 
 39 
 39 
 39 
 39 
 39 
 39 
 39 
 39 
 39 
 39 
 39 
 39 
 39 
 39 
 39 
 39 
 39 
 39 
 39 
 39 
 39 
 39 
 39 
 39 
 39 
 39 
 39 
 39 
 39 
 39 
 39 
 39 
 39 
 39 
 39 
 39 
 39 
 39 
 39 
 39 
 39 
 39 
 39 
 39 
 39 
 39 
 39 
 39 
 39 
 39 
 39 
 39 
 39 
 39 
 39 
 39 
 39 
 39 
 39 
 39 
 39 
 39 
 39 
 39 
 39 
 39 
 39 
 39 
 39 
 39 
 39 
 39 
 39 
 39 
 39 
 39 
 39 
 39 
 39 
 39 
 39 
 39 
 39 
 39 
 39 
 39 
 39 
 39 
 39 
 39 
 39 
 39 
 39 
 39 
 39 
 39 
 39 
 39 
 39 
 39 
 39 
 39 
 39 
 39 
 39 
 39 
 39 
 39 
 39 
 39 
 39 
 39 
 39 
 39 
 39 
 39 
 39 
 39 
 39 
 39 
 39 
 39 
 39 
 39 
 39 
 39 
 39 
 39 
 39 
 39 
 39 
 39 
 39 
 39 
 39 
 39 
 39 
 39 
 39 
 39 
 39 
 39 
 39 
 39 
 39 
 39 
 39 
 39 
 39 
 39 
 39 
 39 
 39 
 39 
 39 
 39 
 39 
 39 
 39 
 39 
 39 
 39 
 39 
 39 
 39 
 39 
 39 
 39 
 39 
 39 
 39 
 39 
 39 
 39 
 39 
 39 
 39 
 39 
 39 
 39 
 39 
 39 
 39 
 39 
 39 
 39 
 39 
 39 
 39 
 39 
 39 
 39 
 39 
 39 
 39 
 39 
 39 
 39 
 39 
 39 
 39 
 39 
 39 
 39 
 39 
 39 
 39 
 39 
 39 
 39 
 39 
 39 
 39 
 39 
 39 
 39 
 39 
 39 
 39 
 39 
 39 
 39 
 39 
 39 
 39 
 39 
 39 
 39 
 39 
 39 
 39 
 39 
 39 
 39 
 39 
 39 
 39 
 39 
 39 
 39 
 39 
 39 
 39 
 39 
 39 
 39 
 39 
 39 
 39 
 39 
 39 
 39 
 39 
 39 
 39 
 39 
 39 
 39 
 39 
 39 
 39 
 39 
 39 
 39 
 39 
 39 
 39 
 39 
 39 
 39 
 39 
 39 
 39 
 39 
 39 
 39 
 39 
 39 
 39 
 39 
 39 
 39 
 39 
 39 
 39 
 39 
 39 
 39 
 39 
 39 
 39 
 39 
 39 
 39 
 39 
 39 
 39 
 39 
 39 
 39 
 39 
 39 
 39 
 39 
 39 
 39 
 39 
 39 
 39 
 39 
 39 
 39 
 39 
 39 
 39 
 bcElement 40
1 101 1 
233 101 3 
9 101 1 
26 6 1 
76 6 1 
27 6 1 
28 6 1 
45 6 1 
49 6 1 
4 6 1 
3 11 1 
38 11 1 
39 11 1 
32 11 1 
34 11 1 
100 11 1 
70 11 1 
241 11 3 
75 11 1 
7 11 1 
8 16 1 
67 16 1 
21 16 1 
66 16 1 
116 16 1 
57 16 1 
246 16 1 
20 16 1 
64 16 1 
5 16 1 
6 21 1 
54 21 1 
15 21 1 
17 21 1 
59 21 1 
129 21 1 
22 21 1 
237 21 3 
13 21 1 
2 21 1 
