Edge min = 0.026603, max=0.077071, average=0.045639;
Grid_size 1130
Node_size 606
Total_DOF 2341
maxDOF 6
Solution_Order
2 
 meshIEN 
81 7 1 
 81 1 29 
 82 29 28 
 82 81 29 
 89 52 4 
 89 4 80 
 90 14 2 
 90 2 48 
 92 3 67 
 92 33 3 
 93 28 26 
 93 82 28 
 93 83 82 
 94 6 8 
 82 83 94 
 113 32 33 
 33 92 113 
 114 66 64 
 115 92 67 
 115 114 91 
 91 113 115 
 115 113 92 
 66 114 115 
 115 67 66 
 83 93 116 
 117 94 83 
 83 116 117 
 117 116 84 
 118 10 9 
 119 117 84 
 6 94 120 
 94 117 120 
 120 9 6 
 120 119 95 
 117 119 120 
 121 27 21 
 121 96 27 
 84 116 122 
 123 93 26 
 96 122 123 
 27 96 123 
 123 26 27 
 123 116 93 
 123 122 116 
 124 71 70 
 126 70 5 
 126 124 70 
 129 24 22 
 95 119 130 
 131 122 96 
 84 122 131 
 131 98 84 
 196 55 56 
 55 196 132 
 133 56 50 
 133 196 56 
 135 68 74 
 68 135 136 
 136 76 68 
 143 142 102 
 100 137 145 
 102 142 145 
 147 134 99 
 103 146 147 
 147 146 134 
 102 144 148 
 151 36 37 
 151 150 36 
 87 152 156 
 158 152 104 
 106 156 158 
 158 156 152 
 87 156 160 
 166 18 12 
 167 43 41 
 168 40 44 
 43 167 168 
 168 44 43 
 46 173 174 
 174 45 46 
 175 169 88 
 109 169 176 
 111 173 176 
 176 175 111 
 169 175 176 
 178 164 108 
 112 177 178 
 178 177 164 
 112 178 181 
 181 179 112 
 15 179 181 
 181 16 15 
 32 113 182 
 182 34 32 
 256 162 107 
 183 21 25 
 183 121 21 
 71 124 184 
 184 69 71 
 185 126 260 
 124 126 185 
 188 23 11 
 24 129 193 
 193 25 24 
 194 129 22 
 127 189 194 
 194 189 129 
 195 186 125 
 196 133 99 
 197 58 57 
 198 50 54 
 198 133 50 
 125 186 199 
 200 186 85 
 200 199 186 
 208 137 100 
 209 72 73 
 141 209 210 
 213 145 142 
 213 75 77 
 213 142 75 
 76 136 213 
 213 77 76 
 100 145 213 
 213 136 100 
 214 78 79 
 102 148 215 
 215 143 102 
 217 53 51 
 218 149 103 
 103 147 218 
 36 150 219 
 219 38 36 
 220 37 31 
 220 151 37 
 221 60 61 
 221 153 60 
 222 221 61 
 223 154 153 
 87 160 224 
 155 161 225 
 226 113 91 
 226 182 113 
 227 256 107 
 106 159 228 
 229 159 106 
 106 158 229 
 230 35 34 
 105 225 231 
 231 225 161 
 231 223 105 
 154 223 231 
 232 161 155 
 155 224 232 
 232 224 160 
 233 64 65 
 162 256 233 
 233 114 64 
 233 256 114 
 107 162 234 
 234 232 107 
 161 232 234 
 235 17 18 
 238 20 19 
 239 12 16 
 239 166 12 
 16 181 239 
 240 152 87 
 242 240 170 
 152 240 242 
 104 152 242 
 171 243 245 
 245 169 109 
 245 243 169 
 247 42 30 
 42 247 249 
 249 41 42 
 45 174 251 
 251 47 45 
 252 176 173 
 40 168 252 
 252 46 40 
 252 173 46 
 109 176 252 
 252 168 109 
 111 175 253 
 88 177 253 
 253 175 88 
 254 251 174 
 255 180 179 
 90 180 255 
 255 15 13 
 255 179 15 
 14 90 255 
 255 13 14 
 91 114 256 
 257 118 95 
 258 126 5 
 258 5 10 
 118 257 258 
 10 118 258 
 85 186 259 
 186 195 259 
 261 238 165 
 262 190 85 
 85 259 262 
 262 259 98 
 97 191 263 
 263 189 97 
 129 189 263 
 265 131 96 
 96 121 265 
 131 265 266 
 266 265 192 
 192 265 267 
 267 265 121 
 121 183 267 
 58 197 268 
 268 49 58 
 269 198 54 
 149 218 269 
 269 54 53 
 270 190 128 
 270 200 85 
 85 190 270 
 272 185 260 
 187 201 272 
 260 187 272 
 125 199 273 
 199 271 273 
 273 187 125 
 273 201 187 
 273 271 138 
 138 201 273 
 274 201 138 
 290 208 100 
 100 136 290 
 290 136 135 
 140 208 291 
 292 73 69 
 292 209 73 
 292 210 209 
 69 184 292 
 124 185 293 
 293 184 124 
 101 211 294 
 295 211 101 
 72 209 297 
 141 296 297 
 297 209 141 
 212 393 298 
 298 135 74 
 298 393 135 
 78 214 299 
 299 216 89 
 299 80 78 
 299 89 80 
 143 215 300 
 300 214 143 
 215 216 300 
 300 299 214 
 216 299 300 
 103 149 301 
 149 217 301 
 302 217 51 
 302 301 217 
 52 89 302 
 302 51 52 
 216 301 302 
 89 216 302 
 133 198 303 
 303 218 147 
 303 147 99 
 99 133 303 
 304 220 31 
 159 229 304 
 304 31 35 
 305 227 107 
 306 156 106 
 227 305 306 
 306 160 156 
 306 305 160 
 307 229 158 
 307 158 104 
 104 151 307 
 151 220 307 
 182 226 308 
 157 228 308 
 308 226 157 
 309 59 63 
 62 154 309 
 309 63 62 
 310 234 162 
 59 309 310 
 310 65 59 
 97 189 311 
 127 236 311 
 311 189 127 
 313 261 165 
 315 314 237 
 317 315 237 
 237 316 317 
 163 315 317 
 317 235 163 
 318 238 19 
 235 317 318 
 318 317 316 
 166 239 319 
 319 181 178 
 319 239 181 
 319 178 108 
 104 242 320 
 320 151 104 
 150 151 320 
 321 242 170 
 326 245 109 
 109 168 326 
 326 168 167 
 172 250 327 
 327 250 110 
 171 245 328 
 329 30 39 
 329 247 30 
 330 219 150 
 330 248 219 
 41 249 332 
 332 167 41 
 110 250 333 
 334 177 112 
 334 253 177 
 335 180 90 
 335 254 180 
 251 254 335 
 47 251 335 
 111 253 336 
 336 254 174 
 253 334 336 
 336 334 254 
 337 256 227 
 157 226 337 
 91 256 337 
 337 226 91 
 130 195 338 
 338 257 95 
 95 130 338 
 339 195 125 
 339 338 195 
 187 260 339 
 125 187 339 
 257 338 339 
 339 260 257 
 340 236 127 
 127 188 340 
 340 313 236 
 261 313 340 
 238 261 341 
 20 238 341 
 341 11 20 
 341 188 11 
 342 262 98 
 98 131 342 
 131 266 342 
 343 264 192 
 192 267 343 
 191 264 343 
 343 263 191 
 344 264 128 
 128 190 344 
 344 342 266 
 344 266 192 
 192 264 344 
 425 267 183 
 425 343 267 
 49 268 345 
 345 61 49 
 345 222 61 
 201 274 346 
 346 272 201 
 87 224 348 
 347 224 155 
 347 348 224 
 275 348 347 
 275 276 348 
 348 240 87 
 170 240 350 
 240 348 350 
 350 348 276 
 203 281 352 
 352 349 203 
 352 351 276 
 281 351 352 
 275 349 352 
 352 276 275 
 353 225 105 
 203 349 354 
 275 347 355 
 277 354 355 
 355 349 275 
 355 354 349 
 105 223 356 
 357 353 277 
 277 355 357 
 225 353 357 
 155 225 357 
 357 347 155 
 357 355 347 
 359 281 203 
 360 359 203 
 203 354 360 
 110 333 361 
 361 333 241 
 362 361 241 
 364 358 139 
 278 358 364 
 280 365 366 
 366 365 281 
 366 359 278 
 281 359 366 
 207 295 367 
 367 295 101 
 369 368 205 
 282 368 369 
 369 283 282 
 140 291 371 
 371 291 207 
 139 372 374 
 202 375 377 
 101 294 377 
 377 294 202 
 378 372 139 
 379 378 139 
 139 358 379 
 372 378 380 
 284 372 380 
 382 196 99 
 99 134 382 
 383 382 134 
 287 382 383 
 385 197 132 
 387 382 287 
 288 385 388 
 388 387 288 
 388 385 132 
 132 196 388 
 382 387 388 
 196 382 388 
 390 384 287 
 289 389 390 
 391 206 140 
 140 371 391 
 206 391 392 
 392 391 289 
 394 291 208 
 208 290 394 
 290 393 394 
 202 294 395 
 395 274 202 
 141 210 396 
 396 395 294 
 396 211 141 
 396 294 211 
 397 295 207 
 207 291 397 
 211 295 398 
 295 397 398 
 212 296 398 
 103 301 399 
 399 301 216 
 399 215 148 
 399 216 215 
 227 306 400 
 400 306 106 
 157 337 400 
 400 337 227 
 106 228 400 
 400 228 157 
 401 310 309 
 234 310 401 
 161 234 401 
 401 231 161 
 128 312 402 
 402 270 128 
 97 311 404 
 405 191 97 
 405 312 191 
 97 404 405 
 406 330 150 
 150 320 406 
 242 321 407 
 407 320 242 
 407 406 320 
 408 243 171 
 243 408 409 
 409 408 322 
 244 325 410 
 316 324 414 
 165 316 414 
 172 327 417 
 417 247 172 
 417 249 247 
 418 328 245 
 245 326 418 
 246 328 419 
 328 418 419 
 219 248 420 
 420 329 39 
 248 331 420 
 420 331 329 
 38 219 420 
 420 39 38 
 172 331 421 
 421 250 172 
 167 332 422 
 422 326 167 
 422 418 326 
 241 333 423 
 254 334 424 
 180 254 424 
 424 334 112 
 179 180 424 
 112 179 424 
 263 343 425 
 129 263 425 
 425 193 129 
 197 385 426 
 426 268 197 
 272 346 427 
 427 293 185 
 185 272 427 
 210 293 427 
 276 351 428 
 428 350 276 
 277 353 429 
 430 223 153 
 430 356 223 
 431 354 277 
 431 360 354 
 432 431 277 
 277 429 432 
 359 360 433 
 278 359 433 
 434 362 241 
 434 321 170 
 241 423 434 
 434 423 321 
 435 363 279 
 279 362 435 
 362 434 435 
 436 381 384 
 384 389 436 
 436 389 370 
 283 369 437 
 437 371 283 
 438 437 369 
 205 373 438 
 438 369 205 
 280 364 439 
 440 372 284 
 440 374 372 
 278 433 442 
 442 358 278 
 444 383 134 
 444 146 86 
 134 146 444 
 384 381 445 
 445 386 384 
 289 391 446 
 446 437 370 
 446 389 289 
 370 389 446 
 371 437 446 
 446 391 371 
 206 392 447 
 447 444 86 
 448 394 393 
 448 398 397 
 212 398 448 
 448 393 212 
 271 452 453 
 453 452 403 
 454 311 236 
 454 404 311 
 455 409 322 
 456 363 204 
 279 363 457 
 363 456 457 
 457 456 411 
 244 410 459 
 461 459 410 
 412 459 461 
 110 361 462 
 462 246 110 
 462 413 246 
 463 408 171 
 246 413 463 
 171 328 463 
 463 328 246 
 165 414 464 
 464 313 165 
 465 325 244 
 466 316 237 
 466 324 316 
 243 409 467 
 467 416 88 
 169 243 467 
 88 169 467 
 249 417 468 
 468 332 249 
 468 422 332 
 406 407 469 
 321 423 469 
 469 407 321 
 470 385 288 
 268 426 472 
 472 345 268 
 395 396 473 
 473 427 346 
 274 395 473 
 473 346 274 
 350 428 474 
 474 435 434 
 474 434 170 
 170 350 474 
 363 435 475 
 435 474 475 
 204 363 475 
 475 351 204 
 475 428 351 
 475 474 428 
 476 436 370 
 381 436 476 
 284 380 477 
 477 373 284 
 477 438 373 
 204 365 478 
 284 373 479 
 479 440 284 
 480 433 360 
 431 432 480 
 360 431 480 
 481 476 438 
 438 477 481 
 381 476 481 
 481 443 381 
 481 477 380 
 380 443 481 
 383 444 482 
 444 447 482 
 289 390 482 
 482 392 289 
 482 447 392 
 483 445 381 
 206 447 484 
 137 206 484 
 484 447 86 
 86 144 484 
 484 144 137 
 485 402 312 
 485 449 402 
 403 452 486 
 375 450 487 
 285 377 487 
 487 377 375 
 488 375 138 
 488 450 375 
 271 453 488 
 138 271 488 
 489 453 403 
 450 488 489 
 489 488 453 
 402 449 494 
 494 452 200 
 449 486 494 
 494 486 452 
 270 402 494 
 200 270 494 
 416 467 495 
 495 410 325 
 495 455 410 
 495 467 409 
 409 455 495 
 411 458 496 
 496 457 411 
 244 459 497 
 408 463 499 
 322 408 499 
 413 498 499 
 499 463 413 
 313 464 500 
 500 454 236 
 236 313 500 
 465 466 501 
 314 415 501 
 501 466 237 
 237 314 501 
 502 468 417 
 502 419 418 
 327 419 502 
 502 417 327 
 422 468 502 
 418 422 502 
 406 469 503 
 504 470 288 
 288 387 504 
 504 387 386 
 356 430 505 
 471 505 507 
 153 221 507 
 507 430 153 
 507 505 430 
 471 507 508 
 508 507 221 
 221 222 508 
 411 456 509 
 280 439 510 
 511 479 373 
 511 373 205 
 514 376 282 
 403 486 515 
 403 515 516 
 516 489 403 
 323 458 518 
 449 485 525 
 525 521 492 
 529 458 323 
 529 496 458 
 323 498 529 
 529 498 413 
 457 496 530 
 279 457 530 
 530 462 361 
 530 496 462 
 532 499 498 
 412 461 532 
 532 460 412 
 421 503 533 
 533 423 333 
 250 421 533 
 533 333 250 
 533 469 423 
 533 503 469 
 534 504 386 
 386 445 534 
 472 506 536 
 345 472 536 
 471 508 536 
 536 506 471 
 536 508 222 
 222 345 536 
 537 518 458 
 411 509 537 
 537 458 411 
 538 505 471 
 539 480 432 
 540 432 429 
 540 429 356 
 540 539 432 
 512 539 540 
 356 505 540 
 505 538 540 
 540 538 512 
 541 513 379 
 489 516 542 
 450 489 542 
 543 516 515 
 460 520 544 
 545 518 491 
 545 520 518 
 546 521 404 
 404 454 546 
 404 521 547 
 521 525 547 
 547 405 404 
 547 525 485 
 548 519 451 
 517 522 548 
 451 517 548 
 549 523 490 
 550 464 414 
 492 521 551 
 521 546 551 
 551 546 524 
 454 500 552 
 552 546 454 
 524 546 552 
 552 550 524 
 440 479 553 
 511 528 553 
 479 511 553 
 554 510 439 
 554 555 510 
 374 526 554 
 554 439 374 
 555 509 478 
 451 527 556 
 556 517 451 
 557 519 491 
 557 527 451 
 451 519 557 
 558 528 511 
 559 553 528 
 528 558 560 
 560 558 441 
 561 414 324 
 561 550 414 
 445 483 562 
 562 534 445 
 509 555 564 
 564 537 509 
 480 539 566 
 433 480 566 
 566 442 433 
 567 514 285 
 285 487 567 
 568 497 459 
 568 459 412 
 520 545 569 
 569 544 520 
 519 548 570 
 571 486 449 
 449 525 571 
 571 515 486 
 571 549 515 
 523 549 571 
 492 551 572 
 572 523 492 
 522 523 572 
 517 556 573 
 573 543 490 
 490 517 573 
 574 557 491 
 537 564 574 
 518 537 574 
 491 518 574 
 493 559 575 
 514 567 576 
 550 561 577 
 524 550 577 
 578 562 483 
 286 513 578 
 578 483 286 
 504 534 580 
 581 580 563 
 581 565 506 
 506 535 581 
 581 535 470 
 582 578 513 
 583 564 555 
 442 566 584 
 584 541 442 
 585 531 497 
 585 561 324 
 324 531 585 
 545 570 586 
 586 569 545 
 522 572 587 
 587 548 522 
 527 575 588 
 588 556 527 
 528 560 589 
 589 559 528 
 590 542 516 
 590 567 542 
 590 576 567 
 591 572 551 
 524 577 591 
 591 551 524 
 592 566 539 
 579 582 592 
 512 579 592 
 592 539 512 
 592 584 566 
 582 584 592 
 562 578 593 
 578 582 593 
 593 580 534 
 534 562 593 
 563 580 593 
 557 574 594 
 527 557 594 
 564 583 594 
 594 574 564 
 594 583 493 
 493 575 594 
 594 575 527 
 561 585 595 
 595 577 561 
 596 568 544 
 497 568 596 
 597 586 570 
 548 587 597 
 597 570 548 
 598 589 560 
 599 588 575 
 559 589 599 
 599 575 559 
 543 573 600 
 600 590 516 
 516 543 600 
 572 591 601 
 601 587 572 
 569 586 602 
 602 596 544 
 544 569 602 
 588 599 603 
 603 600 573 
 556 588 603 
 603 573 556 
 590 600 604 
 600 603 604 
 604 598 576 
 576 590 604 
 604 603 599 
 604 599 589 
 589 598 604 
 605 595 585 
 605 601 595 
 601 605 606 
 606 605 596 
 596 602 606 
 335 90 48 
 48 47 335 
 120 95 118 
 118 9 120 
 194 22 23 
 145 137 144 
 144 102 145 
 79 75 142 
 86 146 148 
 148 144 86 
 399 148 146 
 146 103 399 
 217 149 269 
 269 53 217 
 60 153 154 
 154 62 60 
 230 159 304 
 304 35 230 
 232 160 305 
 305 107 232 
 310 162 233 
 233 65 310 
 166 163 235 
 235 18 166 
 416 164 177 
 177 88 416 
 163 166 319 
 319 108 163 
 336 174 173 
 173 111 336 
 258 257 260 
 260 126 258 
 264 191 312 
 312 128 264 
 259 195 130 
 130 98 259 
 132 197 57 
 57 55 132 
 137 208 140 
 140 206 137 
 293 210 292 
 292 184 293 
 17 235 318 
 318 19 17 
 452 271 199 
 199 200 452 
 351 281 365 
 365 204 351 
 298 297 296 
 296 212 298 
 297 298 74 
 74 72 297 
 218 303 198 
 198 269 218 
 229 307 220 
 220 304 229 
 182 308 230 
 230 34 182 
 401 309 154 
 154 231 401 
 108 314 315 
 315 163 108 
 318 316 165 
 165 238 318 
 415 164 416 
 419 327 110 
 110 246 419 
 329 331 172 
 172 247 329 
 342 344 190 
 190 262 342 
 193 425 183 
 183 25 193 
 105 356 429 
 429 353 105 
 530 361 362 
 362 279 530 
 367 282 283 
 283 371 207 
 207 367 283 
 139 374 439 
 439 364 139 
 138 375 202 
 202 274 138 
 101 377 285 
 285 367 101 
 443 380 378 
 378 286 443 
 483 381 443 
 443 286 483 
 386 387 287 
 287 384 386 
 390 389 384 
 290 135 393 
 211 398 296 
 296 141 211 
 330 406 503 
 503 248 330 
 461 410 455 
 455 322 461 
 466 465 531 
 531 324 466 
 164 415 314 
 314 108 164 
 415 416 495 
 495 325 415 
 210 427 473 
 473 396 210 
 437 438 476 
 476 370 437 
 358 442 541 
 541 379 358 
 394 448 397 
 397 291 394 
 385 470 535 
 535 426 385 
 383 482 390 
 390 287 383 
 462 496 529 
 529 413 462 
 322 499 532 
 532 461 322 
 248 503 421 
 421 331 248 
 535 506 472 
 472 426 535 
 478 509 456 
 456 204 478 
 558 511 205 
 379 513 286 
 286 378 379 
 543 515 549 
 549 490 543 
 323 518 520 
 520 460 323 
 490 523 522 
 522 517 490 
 571 525 492 
 492 523 571 
 555 478 510 
 526 493 583 
 583 555 554 
 554 526 583 
 570 545 491 
 491 519 570 
 464 550 552 
 552 500 464 
 440 553 526 
 526 374 440 
 553 559 493 
 493 526 553 
 376 514 576 
 542 567 487 
 487 450 542 
 376 576 598 
 565 579 512 
 512 538 565 
 565 581 563 
 563 579 565 
 580 581 470 
 470 504 580 
 593 582 579 
 579 563 593 
 584 582 513 
 513 541 584 
 587 601 606 
 606 597 587 
 595 601 591 
 591 577 595 
 597 606 602 
 602 586 597 
 498 323 460 
 460 532 498 
 81 82 94 
 188 127 194 
 194 23 188 
 98 130 119 
 119 84 98 
 142 143 214 
 214 79 142 
 159 230 308 
 308 228 159 
 341 261 340 
 340 188 341 
 364 280 366 
 366 278 364 
 280 510 478 
 478 365 280 
 405 547 485 
 485 312 405 
 506 565 538 
 538 471 506 
 244 497 531 
 531 465 244 
 282 376 441 
 441 368 282 
 465 501 415 
 415 325 465 
 94 8 7 
 7 81 94 
 285 514 282 
 282 367 285 
 544 568 412 
 412 460 544 
 560 441 376 
 376 598 560 
 441 558 205 
 205 368 441 
 596 605 585 
 585 497 596 
 solutionIEN 
81 7 1 687 607 688 
 81 1 29 688 632 689 
 82 29 28 692 631 690 
 82 81 29 691 689 692 
 89 52 4 694 653 696 
 89 4 80 696 686 695 
 90 14 2 697 613 699 
 90 2 48 699 652 698 
 92 3 67 701 672 700 
 92 33 3 702 633 701 
 93 28 26 704 630 703 
 93 82 28 706 690 704 
 93 83 82 705 693 706 
 94 6 8 708 609 707 
 82 83 94 693 709 710 
 113 32 33 713 634 714 
 33 92 113 702 716 714 
 114 66 64 718 670 717 
 115 92 67 721 700 720 
 115 114 91 723 719 722 
 91 113 115 715 724 722 
 115 113 92 724 716 721 
 66 114 115 718 723 725 
 115 67 66 720 671 725 
 83 93 116 705 727 726 
 117 94 83 730 709 729 
 83 116 117 726 732 729 
 117 116 84 732 728 731 
 118 10 9 735 611 733 
 119 117 84 738 731 736 
 6 94 120 708 740 739 
 94 117 120 730 741 740 
 120 9 6 742 610 739 
 120 119 95 744 737 743 
 117 119 120 738 744 741 
 121 27 21 746 628 745 
 121 96 27 747 711 746 
 84 116 122 728 750 748 
 123 93 26 752 703 751 
 96 122 123 749 754 753 
 27 96 123 711 753 755 
 123 26 27 751 629 755 
 123 116 93 756 727 752 
 123 122 116 754 750 756 
 124 71 70 757 674 758 
 126 70 5 760 673 759 
 126 124 70 761 758 760 
 129 24 22 762 625 763 
 95 119 130 737 765 764 
 131 122 96 768 749 767 
 84 122 131 748 768 770 
 131 98 84 769 712 770 
 196 55 56 771 659 772 
 55 196 132 771 908 773 
 133 56 50 776 658 775 
 133 196 56 910 772 776 
 135 68 74 779 679 778 
 68 135 136 779 782 783 
 136 76 68 780 680 783 
 143 142 102 788 786 787 
 100 137 145 784 793 792 
 102 142 145 786 795 794 
 147 134 99 800 777 799 
 103 146 147 798 802 801 
 147 146 134 802 797 800 
 102 144 148 790 805 803 
 151 36 37 811 639 808 
 151 150 36 810 807 811 
 87 152 156 812 819 817 
 158 152 104 821 813 820 
 106 156 158 818 823 822 
 158 156 152 823 819 821 
 87 156 160 817 826 825 
 166 18 12 833 618 831 
 167 43 41 835 645 834 
 168 40 44 837 647 836 
 43 167 168 835 839 840 
 168 44 43 836 646 840 
 46 173 174 843 846 847 
 174 45 46 845 649 847 
 175 169 88 850 841 848 
 109 169 176 842 852 851 
 111 173 176 844 854 853 
 176 175 111 855 849 853 
 169 175 176 850 855 852 
 178 164 108 860 830 859 
 112 177 178 858 862 861 
 178 177 164 862 857 860 
 112 178 181 861 868 867 
 181 179 112 869 863 867 
 15 179 181 864 869 871 
 181 16 15 870 616 871 
 32 113 182 713 873 872 
 182 34 32 874 635 872 
 256 162 107 876 828 875 
 183 21 25 878 627 877 
 183 121 21 879 745 878 
 71 124 184 757 881 880 
 184 69 71 882 675 880 
 185 126 260 884 1081 883 
 124 126 185 761 884 885 
 188 23 11 890 623 889 
 24 129 193 762 899 898 
 193 25 24 900 626 898 
 194 129 22 902 763 901 
 127 189 194 894 904 903 
 194 189 129 904 893 902 
 195 186 125 906 887 905 
 196 133 99 910 774 909 
 197 58 57 911 661 912 
 198 50 54 915 657 914 
 198 133 50 916 775 915 
 125 186 199 887 917 918 
 200 186 85 921 886 920 
 200 199 186 919 917 921 
 208 137 100 928 784 926 
 209 72 73 930 677 929 
 141 209 210 931 933 932 
 213 145 142 937 795 936 
 213 75 77 939 682 938 
 213 142 75 936 785 939 
 76 136 213 780 941 940 
 213 77 76 938 681 940 
 100 145 213 792 937 942 
 213 136 100 941 781 942 
 214 78 79 945 684 943 
 102 148 215 803 947 946 
 215 143 102 948 787 946 
 217 53 51 952 655 951 
 218 149 103 955 806 954 
 103 147 218 801 956 954 
 36 150 219 807 958 959 
 219 38 36 957 640 959 
 220 37 31 961 638 960 
 220 151 37 962 808 961 
 221 60 61 964 664 963 
 221 153 60 965 814 964 
 222 221 61 966 963 967 
 223 154 153 969 816 970 
 87 160 224 825 972 971 
 155 161 225 827 975 976 
 226 113 91 979 715 977 
 226 182 113 980 873 979 
 227 256 107 1068 875 981 
 106 159 228 824 983 982 
 229 159 106 986 824 985 
 106 158 229 822 987 985 
 230 35 34 989 636 988 
 105 225 231 974 993 992 
 231 225 161 993 975 994 
 231 223 105 995 968 992 
 154 223 231 969 995 991 
 232 161 155 997 827 999 
 155 224 232 973 1000 999 
 232 224 160 1000 972 998 
 233 64 65 1003 669 1001 
 162 256 233 876 1004 1002 
 233 114 64 1005 717 1003 
 233 256 114 1004 1066 1005 
 107 162 234 828 1007 1006 
 234 232 107 1009 996 1006 
 161 232 234 997 1009 1008 
 235 17 18 1010 619 1012 
 238 20 19 1015 621 1014 
 239 12 16 1018 617 1017 
 239 166 12 1019 831 1018 
 16 181 239 870 1020 1017 
 240 152 87 1022 812 1021 
 242 240 170 1026 1023 1025 
 152 240 242 1022 1026 1027 
 104 152 242 813 1027 1024 
 171 243 245 1029 1032 1031 
 245 169 109 1033 842 1030 
 245 243 169 1032 1028 1033 
 247 42 30 1036 643 1035 
 42 247 249 1036 1040 1041 
 249 41 42 1039 644 1041 
 45 174 251 845 1045 1044 
 251 47 45 1046 650 1044 
 252 176 173 1048 854 1047 
 40 168 252 837 1050 1049 
 252 46 40 1051 648 1049 
 252 173 46 1047 843 1051 
 109 176 252 851 1048 1052 
 252 168 109 1050 838 1052 
 111 175 253 849 1054 1053 
 88 177 253 856 1056 1055 
 253 175 88 1054 848 1055 
 254 251 174 1058 1045 1057 
 255 180 179 1061 865 1060 
 90 180 255 866 1061 1062 
 255 15 13 1064 615 1063 
 255 179 15 1060 864 1064 
 14 90 255 697 1062 1065 
 255 13 14 1063 614 1065 
 91 114 256 719 1066 1067 
 257 118 95 1070 734 1069 
 258 126 5 1072 759 1071 
 258 5 10 1071 612 1073 
 118 257 258 1070 1074 1075 
 10 118 258 735 1075 1073 
 85 186 259 886 1077 1076 
 186 195 259 906 1079 1077 
 261 238 165 1084 1016 1083 
 262 190 85 1086 895 1085 
 85 259 262 1076 1088 1085 
 262 259 98 1088 1078 1087 
 97 191 263 897 1090 1089 
 263 189 97 1091 892 1089 
 129 189 263 893 1091 1092 
 265 131 96 1097 767 1096 
 96 121 265 747 1099 1096 
 131 265 266 1097 1101 1100 
 266 265 192 1101 1098 1102 
 192 265 267 1098 1105 1104 
 267 265 121 1105 1099 1106 
 121 183 267 879 1103 1106 
 58 197 268 911 1108 1107 
 268 49 58 1109 662 1107 
 269 198 54 1111 914 1110 
 149 218 269 955 1113 1112 
 269 54 53 1110 656 1114 
 270 190 128 1116 896 1115 
 270 200 85 1117 920 1118 
 85 190 270 895 1116 1118 
 272 185 260 1122 883 1121 
 187 201 272 922 1124 1123 
 260 187 272 1080 1123 1121 
 125 199 273 918 1126 1125 
 199 271 273 1119 1127 1126 
 273 187 125 1128 888 1125 
 273 201 187 1129 922 1128 
 273 271 138 1127 1120 1130 
 138 201 273 923 1129 1130 
 274 201 138 1133 923 1131 
 290 208 100 1138 926 1137 
 100 136 290 781 1140 1137 
 290 136 135 1140 782 1139 
 140 208 291 927 1142 1141 
 292 73 69 1145 676 1144 
 292 209 73 1146 929 1145 
 292 210 209 1147 933 1146 
 69 184 292 882 1148 1144 
 124 185 293 885 1150 1149 
 293 184 124 1151 881 1149 
 101 211 294 934 1154 1153 
 295 211 101 1157 934 1156 
 72 209 297 930 1162 1161 
 141 296 297 1159 1163 1164 
 297 209 141 1162 931 1164 
 212 393 298 1503 1168 1167 
 298 135 74 1170 778 1166 
 298 393 135 1168 1165 1170 
 78 214 299 945 1172 1171 
 299 216 89 1174 950 1173 
 299 80 78 1175 685 1171 
 299 89 80 1173 695 1175 
 143 215 300 948 1177 1176 
 300 214 143 1178 944 1176 
 215 216 300 949 1179 1177 
 300 299 214 1180 1172 1178 
 216 299 300 1174 1180 1179 
 103 149 301 806 1182 1181 
 149 217 301 953 1183 1182 
 302 217 51 1186 951 1185 
 302 301 217 1187 1183 1186 
 52 89 302 694 1189 1188 
 302 51 52 1185 654 1188 
 216 301 302 1184 1187 1190 
 89 216 302 950 1190 1189 
 133 198 303 916 1192 1191 
 303 218 147 1194 956 1193 
 303 147 99 1193 799 1195 
 99 133 303 774 1191 1195 
 304 220 31 1197 960 1196 
 159 229 304 986 1199 1198 
 304 31 35 1196 637 1200 
 305 227 107 1202 981 1201 
 306 156 106 1205 818 1204 
 227 305 306 1202 1207 1206 
 306 160 156 1208 826 1205 
 306 305 160 1207 1203 1208 
 307 229 158 1210 987 1209 
 307 158 104 1209 820 1211 
 104 151 307 809 1212 1211 
 151 220 307 962 1213 1212 
 182 226 308 980 1217 1216 
 157 228 308 984 1214 1218 
 308 226 157 1217 978 1218 
 309 59 63 1221 667 1220 
 62 154 309 815 1219 1222 
 309 63 62 1220 666 1222 
 310 234 162 1224 1007 1223 
 59 309 310 1221 1226 1225 
 310 65 59 1227 668 1225 
 97 189 311 892 1229 1228 
 127 236 311 1013 1231 1230 
 311 189 127 1229 894 1230 
 313 261 165 1235 1083 1234 
 315 314 237 1241 1238 1240 
 317 315 237 1246 1240 1245 
 237 316 317 1243 1247 1245 
 163 315 317 1239 1246 1248 
 317 235 163 1244 1011 1248 
 318 238 19 1250 1014 1249 
 235 317 318 1244 1252 1251 
 318 317 316 1252 1247 1253 
 166 239 319 1019 1255 1254 
 319 181 178 1257 868 1256 
 319 239 181 1255 1020 1257 
 319 178 108 1256 859 1258 
 104 242 320 1024 1260 1259 
 320 151 104 1262 809 1259 
 150 151 320 810 1262 1261 
 321 242 170 1264 1025 1263 
 326 245 109 1268 1030 1267 
 109 168 326 838 1270 1267 
 326 168 167 1270 839 1269 
 172 250 327 1043 1272 1271 
 327 250 110 1272 1042 1273 
 171 245 328 1031 1276 1274 
 329 30 39 1278 642 1277 
 329 247 30 1279 1035 1278 
 330 219 150 1281 958 1280 
 330 248 219 1282 1038 1281 
 41 249 332 1039 1287 1286 
 332 167 41 1288 834 1286 
 110 250 333 1042 1290 1289 
 334 177 112 1293 858 1292 
 334 253 177 1294 1056 1293 
 335 180 90 1297 866 1296 
 335 254 180 1298 1059 1297 
 251 254 335 1058 1298 1300 
 47 251 335 1046 1300 1299 
 111 253 336 1053 1302 1301 
 336 254 174 1304 1057 1303 
 253 334 336 1294 1305 1302 
 336 334 254 1305 1295 1304 
 337 256 227 1308 1068 1307 
 157 226 337 978 1309 1306 
 91 256 337 1067 1308 1310 
 337 226 91 1309 977 1310 
 130 195 338 907 1312 1311 
 338 257 95 1314 1069 1313 
 95 130 338 764 1311 1313 
 339 195 125 1316 905 1315 
 339 338 195 1317 1312 1316 
 187 260 339 1080 1319 1318 
 125 187 339 888 1318 1315 
 257 338 339 1314 1317 1320 
 339 260 257 1319 1082 1320 
 340 236 127 1322 1013 1321 
 127 188 340 891 1323 1321 
 340 313 236 1325 1236 1322 
 261 313 340 1235 1325 1324 
 238 261 341 1084 1327 1326 
 20 238 341 1015 1326 1328 
 341 11 20 1329 622 1328 
 341 188 11 1330 889 1329 
 342 262 98 1332 1087 1331 
 98 131 342 769 1333 1331 
 131 266 342 1100 1334 1333 
 343 264 192 1336 1095 1335 
 192 267 343 1104 1337 1335 
 191 264 343 1094 1336 1338 
 343 263 191 1339 1090 1338 
 344 264 128 1343 1093 1342 
 128 190 344 896 1340 1342 
 344 342 266 1341 1334 1344 
 344 266 192 1344 1102 1345 
 192 264 344 1095 1343 1345 
 425 267 183 1347 1103 1346 
 425 343 267 1605 1337 1347 
 49 268 345 1109 1349 1348 
 345 61 49 1351 663 1348 
 345 222 61 1350 967 1351 
 201 274 346 1133 1353 1352 
 346 272 201 1354 1124 1352 
 87 224 348 971 1355 1363 
 347 224 155 1357 973 1356 
 347 348 224 1358 1355 1357 
 275 348 347 1362 1358 1359 
 275 276 348 1134 1361 1362 
 348 240 87 1360 1021 1363 
 170 240 350 1023 1367 1366 
 240 348 350 1360 1368 1367 
 350 348 276 1368 1361 1369 
 203 281 352 1135 1374 1373 
 352 349 203 1375 1364 1373 
 352 351 276 1377 1372 1376 
 281 351 352 1371 1377 1374 
 275 349 352 1365 1375 1378 
 352 276 275 1376 1134 1378 
 353 225 105 1380 974 1379 
 203 349 354 1364 1384 1382 
 275 347 355 1359 1386 1385 
 277 354 355 1383 1388 1387 
 355 349 275 1389 1365 1385 
 355 354 349 1388 1384 1389 
 105 223 356 968 1390 1391 
 357 353 277 1393 1381 1392 
 277 355 357 1387 1394 1392 
 225 353 357 1380 1393 1395 
 155 225 357 976 1395 1396 
 357 347 155 1397 1356 1396 
 357 355 347 1394 1386 1397 
 359 281 203 1401 1135 1400 
 360 359 203 1404 1400 1405 
 203 354 360 1382 1403 1405 
 110 333 361 1289 1408 1407 
 361 333 241 1408 1291 1406 
 362 361 241 1410 1406 1409 
 364 358 139 1416 1398 1414 
 278 358 364 1399 1416 1417 
 280 365 366 1420 1423 1422 
 366 365 281 1423 1419 1424 
 366 359 278 1425 1402 1421 
 281 359 366 1401 1425 1424 
 207 295 367 1158 1430 1428 
 367 295 101 1430 1156 1431 
 369 368 205 1435 1432 1434 
 282 368 369 1433 1435 1437 
 369 283 282 1436 1136 1437 
 140 291 371 1141 1441 1440 
 371 291 207 1441 1143 1439 
 139 372 374 1442 1446 1447 
 202 375 377 1449 1452 1451 
 101 294 377 1153 1455 1454 
 377 294 202 1455 1155 1451 
 378 372 139 1457 1442 1456 
 379 378 139 1459 1456 1461 
 139 358 379 1398 1460 1461 
 372 378 380 1457 1463 1464 
 284 372 380 1443 1464 1462 
 382 196 99 1467 909 1466 
 99 134 382 777 1468 1466 
 383 382 134 1472 1468 1471 
 287 382 383 1469 1472 1470 
 385 197 132 1474 913 1475 
 387 382 287 1479 1469 1478 
 288 385 388 1476 1483 1482 
 388 387 288 1484 1480 1482 
 388 385 132 1483 1475 1485 
 132 196 388 908 1486 1485 
 382 387 388 1479 1484 1487 
 196 382 388 1467 1487 1486 
 390 384 287 1492 1473 1491 
 289 389 390 1490 1494 1493 
 391 206 140 1496 925 1495 
 140 371 391 1440 1498 1495 
 206 391 392 1496 1500 1499 
 392 391 289 1500 1497 1501 
 394 291 208 1505 1142 1504 
 208 290 394 1138 1506 1504 
 290 393 394 1502 1507 1506 
 202 294 395 1155 1509 1508 
 395 274 202 1510 1132 1508 
 141 210 396 932 1512 1511 
 396 395 294 1514 1509 1513 
 396 211 141 1515 935 1511 
 396 294 211 1513 1154 1515 
 397 295 207 1517 1158 1516 
 207 291 397 1143 1518 1516 
 211 295 398 1157 1520 1519 
 295 397 398 1517 1521 1520 
 212 296 398 1160 1522 1523 
 103 301 399 1181 1525 1524 
 399 301 216 1525 1184 1527 
 399 215 148 1528 947 1526 
 399 216 215 1527 949 1528 
 227 306 400 1206 1530 1529 
 400 306 106 1530 1204 1531 
 157 337 400 1306 1533 1532 
 400 337 227 1533 1307 1529 
 106 228 400 982 1534 1531 
 400 228 157 1534 984 1532 
 401 310 309 1537 1226 1536 
 234 310 401 1224 1537 1538 
 161 234 401 1008 1538 1539 
 401 231 161 1535 994 1539 
 128 312 402 1233 1542 1541 
 402 270 128 1540 1115 1541 
 97 311 404 1228 1543 1544 
 405 191 97 1546 897 1545 
 405 312 191 1547 1232 1546 
 97 404 405 1544 1548 1545 
 406 330 150 1550 1280 1551 
 150 320 406 1261 1549 1551 
 242 321 407 1264 1553 1552 
 407 320 242 1554 1260 1552 
 407 406 320 1555 1549 1554 
 408 243 171 1557 1029 1556 
 243 408 409 1557 1560 1559 
 409 408 322 1560 1558 1561 
 244 325 410 1266 1563 1562 
 316 324 414 1265 1567 1566 
 165 316 414 1242 1566 1565 
 172 327 417 1271 1574 1573 
 417 247 172 1576 1037 1573 
 417 249 247 1575 1040 1576 
 418 328 245 1578 1276 1577 
 245 326 418 1268 1579 1577 
 246 328 419 1275 1581 1580 
 328 418 419 1578 1583 1581 
 219 248 420 1038 1585 1584 
 420 329 39 1587 1277 1586 
 248 331 420 1285 1588 1585 
 420 331 329 1588 1284 1587 
 38 219 420 957 1584 1589 
 420 39 38 1586 641 1589 
 172 331 421 1283 1591 1590 
 421 250 172 1592 1043 1590 
 167 332 422 1288 1594 1593 
 422 326 167 1595 1269 1593 
 422 418 326 1596 1579 1595 
 241 333 423 1291 1598 1597 
 254 334 424 1295 1601 1600 
 180 254 424 1059 1600 1602 
 424 334 112 1601 1292 1603 
 179 180 424 865 1602 1604 
 112 179 424 863 1604 1603 
 263 343 425 1339 1605 1606 
 129 263 425 1092 1606 1607 
 425 193 129 1608 899 1607 
 197 385 426 1474 1609 1611 
 426 268 197 1610 1108 1611 
 272 346 427 1354 1613 1612 
 427 293 185 1615 1150 1614 
 185 272 427 1122 1612 1614 
 210 293 427 1152 1615 1616 
 276 351 428 1372 1618 1617 
 428 350 276 1619 1369 1617 
 277 353 429 1381 1620 1622 
 430 223 153 1624 970 1623 
 430 356 223 1625 1390 1624 
 431 354 277 1627 1383 1626 
 431 360 354 1628 1403 1627 
 432 431 277 1630 1626 1631 
 277 429 432 1622 1629 1631 
 359 360 433 1404 1633 1632 
 278 359 433 1402 1632 1634 
 434 362 241 1636 1409 1635 
 434 321 170 1638 1263 1637 
 241 423 434 1597 1639 1635 
 434 423 321 1639 1599 1638 
 435 363 279 1641 1413 1640 
 279 362 435 1411 1642 1640 
 362 434 435 1636 1643 1642 
 436 381 384 1645 1465 1644 
 384 389 436 1488 1646 1644 
 436 389 370 1646 1489 1647 
 283 369 437 1436 1649 1648 
 437 371 283 1650 1438 1648 
 438 437 369 1652 1649 1654 
 205 373 438 1444 1653 1655 
 438 369 205 1654 1434 1655 
 280 364 439 1415 1656 1658 
 440 372 284 1660 1443 1659 
 440 374 372 1661 1446 1660 
 278 433 442 1634 1664 1665 
 442 358 278 1666 1399 1665 
 444 383 134 1671 1471 1670 
 444 146 86 1673 796 1672 
 134 146 444 797 1673 1670 
 384 381 445 1465 1674 1675 
 445 386 384 1676 1477 1675 
 289 391 446 1497 1678 1677 
 446 437 370 1680 1651 1679 
 446 389 289 1681 1490 1677 
 370 389 446 1489 1681 1679 
 371 437 446 1650 1680 1682 
 446 391 371 1678 1498 1682 
 206 392 447 1499 1684 1683 
 447 444 86 1686 1672 1685 
 448 394 393 1688 1507 1687 
 448 398 397 1690 1521 1689 
 212 398 448 1523 1690 1691 
 448 393 212 1687 1503 1691 
 271 452 453 1695 1699 1698 
 453 452 403 1699 1696 1697 
 454 311 236 1702 1231 1700 
 454 404 311 1701 1543 1702 
 455 409 322 1705 1561 1703 
 456 363 204 1707 1412 1706 
 279 363 457 1413 1710 1709 
 363 456 457 1707 1712 1710 
 457 456 411 1712 1708 1711 
 244 410 459 1562 1715 1717 
 461 459 410 1723 1715 1721 
 412 459 461 1716 1723 1722 
 110 361 462 1407 1725 1724 
 462 246 110 1726 1034 1724 
 462 413 246 1727 1564 1726 
 463 408 171 1729 1556 1728 
 246 413 463 1564 1731 1730 
 171 328 463 1274 1732 1728 
 463 328 246 1732 1275 1730 
 165 414 464 1565 1734 1733 
 464 313 165 1735 1234 1733 
 465 325 244 1737 1266 1736 
 466 316 237 1741 1243 1740 
 466 324 316 1738 1265 1741 
 243 409 467 1559 1743 1742 
 467 416 88 1745 1571 1744 
 169 243 467 1028 1742 1746 
 88 169 467 841 1746 1744 
 249 417 468 1575 1748 1747 
 468 332 249 1749 1287 1747 
 468 422 332 1750 1594 1749 
 406 407 469 1555 1752 1751 
 321 423 469 1599 1754 1753 
 469 407 321 1752 1553 1753 
 470 385 288 1756 1476 1755 
 268 426 472 1610 1758 1757 
 472 345 268 1759 1349 1757 
 395 396 473 1514 1760 1762 
 473 427 346 1761 1613 1763 
 274 395 473 1510 1762 1764 
 473 346 274 1763 1353 1764 
 350 428 474 1619 1766 1765 
 474 435 434 1768 1643 1767 
 474 434 170 1767 1637 1769 
 170 350 474 1366 1765 1769 
 363 435 475 1641 1771 1770 
 435 474 475 1768 1772 1771 
 204 363 475 1412 1770 1773 
 475 351 204 1774 1370 1773 
 475 428 351 1775 1618 1774 
 475 474 428 1772 1766 1775 
 476 436 370 1778 1647 1776 
 381 436 476 1645 1778 1779 
 284 380 477 1462 1781 1780 
 477 373 284 1782 1445 1780 
 477 438 373 1783 1653 1782 
 204 365 478 1418 1785 1784 
 284 373 479 1445 1786 1787 
 479 440 284 1788 1659 1787 
 480 433 360 1791 1633 1790 
 431 432 480 1630 1789 1792 
 360 431 480 1628 1792 1790 
 481 476 438 1794 1777 1793 
 438 477 481 1783 1795 1793 
 381 476 481 1779 1794 1796 
 481 443 381 1797 1668 1796 
 481 477 380 1795 1781 1798 
 380 443 481 1669 1797 1798 
 383 444 482 1671 1800 1799 
 444 447 482 1686 1801 1800 
 289 390 482 1493 1802 1803 
 482 392 289 1804 1501 1803 
 482 447 392 1801 1684 1804 
 483 445 381 1807 1674 1806 
 206 447 484 1683 1809 1808 
 137 206 484 924 1808 1810 
 484 447 86 1809 1685 1811 
 86 144 484 789 1812 1811 
 484 144 137 1812 791 1810 
 485 402 312 1814 1542 1813 
 485 449 402 1815 1692 1814 
 403 452 486 1696 1818 1816 
 375 450 487 1693 1821 1820 
 285 377 487 1453 1822 1819 
 487 377 375 1822 1452 1820 
 488 375 138 1824 1448 1823 
 488 450 375 1825 1693 1824 
 271 453 488 1698 1826 1827 
 138 271 488 1120 1827 1823 
 489 453 403 1830 1697 1828 
 450 488 489 1825 1831 1829 
 489 488 453 1831 1826 1830 
 402 449 494 1692 1833 1832 
 494 452 200 1835 1694 1834 
 449 486 494 1817 1836 1833 
 494 486 452 1836 1818 1835 
 270 402 494 1540 1832 1837 
 200 270 494 1117 1837 1834 
 416 467 495 1745 1840 1839 
 495 410 325 1841 1563 1838 
 495 455 410 1842 1704 1841 
 495 467 409 1840 1743 1843 
 409 455 495 1705 1842 1843 
 411 458 496 1714 1845 1846 
 496 457 411 1847 1711 1846 
 244 459 497 1717 1849 1848 
 408 463 499 1729 1853 1852 
 322 408 499 1558 1852 1854 
 413 498 499 1851 1855 1856 
 499 463 413 1853 1731 1856 
 313 464 500 1735 1858 1857 
 500 454 236 1859 1700 1860 
 236 313 500 1236 1857 1860 
 465 466 501 1739 1862 1861 
 314 415 501 1568 1864 1863 
 501 466 237 1862 1740 1865 
 237 314 501 1238 1863 1865 
 502 468 417 1867 1748 1866 
 502 419 418 1869 1583 1868 
 327 419 502 1582 1869 1870 
 502 417 327 1866 1574 1870 
 422 468 502 1750 1867 1871 
 418 422 502 1596 1871 1868 
 406 469 503 1751 1875 1874 
 504 470 288 1877 1755 1876 
 288 387 504 1480 1878 1876 
 504 387 386 1878 1481 1879 
 356 430 505 1625 1881 1880 
 471 505 507 1882 1886 1885 
 153 221 507 965 1887 1888 
 507 430 153 1889 1623 1888 
 507 505 430 1886 1881 1889 
 471 507 508 1885 1891 1890 
 508 507 221 1891 1887 1893 
 221 222 508 966 1892 1893 
 411 456 509 1708 1895 1894 
 280 439 510 1658 1898 1897 
 511 479 373 1900 1786 1901 
 511 373 205 1901 1444 1902 
 514 376 282 1907 1450 1906 
 403 486 515 1816 1909 1908 
 403 515 516 1908 1910 1912 
 516 489 403 1911 1828 1912 
 323 458 518 1713 1916 1915 
 449 485 525 1815 1929 1928 
 525 521 492 1931 1923 1930 
 529 458 323 1937 1713 1936 
 529 496 458 1938 1845 1937 
 323 498 529 1850 1939 1936 
 529 498 413 1939 1851 1940 
 457 496 530 1847 1942 1941 
 279 457 530 1709 1941 1943 
 530 462 361 1945 1725 1944 
 530 496 462 1942 1844 1945 
 532 499 498 1951 1855 1950 
 412 461 532 1722 1952 1953 
 532 460 412 1949 1719 1953 
 421 503 533 1873 1955 1954 
 533 423 333 1957 1598 1956 
 250 421 533 1592 1954 1958 
 533 333 250 1956 1290 1958 
 533 469 423 1959 1754 1957 
 533 503 469 1955 1875 1959 
 534 504 386 1961 1879 1960 
 386 445 534 1676 1962 1960 
 472 506 536 1883 1967 1966 
 345 472 536 1759 1966 1968 
 471 508 536 1890 1970 1969 
 536 506 471 1967 1884 1969 
 536 508 222 1970 1892 1971 
 222 345 536 1350 1968 1971 
 537 518 458 1972 1916 1974 
 411 509 537 1894 1973 1975 
 537 458 411 1974 1714 1975 
 538 505 471 1977 1882 1976 
 539 480 432 1981 1789 1979 
 540 432 429 1983 1629 1982 
 540 429 356 1982 1621 1984 
 540 539 432 1985 1979 1983 
 512 539 540 1980 1985 1986 
 356 505 540 1880 1987 1984 
 505 538 540 1977 1988 1987 
 540 538 512 1988 1978 1986 
 541 513 379 1990 1904 1989 
 489 516 542 1911 1994 1993 
 450 489 542 1829 1993 1992 
 543 516 515 1997 1910 1996 
 460 520 544 1921 1999 1998 
 545 518 491 2001 1917 2000 
 545 520 518 2002 1920 2001 
 546 521 404 2004 1922 2003 
 404 454 546 1701 2005 2003 
 404 521 547 1922 2008 2007 
 521 525 547 1931 2009 2008 
 547 405 404 2010 1548 2007 
 547 525 485 2009 1929 2011 
 548 519 451 2013 1918 2012 
 517 522 548 1924 2015 2014 
 451 517 548 1913 2014 2012 
 549 523 490 2017 1925 2016 
 550 464 414 2020 1734 2019 
 492 521 551 1923 2023 2022 
 521 546 551 2004 2024 2023 
 551 546 524 2024 2006 2025 
 454 500 552 1859 2027 2026 
 552 546 454 2028 2005 2026 
 524 546 552 2006 2028 2029 
 552 550 524 2030 2021 2029 
 440 479 553 1788 2032 2031 
 511 528 553 1935 2034 2035 
 479 511 553 1900 2035 2032 
 554 510 439 2037 1898 2036 
 554 555 510 2038 2304 2037 
 374 526 554 1932 2039 2040 
 554 439 374 2036 1657 2040 
 555 509 478 2042 1896 2041 
 451 527 556 1934 2044 2043 
 556 517 451 2045 1913 2043 
 557 519 491 2047 1919 2046 
 557 527 451 2049 1934 2048 
 451 519 557 1918 2047 2048 
 558 528 511 2052 1935 2051 
 559 553 528 2054 2034 2055 
 528 558 560 2052 2057 2056 
 560 558 441 2057 2050 2058 
 561 414 324 2061 1567 2060 
 561 550 414 2059 2019 2061 
 445 483 562 1807 2062 2063 
 562 534 445 2064 1962 2063 
 509 555 564 2042 2065 2067 
 564 537 509 2066 1973 2067 
 480 539 566 1981 2071 2070 
 433 480 566 1791 2070 2073 
 566 442 433 2072 1664 2073 
 567 514 285 2074 1905 2077 
 285 487 567 1819 2076 2077 
 568 497 459 2079 1849 2078 
 568 459 412 2078 1716 2081 
 520 545 569 2002 2083 2082 
 569 544 520 2084 1999 2082 
 519 548 570 2013 2086 2085 
 571 486 449 2089 1817 2088 
 449 525 571 1928 2090 2088 
 571 515 486 2091 1909 2089 
 571 549 515 2092 2018 2091 
 523 549 571 2017 2092 2093 
 492 551 572 2022 2095 2094 
 572 523 492 2096 1926 2094 
 522 523 572 1927 2096 2097 
 517 556 573 2045 2099 2098 
 573 543 490 2101 1995 2100 
 490 517 573 1914 2098 2100 
 574 557 491 2103 2046 2102 
 537 564 574 2066 2105 2104 
 518 537 574 1972 2104 2106 
 491 518 574 1917 2106 2102 
 493 559 575 2053 2108 2107 
 514 567 576 2074 2110 2111 
 550 561 577 2059 2114 2113 
 524 550 577 2021 2113 2112 
 578 562 483 2116 2062 2115 
 286 513 578 1903 2118 2117 
 578 483 286 2115 1805 2117 
 504 534 580 1961 2122 2123 
 581 580 563 2126 2124 2125 
 581 565 506 2128 2069 2127 
 506 535 581 1964 2129 2127 
 581 535 470 2129 1965 2130 
 582 578 513 2133 2118 2132 
 583 564 555 2136 2065 2135 
 442 566 584 2072 2138 2137 
 584 541 442 2139 1991 2137 
 585 531 497 2142 1947 2141 
 585 561 324 2144 2060 2143 
 324 531 585 1948 2142 2143 
 545 570 586 2087 2146 2145 
 586 569 545 2147 2083 2145 
 522 572 587 2097 2149 2150 
 587 548 522 2148 2015 2150 
 527 575 588 2109 2152 2151 
 588 556 527 2153 2044 2151 
 528 560 589 2056 2155 2154 
 589 559 528 2156 2055 2154 
 590 542 516 2158 1994 2157 
 590 567 542 2159 2075 2158 
 590 576 567 2160 2110 2159 
 591 572 551 2162 2095 2161 
 524 577 591 2112 2164 2163 
 591 551 524 2161 2025 2163 
 592 566 539 2166 2071 2165 
 579 582 592 2131 2168 2167 
 512 579 592 2119 2167 2169 
 592 539 512 2165 1980 2169 
 592 584 566 2170 2138 2166 
 582 584 592 2140 2170 2168 
 562 578 593 2116 2172 2171 
 578 582 593 2133 2173 2172 
 593 580 534 2175 2122 2174 
 534 562 593 2064 2171 2174 
 563 580 593 2124 2175 2176 
 557 574 594 2103 2178 2177 
 527 557 594 2049 2177 2179 
 564 583 594 2136 2181 2180 
 594 574 564 2178 2105 2180 
 594 583 493 2181 2134 2182 
 493 575 594 2107 2183 2182 
 594 575 527 2183 2109 2179 
 561 585 595 2144 2185 2184 
 595 577 561 2186 2114 2184 
 596 568 544 2188 2080 2187 
 497 568 596 2079 2188 2189 
 597 586 570 2191 2146 2190 
 548 587 597 2148 2192 2193 
 597 570 548 2190 2086 2193 
 598 589 560 2195 2155 2194 
 599 588 575 2198 2152 2197 
 559 589 599 2156 2199 2200 
 599 575 559 2197 2108 2200 
 543 573 600 2101 2202 2201 
 600 590 516 2203 2157 2204 
 516 543 600 1997 2201 2204 
 572 591 601 2162 2207 2208 
 601 587 572 2205 2149 2208 
 569 586 602 2147 2210 2209 
 602 596 544 2212 2187 2211 
 544 569 602 2084 2209 2211 
 588 599 603 2198 2214 2213 
 603 600 573 2216 2202 2215 
 556 588 603 2153 2213 2217 
 603 573 556 2215 2099 2217 
 590 600 604 2203 2219 2218 
 600 603 604 2216 2220 2219 
 604 598 576 2222 2196 2221 
 576 590 604 2160 2218 2221 
 604 603 599 2220 2214 2223 
 604 599 589 2223 2199 2224 
 589 598 604 2195 2222 2224 
 605 595 585 2226 2185 2225 
 605 601 595 2227 2206 2226 
 601 605 606 2227 2231 2230 
 606 605 596 2231 2228 2233 
 596 602 606 2212 2232 2233 
 335 90 48 1296 698 2234 
 48 47 335 651 1299 2234 
 120 95 118 743 734 2235 
 118 9 120 733 742 2235 
 194 22 23 901 624 2236 
 145 137 144 793 791 2237 
 144 102 145 790 794 2237 
 79 75 142 683 785 2238 
 86 146 148 796 804 2239 
 148 144 86 805 789 2239 
 399 148 146 1526 804 2240 
 146 103 399 798 1524 2240 
 217 149 269 953 1112 2241 
 269 53 217 1114 952 2241 
 60 153 154 814 816 2242 
 154 62 60 815 665 2242 
 230 159 304 990 1198 2243 
 304 35 230 1200 989 2243 
 232 160 305 998 1203 2244 
 305 107 232 1201 996 2244 
 310 162 233 1223 1002 2245 
 233 65 310 1001 1227 2245 
 166 163 235 832 1011 2246 
 235 18 166 1012 833 2246 
 416 164 177 1572 857 2247 
 177 88 416 856 1571 2247 
 163 166 319 832 1254 2248 
 319 108 163 1258 829 2248 
 336 174 173 1303 846 2249 
 173 111 336 844 1301 2249 
 258 257 260 1074 1082 2250 
 260 126 258 1081 1072 2250 
 264 191 312 1094 1232 2251 
 312 128 264 1233 1093 2251 
 259 195 130 1079 907 2252 
 130 98 259 766 1078 2252 
 132 197 57 913 912 2253 
 57 55 132 660 773 2253 
 137 208 140 928 927 2254 
 140 206 137 925 924 2254 
 293 210 292 1152 1147 2255 
 292 184 293 1148 1151 2255 
 17 235 318 1010 1251 2256 
 318 19 17 1249 620 2256 
 452 271 199 1695 1119 2257 
 199 200 452 919 1694 2257 
 351 281 365 1371 1419 2258 
 365 204 351 1418 1370 2258 
 298 297 296 1169 1163 2259 
 296 212 298 1160 1167 2259 
 297 298 74 1169 1166 2260 
 74 72 297 678 1161 2260 
 218 303 198 1194 1192 2261 
 198 269 218 1111 1113 2261 
 229 307 220 1210 1213 2262 
 220 304 229 1197 1199 2262 
 182 308 230 1216 1215 2263 
 230 34 182 988 874 2263 
 401 309 154 1536 1219 2264 
 154 231 401 991 1535 2264 
 108 314 315 1237 1241 2265 
 315 163 108 1239 829 2265 
 318 316 165 1253 1242 2266 
 165 238 318 1016 1250 2266 
 415 164 416 1569 1572 2267 
 419 327 110 1582 1273 2268 
 110 246 419 1034 1580 2268 
 329 331 172 1284 1283 2269 
 172 247 329 1037 1279 2269 
 342 344 190 1341 1340 2270 
 190 262 342 1086 1332 2270 
 193 425 183 1608 1346 2271 
 183 25 193 877 900 2271 
 105 356 429 1391 1621 2272 
 429 353 105 1620 1379 2272 
 530 361 362 1944 1410 2273 
 362 279 530 1411 1943 2273 
 367 282 283 1426 1136 1429 
 283 371 207 1438 1439 2274 
 207 367 283 1428 1429 2274 
 139 374 439 1447 1657 2275 
 439 364 139 1656 1414 2275 
 138 375 202 1448 1449 2276 
 202 274 138 1132 1131 2276 
 101 377 285 1454 1453 2277 
 285 367 101 1427 1431 2277 
 443 380 378 1669 1463 2278 
 378 286 443 1458 1667 2278 
 483 381 443 1806 1668 2279 
 443 286 483 1667 1805 2279 
 386 387 287 1481 1478 2280 
 287 384 386 1473 1477 2280 
 390 389 384 1494 1488 1492 
 290 135 393 1139 1165 1502 
 211 398 296 1519 1522 2281 
 296 141 211 1159 935 2281 
 330 406 503 1550 1874 2282 
 503 248 330 1872 1282 2282 
 461 410 455 1721 1704 2283 
 455 322 461 1703 1720 2283 
 466 465 531 1739 1946 2284 
 531 324 466 1948 1738 2284 
 164 415 314 1569 1568 2285 
 314 108 164 1237 830 2285 
 415 416 495 2267 1839 2286 
 495 325 415 1838 1570 2286 
 210 427 473 1616 1761 2287 
 473 396 210 1760 1512 2287 
 437 438 476 1652 1777 2288 
 476 370 437 1776 1651 2288 
 358 442 541 1666 1991 2289 
 541 379 358 1989 1460 2289 
 394 448 397 1688 1689 2290 
 397 291 394 1518 1505 2290 
 385 470 535 1756 1965 2291 
 535 426 385 1963 1609 2291 
 383 482 390 1799 1802 2292 
 390 287 383 1491 1470 2292 
 462 496 529 1844 1938 2293 
 529 413 462 1940 1727 2293 
 322 499 532 1854 1951 2294 
 532 461 322 1952 1720 2294 
 248 503 421 1872 1873 2295 
 421 331 248 1591 1285 2295 
 535 506 472 1964 1883 2296 
 472 426 535 1758 1963 2296 
 478 509 456 1896 1895 2297 
 456 204 478 1706 1784 2297 
 558 511 205 2051 1902 2298 
 379 513 286 1904 1903 2299 
 286 378 379 1458 1459 2299 
 543 515 549 1996 2018 2300 
 549 490 543 2016 1995 2300 
 323 518 520 1915 1920 2301 
 520 460 323 1921 1718 2301 
 490 523 522 1925 1927 2302 
 522 517 490 1924 1914 2302 
 571 525 492 2090 1930 2303 
 492 523 571 1926 2093 2303 
 555 478 510 2041 1899 2304 
 526 493 583 1933 2134 2305 
 583 555 554 2135 2038 2306 
 554 526 583 2039 2305 2306 
 570 545 491 2087 2000 2307 
 491 519 570 1919 2085 2307 
 464 550 552 2020 2030 2308 
 552 500 464 2027 1858 2308 
 440 553 526 2031 2033 2309 
 526 374 440 1932 1661 2309 
 553 559 493 2054 2053 2310 
 493 526 553 1933 2033 2310 
 376 514 576 1907 2111 2311 
 542 567 487 2075 2076 2312 
 487 450 542 1821 1992 2312 
 376 576 598 2311 2196 2313 
 565 579 512 2120 2119 2314 
 512 538 565 1978 2068 2314 
 565 581 563 2128 2125 2315 
 563 579 565 2121 2120 2315 
 580 581 470 2126 2130 2316 
 470 504 580 1877 2123 2316 
 593 582 579 2173 2131 2317 
 579 563 593 2121 2176 2317 
 584 582 513 2140 2132 2318 
 513 541 584 1990 2139 2318 
 587 601 606 2205 2230 2319 
 606 597 587 2229 2192 2319 
 595 601 591 2206 2207 2320 
 591 577 595 2164 2186 2320 
 597 606 602 2229 2232 2321 
 602 586 597 2210 2191 2321 
 498 323 460 1850 1718 2322 
 460 532 498 1949 1950 2322 
 81 82 94 691 710 2323 
 188 127 194 891 903 2324 
 194 23 188 2236 890 2324 
 98 130 119 766 765 2325 
 119 84 98 736 712 2325 
 142 143 214 788 944 2326 
 214 79 142 943 2238 2326 
 159 230 308 990 1215 2327 
 308 228 159 1214 983 2327 
 341 261 340 1327 1324 2328 
 340 188 341 1323 1330 2328 
 364 280 366 1415 1422 2329 
 366 278 364 1421 1417 2329 
 280 510 478 1897 1899 2330 
 478 365 280 1785 1420 2330 
 405 547 485 2010 2011 2331 
 485 312 405 1813 1547 2331 
 506 565 538 2069 2068 2332 
 538 471 506 1976 1884 2332 
 244 497 531 1848 1947 2333 
 531 465 244 1946 1736 2333 
 282 376 441 1450 1663 2334 
 441 368 282 1662 1433 2334 
 465 501 415 1861 1864 2335 
 415 325 465 1570 1737 2335 
 94 8 7 707 608 2336 
 7 81 94 687 2323 2336 
 285 514 282 1905 1906 2337 
 282 367 285 1426 1427 2337 
 544 568 412 2080 2081 2338 
 412 460 544 1719 1998 2338 
 560 441 376 2058 1663 2339 
 376 598 560 2313 2194 2339 
 441 558 205 2050 2298 2340 
 205 368 441 1432 1662 2340 
 596 605 585 2228 2225 2341 
 585 497 596 2141 2189 2341 
 solutionOrder
2 2 2 2 
 2 2 2 2 
 2 2 2 2 
 2 2 2 2 
 2 2 2 2 
 2 2 2 2 
 2 2 2 2 
 2 2 2 2 
 2 2 2 2 
 2 2 2 2 
 2 2 2 2 
 2 2 2 2 
 2 2 2 2 
 2 2 2 2 
 2 2 2 2 
 2 2 2 2 
 2 2 2 2 
 2 2 2 2 
 2 2 2 2 
 2 2 2 2 
 2 2 2 2 
 2 2 2 2 
 2 2 2 2 
 2 2 2 2 
 2 2 2 2 
 2 2 2 2 
 2 2 2 2 
 2 2 2 2 
 2 2 2 2 
 2 2 2 2 
 2 2 2 2 
 2 2 2 2 
 2 2 2 2 
 2 2 2 2 
 2 2 2 2 
 2 2 2 2 
 2 2 2 2 
 2 2 2 2 
 2 2 2 2 
 2 2 2 2 
 2 2 2 2 
 2 2 2 2 
 2 2 2 2 
 2 2 2 2 
 2 2 2 2 
 2 2 2 2 
 2 2 2 2 
 2 2 2 2 
 2 2 2 2 
 2 2 2 2 
 2 2 2 2 
 2 2 2 2 
 2 2 2 2 
 2 2 2 2 
 2 2 2 2 
 2 2 2 2 
 2 2 2 2 
 2 2 2 2 
 2 2 2 2 
 2 2 2 2 
 2 2 2 2 
 2 2 2 2 
 2 2 2 2 
 2 2 2 2 
 2 2 2 2 
 2 2 2 2 
 2 2 2 2 
 2 2 2 2 
 2 2 2 2 
 2 2 2 2 
 2 2 2 2 
 2 2 2 2 
 2 2 2 2 
 2 2 2 2 
 2 2 2 2 
 2 2 2 2 
 2 2 2 2 
 2 2 2 2 
 2 2 2 2 
 2 2 2 2 
 2 2 2 2 
 2 2 2 2 
 2 2 2 2 
 2 2 2 2 
 2 2 2 2 
 2 2 2 2 
 2 2 2 2 
 2 2 2 2 
 2 2 2 2 
 2 2 2 2 
 2 2 2 2 
 2 2 2 2 
 2 2 2 2 
 2 2 2 2 
 2 2 2 2 
 2 2 2 2 
 2 2 2 2 
 2 2 2 2 
 2 2 2 2 
 2 2 2 2 
 2 2 2 2 
 2 2 2 2 
 2 2 2 2 
 2 2 2 2 
 2 2 2 2 
 2 2 2 2 
 2 2 2 2 
 2 2 2 2 
 2 2 2 2 
 2 2 2 2 
 2 2 2 2 
 2 2 2 2 
 2 2 2 2 
 2 2 2 2 
 2 2 2 2 
 2 2 2 2 
 2 2 2 2 
 2 2 2 2 
 2 2 2 2 
 2 2 2 2 
 2 2 2 2 
 2 2 2 2 
 2 2 2 2 
 2 2 2 2 
 2 2 2 2 
 2 2 2 2 
 2 2 2 2 
 2 2 2 2 
 2 2 2 2 
 2 2 2 2 
 2 2 2 2 
 2 2 2 2 
 2 2 2 2 
 2 2 2 2 
 2 2 2 2 
 2 2 2 2 
 2 2 2 2 
 2 2 2 2 
 2 2 2 2 
 2 2 2 2 
 2 2 2 2 
 2 2 2 2 
 2 2 2 2 
 2 2 2 2 
 2 2 2 2 
 2 2 2 2 
 2 2 2 2 
 2 2 2 2 
 2 2 2 2 
 2 2 2 2 
 2 2 2 2 
 2 2 2 2 
 2 2 2 2 
 2 2 2 2 
 2 2 2 2 
 2 2 2 2 
 2 2 2 2 
 2 2 2 2 
 2 2 2 2 
 2 2 2 2 
 2 2 2 2 
 2 2 2 2 
 2 2 2 2 
 2 2 2 2 
 2 2 2 2 
 2 2 2 2 
 2 2 2 2 
 2 2 2 2 
 2 2 2 2 
 2 2 2 2 
 2 2 2 2 
 2 2 2 2 
 2 2 2 2 
 2 2 2 2 
 2 2 2 2 
 2 2 2 2 
 2 2 2 2 
 2 2 2 2 
 2 2 2 2 
 2 2 2 2 
 2 2 2 2 
 2 2 2 2 
 2 2 2 2 
 2 2 2 2 
 2 2 2 2 
 2 2 2 2 
 2 2 2 2 
 2 2 2 2 
 2 2 2 2 
 2 2 2 2 
 2 2 2 2 
 2 2 2 2 
 2 2 2 2 
 2 2 2 2 
 2 2 2 2 
 2 2 2 2 
 2 2 2 2 
 2 2 2 2 
 2 2 2 2 
 2 2 2 2 
 2 2 2 2 
 2 2 2 2 
 2 2 2 2 
 2 2 2 2 
 2 2 2 2 
 2 2 2 2 
 2 2 2 2 
 2 2 2 2 
 2 2 2 2 
 2 2 2 2 
 2 2 2 2 
 2 2 2 2 
 2 2 2 2 
 2 2 2 2 
 2 2 2 2 
 2 2 2 2 
 2 2 2 2 
 2 2 2 2 
 2 2 2 2 
 2 2 2 2 
 2 2 2 2 
 2 2 2 2 
 2 2 2 2 
 2 2 2 2 
 2 2 2 2 
 2 2 2 2 
 2 2 2 2 
 2 2 2 2 
 2 2 2 2 
 2 2 2 2 
 2 2 2 2 
 2 2 2 2 
 2 2 2 2 
 2 2 2 2 
 2 2 2 2 
 2 2 2 2 
 2 2 2 2 
 2 2 2 2 
 2 2 2 2 
 2 2 2 2 
 2 2 2 2 
 2 2 2 2 
 2 2 2 2 
 2 2 2 2 
 2 2 2 2 
 2 2 2 2 
 2 2 2 2 
 2 2 2 2 
 2 2 2 2 
 2 2 2 2 
 2 2 2 2 
 2 2 2 2 
 2 2 2 2 
 2 2 2 2 
 2 2 2 2 
 2 2 2 2 
 2 2 2 2 
 2 2 2 2 
 2 2 2 2 
 2 2 2 2 
 2 2 2 2 
 2 2 2 2 
 2 2 2 2 
 2 2 2 2 
 2 2 2 2 
 2 2 2 2 
 2 2 2 2 
 2 2 2 2 
 2 2 2 2 
 2 2 2 2 
 2 2 2 2 
 2 2 2 2 
 2 2 2 2 
 2 2 2 2 
 2 2 2 2 
 2 2 2 2 
 2 2 2 2 
 2 2 2 2 
 2 2 2 2 
 2 2 2 2 
 2 2 2 2 
 2 2 2 2 
 2 2 2 2 
 2 2 2 2 
 2 2 2 2 
 2 2 2 2 
 2 2 2 2 
 2 2 2 2 
 2 2 2 2 
 2 2 2 2 
 2 2 2 2 
 2 2 2 2 
 2 2 2 2 
 2 2 2 2 
 2 2 2 2 
 2 2 2 2 
 2 2 2 2 
 2 2 2 2 
 2 2 2 2 
 2 2 2 2 
 2 2 2 2 
 2 2 2 2 
 2 2 2 2 
 2 2 2 2 
 2 2 2 2 
 2 2 2 2 
 2 2 2 2 
 2 2 2 2 
 2 2 2 2 
 2 2 2 2 
 2 2 2 2 
 2 2 2 2 
 2 2 2 2 
 2 2 2 2 
 2 2 2 2 
 2 2 2 2 
 2 2 2 2 
 2 2 2 2 
 2 2 2 2 
 2 2 2 2 
 2 2 2 2 
 2 2 2 2 
 2 2 2 2 
 2 2 2 2 
 2 2 2 2 
 2 2 2 2 
 2 2 2 2 
 2 2 2 2 
 2 2 2 2 
 2 2 2 2 
 2 2 2 2 
 2 2 2 2 
 2 2 2 2 
 2 2 2 2 
 2 2 2 2 
 2 2 2 2 
 2 2 2 2 
 2 2 2 2 
 2 2 2 2 
 2 2 2 2 
 2 2 2 2 
 2 2 2 2 
 2 2 2 2 
 2 2 2 2 
 2 2 2 2 
 2 2 2 2 
 2 2 2 2 
 2 2 2 2 
 2 2 2 2 
 2 2 2 2 
 2 2 2 2 
 2 2 2 2 
 2 2 2 2 
 2 2 2 2 
 2 2 2 2 
 2 2 2 2 
 2 2 2 2 
 2 2 2 2 
 2 2 2 2 
 2 2 2 2 
 2 2 2 2 
 2 2 2 2 
 2 2 2 2 
 2 2 2 2 
 2 2 2 2 
 2 2 2 2 
 2 2 2 2 
 2 2 2 2 
 2 2 2 2 
 2 2 2 2 
 2 2 2 2 
 2 2 2 2 
 2 2 2 2 
 2 2 2 2 
 2 2 2 2 
 2 2 2 2 
 2 2 2 2 
 2 2 2 2 
 2 2 2 2 
 2 2 2 2 
 2 2 2 2 
 2 2 2 2 
 2 2 2 2 
 2 2 2 2 
 2 2 2 2 
 2 2 2 2 
 2 2 2 2 
 2 2 2 2 
 2 2 2 2 
 2 2 2 2 
 2 2 2 2 
 2 2 2 2 
 2 2 2 2 
 2 2 2 2 
 2 2 2 2 
 2 2 2 2 
 2 2 2 2 
 2 2 2 2 
 2 2 2 2 
 2 2 2 2 
 2 2 2 2 
 2 2 2 2 
 2 2 2 2 
 2 2 2 2 
 2 2 2 2 
 2 2 2 2 
 2 2 2 2 
 2 2 2 2 
 2 2 2 2 
 2 2 2 2 
 2 2 2 2 
 2 2 2 2 
 2 2 2 2 
 2 2 2 2 
 2 2 2 2 
 2 2 2 2 
 2 2 2 2 
 2 2 2 2 
 2 2 2 2 
 2 2 2 2 
 2 2 2 2 
 2 2 2 2 
 2 2 2 2 
 2 2 2 2 
 2 2 2 2 
 2 2 2 2 
 2 2 2 2 
 2 2 2 2 
 2 2 2 2 
 2 2 2 2 
 2 2 2 2 
 2 2 2 2 
 2 2 2 2 
 2 2 2 2 
 2 2 2 2 
 2 2 2 2 
 2 2 2 2 
 2 2 2 2 
 2 2 2 2 
 2 2 2 2 
 2 2 2 2 
 2 2 2 2 
 2 2 2 2 
 2 2 2 2 
 2 2 2 2 
 2 2 2 2 
 2 2 2 2 
 2 2 2 2 
 2 2 2 2 
 2 2 2 2 
 2 2 2 2 
 2 2 2 2 
 2 2 2 2 
 2 2 2 2 
 2 2 2 2 
 2 2 2 2 
 2 2 2 2 
 2 2 2 2 
 2 2 2 2 
 2 2 2 2 
 2 2 2 2 
 2 2 2 2 
 2 2 2 2 
 2 2 2 2 
 2 2 2 2 
 2 2 2 2 
 2 2 2 2 
 2 2 2 2 
 2 2 2 2 
 2 2 2 2 
 2 2 2 2 
 2 2 2 2 
 2 2 2 2 
 2 2 2 2 
 2 2 2 2 
 2 2 2 2 
 2 2 2 2 
 2 2 2 2 
 2 2 2 2 
 2 2 2 2 
 2 2 2 2 
 2 2 2 2 
 2 2 2 2 
 2 2 2 2 
 2 2 2 2 
 2 2 2 2 
 2 2 2 2 
 2 2 2 2 
 2 2 2 2 
 2 2 2 2 
 2 2 2 2 
 2 2 2 2 
 2 2 2 2 
 2 2 2 2 
 2 2 2 2 
 2 2 2 2 
 2 2 2 2 
 2 2 2 2 
 2 2 2 2 
 2 2 2 2 
 2 2 2 2 
 2 2 2 2 
 2 2 2 2 
 2 2 2 2 
 2 2 2 2 
 2 2 2 2 
 2 2 2 2 
 2 2 2 2 
 2 2 2 2 
 2 2 2 2 
 2 2 2 2 
 2 2 2 2 
 2 2 2 2 
 2 2 2 2 
 2 2 2 2 
 2 2 2 2 
 2 2 2 2 
 2 2 2 2 
 2 2 2 2 
 2 2 2 2 
 2 2 2 2 
 2 2 2 2 
 2 2 2 2 
 2 2 2 2 
 2 2 2 2 
 2 2 2 2 
 2 2 2 2 
 2 2 2 2 
 2 2 2 2 
 2 2 2 2 
 2 2 2 2 
 2 2 2 2 
 2 2 2 2 
 2 2 2 2 
 2 2 2 2 
 2 2 2 2 
 2 2 2 2 
 2 2 2 2 
 2 2 2 2 
 2 2 2 2 
 2 2 2 2 
 2 2 2 2 
 2 2 2 2 
 2 2 2 2 
 2 2 2 2 
 2 2 2 2 
 2 2 2 2 
 2 2 2 2 
 2 2 2 2 
 2 2 2 2 
 2 2 2 2 
 2 2 2 2 
 2 2 2 2 
 2 2 2 2 
 2 2 2 2 
 2 2 2 2 
 2 2 2 2 
 2 2 2 2 
 2 2 2 2 
 2 2 2 2 
 2 2 2 2 
 2 2 2 2 
 2 2 2 2 
 2 2 2 2 
 2 2 2 2 
 2 2 2 2 
 2 2 2 2 
 2 2 2 2 
 2 2 2 2 
 2 2 2 2 
 2 2 2 2 
 2 2 2 2 
 2 2 2 2 
 2 2 2 2 
 2 2 2 2 
 2 2 2 2 
 2 2 2 2 
 2 2 2 2 
 2 2 2 2 
 2 2 2 2 
 2 2 2 2 
 2 2 2 2 
 2 2 2 2 
 2 2 2 2 
 2 2 2 2 
 2 2 2 2 
 2 2 2 2 
 2 2 2 2 
 2 2 2 2 
 2 2 2 2 
 2 2 2 2 
 2 2 2 2 
 2 2 2 2 
 2 2 2 2 
 2 2 2 2 
 2 2 2 2 
 2 2 2 2 
 2 2 2 2 
 2 2 2 2 
 2 2 2 2 
 2 2 2 2 
 2 2 2 2 
 2 2 2 2 
 2 2 2 2 
 2 2 2 2 
 2 2 2 2 
 2 2 2 2 
 2 2 2 2 
 2 2 2 2 
 2 2 2 2 
 2 2 2 2 
 2 2 2 2 
 2 2 2 2 
 2 2 2 2 
 2 2 2 2 
 2 2 2 2 
 2 2 2 2 
 2 2 2 2 
 2 2 2 2 
 2 2 2 2 
 2 2 2 2 
 2 2 2 2 
 2 2 2 2 
 2 2 2 2 
 2 2 2 2 
 2 2 2 2 
 2 2 2 2 
 2 2 2 2 
 2 2 2 2 
 2 2 2 2 
 2 2 2 2 
 2 2 2 2 
 2 2 2 2 
 2 2 2 2 
 2 2 2 2 
 2 2 2 2 
 2 2 2 2 
 2 2 2 2 
 2 2 2 2 
 2 2 2 2 
 2 2 2 2 
 2 2 2 2 
 2 2 2 2 
 2 2 2 2 
 2 2 2 2 
 2 2 2 2 
 2 2 2 2 
 2 2 2 2 
 2 2 2 2 
 2 2 2 2 
 2 2 2 2 
 2 2 2 2 
 2 2 2 2 
 2 2 2 2 
 2 2 2 2 
 2 2 2 2 
 2 2 2 2 
 2 2 2 2 
 2 2 2 2 
 2 2 2 2 
 2 2 2 2 
 2 2 2 2 
 2 2 2 2 
 2 2 2 2 
 2 2 2 2 
 2 2 2 2 
 2 2 2 2 
 2 2 2 2 
 2 2 2 2 
 2 2 2 2 
 2 2 2 2 
 2 2 2 2 
 2 2 2 2 
 2 2 2 2 
 2 2 2 2 
 2 2 2 2 
 2 2 2 2 
 2 2 2 2 
 2 2 2 2 
 2 2 2 2 
 2 2 2 2 
 2 2 2 2 
 2 2 2 2 
 2 2 2 2 
 2 2 2 2 
 2 2 2 2 
 2 2 2 2 
 2 2 2 2 
 2 2 2 2 
 2 2 2 2 
 2 2 2 2 
 2 2 2 2 
 2 2 2 2 
 2 2 2 2 
 2 2 2 2 
 2 2 2 2 
 2 2 2 2 
 2 2 2 2 
 2 2 2 2 
 2 2 2 2 
 2 2 2 2 
 2 2 2 2 
 2 2 2 2 
 2 2 2 2 
 2 2 2 2 
 2 2 2 2 
 2 2 2 2 
 2 2 2 2 
 2 2 2 2 
 2 2 2 2 
 2 2 2 2 
 2 2 2 2 
 2 2 2 2 
 2 2 2 2 
 2 2 2 2 
 2 2 2 2 
 2 2 2 2 
 2 2 2 2 
 2 2 2 2 
 2 2 2 2 
 2 2 2 2 
 2 2 2 2 
 2 2 2 2 
 2 2 2 2 
 2 2 2 2 
 2 2 2 2 
 2 2 2 2 
 2 2 2 2 
 2 2 2 2 
 2 2 2 2 
 2 2 2 2 
 2 2 2 2 
 2 2 2 2 
 2 2 2 2 
 2 2 2 2 
 2 2 2 2 
 2 2 2 2 
 2 2 2 2 
 2 2 2 2 
 2 2 2 2 
 2 2 2 2 
 2 2 2 2 
 2 2 2 2 
 2 2 2 2 
 2 2 2 2 
 2 2 2 2 
 2 2 2 2 
 2 2 2 2 
 2 2 2 2 
 2 2 2 2 
 2 2 2 2 
 2 2 2 2 
 2 2 2 2 
 2 2 2 2 
 2 2 2 2 
 2 2 2 2 
 2 2 2 2 
 2 2 2 2 
 2 2 2 2 
 2 2 2 2 
 2 2 2 2 
 2 2 2 2 
 2 2 2 2 
 2 2 2 2 
 2 2 2 2 
 2 2 2 2 
 2 2 2 2 
 2 2 2 2 
 2 2 2 2 
 2 2 2 2 
 2 2 2 2 
 2 2 2 2 
 2 2 2 2 
 2 2 2 2 
 2 2 2 2 
 2 2 2 2 
 2 2 2 2 
 2 2 2 2 
 2 2 2 2 
 2 2 2 2 
 2 2 2 2 
 2 2 2 2 
 2 2 2 2 
 2 2 2 2 
 2 2 2 2 
 2 2 2 2 
 2 2 2 2 
 2 2 2 2 
 2 2 2 2 
 2 2 2 2 
 2 2 2 2 
 2 2 2 2 
 2 2 2 2 
 2 2 2 2 
 2 2 2 2 
 2 2 2 2 
 2 2 2 2 
 2 2 2 2 
 2 2 2 2 
 2 2 2 2 
 2 2 2 2 
 2 2 2 2 
 2 2 2 2 
 2 2 2 2 
 2 2 2 2 
 2 2 2 2 
 2 2 2 2 
 2 2 2 2 
 2 2 2 2 
 2 2 2 2 
 2 2 2 2 
 2 2 2 2 
 2 2 2 2 
 2 2 2 2 
 2 2 2 2 
 2 2 2 2 
 2 2 2 2 
 2 2 2 2 
 2 2 2 2 
 2 2 2 2 
 2 2 2 2 
 2 2 2 2 
 2 2 2 2 
 2 2 2 2 
 2 2 2 2 
 2 2 2 2 
 2 2 2 2 
 2 2 2 2 
 2 2 2 2 
 2 2 2 2 
 2 2 2 2 
 2 2 2 2 
 2 2 2 2 
 2 2 2 2 
 2 2 2 2 
 2 2 2 2 
 2 2 2 2 
 2 2 2 2 
 2 2 2 2 
 2 2 2 2 
 2 2 2 2 
 2 2 2 2 
 2 2 2 2 
 2 2 2 2 
 2 2 2 2 
 2 2 2 2 
 2 2 2 2 
 2 2 2 2 
 2 2 2 2 
 2 2 2 2 
 2 2 2 2 
 2 2 2 2 
 2 2 2 2 
 2 2 2 2 
 2 2 2 2 
 2 2 2 2 
 2 2 2 2 
 2 2 2 2 
 2 2 2 2 
 2 2 2 2 
 2 2 2 2 
 2 2 2 2 
 2 2 2 2 
 2 2 2 2 
 2 2 2 2 
 2 2 2 2 
 2 2 2 2 
 2 2 2 2 
 2 2 2 2 
 2 2 2 2 
 2 2 2 2 
 2 2 2 2 
 2 2 2 2 
 2 2 2 2 
 2 2 2 2 
 2 2 2 2 
 2 2 2 2 
 2 2 2 2 
 2 2 2 2 
 2 2 2 2 
 2 2 2 2 
 2 2 2 2 
 2 2 2 2 
 2 2 2 2 
 2 2 2 2 
 2 2 2 2 
 2 2 2 2 
 2 2 2 2 
 2 2 2 2 
 2 2 2 2 
 2 2 2 2 
 2 2 2 2 
 2 2 2 2 
 2 2 2 2 
 2 2 2 2 
 2 2 2 2 
 2 2 2 2 
 2 2 2 2 
 2 2 2 2 
 2 2 2 2 
 2 2 2 2 
 2 2 2 2 
 2 2 2 2 
 2 2 2 2 
 2 2 2 2 
 2 2 2 2 
 2 2 2 2 
 2 2 2 2 
 2 2 2 2 
 2 2 2 2 
 2 2 2 2 
 2 2 2 2 
 2 2 2 2 
 2 2 2 2 
 2 2 2 2 
 2 2 2 2 
 2 2 2 2 
 2 2 2 2 
 2 2 2 2 
 2 2 2 2 
 2 2 2 2 
 2 2 2 2 
 2 2 2 2 
 2 2 2 2 
 2 2 2 2 
 2 2 2 2 
 2 2 2 2 
 2 2 2 2 
 2 2 2 2 
 2 2 2 2 
 2 2 2 2 
 2 2 2 2 
 2 2 2 2 
 2 2 2 2 
 2 2 2 2 
 2 2 2 2 
 2 2 2 2 
 2 2 2 2 
 2 2 2 2 
 2 2 2 2 
 2 2 2 2 
 2 2 2 2 
 2 2 2 2 
 2 2 2 2 
 2 2 2 2 
 2 2 2 2 
 2 2 2 2 
 2 2 2 2 
 2 2 2 2 
 2 2 2 2 
 2 2 2 2 
 2 2 2 2 
 2 2 2 2 
 2 2 2 2 
 2 2 2 2 
 2 2 2 2 
 2 2 2 2 
 2 2 2 2 
 2 2 2 2 
 2 2 2 2 
 2 2 2 2 
 2 2 2 2 
 2 2 2 2 
 2 2 2 2 
 2 2 2 2 
 2 2 2 2 
 2 2 2 2 
 2 2 2 2 
 2 2 2 2 
 2 2 2 2 
 2 2 2 2 
 2 2 2 2 
 2 2 2 2 
 2 2 2 2 
 2 2 2 2 
 2 2 2 2 
 2 2 2 2 
 2 2 2 2 
 2 2 2 2 
 2 2 2 2 
 2 2 2 2 
 2 2 2 2 
 2 2 2 2 
 2 2 2 2 
 2 2 2 2 
 2 2 2 2 
 2 2 2 2 
 2 2 2 2 
 2 2 2 2 
 2 2 2 2 
 2 2 2 2 
 2 2 2 2 
 2 2 2 2 
 2 2 2 2 
 2 2 2 2 
 2 2 2 2 
 2 2 2 2 
 2 2 2 2 
 2 2 2 2 
 2 2 2 2 
 2 2 2 2 
 2 2 2 2 
 2 2 2 2 
 2 2 2 2 
 2 2 2 2 
 2 2 2 2 
 2 2 2 2 
 2 2 2 2 
 2 2 2 2 
 2 2 2 2 
 2 2 2 2 
 2 2 2 2 
 2 2 2 2 
 2 2 2 2 
 2 2 2 2 
 2 2 2 2 
 2 2 2 2 
 2 2 2 2 
 2 2 2 2 
 2 2 2 2 
 2 2 2 2 
 2 2 2 2 
 2 2 2 2 
 2 2 2 2 
 2 2 2 2 
 2 2 2 2 
 2 2 2 2 
 2 2 2 2 
 2 2 2 2 
 2 2 2 2 
 2 2 2 2 
 2 2 2 2 
 2 2 2 2 
 2 2 2 2 
 2 2 2 2 
 2 2 2 2 
 2 2 2 2 
 2 2 2 2 
 2 2 2 2 
 2 2 2 2 
 2 2 2 2 
 2 2 2 2 
 2 2 2 2 
 2 2 2 2 
 2 2 2 2 
 2 2 2 2 
 2 2 2 2 
 2 2 2 2 
 2 2 2 2 
 2 2 2 2 
 2 2 2 2 
 2 2 2 2 
 2 2 2 2 
 2 2 2 2 
 2 2 2 2 
 2 2 2 2 
 2 2 2 2 
 2 2 2 2 
 2 2 2 2 
 2 2 2 2 
 2 2 2 2 
 2 2 2 2 
 2 2 2 2 
 2 2 2 2 
 2 2 2 2 
 2 2 2 2 
 2 2 2 2 
 2 2 2 2 
 2 2 2 2 
 2 2 2 2 
 2 2 2 2 
 2 2 2 2 
 2 2 2 2 
 2 2 2 2 
 2 2 2 2 
 2 2 2 2 
 2 2 2 2 
 2 2 2 2 
 2 2 2 2 
 2 2 2 2 
 2 2 2 2 
 2 2 2 2 
 2 2 2 2 
 2 2 2 2 
 2 2 2 2 
 2 2 2 2 
 2 2 2 2 
 2 2 2 2 
 2 2 2 2 
 2 2 2 2 
 2 2 2 2 
 2 2 2 2 
 2 2 2 2 
 2 2 2 2 
 2 2 2 2 
 2 2 2 2 
 2 2 2 2 
 2 2 2 2 
 2 2 2 2 
 2 2 2 2 
 2 2 2 2 
 2 2 2 2 
 2 2 2 2 
 2 2 2 2 
 2 2 2 2 
 2 2 2 2 
 2 2 2 2 
 2 2 2 2 
 2 2 2 2 
 2 2 2 2 
 2 2 2 2 
 2 2 2 2 
 2 2 2 2 
 2 2 2 2 
 2 2 2 2 
 2 2 2 2 
 2 2 2 2 
 2 2 2 2 
 2 2 2 2 
 2 2 2 2 
 2 2 2 2 
 2 2 2 2 
 2 2 2 2 
 2 2 2 2 
 2 2 2 2 
 2 2 2 2 
 2 2 2 2 
 2 2 2 2 
 2 2 2 2 
 2 2 2 2 
 vertexCoord 
0.000000 0.000000 
 1.000000 0.000000 
 1.000000 1.000000 
 0.000000 1.000000 
 -0.000000 0.300000 
 0.000000 0.150000 
 0.000000 0.049951 
 0.000000 0.099976 
 0.000000 0.199951 
 0.000000 0.249976 
 0.499956 0.000000 
 0.750000 0.000000 
 0.899959 0.000000 
 0.949951 0.000000 
 0.849948 0.000000 
 0.799974 0.000000 
 0.649959 0.000000 
 0.699980 0.000000 
 0.599948 0.000000 
 0.549952 0.000000 
 0.250000 0.000000 
 0.399950 0.000000 
 0.449956 0.000000 
 0.349948 0.000000 
 0.299974 0.000000 
 0.149950 0.000000 
 0.199951 0.000000 
 0.099948 0.000000 
 0.049974 0.000000 
 1.000000 0.499956 
 1.000000 0.749968 
 1.000000 0.899950 
 1.000000 0.949975 
 1.000000 0.849962 
 1.000000 0.799974 
 1.000000 0.649959 
 1.000000 0.699963 
 1.000000 0.599948 
 1.000000 0.549952 
 1.000000 0.250000 
 1.000000 0.399950 
 1.000000 0.449956 
 1.000000 0.349948 
 1.000000 0.299974 
 1.000000 0.149950 
 1.000000 0.199951 
 1.000000 0.099965 
 1.000000 0.049983 
 0.500000 1.000000 
 0.250037 1.000000 
 0.100050 1.000000 
 0.050049 1.000000 
 0.150044 1.000000 
 0.200038 1.000000 
 0.350034 1.000000 
 0.300036 1.000000 
 0.400025 1.000000 
 0.450013 1.000000 
 0.750047 1.000000 
 0.600041 1.000000 
 0.550020 1.000000 
 0.650052 1.000000 
 0.700049 1.000000 
 0.850041 1.000000 
 0.800049 1.000000 
 0.900033 1.000000 
 0.950026 1.000000 
 -0.000000 0.650000 
 -0.000000 0.449945 
 -0.000000 0.349990 
 -0.000000 0.399980 
 -0.000000 0.549972 
 -0.000000 0.499958 
 -0.000000 0.599986 
 -0.000000 0.799945 
 -0.000000 0.699988 
 -0.000000 0.749966 
 -0.000000 0.899972 
 -0.000000 0.849958 
 -0.000000 0.949986 
 0.031397 0.038655 
 0.065249 0.042745 
 0.086408 0.075860 
 0.137927 0.118604 
 0.226398 0.219028 
 0.186826 0.804255 
 0.796290 0.751000 
 0.835701 0.202652 
 0.043275 0.953975 
 0.955502 0.038309 
 0.907986 0.922233 
 0.968304 0.967151 
 0.113111 0.040261 
 0.041760 0.100579 
 0.086963 0.201808 
 0.192434 0.059055 
 0.376961 0.122112 
 0.163226 0.164462 
 0.267693 0.900968 
 0.096500 0.707653 
 0.218000 0.501706 
 0.099443 0.809968 
 0.171582 0.901069 
 0.883890 0.694788 
 0.657175 0.867246 
 0.886659 0.794265 
 0.808602 0.887499 
 0.736206 0.093911 
 0.910350 0.280854 
 0.811546 0.461648 
 0.899973 0.198860 
 0.834040 0.097490 
 0.962049 0.923963 
 0.877470 0.961001 
 0.929447 0.961816 
 0.123347 0.079571 
 0.091061 0.115664 
 0.043968 0.222959 
 0.110361 0.160117 
 0.053445 0.164440 
 0.236330 0.040075 
 0.157837 0.082976 
 0.156105 0.043644 
 0.040976 0.381014 
 0.177120 0.279538 
 0.043811 0.329574 
 0.439225 0.067327 
 0.283292 0.181472 
 0.364244 0.043272 
 0.133321 0.198123 
 0.187043 0.111155 
 0.373994 0.952797 
 0.266904 0.952528 
 0.250079 0.859733 
 0.051498 0.632804 
 0.047574 0.682157 
 0.154737 0.726693 
 0.219476 0.374533 
 0.503180 0.640524 
 0.196608 0.687743 
 0.096167 0.503508 
 0.047593 0.806215 
 0.069202 0.839552 
 0.143564 0.780787 
 0.094749 0.758478 
 0.191255 0.854030 
 0.219902 0.895127 
 0.142682 0.827662 
 0.161639 0.936363 
 0.935596 0.632270 
 0.941343 0.683241 
 0.838817 0.719741 
 0.610349 0.940781 
 0.658924 0.950273 
 0.725243 0.826977 
 0.840691 0.772999 
 0.909427 0.856368 
 0.880891 0.743451 
 0.934520 0.800924 
 0.801501 0.807126 
 0.725337 0.878973 
 0.803713 0.926939 
 0.703686 0.062305 
 0.763785 0.134236 
 0.560350 0.088239 
 0.725792 0.031163 
 0.962522 0.353917 
 0.960125 0.299996 
 0.860631 0.253567 
 0.787812 0.636286 
 0.817448 0.330649 
 0.912757 0.491490 
 0.937870 0.200827 
 0.956070 0.160318 
 0.875691 0.215350 
 0.907592 0.233755 
 0.816308 0.148732 
 0.787572 0.096869 
 0.864957 0.058251 
 0.913452 0.071652 
 0.808754 0.048772 
 0.967300 0.871567 
 0.282619 0.033034 
 0.031242 0.420718 
 0.082470 0.364308 
 0.203736 0.249953 
 0.150097 0.314289 
 0.467219 0.033029 
 0.392788 0.078130 
 0.242042 0.185342 
 0.336168 0.132431 
 0.258554 0.108064 
 0.322632 0.027437 
 0.418969 0.036800 
 0.156873 0.238720 
 0.316148 0.939468 
 0.421412 0.961311 
 0.223687 0.961838 
 0.226375 0.289670 
 0.251278 0.255605 
 0.174129 0.355856 
 0.218944 0.430441 
 0.643181 0.702274 
 0.660218 0.574052 
 0.356218 0.575232 
 0.207851 0.730098 
 0.217659 0.595754 
 0.145515 0.675539 
 0.047160 0.502115 
 0.094547 0.452996 
 0.155727 0.507810 
 0.107998 0.581344 
 0.040917 0.743486 
 0.036666 0.862224 
 0.099383 0.855091 
 0.085206 0.905871 
 0.134697 0.963205 
 0.198535 0.931326 
 0.959392 0.600535 
 0.958290 0.731399 
 0.571737 0.959342 
 0.539350 0.958571 
 0.641849 0.907463 
 0.759198 0.789175 
 0.691605 0.852973 
 0.929365 0.883607 
 0.846599 0.866760 
 0.909689 0.827571 
 0.923811 0.761394 
 0.968629 0.824747 
 0.684306 0.900899 
 0.765927 0.854051 
 0.823022 0.963890 
 0.764921 0.905696 
 0.676440 0.036445 
 0.464543 0.097596 
 0.670167 0.114739 
 0.561769 0.038982 
 0.768076 0.027973 
 0.793513 0.691617 
 0.790749 0.536391 
 0.839780 0.663346 
 0.820556 0.288264 
 0.685699 0.221851 
 0.862765 0.318169 
 0.796602 0.406491 
 0.958887 0.473926 
 0.929085 0.565306 
 0.961333 0.437416 
 0.856169 0.492445 
 0.966680 0.122292 
 0.952656 0.244231 
 0.868116 0.177689 
 0.919059 0.120876 
 0.902956 0.034905 
 0.854292 0.918067 
 0.082147 0.247982 
 0.044039 0.276135 
 0.183369 0.210078 
 0.094310 0.306318 
 0.525420 0.062963 
 0.205576 0.186395 
 0.349343 0.089729 
 0.293702 0.141072 
 0.222628 0.078823 
 0.226906 0.120003 
 0.270390 0.070352 
 0.464196 0.966764 
 0.178107 0.965455 
 0.269294 0.218976 
 0.245375 0.330930 
 0.127414 0.354586 
 0.198762 0.324136 
 0.181035 0.401038 
 0.702997 0.721998 
 0.711266 0.670797 
 0.651817 0.793326 
 0.569211 0.675687 
 0.720487 0.524340 
 0.581775 0.594942 
 0.637878 0.655551 
 0.290813 0.542483 
 0.268787 0.595802 
 0.425038 0.618091 
 0.278317 0.473682 
 0.449932 0.706411 
 0.325608 0.814000 
 0.386014 0.875578 
 0.271681 0.735773 
 0.096746 0.657526 
 0.185579 0.639388 
 0.041167 0.456794 
 0.074054 0.415034 
 0.193780 0.466632 
 0.191516 0.551077 
 0.103170 0.548441 
 0.051067 0.548640 
 0.065539 0.587054 
 0.037967 0.906409 
 0.065235 0.871239 
 0.124552 0.921050 
 0.089638 0.957350 
 0.235344 0.928357 
 0.964208 0.778068 
 0.812386 0.849090 
 0.843688 0.821876 
 0.917645 0.722855 
 0.939395 0.845034 
 0.707236 0.973634 
 0.766803 0.957042 
 0.423077 0.109720 
 0.324485 0.173768 
 0.509782 0.093548 
 0.713479 0.120771 
 0.696692 0.093378 
 0.619439 0.111591 
 0.664029 0.077960 
 0.618848 0.050459 
 0.755859 0.059928 
 0.893598 0.652863 
 0.819231 0.610771 
 0.749183 0.303053 
 0.665089 0.387049 
 0.608719 0.164568 
 0.720196 0.206354 
 0.916040 0.333758 
 0.870602 0.453294 
 0.831968 0.366636 
 0.959739 0.517485 
 0.922307 0.596516 
 0.932243 0.533318 
 0.955000 0.397115 
 0.818489 0.514924 
 0.871262 0.134554 
 0.957668 0.080978 
 0.909764 0.165986 
 0.890035 0.882479 
 0.115021 0.227064 
 0.128672 0.267567 
 0.486963 0.064588 
 0.515590 0.033064 
 0.212843 0.153066 
 0.304088 0.100422 
 0.253461 0.148909 
 0.504002 0.967514 
 0.149300 0.386443 
 0.718528 0.773266 
 0.747496 0.722620 
 0.670724 0.722947 
 0.750668 0.660277 
 0.675893 0.629308 
 0.674207 0.679539 
 0.665230 0.831685 
 0.649286 0.746055 
 0.680697 0.761159 
 0.622860 0.870098 
 0.690832 0.809361 
 0.527757 0.672614 
 0.608083 0.685948 
 0.617509 0.729055 
 0.777510 0.491519 
 0.755642 0.530162 
 0.692994 0.545634 
 0.552977 0.636597 
 0.627346 0.607674 
 0.596212 0.642733 
 0.244680 0.542805 
 0.325794 0.562405 
 0.315283 0.591106 
 0.314424 0.689281 
 0.242993 0.650064 
 0.461255 0.629401 
 0.386339 0.601816 
 0.498975 0.593272 
 0.252506 0.410898 
 0.343474 0.498523 
 0.240735 0.452212 
 0.458445 0.670725 
 0.489401 0.686783 
 0.421347 0.650114 
 0.372995 0.712365 
 0.307176 0.870714 
 0.279128 0.818556 
 0.343657 0.760044 
 0.400682 0.915128 
 0.367367 0.805916 
 0.354745 0.852277 
 0.355647 0.900878 
 0.307823 0.726726 
 0.297843 0.772084 
 0.241196 0.705245 
 0.239747 0.744174 
 0.099197 0.615876 
 0.140191 0.631126 
 0.177079 0.437265 
 0.144873 0.465292 
 0.170506 0.596102 
 0.143937 0.563392 
 0.134529 0.876252 
 0.874292 0.841015 
 0.718636 0.929136 
 0.313539 0.215847 
 0.319738 0.332052 
 0.411961 0.158327 
 0.365309 0.164350 
 0.895373 0.612303 
 0.861022 0.625415 
 0.784642 0.317451 
 0.779623 0.272237 
 0.722361 0.245824 
 0.656145 0.474800 
 0.680803 0.301488 
 0.749469 0.391519 
 0.568339 0.139382 
 0.740625 0.161379 
 0.788690 0.184158 
 0.919491 0.447244 
 0.879434 0.370015 
 0.847345 0.411767 
 0.964023 0.560134 
 0.896396 0.533038 
 0.921044 0.379598 
 0.819704 0.562584 
 0.880554 0.096564 
 0.316372 0.060881 
 0.442399 0.936021 
 0.114181 0.400303 
 0.716847 0.630973 
 0.632763 0.833009 
 0.607466 0.904576 
 0.625186 0.764935 
 0.610850 0.796462 
 0.582609 0.718046 
 0.776598 0.582127 
 0.732250 0.563361 
 0.336380 0.712550 
 0.302381 0.643759 
 0.348076 0.628129 
 0.538742 0.597590 
 0.460514 0.587437 
 0.347206 0.535846 
 0.545712 0.709550 
 0.415733 0.688625 
 0.233245 0.815994 
 0.385087 0.762070 
 0.280256 0.689689 
 0.218239 0.772477 
 0.132366 0.597568 
 0.343899 0.246409 
 0.284476 0.396876 
 0.503447 0.382654 
 0.281206 0.297147 
 0.283296 0.339779 
 0.453410 0.135197 
 0.746396 0.265773 
 0.653724 0.522410 
 0.688303 0.498543 
 0.659833 0.431838 
 0.685176 0.261812 
 0.674321 0.344885 
 0.716097 0.284150 
 0.753672 0.443965 
 0.787891 0.360069 
 0.524084 0.128081 
 0.688088 0.180414 
 0.654350 0.152214 
 0.811511 0.235650 
 0.930157 0.414779 
 0.857242 0.587790 
 0.424488 0.870905 
 0.545760 0.903393 
 0.480892 0.931791 
 0.143502 0.423889 
 0.747072 0.609369 
 0.704212 0.592116 
 0.343003 0.674337 
 0.392354 0.632441 
 0.611409 0.555093 
 0.424883 0.582182 
 0.595707 0.758509 
 0.382251 0.664335 
 0.259162 0.777406 
 0.410706 0.728082 
 0.182602 0.762932 
 0.353548 0.204141 
 0.331675 0.289958 
 0.282865 0.429915 
 0.264969 0.370344 
 0.303841 0.369369 
 0.430023 0.332499 
 0.570652 0.394629 
 0.426048 0.248873 
 0.489915 0.502331 
 0.298482 0.253991 
 0.764209 0.222302 
 0.699630 0.456328 
 0.649199 0.240117 
 0.708908 0.369181 
 0.748793 0.344704 
 0.485133 0.121399 
 0.691571 0.144951 
 0.894679 0.412783 
 0.892739 0.573075 
 0.394507 0.838702 
 0.582984 0.882794 
 0.502416 0.890519 
 0.579287 0.921744 
 0.551179 0.934742 
 0.614226 0.500902 
 0.568130 0.565080 
 0.402662 0.560920 
 0.540477 0.819807 
 0.485493 0.724207 
 0.316012 0.483023 
 0.362908 0.323556 
 0.349928 0.370804 
 0.470304 0.356527 
 0.617299 0.403464 
 0.533676 0.373721 
 0.640055 0.361129 
 0.421671 0.205062 
 0.473550 0.313635 
 0.428102 0.291349 
 0.495705 0.190259 
 0.386056 0.231132 
 0.494673 0.548451 
 0.501203 0.421912 
 0.417150 0.521682 
 0.706100 0.413313 
 0.736258 0.483231 
 0.648089 0.196043 
 0.713017 0.324577 
 0.856790 0.543976 
 0.409164 0.797699 
 0.452791 0.898547 
 0.520600 0.931088 
 0.616276 0.452612 
 0.544338 0.863174 
 0.571742 0.791027 
 0.587887 0.837965 
 0.512723 0.706807 
 0.315672 0.404699 
 0.394818 0.352040 
 0.639100 0.313747 
 0.594491 0.365539 
 0.455840 0.177258 
 0.387999 0.193337 
 0.515001 0.340507 
 0.398782 0.315867 
 0.527707 0.166196 
 0.464426 0.218860 
 0.489002 0.153079 
 0.449862 0.542649 
 0.534949 0.555793 
 0.572761 0.527434 
 0.468234 0.395960 
 0.535185 0.410059 
 0.380898 0.540611 
 0.449882 0.494038 
 0.381158 0.509592 
 0.569737 0.177615 
 0.421914 0.763521 
 0.472695 0.824819 
 0.573345 0.479977 
 0.504384 0.843597 
 0.559434 0.749526 
 0.316880 0.442800 
 0.656386 0.276147 
 0.610684 0.336301 
 0.556096 0.352173 
 0.378622 0.278827 
 0.478992 0.264690 
 0.432171 0.374685 
 0.574696 0.431451 
 0.479644 0.459984 
 0.353184 0.458332 
 0.531332 0.196502 
 0.450216 0.744399 
 0.498947 0.802355 
 0.436911 0.829606 
 0.465614 0.859665 
 0.490211 0.762184 
 0.532323 0.512038 
 0.520587 0.738541 
 0.602480 0.217096 
 0.582781 0.335256 
 0.520897 0.295841 
 0.465235 0.429531 
 0.418819 0.483634 
 0.355099 0.418197 
 0.508763 0.226574 
 0.530233 0.777240 
 0.454395 0.785357 
 0.526616 0.459679 
 0.553533 0.220634 
 0.613269 0.268722 
 0.555911 0.315809 
 0.379271 0.477496 
 0.442657 0.453857 
 0.394363 0.394844 
 0.532715 0.257749 
 0.596725 0.306457 
 0.434440 0.415942 
 0.399721 0.437399 
 0.574242 0.249371 
 0.565626 0.282325 
 bc_tag 
93 
 15 
 10 
 5 
 2 
 101 
 101 
 101 
 101 
 101 
 21 
 21 
 21 
 21 
 21 
 21 
 21 
 21 
 21 
 21 
 21 
 21 
 21 
 21 
 21 
 21 
 21 
 21 
 21 
 16 
 16 
 16 
 16 
 16 
 16 
 16 
 16 
 16 
 16 
 16 
 16 
 16 
 16 
 16 
 16 
 16 
 16 
 16 
 11 
 11 
 11 
 11 
 11 
 11 
 11 
 11 
 11 
 11 
 11 
 11 
 11 
 11 
 11 
 11 
 11 
 11 
 11 
 6 
 6 
 6 
 6 
 6 
 6 
 6 
 6 
 6 
 6 
 6 
 6 
 6 
 39 
 39 
 39 
 39 
 39 
 39 
 39 
 39 
 39 
 39 
 39 
 39 
 39 
 39 
 39 
 39 
 39 
 39 
 39 
 39 
 39 
 39 
 39 
 39 
 39 
 39 
 39 
 39 
 39 
 39 
 39 
 39 
 39 
 39 
 39 
 39 
 39 
 39 
 39 
 39 
 39 
 39 
 39 
 39 
 39 
 39 
 39 
 39 
 39 
 39 
 39 
 39 
 39 
 39 
 39 
 39 
 39 
 39 
 39 
 39 
 39 
 39 
 39 
 39 
 39 
 39 
 39 
 39 
 39 
 39 
 39 
 39 
 39 
 39 
 39 
 39 
 39 
 39 
 39 
 39 
 39 
 39 
 39 
 39 
 39 
 39 
 39 
 39 
 39 
 39 
 39 
 39 
 39 
 39 
 39 
 39 
 39 
 39 
 39 
 39 
 39 
 39 
 39 
 39 
 39 
 39 
 39 
 39 
 39 
 39 
 39 
 39 
 39 
 39 
 39 
 39 
 39 
 39 
 39 
 39 
 39 
 39 
 39 
 39 
 39 
 39 
 39 
 39 
 39 
 39 
 39 
 39 
 39 
 39 
 39 
 39 
 39 
 39 
 39 
 39 
 39 
 39 
 39 
 39 
 39 
 39 
 39 
 39 
 39 
 39 
 39 
 39 
 39 
 39 
 39 
 39 
 39 
 39 
 39 
 39 
 39 
 39 
 39 
 39 
 39 
 39 
 39 
 39 
 39 
 39 
 39 
 39 
 39 
 39 
 39 
 39 
 39 
 39 
 39 
 39 
 39 
 39 
 39 
 39 
 39 
 39 
 39 
 39 
 39 
 39 
 39 
 39 
 39 
 39 
 39 
 39 
 39 
 39 
 39 
 39 
 39 
 39 
 39 
 39 
 39 
 39 
 39 
 39 
 39 
 39 
 39 
 39 
 39 
 39 
 39 
 39 
 39 
 39 
 39 
 39 
 39 
 39 
 39 
 39 
 39 
 39 
 39 
 39 
 39 
 39 
 39 
 39 
 39 
 39 
 39 
 39 
 39 
 39 
 39 
 39 
 39 
 39 
 39 
 39 
 39 
 39 
 39 
 39 
 39 
 39 
 39 
 39 
 39 
 39 
 39 
 39 
 39 
 39 
 39 
 39 
 39 
 39 
 39 
 39 
 39 
 39 
 39 
 39 
 39 
 39 
 39 
 39 
 39 
 39 
 39 
 39 
 39 
 39 
 39 
 39 
 39 
 39 
 39 
 39 
 39 
 39 
 39 
 39 
 39 
 39 
 39 
 39 
 39 
 39 
 39 
 39 
 39 
 39 
 39 
 39 
 39 
 39 
 39 
 39 
 39 
 39 
 39 
 39 
 39 
 39 
 39 
 39 
 39 
 39 
 39 
 39 
 39 
 39 
 39 
 39 
 39 
 39 
 39 
 39 
 39 
 39 
 39 
 39 
 39 
 39 
 39 
 39 
 39 
 39 
 39 
 39 
 39 
 39 
 39 
 39 
 39 
 39 
 39 
 39 
 39 
 39 
 39 
 39 
 39 
 39 
 39 
 39 
 39 
 39 
 39 
 39 
 39 
 39 
 39 
 39 
 39 
 39 
 39 
 39 
 39 
 39 
 39 
 39 
 39 
 39 
 39 
 39 
 39 
 39 
 39 
 39 
 39 
 39 
 39 
 39 
 39 
 39 
 39 
 39 
 39 
 39 
 39 
 39 
 39 
 39 
 39 
 39 
 39 
 39 
 39 
 39 
 39 
 39 
 39 
 39 
 39 
 39 
 39 
 39 
 39 
 39 
 39 
 39 
 39 
 39 
 39 
 39 
 39 
 39 
 39 
 39 
 39 
 39 
 39 
 39 
 39 
 39 
 39 
 39 
 39 
 39 
 39 
 39 
 39 
 39 
 39 
 39 
 39 
 39 
 39 
 39 
 39 
 39 
 39 
 39 
 39 
 39 
 39 
 39 
 39 
 39 
 39 
 39 
 39 
 39 
 39 
 39 
 39 
 39 
 39 
 39 
 39 
 39 
 39 
 39 
 39 
 39 
 39 
 39 
 39 
 39 
 39 
 39 
 39 
 39 
 39 
 39 
 39 
 39 
 39 
 39 
 39 
 39 
 39 
 39 
 39 
 39 
 39 
 39 
 39 
 39 
 39 
 39 
 39 
 39 
 39 
 39 
 39 
 39 
 39 
 39 
 39 
 39 
 39 
 39 
 39 
 39 
 39 
 39 
 39 
 39 
 39 
 39 
 39 
 39 
 39 
 39 
 39 
 39 
 39 
 39 
 39 
 39 
 39 
 39 
 39 
 39 
 39 
 39 
 39 
 39 
 101 
 101 
 101 
 101 
 101 
 101 
 21 
 21 
 21 
 21 
 21 
 21 
 21 
 21 
 21 
 21 
 21 
 21 
 21 
 21 
 21 
 21 
 21 
 21 
 21 
 21 
 16 
 16 
 16 
 16 
 16 
 16 
 16 
 16 
 16 
 16 
 16 
 16 
 16 
 16 
 16 
 16 
 16 
 16 
 16 
 16 
 11 
 11 
 11 
 11 
 11 
 11 
 11 
 11 
 11 
 11 
 11 
 11 
 11 
 11 
 11 
 11 
 11 
 11 
 11 
 11 
 6 
 6 
 6 
 6 
 6 
 6 
 6 
 6 
 6 
 6 
 6 
 6 
 6 
 6 
 39 
 39 
 39 
 39 
 39 
 39 
 39 
 39 
 39 
 39 
 39 
 39 
 39 
 39 
 39 
 39 
 39 
 39 
 39 
 39 
 39 
 39 
 39 
 39 
 39 
 39 
 39 
 39 
 39 
 39 
 39 
 39 
 39 
 39 
 39 
 39 
 39 
 39 
 39 
 39 
 39 
 39 
 39 
 39 
 39 
 39 
 39 
 39 
 39 
 39 
 39 
 39 
 39 
 39 
 39 
 39 
 39 
 39 
 39 
 39 
 39 
 39 
 39 
 39 
 39 
 39 
 39 
 39 
 39 
 39 
 39 
 39 
 39 
 39 
 39 
 39 
 39 
 39 
 39 
 39 
 39 
 39 
 39 
 39 
 39 
 39 
 39 
 39 
 39 
 39 
 39 
 39 
 39 
 39 
 39 
 39 
 39 
 39 
 39 
 39 
 39 
 39 
 39 
 39 
 39 
 39 
 39 
 39 
 39 
 39 
 39 
 39 
 39 
 39 
 39 
 39 
 39 
 39 
 39 
 39 
 39 
 39 
 39 
 39 
 39 
 39 
 39 
 39 
 39 
 39 
 39 
 39 
 39 
 39 
 39 
 39 
 39 
 39 
 39 
 39 
 39 
 39 
 39 
 39 
 39 
 39 
 39 
 39 
 39 
 39 
 39 
 39 
 39 
 39 
 39 
 39 
 39 
 39 
 39 
 39 
 39 
 39 
 39 
 39 
 39 
 39 
 39 
 39 
 39 
 39 
 39 
 39 
 39 
 39 
 39 
 39 
 39 
 39 
 39 
 39 
 39 
 39 
 39 
 39 
 39 
 39 
 39 
 39 
 39 
 39 
 39 
 39 
 39 
 39 
 39 
 39 
 39 
 39 
 39 
 39 
 39 
 39 
 39 
 39 
 39 
 39 
 39 
 39 
 39 
 39 
 39 
 39 
 39 
 39 
 39 
 39 
 39 
 39 
 39 
 39 
 39 
 39 
 39 
 39 
 39 
 39 
 39 
 39 
 39 
 39 
 39 
 39 
 39 
 39 
 39 
 39 
 39 
 39 
 39 
 39 
 39 
 39 
 39 
 39 
 39 
 39 
 39 
 39 
 39 
 39 
 39 
 39 
 39 
 39 
 39 
 39 
 39 
 39 
 39 
 39 
 39 
 39 
 39 
 39 
 39 
 39 
 39 
 39 
 39 
 39 
 39 
 39 
 39 
 39 
 39 
 39 
 39 
 39 
 39 
 39 
 39 
 39 
 39 
 39 
 39 
 39 
 39 
 39 
 39 
 39 
 39 
 39 
 39 
 39 
 39 
 39 
 39 
 39 
 39 
 39 
 39 
 39 
 39 
 39 
 39 
 39 
 39 
 39 
 39 
 39 
 39 
 39 
 39 
 39 
 39 
 39 
 39 
 39 
 39 
 39 
 39 
 39 
 39 
 39 
 39 
 39 
 39 
 39 
 39 
 39 
 39 
 39 
 39 
 39 
 39 
 39 
 39 
 39 
 39 
 39 
 39 
 39 
 39 
 39 
 39 
 39 
 39 
 39 
 39 
 39 
 39 
 39 
 39 
 39 
 39 
 39 
 39 
 39 
 39 
 39 
 39 
 39 
 39 
 39 
 39 
 39 
 39 
 39 
 39 
 39 
 39 
 39 
 39 
 39 
 39 
 39 
 39 
 39 
 39 
 39 
 39 
 39 
 39 
 39 
 39 
 39 
 39 
 39 
 39 
 39 
 39 
 39 
 39 
 39 
 39 
 39 
 39 
 39 
 39 
 39 
 39 
 39 
 39 
 39 
 39 
 39 
 39 
 39 
 39 
 39 
 39 
 39 
 39 
 39 
 39 
 39 
 39 
 39 
 39 
 39 
 39 
 39 
 39 
 39 
 39 
 39 
 39 
 39 
 39 
 39 
 39 
 39 
 39 
 39 
 39 
 39 
 39 
 39 
 39 
 39 
 39 
 39 
 39 
 39 
 39 
 39 
 39 
 39 
 39 
 39 
 39 
 39 
 39 
 39 
 39 
 39 
 39 
 39 
 39 
 39 
 39 
 39 
 39 
 39 
 39 
 39 
 39 
 39 
 39 
 39 
 39 
 39 
 39 
 39 
 39 
 39 
 39 
 39 
 39 
 39 
 39 
 39 
 39 
 39 
 39 
 39 
 39 
 39 
 39 
 39 
 39 
 39 
 39 
 39 
 39 
 39 
 39 
 39 
 39 
 39 
 39 
 39 
 39 
 39 
 39 
 39 
 39 
 39 
 39 
 39 
 39 
 39 
 39 
 39 
 39 
 39 
 39 
 39 
 39 
 39 
 39 
 39 
 39 
 39 
 39 
 39 
 39 
 39 
 39 
 39 
 39 
 39 
 39 
 39 
 39 
 39 
 39 
 39 
 39 
 39 
 39 
 39 
 39 
 39 
 39 
 39 
 39 
 39 
 39 
 39 
 39 
 39 
 39 
 39 
 39 
 39 
 39 
 39 
 39 
 39 
 39 
 39 
 39 
 39 
 39 
 39 
 39 
 39 
 39 
 39 
 39 
 39 
 39 
 39 
 39 
 39 
 39 
 39 
 39 
 39 
 39 
 39 
 39 
 39 
 39 
 39 
 39 
 39 
 39 
 39 
 39 
 39 
 39 
 39 
 39 
 39 
 39 
 39 
 39 
 39 
 39 
 39 
 39 
 39 
 39 
 39 
 39 
 39 
 39 
 39 
 39 
 39 
 39 
 39 
 39 
 39 
 39 
 39 
 39 
 39 
 39 
 39 
 39 
 39 
 39 
 39 
 39 
 39 
 39 
 39 
 39 
 39 
 39 
 39 
 39 
 39 
 39 
 39 
 39 
 39 
 39 
 39 
 39 
 39 
 39 
 39 
 39 
 39 
 39 
 39 
 39 
 39 
 39 
 39 
 39 
 39 
 39 
 39 
 39 
 39 
 39 
 39 
 39 
 39 
 39 
 39 
 39 
 39 
 39 
 39 
 39 
 39 
 39 
 39 
 39 
 39 
 39 
 39 
 39 
 39 
 39 
 39 
 39 
 39 
 39 
 39 
 39 
 39 
 39 
 39 
 39 
 39 
 39 
 39 
 39 
 39 
 39 
 39 
 39 
 39 
 39 
 39 
 39 
 39 
 39 
 39 
 39 
 39 
 39 
 39 
 39 
 39 
 39 
 39 
 39 
 39 
 39 
 39 
 39 
 39 
 39 
 39 
 39 
 39 
 39 
 39 
 39 
 39 
 39 
 39 
 39 
 39 
 39 
 39 
 39 
 39 
 39 
 39 
 39 
 39 
 39 
 39 
 39 
 39 
 39 
 39 
 39 
 39 
 39 
 39 
 39 
 39 
 39 
 39 
 39 
 39 
 39 
 39 
 39 
 39 
 39 
 39 
 39 
 39 
 39 
 39 
 39 
 39 
 39 
 39 
 39 
 39 
 39 
 39 
 39 
 39 
 39 
 39 
 39 
 39 
 39 
 39 
 39 
 39 
 39 
 39 
 39 
 39 
 39 
 39 
 39 
 39 
 39 
 39 
 39 
 39 
 39 
 39 
 39 
 39 
 39 
 39 
 39 
 39 
 39 
 39 
 39 
 39 
 39 
 39 
 39 
 39 
 39 
 39 
 39 
 39 
 39 
 39 
 39 
 39 
 39 
 39 
 39 
 39 
 39 
 39 
 39 
 39 
 39 
 39 
 39 
 39 
 39 
 39 
 39 
 39 
 39 
 39 
 39 
 39 
 39 
 39 
 39 
 39 
 39 
 39 
 39 
 39 
 39 
 39 
 39 
 39 
 39 
 39 
 39 
 39 
 39 
 39 
 39 
 39 
 39 
 39 
 39 
 39 
 39 
 39 
 39 
 39 
 39 
 39 
 39 
 39 
 39 
 39 
 39 
 39 
 39 
 39 
 39 
 39 
 39 
 39 
 39 
 39 
 39 
 39 
 39 
 39 
 39 
 39 
 39 
 39 
 39 
 39 
 39 
 39 
 39 
 39 
 39 
 39 
 39 
 39 
 39 
 39 
 39 
 39 
 39 
 39 
 39 
 39 
 39 
 39 
 39 
 39 
 39 
 39 
 39 
 39 
 39 
 39 
 39 
 39 
 39 
 39 
 39 
 39 
 39 
 39 
 39 
 39 
 39 
 39 
 39 
 39 
 39 
 39 
 39 
 39 
 39 
 39 
 39 
 39 
 39 
 39 
 39 
 39 
 39 
 39 
 39 
 39 
 39 
 39 
 39 
 39 
 39 
 39 
 39 
 39 
 39 
 39 
 39 
 39 
 39 
 39 
 39 
 39 
 39 
 39 
 39 
 39 
 39 
 39 
 39 
 39 
 39 
 39 
 39 
 39 
 39 
 39 
 39 
 39 
 39 
 39 
 39 
 39 
 39 
 39 
 39 
 39 
 39 
 39 
 39 
 39 
 39 
 39 
 39 
 39 
 39 
 39 
 39 
 39 
 39 
 39 
 39 
 39 
 39 
 39 
 39 
 39 
 39 
 39 
 39 
 39 
 39 
 39 
 39 
 39 
 39 
 39 
 39 
 39 
 39 
 39 
 39 
 39 
 39 
 39 
 39 
 39 
 39 
 39 
 39 
 39 
 39 
 39 
 39 
 39 
 39 
 39 
 39 
 39 
 39 
 39 
 39 
 39 
 39 
 39 
 39 
 39 
 39 
 39 
 39 
 39 
 39 
 39 
 39 
 39 
 39 
 39 
 39 
 39 
 39 
 39 
 39 
 39 
 39 
 39 
 39 
 39 
 39 
 39 
 39 
 39 
 39 
 39 
 39 
 39 
 39 
 39 
 39 
 39 
 39 
 39 
 39 
 39 
 39 
 39 
 39 
 39 
 39 
 39 
 39 
 39 
 39 
 39 
 39 
 39 
 39 
 39 
 39 
 39 
 39 
 39 
 39 
 39 
 39 
 39 
 39 
 39 
 39 
 39 
 39 
 39 
 39 
 39 
 39 
 39 
 39 
 39 
 39 
 39 
 39 
 39 
 39 
 39 
 39 
 39 
 39 
 39 
 39 
 39 
 39 
 39 
 39 
 39 
 39 
 39 
 39 
 39 
 39 
 39 
 39 
 39 
 39 
 39 
 39 
 39 
 39 
 39 
 39 
 39 
 39 
 39 
 39 
 39 
 39 
 39 
 39 
 39 
 39 
 39 
 39 
 39 
 39 
 39 
 39 
 39 
 39 
 39 
 39 
 39 
 39 
 39 
 39 
 39 
 39 
 39 
 39 
 39 
 39 
 39 
 39 
 39 
 39 
 39 
 39 
 39 
 39 
 39 
 39 
 39 
 39 
 39 
 39 
 39 
 39 
 39 
 39 
 39 
 39 
 39 
 39 
 39 
 39 
 39 
 39 
 39 
 39 
 39 
 39 
 39 
 39 
 39 
 39 
 39 
 39 
 39 
 39 
 39 
 39 
 39 
 39 
 39 
 39 
 39 
 39 
 39 
 39 
 39 
 39 
 39 
 39 
 39 
 39 
 39 
 39 
 39 
 39 
 39 
 39 
 39 
 39 
 39 
 39 
 39 
 39 
 39 
 39 
 39 
 39 
 39 
 39 
 39 
 39 
 39 
 39 
 39 
 39 
 39 
 39 
 39 
 39 
 39 
 39 
 39 
 39 
 39 
 39 
 39 
 39 
 39 
 39 
 39 
 39 
 39 
 39 
 39 
 39 
 39 
 39 
 39 
 39 
 39 
 39 
 39 
 39 
 39 
 39 
 39 
 39 
 39 
 39 
 39 
 39 
 39 
 39 
 39 
 39 
 39 
 39 
 39 
 39 
 39 
 39 
 39 
 39 
 39 
 39 
 39 
 39 
 39 
 39 
 39 
 39 
 39 
 39 
 39 
 39 
 39 
 39 
 39 
 39 
 39 
 39 
 39 
 39 
 39 
 39 
 39 
 39 
 39 
 39 
 39 
 39 
 39 
 39 
 39 
 39 
 39 
 39 
 39 
 39 
 39 
 39 
 39 
 39 
 39 
 39 
 39 
 39 
 39 
 39 
 39 
 39 
 39 
 39 
 39 
 39 
 39 
 39 
 39 
 39 
 39 
 39 
 39 
 39 
 39 
 39 
 39 
 39 
 39 
 39 
 39 
 39 
 39 
 39 
 39 
 39 
 39 
 39 
 39 
 39 
 39 
 39 
 39 
 39 
 39 
 39 
 39 
 39 
 39 
 39 
 39 
 39 
 39 
 39 
 39 
 39 
 39 
 39 
 39 
 39 
 39 
 39 
 39 
 39 
 39 
 39 
 39 
 39 
 39 
 39 
 39 
 39 
 39 
 39 
 39 
 39 
 39 
 39 
 39 
 39 
 39 
 39 
 39 
 39 
 39 
 39 
 39 
 39 
 39 
 39 
 39 
 39 
 39 
 39 
 39 
 39 
 39 
 39 
 39 
 39 
 39 
 39 
 39 
 39 
 39 
 39 
 39 
 39 
 39 
 39 
 39 
 39 
 39 
 39 
 39 
 39 
 39 
 39 
 39 
 39 
 39 
 39 
 39 
 39 
 39 
 39 
 39 
 39 
 39 
 39 
 39 
 39 
 39 
 39 
 39 
 39 
 39 
 39 
 39 
 39 
 39 
 39 
 39 
 39 
 39 
 39 
 39 
 39 
 39 
 39 
 39 
 39 
 39 
 39 
 39 
 39 
 39 
 39 
 39 
 39 
 39 
 39 
 39 
 39 
 39 
 39 
 39 
 39 
 39 
 39 
 39 
 39 
 39 
 39 
 39 
 39 
 39 
 39 
 39 
 39 
 39 
 39 
 39 
 39 
 39 
 39 
 39 
 39 
 39 
 39 
 39 
 39 
 39 
 39 
 39 
 39 
 39 
 39 
 39 
 39 
 39 
 39 
 39 
 39 
 39 
 39 
 39 
 39 
 39 
 39 
 39 
 39 
 39 
 39 
 39 
 39 
 39 
 39 
 39 
 39 
 39 
 39 
 39 
 39 
 39 
 39 
 39 
 39 
 39 
 39 
 39 
 39 
 39 
 39 
 39 
 39 
 39 
 39 
 39 
 39 
 39 
 39 
 39 
 39 
 39 
 39 
 39 
 39 
 39 
 39 
 39 
 39 
 39 
 39 
 39 
 39 
 39 
 39 
 39 
 39 
 39 
 39 
 39 
 39 
 39 
 39 
 39 
 39 
 39 
 39 
 39 
 39 
 39 
 39 
 39 
 39 
 39 
 39 
 39 
 39 
 39 
 39 
 39 
 39 
 39 
 39 
 39 
 39 
 39 
 39 
 39 
 39 
 39 
 39 
 39 
 39 
 39 
 39 
 39 
 39 
 39 
 39 
 39 
 39 
 39 
 39 
 39 
 39 
 39 
 39 
 39 
 39 
 bcElement 80
1 101 1 
1119 101 1 
14 101 1 
33 101 1 
29 101 1 
199 101 1 
46 6 1 
45 6 1 
99 6 1 
240 6 1 
117 6 1 
972 6 3 
57 6 1 
59 6 1 
123 6 1 
120 6 1 
928 6 3 
126 6 1 
256 6 1 
6 6 1 
5 11 1 
268 11 1 
129 11 1 
222 11 1 
111 11 1 
55 11 1 
53 11 1 
958 11 3 
110 11 1 
219 11 1 
375 11 1 
136 11 1 
936 11 1 
292 11 1 
290 11 1 
295 11 1 
156 11 1 
18 11 1 
24 11 1 
9 11 1 
10 16 1 
16 16 1 
94 16 1 
148 16 1 
277 16 1 
134 16 1 
67 16 1 
133 16 1 
510 16 1 
322 16 1 
175 16 1 
177 16 1 
75 16 1 
78 16 1 
76 16 1 
182 16 1 
80 16 1 
179 16 1 
922 16 3 
8 16 1 
7 21 1 
195 21 1 
192 21 1 
92 21 1 
165 21 1 
74 21 1 
163 21 1 
964 21 1 
164 21 1 
358 21 1 
102 21 1 
925 21 1 
48 21 1 
104 21 1 
96 21 1 
36 21 1 
42 21 1 
11 21 1 
3 21 1 
2 21 1 
