Edge min = 0.034701, max=0.150383, average=0.091955;
Grid_size 1114
Node_size 598
Total_DOF 1704
maxDOF 6
Solution_Order 
1 2 1 
 meshIEN 
119 4 46 
 119 88 4 
 120 46 45 
 120 119 46 
 125 12 1 
 125 1 96 
 128 31 3 
 128 3 60 
 129 2 27 
 129 52 2 
 130 45 43 
 130 120 45 
 130 121 120 
 131 87 89 
 120 121 131 
 123 135 136 
 145 144 127 
 56 144 145 
 145 59 56 
 147 53 52 
 52 129 147 
 53 147 148 
 148 51 53 
 149 27 26 
 149 129 27 
 151 131 121 
 121 150 151 
 151 150 122 
 90 132 152 
 152 91 90 
 153 151 122 
 87 131 154 
 131 151 154 
 154 90 87 
 154 132 90 
 154 153 132 
 151 153 154 
 155 44 38 
 122 150 156 
 157 43 44 
 158 94 93 
 159 92 94 
 94 158 159 
 159 158 134 
 123 136 160 
 160 159 134 
 163 135 123 
 161 135 163 
 12 125 164 
 164 11 12 
 165 13 11 
 165 135 161 
 11 164 165 
 165 164 135 
 166 95 92 
 92 159 166 
 166 160 136 
 159 160 166 
 167 125 96 
 167 164 125 
 167 96 95 
 95 166 167 
 167 166 136 
 196 33 32 
 197 30 31 
 31 128 197 
 199 128 60 
 59 145 199 
 199 60 59 
 200 24 25 
 129 149 201 
 201 149 146 
 91 152 202 
 203 156 150 
 203 157 133 
 133 156 203 
 204 93 86 
 204 158 93 
 205 169 168 
 206 205 168 
 39 205 206 
 206 41 39 
 207 40 28 
 137 210 208 
 208 210 168 
 168 169 208 
 169 205 209 
 40 207 209 
 209 39 40 
 209 205 39 
 170 212 213 
 216 15 16 
 218 18 17 
 172 217 219 
 219 173 172 
 222 163 123 
 123 160 225 
 225 222 123 
 225 223 175 
 175 222 225 
 139 177 226 
 226 224 139 
 227 177 139 
 227 176 174 
 174 221 227 
 227 221 177 
 171 214 228 
 229 178 124 
 229 179 178 
 124 220 229 
 229 220 176 
 230 227 139 
 176 227 230 
 230 229 176 
 179 229 230 
 231 230 139 
 139 224 231 
 178 179 232 
 233 153 122 
 180 233 234 
 234 233 122 
 122 156 234 
 235 35 29 
 237 36 34 
 181 236 238 
 238 182 181 
 244 241 184 
 245 187 185 
 248 19 23 
 19 248 249 
 249 25 19 
 250 20 21 
 141 246 251 
 251 246 185 
 185 187 251 
 187 245 252 
 20 250 252 
 252 22 20 
 252 245 22 
 255 57 50 
 189 255 256 
 256 50 55 
 256 255 50 
 126 239 258 
 190 258 259 
 259 239 183 
 259 258 239 
 126 258 260 
 260 253 126 
 124 214 265 
 265 220 124 
 268 215 137 
 269 268 137 
 137 208 269 
 143 267 270 
 271 267 192 
 272 268 193 
 193 271 272 
 215 268 272 
 171 215 272 
 126 253 273 
 126 273 274 
 274 239 126 
 276 254 141 
 254 276 280 
 188 254 280 
 315 197 281 
 127 315 281 
 281 145 127 
 281 199 145 
 282 257 142 
 283 282 198 
 257 282 283 
 127 144 284 
 284 241 127 
 285 284 144 
 198 284 285 
 286 204 86 
 170 213 287 
 287 206 168 
 168 210 287 
 36 237 288 
 288 37 36 
 170 210 290 
 291 232 211 
 178 232 291 
 211 290 291 
 292 212 170 
 211 289 292 
 170 290 292 
 292 290 211 
 293 213 155 
 293 287 213 
 293 38 42 
 293 155 38 
 294 16 10 
 294 216 16 
 295 221 138 
 177 221 295 
 18 218 296 
 296 9 18 
 297 218 17 
 173 218 297 
 15 216 297 
 297 17 15 
 297 216 172 
 172 173 297 
 298 217 138 
 298 219 217 
 161 163 299 
 300 223 134 
 134 158 300 
 301 222 175 
 224 226 301 
 175 224 301 
 211 232 303 
 303 289 211 
 180 289 303 
 153 233 304 
 132 153 304 
 133 212 305 
 305 156 133 
 305 234 156 
 306 237 34 
 182 237 306 
 181 182 306 
 140 240 307 
 307 236 140 
 307 238 236 
 142 261 308 
 308 282 142 
 198 282 309 
 309 284 198 
 309 308 242 
 282 308 309 
 311 240 140 
 140 236 312 
 313 29 33 
 314 312 235 
 314 313 244 
 29 313 314 
 314 235 29 
 241 244 315 
 317 248 23 
 186 248 317 
 22 245 317 
 317 23 22 
 317 245 185 
 185 186 317 
 146 200 318 
 25 249 318 
 318 200 25 
 319 248 186 
 319 249 248 
 242 308 321 
 190 259 321 
 321 261 190 
 321 308 261 
 322 254 188 
 253 260 322 
 188 253 322 
 323 258 190 
 323 260 258 
 129 201 324 
 325 261 142 
 326 257 189 
 263 325 326 
 191 264 327 
 148 262 327 
 328 55 54 
 328 256 55 
 329 54 51 
 329 327 264 
 329 328 54 
 264 328 329 
 148 327 329 
 51 148 329 
 220 266 330 
 331 265 192 
 332 208 169 
 332 269 208 
 268 269 333 
 193 268 333 
 334 265 214 
 334 272 271 
 171 272 334 
 334 214 171 
 334 271 192 
 192 265 334 
 239 274 335 
 183 239 335 
 194 275 336 
 337 251 187 
 337 277 251 
 276 277 338 
 195 280 338 
 338 280 276 
 275 278 339 
 143 275 339 
 340 273 253 
 188 280 340 
 340 253 188 
 341 255 189 
 342 58 57 
 206 287 343 
 41 206 343 
 287 293 343 
 343 42 41 
 343 293 42 
 344 237 182 
 344 288 237 
 37 288 345 
 345 28 37 
 345 207 28 
 347 290 210 
 347 291 290 
 137 215 347 
 347 210 137 
 348 294 10 
 14 162 348 
 348 10 14 
 177 295 349 
 349 226 177 
 350 217 172 
 222 301 352 
 352 299 163 
 163 222 352 
 353 202 152 
 354 353 302 
 202 353 354 
 354 286 202 
 223 300 355 
 300 351 355 
 355 354 302 
 351 354 355 
 356 355 302 
 357 356 302 
 234 305 358 
 358 292 289 
 358 289 180 
 180 234 358 
 358 305 212 
 212 292 358 
 284 309 359 
 241 284 359 
 242 310 359 
 359 309 242 
 360 311 243 
 184 310 360 
 243 312 361 
 312 314 361 
 184 360 361 
 361 360 243 
 361 244 184 
 361 314 244 
 249 319 363 
 316 363 364 
 364 363 319 
 296 320 366 
 9 296 366 
 366 21 9 
 366 250 21 
 368 218 173 
 368 296 218 
 368 320 296 
 240 311 369 
 183 240 369 
 369 259 183 
 369 321 259 
 146 318 370 
 370 201 146 
 370 324 201 
 261 325 371 
 371 323 190 
 190 261 371 
 372 328 264 
 263 326 372 
 256 328 372 
 372 326 189 
 189 256 372 
 174 330 373 
 373 221 174 
 193 333 374 
 374 271 193 
 375 307 240 
 183 335 375 
 375 240 183 
 194 336 376 
 376 273 194 
 376 274 273 
 143 270 377 
 377 275 143 
 377 336 275 
 378 279 195 
 278 279 378 
 379 331 192 
 192 267 379 
 198 285 380 
 285 342 380 
 380 342 341 
 380 283 198 
 380 341 283 
 381 344 182 
 182 238 381 
 382 345 288 
 269 332 383 
 207 346 385 
 346 383 385 
 169 209 385 
 385 209 207 
 385 332 169 
 385 383 332 
 291 347 386 
 171 228 386 
 386 215 171 
 386 347 215 
 387 348 162 
 161 299 387 
 387 162 161 
 388 349 295 
 217 350 388 
 294 348 389 
 348 387 389 
 226 349 390 
 390 301 226 
 390 352 301 
 391 152 132 
 391 353 152 
 132 304 391 
 231 356 392 
 356 357 392 
 230 231 392 
 179 230 392 
 355 356 393 
 393 356 231 
 223 355 393 
 175 223 393 
 393 224 175 
 393 231 224 
 394 357 302 
 302 353 394 
 353 391 394 
 395 304 233 
 357 394 395 
 395 391 304 
 395 394 391 
 396 303 232 
 396 392 357 
 179 392 396 
 396 232 179 
 397 310 242 
 397 360 310 
 321 369 397 
 242 321 397 
 398 362 191 
 191 327 398 
 398 327 262 
 191 362 399 
 399 263 191 
 400 363 316 
 316 362 400 
 362 398 400 
 401 364 247 
 260 323 402 
 323 371 402 
 402 322 260 
 402 365 322 
 316 364 403 
 364 401 403 
 404 362 316 
 404 399 362 
 316 403 404 
 404 403 365 
 277 337 405 
 406 366 320 
 250 367 407 
 367 405 407 
 187 252 407 
 407 252 250 
 407 337 187 
 407 405 337 
 408 368 173 
 173 219 408 
 409 370 318 
 363 400 409 
 249 363 409 
 409 318 249 
 274 376 411 
 411 335 274 
 278 378 412 
 412 339 278 
 344 381 413 
 336 377 414 
 415 414 384 
 416 383 346 
 417 374 333 
 384 414 417 
 417 414 377 
 417 377 270 
 270 374 417 
 418 390 349 
 349 388 418 
 350 389 418 
 418 388 350 
 357 395 419 
 180 303 419 
 303 396 419 
 419 396 357 
 419 233 180 
 419 395 233 
 324 370 420 
 370 409 420 
 420 398 262 
 262 324 420 
 420 400 398 
 420 409 400 
 421 403 401 
 254 322 421 
 421 401 141 
 141 254 421 
 365 403 421 
 322 365 421 
 422 402 371 
 422 371 325 
 422 404 365 
 365 402 422 
 399 404 422 
 277 405 423 
 423 338 277 
 367 406 425 
 298 373 426 
 368 408 427 
 408 426 427 
 427 426 410 
 320 368 427 
 427 406 320 
 335 411 429 
 429 375 335 
 307 375 430 
 415 428 430 
 375 429 430 
 430 429 415 
 414 415 431 
 431 411 376 
 336 414 431 
 431 376 336 
 431 429 411 
 415 429 431 
 383 416 432 
 269 383 432 
 384 417 432 
 432 416 384 
 432 333 269 
 432 417 333 
 433 387 299 
 299 352 433 
 390 418 433 
 352 390 433 
 434 412 378 
 338 423 434 
 331 379 435 
 435 379 339 
 435 424 266 
 266 331 435 
 436 373 330 
 436 426 373 
 266 424 436 
 436 330 266 
 367 425 437 
 437 405 367 
 437 423 405 
 438 381 238 
 438 430 428 
 438 413 381 
 438 428 413 
 307 430 438 
 238 307 438 
 413 428 439 
 382 413 439 
 346 382 439 
 384 416 440 
 440 439 428 
 440 415 384 
 440 428 415 
 424 435 441 
 441 435 339 
 339 412 441 
 426 436 442 
 410 426 442 
 442 436 424 
 424 441 443 
 443 425 410 
 410 442 443 
 443 442 424 
 444 434 423 
 425 443 445 
 445 437 425 
 441 444 445 
 445 443 441 
 155 133 157 
 157 44 155 
 196 32 30 
 197 315 196 
 196 30 197 
 26 24 200 
 147 129 324 
 162 14 13 
 164 167 136 
 136 135 164 
 128 199 281 
 281 197 128 
 91 202 286 
 286 86 91 
 157 203 130 
 130 43 157 
 213 212 133 
 133 155 213 
 228 214 124 
 124 178 228 
 350 172 216 
 176 220 330 
 330 174 176 
 134 223 225 
 225 160 134 
 127 241 315 
 313 33 196 
 315 244 313 
 313 196 315 
 401 247 246 
 246 141 401 
 331 266 220 
 220 265 331 
 251 277 276 
 276 141 251 
 194 279 278 
 278 275 194 
 340 280 195 
 195 279 340 
 170 287 210 
 178 291 386 
 386 228 178 
 388 295 138 
 138 217 388 
 35 306 34 
 359 310 184 
 184 241 359 
 235 312 236 
 236 181 235 
 140 312 243 
 243 311 140 
 147 324 262 
 262 148 147 
 326 325 142 
 142 257 326 
 143 339 379 
 379 267 143 
 273 340 279 
 279 194 273 
 144 56 58 
 286 354 351 
 351 204 286 
 247 364 319 
 319 186 247 
 406 367 250 
 250 366 406 
 397 369 311 
 311 360 397 
 263 372 264 
 264 191 263 
 344 413 382 
 382 288 344 
 433 418 389 
 389 387 433 
 399 422 325 
 325 263 399 
 298 426 408 
 408 219 298 
 406 427 410 
 410 425 406 
 439 440 416 
 416 346 439 
 444 441 412 
 412 434 444 
 437 445 444 
 444 423 437 
 119 120 131 
 203 150 121 
 121 130 203 
 246 247 186 
 186 185 246 
 267 271 374 
 374 270 267 
 373 298 138 
 138 221 373 
 255 341 342 
 342 57 255 
 58 342 285 
 285 144 58 
 204 351 300 
 300 158 204 
 434 378 195 
 195 338 434 
 345 382 346 
 346 207 345 
 306 35 235 
 235 181 306 
 294 389 350 
 350 216 294 
 131 89 88 
 88 119 131 
 146 149 26 
 26 200 146 
 161 162 13 
 13 165 161 
 283 341 189 
 189 257 283 
 1 12 446 
 446 98 1 
 448 99 97 
 448 6 99 
 448 67 6 
 27 2 456 
 456 2 49 
 457 5 82 
 457 48 5 
 458 97 98 
 67 448 459 
 459 66 67 
 460 69 68 
 13 14 461 
 462 460 449 
 449 461 464 
 464 461 14 
 14 10 464 
 16 15 465 
 466 70 71 
 467 466 450 
 70 466 467 
 467 72 70 
 450 465 468 
 468 465 15 
 15 17 468 
 18 9 469 
 470 64 73 
 21 20 471 
 472 75 76 
 473 471 452 
 452 472 473 
 476 474 453 
 453 475 476 
 19 25 477 
 478 80 74 
 80 478 479 
 479 79 80 
 454 477 480 
 480 477 25 
 25 24 480 
 24 26 483 
 484 81 79 
 79 479 484 
 485 459 448 
 486 68 66 
 486 460 68 
 13 461 487 
 11 13 487 
 461 463 487 
 489 458 447 
 489 485 458 
 490 461 449 
 490 463 461 
 490 489 463 
 11 487 491 
 491 487 463 
 12 11 491 
 492 464 10 
 16 465 492 
 10 16 492 
 493 71 65 
 493 466 71 
 493 488 466 
 495 468 17 
 18 469 495 
 17 18 495 
 495 469 451 
 471 473 496 
 496 469 9 
 21 471 496 
 9 21 496 
 496 473 451 
 451 469 496 
 497 473 472 
 64 470 497 
 497 76 64 
 497 472 76 
 451 473 497 
 474 476 498 
 498 471 20 
 22 474 498 
 20 22 498 
 498 476 452 
 452 471 498 
 499 476 475 
 75 472 499 
 499 77 75 
 499 475 77 
 452 476 499 
 499 472 452 
 19 477 500 
 23 19 500 
 501 74 78 
 501 478 74 
 455 484 502 
 502 484 479 
 453 474 503 
 504 475 453 
 453 503 504 
 504 503 481 
 505 456 49 
 47 482 505 
 505 49 47 
 48 457 506 
 506 47 48 
 506 482 47 
 459 485 507 
 507 490 486 
 489 490 507 
 485 489 507 
 449 464 508 
 464 492 508 
 508 462 449 
 508 488 462 
 488 508 509 
 509 508 492 
 509 465 450 
 509 492 465 
 488 493 510 
 462 488 510 
 510 493 65 
 510 65 69 
 450 468 511 
 468 495 511 
 511 467 450 
 511 494 467 
 511 495 451 
 451 494 511 
 512 494 470 
 467 494 512 
 72 467 512 
 512 73 72 
 512 470 73 
 513 500 477 
 481 503 513 
 454 481 513 
 513 477 454 
 478 501 514 
 514 504 481 
 514 481 454 
 454 478 514 
 455 502 515 
 515 483 455 
 516 502 479 
 516 515 502 
 480 515 516 
 454 480 516 
 517 503 474 
 517 513 503 
 517 474 22 
 22 23 517 
 500 513 517 
 23 500 517 
 475 504 518 
 504 514 518 
 77 475 518 
 518 78 77 
 518 501 78 
 518 514 501 
 519 505 482 
 482 506 520 
 455 519 520 
 520 519 482 
 521 483 26 
 26 27 521 
 505 519 521 
 456 505 521 
 27 456 521 
 81 484 522 
 522 82 81 
 522 520 506 
 522 457 82 
 522 506 457 
 446 447 458 
 458 98 446 
 97 458 485 
 485 448 97 
 460 462 510 
 510 69 460 
 497 470 494 
 494 451 497 
 516 479 478 
 478 454 516 
 466 488 509 
 509 450 466 
 486 490 449 
 449 460 486 
 447 491 463 
 463 489 447 
 459 507 486 
 486 66 459 
 483 521 519 
 519 455 483 
 520 522 484 
 484 455 520 
 491 447 446 
 446 12 491 
 24 483 515 
 515 480 24 
 3 31 523 
 523 62 3 
 525 63 61 
 525 7 63 
 525 103 7 
 46 4 532 
 532 4 85 
 533 8 118 
 533 84 8 
 534 105 104 
 32 33 535 
 536 534 524 
 524 535 538 
 538 535 33 
 33 29 538 
 539 61 62 
 103 525 540 
 540 102 103 
 35 34 541 
 542 106 107 
 543 542 526 
 106 542 543 
 543 108 106 
 526 541 544 
 544 541 34 
 34 36 544 
 37 28 545 
 546 100 109 
 40 39 547 
 548 111 112 
 549 547 528 
 528 548 549 
 552 550 529 
 529 551 552 
 38 44 553 
 554 116 110 
 116 554 555 
 555 115 116 
 530 553 556 
 556 553 44 
 44 43 556 
 43 45 559 
 560 117 115 
 115 555 560 
 561 104 102 
 561 534 104 
 102 540 561 
 32 535 562 
 30 32 562 
 535 537 562 
 524 534 564 
 534 561 564 
 564 535 524 
 564 537 535 
 30 562 565 
 565 562 537 
 565 523 31 
 31 30 565 
 566 539 523 
 523 565 566 
 566 565 537 
 567 540 525 
 539 566 567 
 568 538 29 
 35 541 568 
 29 35 568 
 569 107 101 
 569 542 107 
 569 563 542 
 571 544 36 
 37 545 571 
 36 37 571 
 571 545 527 
 547 549 572 
 572 545 28 
 40 547 572 
 28 40 572 
 572 549 527 
 527 545 572 
 573 549 548 
 100 546 573 
 573 112 100 
 573 548 112 
 527 549 573 
 550 552 574 
 574 547 39 
 41 550 574 
 39 41 574 
 574 552 528 
 528 547 574 
 575 552 551 
 111 548 575 
 575 113 111 
 575 551 113 
 528 552 575 
 575 548 528 
 38 553 576 
 42 38 576 
 577 110 114 
 577 554 110 
 531 560 578 
 578 560 555 
 529 550 579 
 580 551 529 
 529 579 580 
 580 579 557 
 581 532 85 
 83 558 581 
 581 85 83 
 84 533 582 
 582 83 84 
 582 558 83 
 524 538 583 
 538 568 583 
 583 536 524 
 583 563 536 
 584 567 566 
 584 564 561 
 584 566 537 
 537 564 584 
 540 567 584 
 584 561 540 
 563 583 585 
 585 583 568 
 585 541 526 
 585 568 541 
 563 569 586 
 536 563 586 
 586 569 101 
 586 101 105 
 526 544 587 
 544 571 587 
 587 543 526 
 587 570 543 
 587 571 527 
 527 570 587 
 588 570 546 
 543 570 588 
 108 543 588 
 588 109 108 
 588 546 109 
 589 576 553 
 557 579 589 
 530 557 589 
 589 553 530 
 554 577 590 
 590 580 557 
 590 557 530 
 530 554 590 
 531 578 591 
 591 559 531 
 592 578 555 
 592 591 578 
 556 591 592 
 530 556 592 
 593 579 550 
 593 589 579 
 593 550 41 
 41 42 593 
 576 589 593 
 42 576 593 
 551 580 594 
 580 590 594 
 113 551 594 
 594 114 113 
 594 577 114 
 594 590 577 
 595 581 558 
 558 582 596 
 531 595 596 
 596 595 558 
 597 559 45 
 45 46 597 
 581 595 597 
 532 581 597 
 46 532 597 
 117 560 598 
 598 118 117 
 598 596 582 
 598 533 118 
 598 582 533 
 539 62 523 
 534 536 586 
 586 105 534 
 573 546 570 
 570 527 573 
 592 555 554 
 554 530 592 
 542 563 585 
 585 526 542 
 559 597 595 
 595 531 559 
 596 598 560 
 560 531 596 
 43 559 591 
 591 556 43 
 567 525 61 
 61 539 567 
 solutionIEN 
119 4 46 664 638 663 
 119 88 4 665 651 664 
 120 46 45 668 637 666 
 120 119 46 667 663 668 
 125 12 1 671 599 670 
 125 1 96 670 662 672 
 128 31 3 674 619 673 
 128 3 60 673 650 675 
 129 2 27 677 618 676 
 129 52 2 678 639 677 
 130 45 43 680 636 679 
 130 120 45 682 666 680 
 130 121 120 681 669 682 
 131 87 89 684 653 683 
 120 121 131 669 685 686 
 123 135 136 688 691 690 
 145 144 127 696 693 695 
 56 144 145 692 696 697 
 145 59 56 694 648 697 
 147 53 52 698 640 699 
 52 129 147 678 700 699 
 53 147 148 698 702 703 
 148 51 53 701 641 703 
 149 27 26 705 617 704 
 149 129 27 707 676 705 
 151 131 121 711 685 710 
 121 150 151 708 713 710 
 151 150 122 713 709 712 
 90 132 152 687 716 715 
 152 91 90 714 655 715 
 153 151 122 719 712 717 
 87 131 154 684 721 720 
 131 151 154 711 722 721 
 154 90 87 723 654 720 
 154 132 90 724 687 723 
 154 153 132 725 718 724 
 151 153 154 719 725 722 
 155 44 38 728 634 726 
 122 150 156 709 731 729 
 157 43 44 734 635 732 
 158 94 93 736 658 735 
 159 92 94 739 659 738 
 94 158 159 736 741 738 
 159 158 134 741 737 740 
 123 136 160 690 743 742 
 160 159 134 745 740 744 
 163 135 123 749 688 748 
 161 135 163 689 749 750 
 12 125 164 671 752 751 
 164 11 12 753 600 751 
 165 13 11 756 601 755 
 165 135 161 757 689 759 
 11 164 165 753 758 755 
 165 164 135 758 754 757 
 166 95 92 761 660 760 
 92 159 166 739 763 760 
 166 160 136 764 743 762 
 159 160 166 745 764 763 
 167 125 96 766 672 765 
 167 164 125 767 752 766 
 167 96 95 765 661 768 
 95 166 167 761 770 768 
 167 166 136 770 762 769 
 196 33 32 781 622 780 
 197 30 31 783 620 782 
 31 128 197 674 785 782 
 199 128 60 787 675 786 
 59 145 199 694 789 788 
 199 60 59 786 649 788 
 200 24 25 791 615 790 
 129 149 201 707 794 793 
 201 149 146 794 706 795 
 91 152 202 714 797 796 
 203 156 150 800 731 799 
 203 157 133 801 733 802 
 133 156 203 730 800 802 
 204 93 86 804 657 803 
 204 158 93 805 735 804 
 205 169 168 808 771 807 
 206 205 168 810 807 809 
 39 205 206 806 810 812 
 206 41 39 811 631 812 
 207 40 28 815 629 814 
 137 210 208 825 818 816 
 208 210 168 818 813 819 
 168 169 208 771 817 819 
 169 205 209 808 821 820 
 40 207 209 815 823 822 
 209 39 40 824 630 822 
 209 205 39 821 806 824 
 170 212 213 827 830 831 
 216 15 16 838 605 837 
 218 18 17 841 607 842 
 172 217 219 840 845 846 
 219 173 172 844 772 846 
 222 163 123 853 748 852 
 123 160 225 742 860 859 
 225 222 123 861 852 859 
 225 223 175 862 856 863 
 175 222 225 854 861 863 
 139 177 226 774 865 864 
 226 224 139 866 858 864 
 227 177 139 868 774 867 
 227 176 174 869 773 870 
 174 221 227 851 871 870 
 227 221 177 871 850 868 
 171 214 228 833 874 873 
 229 178 124 876 775 875 
 229 179 178 878 776 876 
 124 220 229 847 879 875 
 229 220 176 879 848 877 
 230 227 139 882 867 880 
 176 227 230 869 882 883 
 230 229 176 884 877 883 
 179 229 230 878 884 881 
 231 230 139 886 880 887 
 139 224 231 858 885 887 
 178 179 232 776 889 888 
 233 153 122 892 717 891 
 180 233 234 893 895 894 
 234 233 122 895 891 897 
 122 156 234 729 896 897 
 235 35 29 900 624 899 
 237 36 34 903 626 904 
 181 236 238 902 907 908 
 238 182 181 906 777 908 
 244 241 184 916 914 915 
 245 187 185 919 779 918 
 248 19 23 924 613 925 
 19 248 249 924 927 929 
 249 25 19 928 614 929 
 250 20 21 931 610 930 
 141 246 251 920 934 932 
 251 246 185 934 921 935 
 185 187 251 779 933 935 
 187 245 252 919 937 936 
 20 250 252 931 939 938 
 252 22 20 940 611 938 
 252 245 22 937 917 940 
 255 57 50 946 645 945 
 189 255 256 947 949 948 
 256 50 55 951 644 950 
 256 255 50 949 945 951 
 126 239 258 909 955 954 
 190 258 259 956 958 957 
 259 239 183 960 910 959 
 259 258 239 958 955 960 
 126 258 260 954 961 963 
 260 253 126 962 941 963 
 124 214 265 832 970 969 
 265 220 124 971 847 969 
 268 215 137 977 834 976 
 269 268 137 979 976 981 
 137 208 269 816 980 981 
 143 267 270 974 983 982 
 271 267 192 986 975 984 
 272 268 193 988 978 987 
 193 271 272 985 989 987 
 215 268 272 977 988 990 
 171 215 272 835 990 991 
 126 253 273 941 993 992 
 126 273 274 992 995 997 
 274 239 126 996 909 997 
 276 254 141 1001 943 1000 
 254 276 280 1001 1009 1010 
 188 254 280 944 1010 1011 
 315 197 281 784 1013 1012 
 127 315 281 1658 1012 1014 
 281 145 127 1016 695 1014 
 281 199 145 1015 789 1016 
 282 257 142 1019 952 1017 
 283 282 198 1021 1018 1020 
 257 282 283 1019 1021 1022 
 127 144 284 693 1023 1025 
 284 241 127 1026 913 1025 
 285 284 144 1028 1023 1027 
 198 284 285 1024 1028 1029 
 286 204 86 1031 803 1030 
 170 213 287 831 1034 1033 
 287 206 168 1036 809 1035 
 168 210 287 813 1037 1035 
 36 237 288 903 1038 1040 
 288 37 36 1039 627 1040 
 170 210 290 826 1045 1043 
 291 232 211 1048 890 1046 
 178 232 291 888 1048 1047 
 211 290 291 1044 1049 1046 
 292 212 170 1051 827 1050 
 211 289 292 1041 1053 1052 
 170 290 292 1043 1054 1050 
 292 290 211 1054 1044 1052 
 293 213 155 1056 829 1055 
 293 287 213 1057 1034 1056 
 293 38 42 1059 633 1058 
 293 155 38 1055 726 1059 
 294 16 10 1061 604 1060 
 294 216 16 1062 837 1061 
 295 221 138 1065 849 1063 
 177 221 295 850 1065 1064 
 18 218 296 841 1067 1066 
 296 9 18 1068 608 1066 
 297 218 17 1070 842 1069 
 173 218 297 843 1070 1071 
 15 216 297 838 1073 1072 
 297 17 15 1069 606 1072 
 297 216 172 1073 836 1074 
 172 173 297 772 1071 1074 
 298 217 138 1076 839 1075 
 298 219 217 1077 845 1076 
 161 163 299 750 1078 1079 
 300 223 134 1081 855 1080 
 134 158 300 737 1082 1080 
 301 222 175 1084 854 1083 
 224 226 301 866 1085 1086 
 175 224 301 857 1086 1083 
 211 232 303 890 1088 1087 
 303 289 211 1089 1041 1087 
 180 289 303 1042 1089 1090 
 153 233 304 892 1092 1091 
 132 153 304 718 1091 1093 
 133 212 305 828 1095 1094 
 305 156 133 1096 730 1094 
 305 234 156 1097 896 1096 
 306 237 34 1099 904 1098 
 182 237 306 905 1099 1100 
 181 182 306 777 1100 1102 
 140 240 307 911 1104 1103 
 307 236 140 1105 901 1103 
 307 238 236 1106 907 1105 
 142 261 308 964 1108 1107 
 308 282 142 1109 1017 1107 
 198 282 309 1018 1112 1111 
 309 284 198 1113 1024 1111 
 309 308 242 1115 1110 1114 
 282 308 309 1109 1115 1112 
 311 240 140 1120 911 1118 
 140 236 312 901 1121 1123 
 313 29 33 1127 623 1125 
 314 312 235 1129 1122 1128 
 314 313 244 1131 1126 1130 
 29 313 314 1127 1131 1132 
 314 235 29 1128 899 1132 
 241 244 315 916 1134 1133 
 317 248 23 1137 925 1136 
 186 248 317 926 1137 1138 
 22 245 317 917 1140 1139 
 317 23 22 1136 612 1139 
 317 245 185 1140 918 1141 
 185 186 317 778 1138 1141 
 146 200 318 792 1143 1142 
 25 249 318 928 1144 1145 
 318 200 25 1143 790 1145 
 319 248 186 1147 926 1146 
 319 249 248 1148 927 1147 
 242 308 321 1110 1151 1150 
 190 259 321 957 1153 1152 
 321 261 190 1154 965 1152 
 321 308 261 1151 1108 1154 
 322 254 188 1156 944 1155 
 253 260 322 962 1157 1158 
 188 253 322 942 1158 1155 
 323 258 190 1161 956 1159 
 323 260 258 1160 961 1161 
 129 201 324 793 1163 1162 
 325 261 142 1166 964 1165 
 326 257 189 1169 953 1168 
 263 325 326 1167 1170 1171 
 191 264 327 968 1173 1172 
 148 262 327 966 1174 1175 
 328 55 54 1178 643 1176 
 328 256 55 1179 950 1178 
 329 54 51 1181 642 1180 
 329 327 264 1183 1173 1182 
 329 328 54 1184 1176 1181 
 264 328 329 1177 1184 1182 
 148 327 329 1175 1183 1185 
 51 148 329 701 1185 1180 
 220 266 330 973 1188 1187 
 331 265 192 1190 972 1189 
 332 208 169 1193 817 1192 
 332 269 208 1194 980 1193 
 268 269 333 979 1196 1195 
 193 268 333 978 1195 1197 
 334 265 214 1199 970 1198 
 334 272 271 1201 989 1200 
 171 272 334 991 1201 1202 
 334 214 171 1198 833 1202 
 334 271 192 1200 984 1203 
 192 265 334 972 1199 1203 
 239 274 335 996 1206 1205 
 183 239 335 910 1205 1204 
 194 275 336 999 1207 1208 
 337 251 187 1210 933 1209 
 337 277 251 1211 1003 1210 
 276 277 338 1002 1213 1212 
 195 280 338 1008 1215 1214 
 338 280 276 1215 1009 1212 
 275 278 339 1004 1218 1217 
 143 275 339 998 1217 1216 
 340 273 253 1220 993 1219 
 188 280 340 1011 1222 1223 
 340 253 188 1219 942 1223 
 341 255 189 1224 947 1225 
 342 58 57 1229 646 1230 
 206 287 343 1036 1232 1231 
 41 206 343 811 1231 1233 
 287 293 343 1057 1234 1232 
 343 42 41 1235 632 1233 
 343 293 42 1234 1058 1235 
 344 237 182 1237 905 1236 
 344 288 237 1238 1038 1237 
 37 288 345 1039 1240 1239 
 345 28 37 1242 628 1239 
 345 207 28 1241 814 1242 
 347 290 210 1245 1045 1244 
 347 291 290 1246 1049 1245 
 137 215 347 834 1248 1247 
 347 210 137 1244 825 1247 
 348 294 10 1250 1060 1249 
 14 162 348 747 1251 1252 
 348 10 14 1249 603 1252 
 177 295 349 1064 1254 1253 
 349 226 177 1255 865 1253 
 350 217 172 1258 840 1256 
 222 301 352 1084 1262 1261 
 352 299 163 1264 1078 1263 
 163 222 352 853 1261 1263 
 353 202 152 1266 797 1265 
 354 353 302 1270 1267 1269 
 202 353 354 1266 1270 1272 
 354 286 202 1268 1032 1272 
 223 300 355 1081 1274 1273 
 300 351 355 1259 1275 1274 
 355 354 302 1277 1269 1276 
 351 354 355 1271 1277 1275 
 356 355 302 1280 1276 1279 
 357 356 302 1282 1279 1281 
 234 305 358 1097 1284 1283 
 358 292 289 1286 1053 1285 
 358 289 180 1285 1042 1287 
 180 234 358 894 1283 1287 
 358 305 212 1284 1095 1288 
 212 292 358 1051 1286 1288 
 284 309 359 1113 1290 1289 
 241 284 359 1026 1289 1291 
 242 310 359 1117 1292 1293 
 359 309 242 1290 1114 1293 
 360 311 243 1295 1119 1294 
 184 310 360 1116 1297 1296 
 243 312 361 1124 1299 1298 
 312 314 361 1129 1300 1299 
 184 360 361 1296 1302 1301 
 361 360 243 1302 1294 1298 
 361 244 184 1303 915 1301 
 361 314 244 1300 1130 1303 
 249 319 363 1148 1307 1306 
 316 363 364 1308 1311 1310 
 364 363 319 1311 1307 1312 
 296 320 366 1149 1316 1315 
 9 296 366 1068 1315 1317 
 366 21 9 1318 609 1317 
 366 250 21 1314 930 1318 
 368 218 173 1321 843 1320 
 368 296 218 1323 1067 1321 
 368 320 296 1322 1149 1323 
 240 311 369 1120 1325 1324 
 183 240 369 912 1324 1326 
 369 259 183 1328 959 1326 
 369 321 259 1327 1153 1328 
 146 318 370 1142 1330 1329 
 370 201 146 1331 795 1329 
 370 324 201 1332 1163 1331 
 261 325 371 1166 1334 1333 
 371 323 190 1335 1159 1336 
 190 261 371 965 1333 1336 
 372 328 264 1338 1177 1337 
 263 326 372 1171 1340 1339 
 256 328 372 1179 1338 1341 
 372 326 189 1340 1168 1342 
 189 256 372 948 1341 1342 
 174 330 373 1186 1346 1345 
 373 221 174 1343 851 1345 
 193 333 374 1197 1348 1347 
 374 271 193 1350 985 1347 
 375 307 240 1352 1104 1351 
 183 335 375 1204 1353 1354 
 375 240 183 1351 912 1354 
 194 336 376 1208 1357 1356 
 376 273 194 1358 994 1356 
 376 274 273 1355 995 1358 
 143 270 377 982 1360 1359 
 377 275 143 1361 998 1359 
 377 336 275 1362 1207 1361 
 378 279 195 1364 1006 1363 
 278 279 378 1007 1364 1365 
 379 331 192 1369 1189 1368 
 192 267 379 975 1366 1368 
 198 285 380 1029 1371 1370 
 285 342 380 1227 1372 1371 
 380 342 341 1372 1228 1373 
 380 283 198 1374 1020 1370 
 380 341 283 1373 1226 1374 
 381 344 182 1376 1236 1375 
 182 238 381 906 1377 1375 
 382 345 288 1379 1240 1378 
 269 332 383 1194 1382 1381 
 207 346 385 1243 1385 1384 
 346 383 385 1383 1386 1385 
 169 209 385 820 1388 1387 
 385 209 207 1388 823 1384 
 385 332 169 1389 1192 1387 
 385 383 332 1386 1382 1389 
 291 347 386 1246 1391 1390 
 171 228 386 873 1392 1393 
 386 215 171 1394 835 1393 
 386 347 215 1391 1248 1394 
 387 348 162 1396 1251 1395 
 161 299 387 1079 1397 1398 
 387 162 161 1395 746 1398 
 388 349 295 1400 1254 1399 
 217 350 388 1258 1401 1402 
 294 348 389 1250 1404 1403 
 348 387 389 1396 1405 1404 
 226 349 390 1255 1408 1407 
 390 301 226 1409 1085 1407 
 390 352 301 1410 1262 1409 
 391 152 132 1412 716 1411 
 391 353 152 1413 1265 1412 
 132 304 391 1093 1414 1411 
 231 356 392 1278 1416 1415 
 356 357 392 1282 1417 1416 
 230 231 392 886 1415 1418 
 179 230 392 881 1418 1419 
 355 356 393 1280 1421 1420 
 393 356 231 1421 1278 1422 
 223 355 393 1273 1420 1423 
 175 223 393 856 1423 1424 
 393 224 175 1425 857 1424 
 393 231 224 1422 885 1425 
 394 357 302 1427 1281 1426 
 302 353 394 1267 1428 1426 
 353 391 394 1413 1429 1428 
 395 304 233 1431 1092 1430 
 357 394 395 1427 1433 1432 
 395 391 304 1434 1414 1431 
 395 394 391 1433 1429 1434 
 396 303 232 1436 1088 1435 
 396 392 357 1438 1417 1437 
 179 392 396 1419 1438 1439 
 396 232 179 1435 889 1439 
 397 310 242 1441 1117 1440 
 397 360 310 1442 1297 1441 
 321 369 397 1327 1443 1444 
 242 321 397 1150 1444 1440 
 398 362 191 1446 1304 1445 
 191 327 398 1172 1447 1445 
 398 327 262 1447 1174 1448 
 191 362 399 1304 1450 1449 
 399 263 191 1451 967 1449 
 400 363 316 1453 1308 1452 
 316 362 400 1305 1454 1452 
 362 398 400 1446 1455 1454 
 401 364 247 1458 1309 1457 
 260 323 402 1160 1460 1459 
 323 371 402 1335 1461 1460 
 402 322 260 1462 1157 1459 
 402 365 322 1463 1313 1462 
 316 364 403 1310 1466 1464 
 364 401 403 1458 1467 1466 
 404 362 316 1469 1305 1468 
 404 399 362 1470 1450 1469 
 316 403 404 1464 1471 1468 
 404 403 365 1471 1465 1472 
 277 337 405 1211 1474 1473 
 406 366 320 1477 1316 1476 
 250 367 407 1319 1480 1479 
 367 405 407 1475 1481 1480 
 187 252 407 936 1483 1482 
 407 252 250 1483 939 1479 
 407 337 187 1484 1209 1482 
 407 405 337 1481 1474 1484 
 408 368 173 1486 1320 1485 
 173 219 408 844 1487 1485 
 409 370 318 1489 1330 1488 
 363 400 409 1453 1491 1490 
 249 363 409 1306 1490 1492 
 409 318 249 1488 1144 1492 
 274 376 411 1355 1494 1493 
 411 335 274 1495 1206 1493 
 278 378 412 1365 1497 1496 
 412 339 278 1498 1218 1496 
 344 381 413 1376 1500 1499 
 336 377 414 1362 1503 1502 
 415 414 384 1506 1504 1505 
 416 383 346 1508 1383 1507 
 417 374 333 1511 1348 1510 
 384 414 417 1504 1513 1512 
 417 414 377 1513 1503 1514 
 417 377 270 1514 1360 1515 
 270 374 417 1349 1511 1515 
 418 390 349 1518 1408 1517 
 349 388 418 1400 1519 1517 
 350 389 418 1406 1516 1520 
 418 388 350 1519 1401 1520 
 357 395 419 1432 1522 1521 
 180 303 419 1090 1524 1523 
 303 396 419 1436 1525 1524 
 419 396 357 1525 1437 1521 
 419 233 180 1526 893 1523 
 419 395 233 1522 1430 1526 
 324 370 420 1332 1528 1527 
 370 409 420 1489 1529 1528 
 420 398 262 1531 1448 1530 
 262 324 420 1164 1527 1530 
 420 400 398 1532 1455 1531 
 420 409 400 1529 1491 1532 
 421 403 401 1534 1467 1533 
 254 322 421 1156 1536 1535 
 421 401 141 1533 1456 1537 
 141 254 421 943 1535 1537 
 365 403 421 1465 1534 1538 
 322 365 421 1313 1538 1536 
 422 402 371 1540 1461 1539 
 422 371 325 1539 1334 1541 
 422 404 365 1543 1472 1542 
 365 402 422 1463 1540 1542 
 399 404 422 1470 1543 1544 
 277 405 423 1473 1547 1546 
 423 338 277 1545 1213 1546 
 367 406 425 1478 1550 1549 
 298 373 426 1344 1553 1552 
 368 408 427 1486 1557 1556 
 408 426 427 1555 1559 1557 
 427 426 410 1559 1554 1558 
 320 368 427 1322 1556 1560 
 427 406 320 1561 1476 1560 
 335 411 429 1495 1564 1566 
 429 375 335 1567 1353 1566 
 307 375 430 1352 1569 1568 
 415 428 430 1563 1571 1570 
 375 429 430 1567 1572 1569 
 430 429 415 1572 1565 1570 
 414 415 431 1506 1574 1573 
 431 411 376 1576 1494 1575 
 336 414 431 1502 1573 1577 
 431 376 336 1575 1357 1577 
 431 429 411 1578 1564 1576 
 415 429 431 1565 1578 1574 
 383 416 432 1508 1580 1579 
 269 383 432 1381 1579 1581 
 384 417 432 1512 1583 1582 
 432 416 384 1580 1509 1582 
 432 333 269 1584 1196 1581 
 432 417 333 1583 1510 1584 
 433 387 299 1586 1397 1585 
 299 352 433 1264 1588 1585 
 390 418 433 1518 1587 1589 
 352 390 433 1410 1589 1588 
 434 412 378 1591 1497 1590 
 338 423 434 1545 1593 1592 
 331 379 435 1369 1595 1594 
 435 379 339 1595 1367 1596 
 435 424 266 1598 1548 1597 
 266 331 435 1191 1594 1597 
 436 373 330 1600 1346 1599 
 436 426 373 1601 1553 1600 
 266 424 436 1548 1603 1602 
 436 330 266 1599 1188 1602 
 367 425 437 1549 1605 1604 
 437 405 367 1606 1475 1604 
 437 423 405 1607 1547 1606 
 438 381 238 1609 1377 1608 
 438 430 428 1611 1571 1610 
 438 413 381 1612 1500 1609 
 438 428 413 1610 1562 1612 
 307 430 438 1568 1611 1613 
 238 307 438 1106 1613 1608 
 413 428 439 1562 1614 1615 
 382 413 439 1501 1615 1616 
 346 382 439 1380 1616 1617 
 384 416 440 1509 1619 1618 
 440 439 428 1621 1614 1620 
 440 415 384 1622 1505 1618 
 440 428 415 1620 1563 1622 
 424 435 441 1598 1624 1623 
 441 435 339 1624 1596 1626 
 339 412 441 1498 1625 1626 
 426 436 442 1601 1628 1627 
 410 426 442 1554 1627 1629 
 442 436 424 1628 1603 1630 
 424 441 443 1623 1632 1631 
 443 425 410 1634 1551 1633 
 410 442 443 1629 1635 1633 
 443 442 424 1635 1630 1631 
 444 434 423 1637 1593 1636 
 425 443 445 1634 1640 1639 
 445 437 425 1641 1605 1639 
 441 444 445 1638 1643 1642 
 445 443 441 1640 1632 1642 
 155 133 157 727 733 1644 
 157 44 155 732 728 1644 
 196 32 30 780 621 1645 
 197 315 196 784 1135 1646 
 196 30 197 1645 783 1646 
 26 24 200 616 791 1647 
 147 129 324 700 1162 1648 
 162 14 13 747 602 1649 
 164 167 136 767 769 1650 
 136 135 164 691 754 1650 
 128 199 281 787 1015 1651 
 281 197 128 1013 785 1651 
 91 202 286 796 1032 1652 
 286 86 91 1030 656 1652 
 157 203 130 801 798 1653 
 130 43 157 679 734 1653 
 213 212 133 830 828 1654 
 133 155 213 727 829 1654 
 228 214 124 874 832 1655 
 124 178 228 775 872 1655 
 350 172 216 1256 836 1257 
 176 220 330 848 1187 1656 
 330 174 176 1186 773 1656 
 134 223 225 855 862 1657 
 225 160 134 860 744 1657 
 127 241 315 913 1133 1658 
 313 33 196 1125 781 1659 
 315 244 313 1134 1126 1660 
 313 196 315 1659 1135 1660 
 401 247 246 1457 923 1661 
 246 141 401 920 1456 1661 
 331 266 220 1191 973 1662 
 220 265 331 971 1190 1662 
 251 277 276 1003 1002 1663 
 276 141 251 1000 932 1663 
 194 279 278 1005 1007 1664 
 278 275 194 1004 999 1664 
 340 280 195 1222 1008 1665 
 195 279 340 1006 1221 1665 
 170 287 210 1033 1037 826 
 178 291 386 1047 1390 1666 
 386 228 178 1392 872 1666 
 388 295 138 1399 1063 1667 
 138 217 388 839 1402 1667 
 35 306 34 1101 1098 625 
 359 310 184 1292 1116 1668 
 184 241 359 914 1291 1668 
 235 312 236 1122 1121 1669 
 236 181 235 902 898 1669 
 140 312 243 1123 1124 1670 
 243 311 140 1119 1118 1670 
 147 324 262 1648 1164 1671 
 262 148 147 966 702 1671 
 326 325 142 1170 1165 1672 
 142 257 326 952 1169 1672 
 143 339 379 1216 1367 1673 
 379 267 143 1366 974 1673 
 273 340 279 1220 1221 1674 
 279 194 273 1005 994 1674 
 144 56 58 692 647 1675 
 286 354 351 1268 1271 1676 
 351 204 286 1260 1031 1676 
 247 364 319 1309 1312 1677 
 319 186 247 1146 922 1677 
 406 367 250 1478 1319 1678 
 250 366 406 1314 1477 1678 
 397 369 311 1443 1325 1679 
 311 360 397 1295 1442 1679 
 263 372 264 1339 1337 1680 
 264 191 263 968 967 1680 
 344 413 382 1499 1501 1681 
 382 288 344 1378 1238 1681 
 433 418 389 1587 1516 1682 
 389 387 433 1405 1586 1682 
 399 422 325 1544 1541 1683 
 325 263 399 1167 1451 1683 
 298 426 408 1552 1555 1684 
 408 219 298 1487 1077 1684 
 406 427 410 1561 1558 1685 
 410 425 406 1551 1550 1685 
 439 440 416 1621 1619 1686 
 416 346 439 1507 1617 1686 
 444 441 412 1638 1625 1687 
 412 434 444 1591 1637 1687 
 437 445 444 1641 1643 1688 
 444 423 437 1636 1607 1688 
 119 120 131 667 686 1689 
 203 150 121 799 708 1690 
 121 130 203 681 798 1690 
 246 247 186 923 922 1691 
 186 185 246 778 921 1691 
 267 271 374 986 1350 1692 
 374 270 267 1349 983 1692 
 373 298 138 1344 1075 1693 
 138 221 373 849 1343 1693 
 255 341 342 1224 1228 1694 
 342 57 255 1230 946 1694 
 58 342 285 1229 1227 1695 
 285 144 58 1027 1675 1695 
 204 351 300 1260 1259 1696 
 300 158 204 1082 805 1696 
 434 378 195 1590 1363 1697 
 195 338 434 1214 1592 1697 
 345 382 346 1379 1380 1698 
 346 207 345 1243 1241 1698 
 306 35 235 1101 900 1699 
 235 181 306 898 1102 1699 
 294 389 350 1403 1406 1700 
 350 216 294 1257 1062 1700 
 131 89 88 683 652 1701 
 88 119 131 665 1689 1701 
 146 149 26 706 704 1702 
 26 200 146 1647 792 1702 
 161 162 13 746 1649 1703 
 13 165 161 756 759 1703 
 283 341 189 1226 1225 1704 
 189 257 283 953 1022 1704 
 1 12 446 599 0 0 
 446 98 1 0 0 0 
 448 99 97 0 0 0 
 448 6 99 0 0 0 
 448 67 6 0 0 0 
 27 2 456 618 0 0 
 456 2 49 0 0 0 
 457 5 82 0 0 0 
 457 48 5 0 0 0 
 458 97 98 0 0 0 
 67 448 459 0 0 0 
 459 66 67 0 0 0 
 460 69 68 0 0 0 
 13 14 461 602 0 0 
 462 460 449 0 0 0 
 449 461 464 0 0 0 
 464 461 14 0 0 0 
 14 10 464 603 0 0 
 16 15 465 605 0 0 
 466 70 71 0 0 0 
 467 466 450 0 0 0 
 70 466 467 0 0 0 
 467 72 70 0 0 0 
 450 465 468 0 0 0 
 468 465 15 0 0 0 
 15 17 468 606 0 0 
 18 9 469 608 0 0 
 470 64 73 0 0 0 
 21 20 471 610 0 0 
 472 75 76 0 0 0 
 473 471 452 0 0 0 
 452 472 473 0 0 0 
 476 474 453 0 0 0 
 453 475 476 0 0 0 
 19 25 477 614 0 0 
 478 80 74 0 0 0 
 80 478 479 0 0 0 
 479 79 80 0 0 0 
 454 477 480 0 0 0 
 480 477 25 0 0 0 
 25 24 480 615 0 0 
 24 26 483 616 0 0 
 484 81 79 0 0 0 
 79 479 484 0 0 0 
 485 459 448 0 0 0 
 486 68 66 0 0 0 
 486 460 68 0 0 0 
 13 461 487 0 0 0 
 11 13 487 601 0 0 
 461 463 487 0 0 0 
 489 458 447 0 0 0 
 489 485 458 0 0 0 
 490 461 449 0 0 0 
 490 463 461 0 0 0 
 490 489 463 0 0 0 
 11 487 491 0 0 0 
 491 487 463 0 0 0 
 12 11 491 600 0 0 
 492 464 10 0 0 0 
 16 465 492 0 0 0 
 10 16 492 604 0 0 
 493 71 65 0 0 0 
 493 466 71 0 0 0 
 493 488 466 0 0 0 
 495 468 17 0 0 0 
 18 469 495 0 0 0 
 17 18 495 607 0 0 
 495 469 451 0 0 0 
 471 473 496 0 0 0 
 496 469 9 0 0 0 
 21 471 496 0 0 0 
 9 21 496 609 0 0 
 496 473 451 0 0 0 
 451 469 496 0 0 0 
 497 473 472 0 0 0 
 64 470 497 0 0 0 
 497 76 64 0 0 0 
 497 472 76 0 0 0 
 451 473 497 0 0 0 
 474 476 498 0 0 0 
 498 471 20 0 0 0 
 22 474 498 0 0 0 
 20 22 498 611 0 0 
 498 476 452 0 0 0 
 452 471 498 0 0 0 
 499 476 475 0 0 0 
 75 472 499 0 0 0 
 499 77 75 0 0 0 
 499 475 77 0 0 0 
 452 476 499 0 0 0 
 499 472 452 0 0 0 
 19 477 500 0 0 0 
 23 19 500 613 0 0 
 501 74 78 0 0 0 
 501 478 74 0 0 0 
 455 484 502 0 0 0 
 502 484 479 0 0 0 
 453 474 503 0 0 0 
 504 475 453 0 0 0 
 453 503 504 0 0 0 
 504 503 481 0 0 0 
 505 456 49 0 0 0 
 47 482 505 0 0 0 
 505 49 47 0 0 0 
 48 457 506 0 0 0 
 506 47 48 0 0 0 
 506 482 47 0 0 0 
 459 485 507 0 0 0 
 507 490 486 0 0 0 
 489 490 507 0 0 0 
 485 489 507 0 0 0 
 449 464 508 0 0 0 
 464 492 508 0 0 0 
 508 462 449 0 0 0 
 508 488 462 0 0 0 
 488 508 509 0 0 0 
 509 508 492 0 0 0 
 509 465 450 0 0 0 
 509 492 465 0 0 0 
 488 493 510 0 0 0 
 462 488 510 0 0 0 
 510 493 65 0 0 0 
 510 65 69 0 0 0 
 450 468 511 0 0 0 
 468 495 511 0 0 0 
 511 467 450 0 0 0 
 511 494 467 0 0 0 
 511 495 451 0 0 0 
 451 494 511 0 0 0 
 512 494 470 0 0 0 
 467 494 512 0 0 0 
 72 467 512 0 0 0 
 512 73 72 0 0 0 
 512 470 73 0 0 0 
 513 500 477 0 0 0 
 481 503 513 0 0 0 
 454 481 513 0 0 0 
 513 477 454 0 0 0 
 478 501 514 0 0 0 
 514 504 481 0 0 0 
 514 481 454 0 0 0 
 454 478 514 0 0 0 
 455 502 515 0 0 0 
 515 483 455 0 0 0 
 516 502 479 0 0 0 
 516 515 502 0 0 0 
 480 515 516 0 0 0 
 454 480 516 0 0 0 
 517 503 474 0 0 0 
 517 513 503 0 0 0 
 517 474 22 0 0 0 
 22 23 517 612 0 0 
 500 513 517 0 0 0 
 23 500 517 0 0 0 
 475 504 518 0 0 0 
 504 514 518 0 0 0 
 77 475 518 0 0 0 
 518 78 77 0 0 0 
 518 501 78 0 0 0 
 518 514 501 0 0 0 
 519 505 482 0 0 0 
 482 506 520 0 0 0 
 455 519 520 0 0 0 
 520 519 482 0 0 0 
 521 483 26 0 0 0 
 26 27 521 617 0 0 
 505 519 521 0 0 0 
 456 505 521 0 0 0 
 27 456 521 0 0 0 
 81 484 522 0 0 0 
 522 82 81 0 0 0 
 522 520 506 0 0 0 
 522 457 82 0 0 0 
 522 506 457 0 0 0 
 446 447 458 0 0 0 
 458 98 446 0 0 0 
 97 458 485 0 0 0 
 485 448 97 0 0 0 
 460 462 510 0 0 0 
 510 69 460 0 0 0 
 497 470 494 0 0 0 
 494 451 497 0 0 0 
 516 479 478 0 0 0 
 478 454 516 0 0 0 
 466 488 509 0 0 0 
 509 450 466 0 0 0 
 486 490 449 0 0 0 
 449 460 486 0 0 0 
 447 491 463 0 0 0 
 463 489 447 0 0 0 
 459 507 486 0 0 0 
 486 66 459 0 0 0 
 483 521 519 0 0 0 
 519 455 483 0 0 0 
 520 522 484 0 0 0 
 484 455 520 0 0 0 
 491 447 446 0 0 0 
 446 12 491 0 0 0 
 24 483 515 0 0 0 
 515 480 24 0 0 0 
 3 31 523 619 0 0 
 523 62 3 0 0 0 
 525 63 61 0 0 0 
 525 7 63 0 0 0 
 525 103 7 0 0 0 
 46 4 532 638 0 0 
 532 4 85 0 0 0 
 533 8 118 0 0 0 
 533 84 8 0 0 0 
 534 105 104 0 0 0 
 32 33 535 622 0 0 
 536 534 524 0 0 0 
 524 535 538 0 0 0 
 538 535 33 0 0 0 
 33 29 538 623 0 0 
 539 61 62 0 0 0 
 103 525 540 0 0 0 
 540 102 103 0 0 0 
 35 34 541 625 0 0 
 542 106 107 0 0 0 
 543 542 526 0 0 0 
 106 542 543 0 0 0 
 543 108 106 0 0 0 
 526 541 544 0 0 0 
 544 541 34 0 0 0 
 34 36 544 626 0 0 
 37 28 545 628 0 0 
 546 100 109 0 0 0 
 40 39 547 630 0 0 
 548 111 112 0 0 0 
 549 547 528 0 0 0 
 528 548 549 0 0 0 
 552 550 529 0 0 0 
 529 551 552 0 0 0 
 38 44 553 634 0 0 
 554 116 110 0 0 0 
 116 554 555 0 0 0 
 555 115 116 0 0 0 
 530 553 556 0 0 0 
 556 553 44 0 0 0 
 44 43 556 635 0 0 
 43 45 559 636 0 0 
 560 117 115 0 0 0 
 115 555 560 0 0 0 
 561 104 102 0 0 0 
 561 534 104 0 0 0 
 102 540 561 0 0 0 
 32 535 562 0 0 0 
 30 32 562 621 0 0 
 535 537 562 0 0 0 
 524 534 564 0 0 0 
 534 561 564 0 0 0 
 564 535 524 0 0 0 
 564 537 535 0 0 0 
 30 562 565 0 0 0 
 565 562 537 0 0 0 
 565 523 31 0 0 0 
 31 30 565 620 0 0 
 566 539 523 0 0 0 
 523 565 566 0 0 0 
 566 565 537 0 0 0 
 567 540 525 0 0 0 
 539 566 567 0 0 0 
 568 538 29 0 0 0 
 35 541 568 0 0 0 
 29 35 568 624 0 0 
 569 107 101 0 0 0 
 569 542 107 0 0 0 
 569 563 542 0 0 0 
 571 544 36 0 0 0 
 37 545 571 0 0 0 
 36 37 571 627 0 0 
 571 545 527 0 0 0 
 547 549 572 0 0 0 
 572 545 28 0 0 0 
 40 547 572 0 0 0 
 28 40 572 629 0 0 
 572 549 527 0 0 0 
 527 545 572 0 0 0 
 573 549 548 0 0 0 
 100 546 573 0 0 0 
 573 112 100 0 0 0 
 573 548 112 0 0 0 
 527 549 573 0 0 0 
 550 552 574 0 0 0 
 574 547 39 0 0 0 
 41 550 574 0 0 0 
 39 41 574 631 0 0 
 574 552 528 0 0 0 
 528 547 574 0 0 0 
 575 552 551 0 0 0 
 111 548 575 0 0 0 
 575 113 111 0 0 0 
 575 551 113 0 0 0 
 528 552 575 0 0 0 
 575 548 528 0 0 0 
 38 553 576 0 0 0 
 42 38 576 633 0 0 
 577 110 114 0 0 0 
 577 554 110 0 0 0 
 531 560 578 0 0 0 
 578 560 555 0 0 0 
 529 550 579 0 0 0 
 580 551 529 0 0 0 
 529 579 580 0 0 0 
 580 579 557 0 0 0 
 581 532 85 0 0 0 
 83 558 581 0 0 0 
 581 85 83 0 0 0 
 84 533 582 0 0 0 
 582 83 84 0 0 0 
 582 558 83 0 0 0 
 524 538 583 0 0 0 
 538 568 583 0 0 0 
 583 536 524 0 0 0 
 583 563 536 0 0 0 
 584 567 566 0 0 0 
 584 564 561 0 0 0 
 584 566 537 0 0 0 
 537 564 584 0 0 0 
 540 567 584 0 0 0 
 584 561 540 0 0 0 
 563 583 585 0 0 0 
 585 583 568 0 0 0 
 585 541 526 0 0 0 
 585 568 541 0 0 0 
 563 569 586 0 0 0 
 536 563 586 0 0 0 
 586 569 101 0 0 0 
 586 101 105 0 0 0 
 526 544 587 0 0 0 
 544 571 587 0 0 0 
 587 543 526 0 0 0 
 587 570 543 0 0 0 
 587 571 527 0 0 0 
 527 570 587 0 0 0 
 588 570 546 0 0 0 
 543 570 588 0 0 0 
 108 543 588 0 0 0 
 588 109 108 0 0 0 
 588 546 109 0 0 0 
 589 576 553 0 0 0 
 557 579 589 0 0 0 
 530 557 589 0 0 0 
 589 553 530 0 0 0 
 554 577 590 0 0 0 
 590 580 557 0 0 0 
 590 557 530 0 0 0 
 530 554 590 0 0 0 
 531 578 591 0 0 0 
 591 559 531 0 0 0 
 592 578 555 0 0 0 
 592 591 578 0 0 0 
 556 591 592 0 0 0 
 530 556 592 0 0 0 
 593 579 550 0 0 0 
 593 589 579 0 0 0 
 593 550 41 0 0 0 
 41 42 593 632 0 0 
 576 589 593 0 0 0 
 42 576 593 0 0 0 
 551 580 594 0 0 0 
 580 590 594 0 0 0 
 113 551 594 0 0 0 
 594 114 113 0 0 0 
 594 577 114 0 0 0 
 594 590 577 0 0 0 
 595 581 558 0 0 0 
 558 582 596 0 0 0 
 531 595 596 0 0 0 
 596 595 558 0 0 0 
 597 559 45 0 0 0 
 45 46 597 637 0 0 
 581 595 597 0 0 0 
 532 581 597 0 0 0 
 46 532 597 0 0 0 
 117 560 598 0 0 0 
 598 118 117 0 0 0 
 598 596 582 0 0 0 
 598 533 118 0 0 0 
 598 582 533 0 0 0 
 539 62 523 0 0 0 
 534 536 586 0 0 0 
 586 105 534 0 0 0 
 573 546 570 0 0 0 
 570 527 573 0 0 0 
 592 555 554 0 0 0 
 554 530 592 0 0 0 
 542 563 585 0 0 0 
 585 526 542 0 0 0 
 559 597 595 0 0 0 
 595 531 559 0 0 0 
 596 598 560 0 0 0 
 560 531 596 0 0 0 
 43 559 591 0 0 0 
 591 556 43 0 0 0 
 567 525 61 0 0 0 
 61 539 567 0 0 0 
 solutionOrder 
2 2 2 2 
 2 2 2 2 
 2 2 2 2 
 2 2 2 2 
 2 2 2 2 
 2 2 2 2 
 2 2 2 2 
 2 2 2 2 
 2 2 2 2 
 2 2 2 2 
 2 2 2 2 
 2 2 2 2 
 2 2 2 2 
 2 2 2 2 
 2 2 2 2 
 2 2 2 2 
 2 2 2 2 
 2 2 2 2 
 2 2 2 2 
 2 2 2 2 
 2 2 2 2 
 2 2 2 2 
 2 2 2 2 
 2 2 2 2 
 2 2 2 2 
 2 2 2 2 
 2 2 2 2 
 2 2 2 2 
 2 2 2 2 
 2 2 2 2 
 2 2 2 2 
 2 2 2 2 
 2 2 2 2 
 2 2 2 2 
 2 2 2 2 
 2 2 2 2 
 2 2 2 2 
 2 2 2 2 
 2 2 2 2 
 2 2 2 2 
 2 2 2 2 
 2 2 2 2 
 2 2 2 2 
 2 2 2 2 
 2 2 2 2 
 2 2 2 2 
 2 2 2 2 
 2 2 2 2 
 2 2 2 2 
 2 2 2 2 
 2 2 2 2 
 2 2 2 2 
 2 2 2 2 
 2 2 2 2 
 2 2 2 2 
 2 2 2 2 
 2 2 2 2 
 2 2 2 2 
 2 2 2 2 
 2 2 2 2 
 2 2 2 2 
 2 2 2 2 
 2 2 2 2 
 2 2 2 2 
 2 2 2 2 
 2 2 2 2 
 2 2 2 2 
 2 2 2 2 
 2 2 2 2 
 2 2 2 2 
 2 2 2 2 
 2 2 2 2 
 2 2 2 2 
 2 2 2 2 
 2 2 2 2 
 2 2 2 2 
 2 2 2 2 
 2 2 2 2 
 2 2 2 2 
 2 2 2 2 
 2 2 2 2 
 2 2 2 2 
 2 2 2 2 
 2 2 2 2 
 2 2 2 2 
 2 2 2 2 
 2 2 2 2 
 2 2 2 2 
 2 2 2 2 
 2 2 2 2 
 2 2 2 2 
 2 2 2 2 
 2 2 2 2 
 2 2 2 2 
 2 2 2 2 
 2 2 2 2 
 2 2 2 2 
 2 2 2 2 
 2 2 2 2 
 2 2 2 2 
 2 2 2 2 
 2 2 2 2 
 2 2 2 2 
 2 2 2 2 
 2 2 2 2 
 2 2 2 2 
 2 2 2 2 
 2 2 2 2 
 2 2 2 2 
 2 2 2 2 
 2 2 2 2 
 2 2 2 2 
 2 2 2 2 
 2 2 2 2 
 2 2 2 2 
 2 2 2 2 
 2 2 2 2 
 2 2 2 2 
 2 2 2 2 
 2 2 2 2 
 2 2 2 2 
 2 2 2 2 
 2 2 2 2 
 2 2 2 2 
 2 2 2 2 
 2 2 2 2 
 2 2 2 2 
 2 2 2 2 
 2 2 2 2 
 2 2 2 2 
 2 2 2 2 
 2 2 2 2 
 2 2 2 2 
 2 2 2 2 
 2 2 2 2 
 2 2 2 2 
 2 2 2 2 
 2 2 2 2 
 2 2 2 2 
 2 2 2 2 
 2 2 2 2 
 2 2 2 2 
 2 2 2 2 
 2 2 2 2 
 2 2 2 2 
 2 2 2 2 
 2 2 2 2 
 2 2 2 2 
 2 2 2 2 
 2 2 2 2 
 2 2 2 2 
 2 2 2 2 
 2 2 2 2 
 2 2 2 2 
 2 2 2 2 
 2 2 2 2 
 2 2 2 2 
 2 2 2 2 
 2 2 2 2 
 2 2 2 2 
 2 2 2 2 
 2 2 2 2 
 2 2 2 2 
 2 2 2 2 
 2 2 2 2 
 2 2 2 2 
 2 2 2 2 
 2 2 2 2 
 2 2 2 2 
 2 2 2 2 
 2 2 2 2 
 2 2 2 2 
 2 2 2 2 
 2 2 2 2 
 2 2 2 2 
 2 2 2 2 
 2 2 2 2 
 2 2 2 2 
 2 2 2 2 
 2 2 2 2 
 2 2 2 2 
 2 2 2 2 
 2 2 2 2 
 2 2 2 2 
 2 2 2 2 
 2 2 2 2 
 2 2 2 2 
 2 2 2 2 
 2 2 2 2 
 2 2 2 2 
 2 2 2 2 
 2 2 2 2 
 2 2 2 2 
 2 2 2 2 
 2 2 2 2 
 2 2 2 2 
 2 2 2 2 
 2 2 2 2 
 2 2 2 2 
 2 2 2 2 
 2 2 2 2 
 2 2 2 2 
 2 2 2 2 
 2 2 2 2 
 2 2 2 2 
 2 2 2 2 
 2 2 2 2 
 2 2 2 2 
 2 2 2 2 
 2 2 2 2 
 2 2 2 2 
 2 2 2 2 
 2 2 2 2 
 2 2 2 2 
 2 2 2 2 
 2 2 2 2 
 2 2 2 2 
 2 2 2 2 
 2 2 2 2 
 2 2 2 2 
 2 2 2 2 
 2 2 2 2 
 2 2 2 2 
 2 2 2 2 
 2 2 2 2 
 2 2 2 2 
 2 2 2 2 
 2 2 2 2 
 2 2 2 2 
 2 2 2 2 
 2 2 2 2 
 2 2 2 2 
 2 2 2 2 
 2 2 2 2 
 2 2 2 2 
 2 2 2 2 
 2 2 2 2 
 2 2 2 2 
 2 2 2 2 
 2 2 2 2 
 2 2 2 2 
 2 2 2 2 
 2 2 2 2 
 2 2 2 2 
 2 2 2 2 
 2 2 2 2 
 2 2 2 2 
 2 2 2 2 
 2 2 2 2 
 2 2 2 2 
 2 2 2 2 
 2 2 2 2 
 2 2 2 2 
 2 2 2 2 
 2 2 2 2 
 2 2 2 2 
 2 2 2 2 
 2 2 2 2 
 2 2 2 2 
 2 2 2 2 
 2 2 2 2 
 2 2 2 2 
 2 2 2 2 
 2 2 2 2 
 2 2 2 2 
 2 2 2 2 
 2 2 2 2 
 2 2 2 2 
 2 2 2 2 
 2 2 2 2 
 2 2 2 2 
 2 2 2 2 
 2 2 2 2 
 2 2 2 2 
 2 2 2 2 
 2 2 2 2 
 2 2 2 2 
 2 2 2 2 
 2 2 2 2 
 2 2 2 2 
 2 2 2 2 
 2 2 2 2 
 2 2 2 2 
 2 2 2 2 
 2 2 2 2 
 2 2 2 2 
 2 2 2 2 
 2 2 2 2 
 2 2 2 2 
 2 2 2 2 
 2 2 2 2 
 2 2 2 2 
 2 2 2 2 
 2 2 2 2 
 2 2 2 2 
 2 2 2 2 
 2 2 2 2 
 2 2 2 2 
 2 2 2 2 
 2 2 2 2 
 2 2 2 2 
 2 2 2 2 
 2 2 2 2 
 2 2 2 2 
 2 2 2 2 
 2 2 2 2 
 2 2 2 2 
 2 2 2 2 
 2 2 2 2 
 2 2 2 2 
 2 2 2 2 
 2 2 2 2 
 2 2 2 2 
 2 2 2 2 
 2 2 2 2 
 2 2 2 2 
 2 2 2 2 
 2 2 2 2 
 2 2 2 2 
 2 2 2 2 
 2 2 2 2 
 2 2 2 2 
 2 2 2 2 
 2 2 2 2 
 2 2 2 2 
 2 2 2 2 
 2 2 2 2 
 2 2 2 2 
 2 2 2 2 
 2 2 2 2 
 2 2 2 2 
 2 2 2 2 
 2 2 2 2 
 2 2 2 2 
 2 2 2 2 
 2 2 2 2 
 2 2 2 2 
 2 2 2 2 
 2 2 2 2 
 2 2 2 2 
 2 2 2 2 
 2 2 2 2 
 2 2 2 2 
 2 2 2 2 
 2 2 2 2 
 2 2 2 2 
 2 2 2 2 
 2 2 2 2 
 2 2 2 2 
 2 2 2 2 
 2 2 2 2 
 2 2 2 2 
 2 2 2 2 
 2 2 2 2 
 2 2 2 2 
 2 2 2 2 
 2 2 2 2 
 2 2 2 2 
 2 2 2 2 
 2 2 2 2 
 2 2 2 2 
 2 2 2 2 
 2 2 2 2 
 2 2 2 2 
 2 2 2 2 
 2 2 2 2 
 2 2 2 2 
 2 2 2 2 
 2 2 2 2 
 2 2 2 2 
 2 2 2 2 
 2 2 2 2 
 2 2 2 2 
 2 2 2 2 
 2 2 2 2 
 2 2 2 2 
 2 2 2 2 
 2 2 2 2 
 2 2 2 2 
 2 2 2 2 
 2 2 2 2 
 2 2 2 2 
 2 2 2 2 
 2 2 2 2 
 2 2 2 2 
 2 2 2 2 
 2 2 2 2 
 2 2 2 2 
 2 2 2 2 
 2 2 2 2 
 2 2 2 2 
 2 2 2 2 
 2 2 2 2 
 2 2 2 2 
 2 2 2 2 
 2 2 2 2 
 2 2 2 2 
 2 2 2 2 
 2 2 2 2 
 2 2 2 2 
 2 2 2 2 
 2 2 2 2 
 2 2 2 2 
 2 2 2 2 
 2 2 2 2 
 2 2 2 2 
 2 2 2 2 
 2 2 2 2 
 2 2 2 2 
 2 2 2 2 
 2 2 2 2 
 2 2 2 2 
 2 2 2 2 
 2 2 2 2 
 2 2 2 2 
 2 2 2 2 
 2 2 2 2 
 2 2 2 2 
 2 2 2 2 
 2 2 2 2 
 2 2 2 2 
 2 2 2 2 
 2 2 2 2 
 2 2 2 2 
 2 2 2 2 
 2 2 2 2 
 2 2 2 2 
 2 2 2 2 
 2 2 2 2 
 2 2 2 2 
 2 2 2 2 
 2 2 2 2 
 2 2 2 2 
 2 2 2 2 
 2 2 2 2 
 2 2 2 2 
 2 2 2 2 
 2 2 2 2 
 2 2 2 2 
 2 2 2 2 
 2 2 2 2 
 2 2 2 2 
 2 2 2 2 
 2 2 2 2 
 2 2 2 2 
 2 2 2 2 
 2 2 2 2 
 2 2 2 2 
 2 2 2 2 
 2 2 2 2 
 2 2 2 2 
 2 2 2 2 
 2 2 2 2 
 2 2 2 2 
 2 2 2 2 
 2 2 2 2 
 2 2 2 2 
 2 2 2 2 
 2 2 2 2 
 2 2 2 2 
 2 2 2 2 
 2 2 2 2 
 2 2 2 2 
 2 2 2 2 
 2 2 2 2 
 2 2 2 2 
 2 2 2 2 
 2 2 2 2 
 2 2 2 2 
 2 2 2 2 
 2 2 2 2 
 2 2 2 2 
 2 2 2 2 
 2 2 2 2 
 2 2 2 2 
 2 2 2 2 
 2 2 2 2 
 2 2 2 2 
 2 2 2 2 
 2 2 2 2 
 2 2 2 2 
 2 2 2 2 
 2 2 2 2 
 2 2 2 2 
 2 2 2 2 
 2 2 2 2 
 2 2 2 2 
 2 2 2 2 
 2 2 2 2 
 2 2 2 2 
 2 2 2 2 
 2 2 2 2 
 2 2 2 2 
 2 2 2 2 
 2 2 2 2 
 2 2 2 2 
 2 2 2 2 
 2 2 2 2 
 2 2 2 2 
 2 2 2 2 
 2 2 2 2 
 2 2 2 2 
 2 2 2 2 
 2 2 2 2 
 2 2 2 2 
 2 2 2 2 
 2 2 2 2 
 2 2 2 2 
 2 2 2 2 
 2 2 2 2 
 2 2 2 2 
 2 2 2 2 
 2 2 2 2 
 2 2 2 2 
 2 2 2 2 
 2 2 2 2 
 2 2 2 2 
 2 2 2 2 
 2 2 2 2 
 2 2 2 2 
 2 2 2 2 
 2 2 2 2 
 2 2 2 2 
 2 2 2 2 
 2 2 2 2 
 2 2 2 2 
 2 2 2 2 
 2 2 2 2 
 2 2 2 2 
 2 2 2 2 
 2 2 2 2 
 2 2 2 2 
 2 2 2 2 
 2 2 2 2 
 2 2 2 2 
 2 2 2 2 
 2 2 2 2 
 2 2 2 2 
 2 2 2 2 
 2 2 2 2 
 2 2 2 2 
 2 2 2 2 
 2 2 2 2 
 2 2 2 2 
 2 2 2 2 
 2 2 2 2 
 2 2 2 2 
 2 2 2 2 
 2 2 2 2 
 2 2 2 2 
 2 2 2 2 
 2 2 2 2 
 2 2 2 2 
 2 2 2 2 
 2 2 2 2 
 2 2 2 2 
 2 2 2 2 
 2 2 2 2 
 2 2 2 2 
 2 2 2 2 
 2 2 2 2 
 2 2 2 2 
 2 2 2 2 
 2 2 2 2 
 2 2 2 2 
 2 2 2 2 
 2 2 2 2 
 2 2 2 2 
 2 2 2 2 
 2 2 2 2 
 2 2 2 2 
 2 2 2 2 
 2 2 2 2 
 2 2 2 2 
 2 2 2 2 
 2 2 2 2 
 2 2 2 2 
 2 2 2 2 
 2 2 2 2 
 2 2 2 2 
 2 2 2 2 
 2 2 2 2 
 2 2 2 2 
 2 2 2 2 
 2 2 2 2 
 2 2 2 2 
 2 2 2 2 
 2 2 2 2 
 2 2 2 2 
 2 2 2 2 
 2 2 2 2 
 2 2 2 2 
 2 2 2 2 
 2 2 2 2 
 2 2 2 2 
 2 2 2 2 
 2 2 2 2 
 2 2 2 2 
 2 2 2 2 
 2 2 2 2 
 2 2 2 2 
 2 2 2 2 
 2 2 2 2 
 2 2 2 2 
 2 2 2 2 
 2 2 2 2 
 2 2 2 2 
 2 2 2 2 
 2 2 2 2 
 2 2 2 2 
 2 2 2 2 
 2 2 2 2 
 2 2 2 2 
 2 2 2 2 
 2 2 2 2 
 2 2 2 2 
 2 2 2 2 
 2 2 2 2 
 2 2 2 2 
 2 2 2 2 
 2 2 2 2 
 2 2 2 2 
 2 2 2 2 
 2 2 2 2 
 2 2 2 2 
 2 2 2 2 
 2 2 2 2 
 2 2 2 2 
 2 2 2 2 
 2 2 2 2 
 2 2 2 2 
 2 2 2 2 
 2 2 2 2 
 2 2 2 2 
 2 2 2 2 
 2 2 2 2 
 2 2 2 2 
 2 2 2 2 
 2 2 2 2 
 2 2 2 2 
 2 2 2 2 
 2 2 2 2 
 2 2 2 2 
 2 2 2 2 
 2 2 2 2 
 2 2 2 2 
 2 2 2 2 
 2 2 2 2 
 2 2 2 2 
 2 2 2 2 
 2 2 2 2 
 2 2 2 2 
 2 2 2 2 
 2 2 2 2 
 2 2 2 2 
 2 2 2 2 
 2 2 2 2 
 2 2 2 2 
 2 2 2 2 
 2 2 2 2 
 2 2 2 2 
 2 2 2 2 
 2 2 2 2 
 2 2 2 2 
 2 2 2 2 
 2 2 2 2 
 2 2 2 2 
 2 2 2 2 
 2 2 2 2 
 2 2 2 2 
 2 2 2 2 
 2 2 2 2 
 2 2 2 2 
 2 2 2 2 
 2 2 2 2 
 2 2 2 2 
 2 2 2 2 
 2 2 2 2 
 2 2 2 2 
 2 2 2 2 
 2 2 2 2 
 2 2 2 2 
 2 2 2 2 
 2 2 2 2 
 2 2 2 2 
 2 2 2 2 
 2 2 2 2 
 2 2 2 2 
 2 2 2 2 
 2 2 2 2 
 2 2 2 2 
 2 2 2 2 
 2 2 2 2 
 2 2 2 2 
 2 2 2 2 
 2 2 2 2 
 2 2 2 2 
 2 2 2 2 
 2 2 2 2 
 2 2 2 2 
 2 2 2 2 
 2 2 2 2 
 2 2 2 2 
 2 2 2 2 
 2 2 2 2 
 2 2 2 2 
 2 2 2 2 
 2 2 2 2 
 2 2 2 2 
 2 2 2 2 
 2 2 2 2 
 2 2 2 2 
 2 2 2 2 
 2 2 2 2 
 2 2 2 2 
 2 2 2 2 
 2 1 1 2 
 1 1 1 1 
 1 1 1 1 
 1 1 1 1 
 1 1 1 1 
 2 1 1 2 
 1 1 1 1 
 1 1 1 1 
 1 1 1 1 
 1 1 1 1 
 1 1 1 1 
 1 1 1 1 
 1 1 1 1 
 2 1 1 2 
 1 1 1 1 
 1 1 1 1 
 1 1 1 1 
 2 1 1 2 
 2 1 1 2 
 1 1 1 1 
 1 1 1 1 
 1 1 1 1 
 1 1 1 1 
 1 1 1 1 
 1 1 1 1 
 2 1 1 2 
 2 1 1 2 
 1 1 1 1 
 2 1 1 2 
 1 1 1 1 
 1 1 1 1 
 1 1 1 1 
 1 1 1 1 
 1 1 1 1 
 2 1 1 2 
 1 1 1 1 
 1 1 1 1 
 1 1 1 1 
 1 1 1 1 
 1 1 1 1 
 2 1 1 2 
 2 1 1 2 
 1 1 1 1 
 1 1 1 1 
 1 1 1 1 
 1 1 1 1 
 1 1 1 1 
 1 1 1 1 
 2 1 1 2 
 1 1 1 1 
 1 1 1 1 
 1 1 1 1 
 1 1 1 1 
 1 1 1 1 
 1 1 1 1 
 1 1 1 1 
 1 1 1 1 
 2 1 1 2 
 1 1 1 1 
 1 1 1 1 
 2 1 1 2 
 1 1 1 1 
 1 1 1 1 
 1 1 1 1 
 1 1 1 1 
 1 1 1 1 
 2 1 1 2 
 1 1 1 1 
 1 1 1 1 
 1 1 1 1 
 1 1 1 1 
 2 1 1 2 
 1 1 1 1 
 1 1 1 1 
 1 1 1 1 
 1 1 1 1 
 1 1 1 1 
 1 1 1 1 
 1 1 1 1 
 1 1 1 1 
 1 1 1 1 
 1 1 1 1 
 2 1 1 2 
 1 1 1 1 
 1 1 1 1 
 1 1 1 1 
 1 1 1 1 
 1 1 1 1 
 1 1 1 1 
 1 1 1 1 
 1 1 1 1 
 1 1 1 1 
 2 1 1 2 
 1 1 1 1 
 1 1 1 1 
 1 1 1 1 
 1 1 1 1 
 1 1 1 1 
 1 1 1 1 
 1 1 1 1 
 1 1 1 1 
 1 1 1 1 
 1 1 1 1 
 1 1 1 1 
 1 1 1 1 
 1 1 1 1 
 1 1 1 1 
 1 1 1 1 
 1 1 1 1 
 1 1 1 1 
 1 1 1 1 
 1 1 1 1 
 1 1 1 1 
 1 1 1 1 
 1 1 1 1 
 1 1 1 1 
 1 1 1 1 
 1 1 1 1 
 1 1 1 1 
 1 1 1 1 
 1 1 1 1 
 1 1 1 1 
 1 1 1 1 
 1 1 1 1 
 1 1 1 1 
 1 1 1 1 
 1 1 1 1 
 1 1 1 1 
 1 1 1 1 
 1 1 1 1 
 1 1 1 1 
 1 1 1 1 
 1 1 1 1 
 1 1 1 1 
 1 1 1 1 
 1 1 1 1 
 1 1 1 1 
 1 1 1 1 
 1 1 1 1 
 1 1 1 1 
 1 1 1 1 
 1 1 1 1 
 1 1 1 1 
 1 1 1 1 
 1 1 1 1 
 1 1 1 1 
 1 1 1 1 
 1 1 1 1 
 1 1 1 1 
 1 1 1 1 
 1 1 1 1 
 2 1 1 2 
 1 1 1 1 
 1 1 1 1 
 1 1 1 1 
 1 1 1 1 
 1 1 1 1 
 1 1 1 1 
 1 1 1 1 
 1 1 1 1 
 1 1 1 1 
 1 1 1 1 
 1 1 1 1 
 1 1 1 1 
 1 1 1 1 
 2 1 1 2 
 1 1 1 1 
 1 1 1 1 
 1 1 1 1 
 1 1 1 1 
 1 1 1 1 
 1 1 1 1 
 1 1 1 1 
 1 1 1 1 
 1 1 1 1 
 1 1 1 1 
 1 1 1 1 
 1 1 1 1 
 1 1 1 1 
 1 1 1 1 
 1 1 1 1 
 1 1 1 1 
 1 1 1 1 
 1 1 1 1 
 1 1 1 1 
 1 1 1 1 
 1 1 1 1 
 1 1 1 1 
 1 1 1 1 
 1 1 1 1 
 1 1 1 1 
 1 1 1 1 
 1 1 1 1 
 1 1 1 1 
 1 1 1 1 
 1 1 1 1 
 1 1 1 1 
 1 1 1 1 
 1 1 1 1 
 1 1 1 1 
 2 1 1 2 
 1 1 1 1 
 1 1 1 1 
 1 1 1 1 
 1 1 1 1 
 2 1 1 2 
 1 1 1 1 
 1 1 1 1 
 1 1 1 1 
 1 1 1 1 
 2 1 1 2 
 1 1 1 1 
 1 1 1 1 
 1 1 1 1 
 2 1 1 2 
 1 1 1 1 
 1 1 1 1 
 1 1 1 1 
 2 1 1 2 
 1 1 1 1 
 1 1 1 1 
 1 1 1 1 
 1 1 1 1 
 1 1 1 1 
 1 1 1 1 
 2 1 1 2 
 2 1 1 2 
 1 1 1 1 
 2 1 1 2 
 1 1 1 1 
 1 1 1 1 
 1 1 1 1 
 1 1 1 1 
 1 1 1 1 
 2 1 1 2 
 1 1 1 1 
 1 1 1 1 
 1 1 1 1 
 1 1 1 1 
 1 1 1 1 
 2 1 1 2 
 2 1 1 2 
 1 1 1 1 
 1 1 1 1 
 1 1 1 1 
 1 1 1 1 
 1 1 1 1 
 1 1 1 1 
 2 1 1 2 
 1 1 1 1 
 1 1 1 1 
 1 1 1 1 
 1 1 1 1 
 1 1 1 1 
 1 1 1 1 
 1 1 1 1 
 1 1 1 1 
 2 1 1 2 
 1 1 1 1 
 1 1 1 1 
 1 1 1 1 
 1 1 1 1 
 1 1 1 1 
 1 1 1 1 
 1 1 1 1 
 2 1 1 2 
 1 1 1 1 
 1 1 1 1 
 1 1 1 1 
 1 1 1 1 
 1 1 1 1 
 2 1 1 2 
 1 1 1 1 
 1 1 1 1 
 1 1 1 1 
 1 1 1 1 
 2 1 1 2 
 1 1 1 1 
 1 1 1 1 
 1 1 1 1 
 1 1 1 1 
 1 1 1 1 
 1 1 1 1 
 1 1 1 1 
 1 1 1 1 
 1 1 1 1 
 1 1 1 1 
 2 1 1 2 
 1 1 1 1 
 1 1 1 1 
 1 1 1 1 
 1 1 1 1 
 1 1 1 1 
 1 1 1 1 
 1 1 1 1 
 1 1 1 1 
 1 1 1 1 
 2 1 1 2 
 1 1 1 1 
 1 1 1 1 
 1 1 1 1 
 1 1 1 1 
 1 1 1 1 
 1 1 1 1 
 1 1 1 1 
 1 1 1 1 
 1 1 1 1 
 1 1 1 1 
 1 1 1 1 
 1 1 1 1 
 1 1 1 1 
 1 1 1 1 
 1 1 1 1 
 1 1 1 1 
 1 1 1 1 
 1 1 1 1 
 1 1 1 1 
 1 1 1 1 
 1 1 1 1 
 1 1 1 1 
 1 1 1 1 
 1 1 1 1 
 1 1 1 1 
 1 1 1 1 
 1 1 1 1 
 1 1 1 1 
 1 1 1 1 
 1 1 1 1 
 1 1 1 1 
 1 1 1 1 
 1 1 1 1 
 1 1 1 1 
 1 1 1 1 
 1 1 1 1 
 1 1 1 1 
 1 1 1 1 
 1 1 1 1 
 1 1 1 1 
 1 1 1 1 
 1 1 1 1 
 1 1 1 1 
 1 1 1 1 
 1 1 1 1 
 1 1 1 1 
 1 1 1 1 
 1 1 1 1 
 1 1 1 1 
 1 1 1 1 
 1 1 1 1 
 1 1 1 1 
 1 1 1 1 
 1 1 1 1 
 1 1 1 1 
 1 1 1 1 
 1 1 1 1 
 1 1 1 1 
 1 1 1 1 
 1 1 1 1 
 2 1 1 2 
 1 1 1 1 
 1 1 1 1 
 1 1 1 1 
 1 1 1 1 
 1 1 1 1 
 1 1 1 1 
 1 1 1 1 
 1 1 1 1 
 1 1 1 1 
 1 1 1 1 
 1 1 1 1 
 1 1 1 1 
 1 1 1 1 
 2 1 1 2 
 1 1 1 1 
 1 1 1 1 
 1 1 1 1 
 1 1 1 1 
 1 1 1 1 
 1 1 1 1 
 1 1 1 1 
 1 1 1 1 
 1 1 1 1 
 1 1 1 1 
 1 1 1 1 
 1 1 1 1 
 1 1 1 1 
 1 1 1 1 
 1 1 1 1 
 1 1 1 1 
 1 1 1 1 
 1 1 1 1 
 1 1 1 1 
 1 1 1 1 
 1 1 1 1 
 1 1 1 1 
 1 1 1 1 
 1 1 1 1 
 1 1 1 1 
 vertexCoord 
-0.600000 -1.000000 
 -0.600000 1.000000 
 0.600000 1.000000 
 0.600000 -1.000000 
 -1.000000 1.000000 
 -1.000000 -1.000000 
 1.000000 1.000000 
 1.000000 -1.000000 
 -0.600000 0.000000 
 -0.600000 -0.499925 
 -0.600000 -0.799900 
 -0.600000 -0.899950 
 -0.600000 -0.699905 
 -0.600000 -0.599911 
 -0.600000 -0.299909 
 -0.600000 -0.399922 
 -0.600000 -0.199897 
 -0.600000 -0.099948 
 -0.600000 0.500000 
 -0.600000 0.200054 
 -0.600000 0.100027 
 -0.600000 0.300053 
 -0.600000 0.400052 
 -0.600000 0.700072 
 -0.600000 0.600041 
 -0.600000 0.800103 
 -0.600000 0.900052 
 0.600000 0.000000 
 0.600000 0.499925 
 0.600000 0.799919 
 0.600000 0.899902 
 0.600000 0.699934 
 0.600000 0.599948 
 0.600000 0.299900 
 0.600000 0.399902 
 0.600000 0.199931 
 0.600000 0.099965 
 0.600000 -0.500000 
 0.600000 -0.200072 
 0.600000 -0.100036 
 0.600000 -0.300103 
 0.600000 -0.400052 
 0.600000 -0.700081 
 0.600000 -0.600098 
 0.600000 -0.800103 
 0.600000 -0.900052 
 -0.800000 1.000000 
 -0.900000 1.000000 
 -0.700000 1.000000 
 0.000000 1.000000 
 -0.300000 1.000000 
 -0.500006 1.000000 
 -0.400003 1.000000 
 -0.200006 1.000000 
 -0.100003 1.000000 
 0.300000 1.000000 
 0.099902 1.000000 
 0.199951 1.000000 
 0.399976 1.000000 
 0.499951 1.000000 
 0.800000 1.000000 
 0.700000 1.000000 
 0.900000 1.000000 
 -1.000000 0.000000 
 -1.000000 -0.499907 
 -1.000000 -0.799928 
 -1.000000 -0.899959 
 -1.000000 -0.699897 
 -1.000000 -0.599902 
 -1.000000 -0.299919 
 -1.000000 -0.399902 
 -1.000000 -0.199943 
 -1.000000 -0.099971 
 -1.000000 0.500074 
 -1.000000 0.200081 
 -1.000000 0.100098 
 -1.000000 0.300066 
 -1.000000 0.400071 
 -1.000000 0.700081 
 -1.000000 0.600078 
 -1.000000 0.800066 
 -1.000000 0.900052 
 0.800000 -1.000000 
 0.900000 -1.000000 
 0.700000 -1.000000 
 0.000000 -1.000000 
 0.300000 -1.000000 
 0.500098 -1.000000 
 0.400049 -1.000000 
 0.200098 -1.000000 
 0.100049 -1.000000 
 -0.299927 -1.000000 
 -0.099957 -1.000000 
 -0.199942 -1.000000 
 -0.399939 -1.000000 
 -0.499969 -1.000000 
 -0.800000 -1.000000 
 -0.700000 -1.000000 
 -0.900000 -1.000000 
 1.000000 0.000000 
 1.000000 0.499917 
 1.000000 0.799900 
 1.000000 0.899902 
 1.000000 0.699897 
 1.000000 0.599907 
 1.000000 0.299919 
 1.000000 0.399922 
 1.000000 0.199934 
 1.000000 0.099967 
 1.000000 -0.500000 
 1.000000 -0.200072 
 1.000000 -0.100041 
 1.000000 -0.300103 
 1.000000 -0.400052 
 1.000000 -0.700081 
 1.000000 -0.600041 
 1.000000 -0.800103 
 1.000000 -0.900052 
 0.524755 -0.938515 
 0.520573 -0.854165 
 0.453452 -0.802870 
 0.348430 -0.743538 
 -0.363799 -0.769845 
 0.038640 -0.325592 
 -0.532246 -0.934635 
 0.000635 0.352833 
 0.372240 0.804854 
 0.524841 0.917234 
 -0.510330 0.890101 
 0.531278 -0.751424 
 0.406985 -0.921797 
 0.215537 -0.879003 
 0.480065 -0.583390 
 -0.228868 -0.854399 
 -0.451996 -0.763442 
 -0.409809 -0.847030 
 0.288779 -0.239820 
 -0.299425 -0.330571 
 -0.165503 -0.514736 
 0.328387 0.420620 
 -0.289821 0.339017 
 0.017564 0.692428 
 0.033715 -0.005577 
 0.290744 0.894123 
 0.377916 0.912412 
 -0.522690 0.747346 
 -0.420003 0.905104 
 -0.327617 0.913241 
 -0.543221 0.826300 
 0.412376 -0.752241 
 0.368114 -0.824730 
 0.134327 -0.911127 
 0.288782 -0.817121 
 0.296586 -0.907108 
 0.535103 -0.535328 
 0.414738 -0.682134 
 0.539445 -0.645865 
 -0.175988 -0.935124 
 -0.267428 -0.927516 
 -0.320677 -0.850285 
 -0.492902 -0.670997 
 -0.541020 -0.615644 
 -0.403031 -0.690638 
 -0.512192 -0.843117 
 -0.531418 -0.755472 
 -0.358288 -0.924955 
 -0.451949 -0.924899 
 0.446499 -0.245013 
 0.447398 -0.154364 
 0.383976 -0.424050 
 0.136773 -0.273115 
 -0.455862 -0.292755 
 -0.461552 -0.211333 
 -0.167053 -0.335602 
 -0.232723 -0.692916 
 -0.096393 -0.364404 
 -0.225402 -0.442269 
 0.091158 -0.429024 
 0.040295 -0.503838 
 0.258807 -0.625545 
 0.458565 0.342535 
 0.470963 0.279235 
 0.160265 0.389031 
 0.339112 0.607695 
 -0.440684 0.315762 
 -0.448428 0.392969 
 -0.438084 0.238368 
 -0.138506 0.318457 
 -0.002222 0.845385 
 0.031342 0.516629 
 -0.219750 0.745134 
 0.034926 -0.148720 
 0.169432 -0.136556 
 0.009233 0.163020 
 -0.141365 0.192992 
 0.553907 0.701835 
 0.532230 0.812745 
 0.177804 0.791208 
 0.452132 0.934913 
 -0.565301 0.700444 
 -0.483086 0.793897 
 0.062645 -0.908945 
 0.474198 -0.705461 
 -0.089216 -0.936378 
 0.507675 -0.199110 
 0.525988 -0.270975 
 0.517173 -0.035568 
 0.367993 -0.206858 
 0.518493 -0.125117 
 0.360425 -0.315403 
 0.231872 -0.494417 
 0.395452 -0.524556 
 0.464192 -0.460903 
 0.076914 -0.275188 
 0.210299 -0.263712 
 -0.525638 -0.344958 
 -0.378267 -0.314273 
 -0.530093 -0.159617 
 -0.403621 -0.250693 
 -0.046783 -0.276866 
 -0.225442 -0.362728 
 -0.319883 -0.692746 
 -0.187226 -0.778155 
 -0.194204 -0.607753 
 -0.278291 -0.772272 
 -0.249107 -0.528084 
 -0.158408 -0.418163 
 0.106276 -0.330717 
 -0.007290 -0.398161 
 -0.070528 -0.487056 
 -0.099140 -0.604996 
 0.142370 -0.502780 
 0.265649 -0.719792 
 0.335144 -0.659021 
 0.494628 0.417171 
 0.401519 0.378608 
 0.533842 0.244212 
 0.403928 0.304309 
 0.078621 0.374149 
 0.245882 0.401625 
 0.365414 0.691417 
 0.183855 0.626586 
 0.338285 0.484403 
 0.428298 0.607874 
 -0.503223 0.284438 
 -0.373661 0.356388 
 -0.383000 0.424643 
 -0.515272 0.446234 
 -0.492642 0.552908 
 -0.497272 0.107055 
 -0.354248 0.271576 
 -0.511858 0.214583 
 -0.071297 0.340958 
 -0.205965 0.331006 
 0.040937 0.944162 
 -0.050662 0.925060 
 0.026574 0.768256 
 0.018326 0.436487 
 0.098733 0.455459 
 -0.057540 0.422832 
 0.025710 0.606072 
 -0.353993 0.819620 
 -0.131313 0.750502 
 -0.184730 0.835740 
 0.019424 -0.233256 
 -0.109721 -0.186131 
 0.066543 -0.076345 
 0.223993 -0.177680 
 0.298999 -0.131145 
 0.105659 -0.020512 
 0.108827 -0.141247 
 0.155717 -0.200455 
 -0.014317 0.259189 
 0.056349 0.296988 
 0.017597 0.076314 
 -0.257936 0.264778 
 -0.304114 0.196061 
 -0.053149 0.107794 
 -0.065061 0.187506 
 -0.176966 0.259921 
 0.452406 0.840583 
 0.100560 0.737827 
 0.091050 0.812555 
 0.283481 0.777816 
 0.209841 0.873111 
 0.003805 -0.930601 
 0.458601 -0.339914 
 0.532866 0.152900 
 0.266637 -0.553596 
 0.303120 -0.407313 
 0.203896 -0.420371 
 0.321244 -0.495881 
 0.526915 -0.421715 
 -0.527703 -0.440886 
 -0.280711 -0.397442 
 -0.529721 -0.072420 
 -0.528365 -0.248614 
 -0.331320 -0.249727 
 -0.427700 -0.622176 
 -0.143598 -0.863041 
 -0.281551 -0.613390 
 0.014269 -0.778860 
 0.193401 -0.572626 
 0.217362 -0.798284 
 0.391051 -0.605387 
 0.526892 0.331307 
 0.314269 0.332175 
 0.105783 0.654641 
 0.187639 0.709738 
 0.264871 0.598656 
 0.267562 0.475918 
 0.411612 0.453355 
 0.529148 0.582325 
 0.485604 0.514687 
 0.462223 0.716996 
 -0.302118 0.566620 
 -0.517934 0.356585 
 -0.505914 0.657925 
 -0.430166 0.475165 
 -0.465674 -0.061054 
 0.120220 0.553976 
 -0.142623 0.401662 
 -0.031040 0.485032 
 -0.431369 0.807744 
 -0.069361 0.657688 
 -0.042489 0.759161 
 -0.270294 0.830278 
 -0.145115 0.919896 
 -0.239112 0.917871 
 -0.125279 -0.263319 
 -0.044782 -0.163510 
 0.379648 -0.121930 
 0.218175 -0.090636 
 0.088763 -0.211997 
 0.139522 0.313873 
 0.085577 0.130661 
 -0.376166 0.198719 
 -0.220832 0.193656 
 -0.061688 0.008775 
 -0.099473 0.259843 
 0.085728 0.876202 
 0.141411 0.922907 
 0.542301 -0.346552 
 0.472329 0.202005 
 0.522999 0.058515 
 0.430115 0.017482 
 0.266958 -0.338025 
 -0.534879 -0.528600 
 -0.306250 -0.460971 
 -0.439916 -0.392008 
 -0.073182 -0.877590 
 -0.361344 -0.619703 
 0.075940 -0.846261 
 -0.000152 -0.856134 
 -0.081343 -0.791995 
 -0.040876 -0.695502 
 0.069903 -0.694831 
 0.328056 -0.577331 
 0.270729 0.668651 
 0.306395 0.542410 
 0.384884 0.535070 
 -0.258374 0.653818 
 -0.386247 0.558956 
 -0.347263 0.487688 
 -0.182392 0.489239 
 -0.520675 0.012226 
 -0.388783 0.075645 
 -0.462777 -0.132047 
 0.183938 0.470089 
 -0.444360 0.713091 
 -0.046177 0.555338 
 -0.092755 0.839291 
 -0.233723 -0.269683 
 0.141039 -0.074103 
 0.222219 0.322367 
 0.069395 0.213175 
 0.100944 0.047070 
 -0.112267 0.133816 
 -0.013093 -0.078897 
 0.141167 0.855197 
 0.421307 0.244948 
 0.457841 0.116308 
 0.346181 -0.050925 
 0.243055 0.069824 
 0.437669 -0.066357 
 0.187897 -0.350668 
 -0.477558 -0.579739 
 -0.347925 -0.394209 
 -0.461926 -0.490524 
 -0.332044 -0.539138 
 0.150537 -0.826469 
 -0.000583 -0.596669 
 -0.139252 -0.695220 
 0.094543 -0.779461 
 0.165512 -0.744678 
 0.101544 -0.589395 
 0.221140 0.544606 
 -0.302269 0.735361 
 -0.171986 0.659214 
 -0.334757 0.638662 
 -0.315429 0.412030 
 -0.100307 0.492039 
 -0.266433 0.489005 
 -0.219118 0.572077 
 -0.351813 0.130057 
 -0.417379 -0.007377 
 -0.427329 0.160738 
 -0.392862 -0.186771 
 -0.410489 0.633719 
 -0.327290 -0.080659 
 0.120321 0.252067 
 -0.132897 0.069920 
 0.402393 0.182121 
 0.167371 0.099849 
 0.237727 0.162423 
 0.328165 0.036843 
 0.186055 0.006394 
 -0.382497 -0.471224 
 0.175803 -0.657811 
 -0.376444 0.724651 
 -0.231687 0.404879 
 -0.133408 0.574566 
 -0.263186 0.128603 
 -0.181759 -0.109684 
 -0.326779 0.000716 
 -0.304094 -0.172341 
 -0.395013 -0.106708 
 0.328184 0.175995 
 0.198320 0.247589 
 0.275053 0.249906 
 0.146452 0.184294 
 0.267782 -0.029593 
 -0.407178 -0.553751 
 -0.181715 0.130013 
 -0.107271 -0.088007 
 -0.201042 -0.187155 
 -0.301270 0.067902 
 0.357522 0.248242 
 0.375134 0.106317 
 0.302453 0.110280 
 -0.172160 -0.016745 
 -0.253461 -0.120617 
 -0.253120 -0.053246 
 -0.218091 0.065166 
 -0.254284 0.012759 
 -0.673433 -0.921027 
 -0.718489 -0.862272 
 -0.908187 -0.935747 
 -0.808864 -0.639265 
 -0.786904 -0.307693 
 -0.769323 -0.072354 
 -0.797239 0.155154 
 -0.797004 0.311932 
 -0.787687 0.528444 
 -0.799829 0.778999 
 -0.660618 0.937987 
 -0.938485 0.934937 
 -0.752568 -0.920083 
 -0.921267 -0.848747 
 -0.916795 -0.631698 
 -0.704690 -0.672154 
 -0.854987 -0.564290 
 -0.727151 -0.775874 
 -0.697134 -0.571607 
 -0.691126 -0.358564 
 -0.889291 -0.367273 
 -0.894207 -0.235754 
 -0.690299 -0.257065 
 -0.672560 -0.071082 
 -0.939387 -0.076516 
 -0.697076 0.120479 
 -0.896995 0.116761 
 -0.790395 0.055299 
 -0.718250 0.290699 
 -0.876962 0.291936 
 -0.797556 0.239442 
 -0.678635 0.526567 
 -0.902691 0.543951 
 -0.908692 0.656059 
 -0.700013 0.627091 
 -0.795136 0.430841 
 -0.797763 0.906735 
 -0.694601 0.782515 
 -0.902121 0.763404 
 -0.836453 -0.892855 
 -0.912355 -0.742599 
 -0.660032 -0.753061 
 -0.851856 -0.474056 
 -0.783873 -0.837270 
 -0.798293 -0.747074 
 -0.661613 -0.836420 
 -0.690351 -0.464543 
 -0.932908 -0.456278 
 -0.868693 -0.123362 
 -0.687668 -0.161953 
 -0.688437 0.017332 
 -0.893300 -0.005579 
 -0.701687 0.217647 
 -0.894792 0.217240 
 -0.656352 0.449064 
 -0.937380 0.455580 
 -0.834525 0.702454 
 -0.757604 0.368216 
 -0.835153 0.372788 
 -0.731013 0.926414 
 -0.867496 0.924768 
 -0.852823 -0.815284 
 -0.774027 -0.536200 
 -0.779818 -0.421040 
 -0.923392 -0.540233 
 -0.779619 -0.198418 
 -0.940457 -0.147109 
 -0.725155 0.446172 
 -0.864802 0.454987 
 -0.740297 0.702919 
 -0.812817 0.626383 
 -0.676227 0.375709 
 -0.919050 0.379238 
 -0.756336 0.850843 
 -0.841630 0.847549 
 -0.673761 0.866319 
 -0.924955 0.861796 
 0.682314 0.918279 
 0.801471 0.624733 
 0.910627 0.929289 
 0.791302 0.302909 
 0.771285 0.064021 
 0.802881 -0.161296 
 0.804384 -0.310555 
 0.791429 -0.535464 
 0.808669 -0.780617 
 0.661579 -0.935729 
 0.940049 -0.937466 
 0.909415 0.640032 
 0.704503 0.671906 
 0.855052 0.557787 
 0.744833 0.765237 
 0.696481 0.562085 
 0.756741 0.932029 
 0.919471 0.842990 
 0.693519 0.354563 
 0.895022 0.368908 
 0.895801 0.234590 
 0.693359 0.249542 
 0.671355 0.057024 
 0.939303 0.075472 
 0.699790 -0.124959 
 0.902295 -0.118134 
 0.794918 -0.060954 
 0.722291 -0.294325 
 0.891520 -0.286939 
 0.803737 -0.242370 
 0.682108 -0.527313 
 0.904808 -0.547851 
 0.914306 -0.656922 
 0.705663 -0.615604 
 0.799946 -0.435653 
 0.803370 -0.909029 
 0.698275 -0.783083 
 0.905791 -0.764490 
 0.914111 0.747579 
 0.665320 0.752892 
 0.857371 0.470043 
 0.818271 0.707955 
 0.675261 0.831295 
 0.756123 0.855901 
 0.842295 0.890321 
 0.692540 0.457859 
 0.935733 0.455205 
 0.871399 0.119342 
 0.689500 0.147368 
 0.695989 -0.026232 
 0.897271 0.000880 
 0.704783 -0.220521 
 0.911091 -0.209572 
 0.661789 -0.458111 
 0.941127 -0.456508 
 0.837980 -0.706045 
 0.764278 -0.373027 
 0.842513 -0.373845 
 0.733571 -0.926871 
 0.870305 -0.925806 
 0.780733 0.516890 
 0.832517 0.801664 
 0.785081 0.411862 
 0.926269 0.537235 
 0.785441 0.186295 
 0.941301 0.145861 
 0.733764 -0.454600 
 0.867435 -0.454527 
 0.744503 -0.701231 
 0.816631 -0.626966 
 0.679387 -0.378661 
 0.923766 -0.378662 
 0.761341 -0.851906 
 0.846533 -0.848931 
 0.675794 -0.866290 
 0.927113 -0.862808 
 bc_tag 
147 
141 
78 
71 
5 
2 
16 
18 
153 
153 
153 
153 
153 
153 
153 
153 
153 
153 
153 
153 
153 
153 
153 
153 
153 
153 
153 
85 
85 
85 
85 
85 
85 
85 
85 
85 
85 
85 
85 
85 
85 
85 
85 
85 
85 
85 
23 
23 
23 
142 
142 
142 
142 
142 
142 
142 
142 
142 
142 
142 
79 
79 
79 
6 
6 
6 
6 
6 
6 
6 
6 
6 
6 
6 
6 
6 
6 
6 
6 
6 
6 
6 
24 
24 
24 
72 
72 
72 
72 
72 
72 
72 
72 
72 
72 
72 
148 
148 
148 
14 
14 
14 
14 
14 
14 
14 
14 
14 
14 
14 
14 
14 
14 
14 
14 
14 
14 
14 
156 
156 
156 
156 
156 
156 
156 
156 
156 
156 
156 
156 
156 
156 
156 
156 
156 
156 
156 
156 
156 
156 
156 
156 
156 
156 
156 
156 
156 
156 
156 
156 
156 
156 
156 
156 
156 
156 
156 
156 
156 
156 
156 
156 
156 
156 
156 
156 
156 
156 
156 
156 
156 
156 
156 
156 
156 
156 
156 
156 
156 
156 
156 
156 
156 
156 
156 
156 
156 
156 
156 
156 
156 
156 
156 
156 
156 
156 
156 
156 
156 
156 
156 
156 
156 
156 
156 
156 
156 
156 
156 
156 
156 
156 
156 
156 
156 
156 
156 
156 
156 
156 
156 
156 
156 
156 
156 
156 
156 
156 
156 
156 
156 
156 
156 
156 
156 
156 
156 
156 
156 
156 
156 
156 
156 
156 
156 
156 
156 
156 
156 
156 
156 
156 
156 
156 
156 
156 
156 
156 
156 
156 
156 
156 
156 
156 
156 
156 
156 
156 
156 
156 
156 
156 
156 
156 
156 
156 
156 
156 
156 
156 
156 
156 
156 
156 
156 
156 
156 
156 
156 
156 
156 
156 
156 
156 
156 
156 
156 
156 
156 
156 
156 
156 
156 
156 
156 
156 
156 
156 
156 
156 
156 
156 
156 
156 
156 
156 
156 
156 
156 
156 
156 
156 
156 
156 
156 
156 
156 
156 
156 
156 
156 
156 
156 
156 
156 
156 
156 
156 
156 
156 
156 
156 
156 
156 
156 
156 
156 
156 
156 
156 
156 
156 
156 
156 
156 
156 
156 
156 
156 
156 
156 
156 
156 
156 
156 
156 
156 
156 
156 
156 
156 
156 
156 
156 
156 
156 
156 
156 
156 
156 
156 
156 
156 
156 
156 
156 
156 
156 
156 
156 
156 
156 
156 
156 
156 
156 
156 
156 
156 
156 
156 
156 
156 
156 
156 
156 
156 
156 
156 
156 
156 
156 
156 
156 
156 
156 
156 
156 
156 
156 
156 
156 
156 
156 
156 
156 
156 
156 
156 
156 
156 
156 
156 
156 
156 
156 
156 
156 
156 
156 
156 
156 
156 
156 
156 
88 
88 
88 
88 
88 
88 
88 
88 
88 
88 
88 
88 
88 
88 
88 
88 
88 
88 
88 
88 
88 
88 
88 
88 
88 
88 
88 
88 
88 
88 
88 
88 
88 
88 
88 
88 
88 
88 
88 
88 
88 
88 
88 
88 
88 
88 
88 
88 
88 
88 
88 
88 
88 
88 
88 
88 
88 
88 
88 
88 
88 
88 
88 
88 
88 
88 
88 
88 
88 
88 
88 
88 
88 
88 
88 
88 
88 
26 
26 
26 
26 
26 
26 
26 
26 
26 
26 
26 
26 
26 
26 
26 
26 
26 
26 
26 
26 
26 
26 
26 
26 
26 
26 
26 
26 
26 
26 
26 
26 
26 
26 
26 
26 
26 
26 
26 
26 
26 
26 
26 
26 
26 
26 
26 
26 
26 
26 
26 
26 
26 
26 
26 
26 
26 
26 
26 
26 
26 
26 
26 
26 
26 
26 
26 
26 
26 
26 
26 
26 
26 
26 
26 
26 
153 
153 
153 
153 
153 
153 
153 
153 
153 
153 
153 
153 
153 
153 
153 
153 
153 
153 
153 
153 
85 
85 
85 
85 
85 
85 
85 
85 
85 
85 
85 
85 
85 
85 
85 
85 
85 
85 
85 
85 
142 
142 
142 
142 
142 
142 
142 
142 
142 
142 
142 
142 
72 
72 
72 
72 
72 
72 
72 
72 
72 
72 
72 
72 
156 
156 
156 
156 
156 
156 
156 
156 
156 
156 
156 
156 
156 
156 
156 
156 
156 
156 
156 
156 
156 
156 
156 
156 
156 
156 
156 
156 
156 
156 
156 
156 
156 
156 
156 
156 
156 
156 
156 
156 
156 
156 
156 
156 
156 
156 
156 
156 
156 
156 
156 
156 
156 
156 
156 
156 
156 
156 
156 
156 
156 
156 
156 
156 
156 
156 
156 
156 
156 
156 
156 
156 
156 
156 
156 
156 
156 
156 
156 
156 
156 
156 
156 
156 
156 
156 
156 
156 
156 
156 
156 
156 
156 
156 
156 
156 
156 
156 
156 
156 
156 
156 
156 
156 
156 
156 
156 
156 
156 
156 
156 
156 
156 
156 
156 
156 
156 
156 
156 
156 
156 
156 
156 
156 
156 
156 
156 
156 
156 
156 
156 
156 
156 
156 
156 
156 
156 
156 
156 
156 
156 
156 
156 
156 
156 
156 
156 
156 
156 
156 
156 
156 
156 
156 
156 
156 
156 
156 
156 
156 
156 
156 
156 
156 
156 
156 
156 
156 
156 
156 
156 
156 
156 
156 
156 
156 
156 
156 
156 
156 
156 
156 
156 
156 
156 
156 
156 
156 
156 
156 
156 
156 
156 
156 
156 
156 
156 
156 
156 
156 
156 
156 
156 
156 
156 
156 
156 
156 
156 
156 
156 
156 
156 
156 
156 
156 
156 
156 
156 
156 
156 
156 
156 
156 
156 
156 
156 
156 
156 
156 
156 
156 
156 
156 
156 
156 
156 
156 
156 
156 
156 
156 
156 
156 
156 
156 
156 
156 
156 
156 
156 
156 
156 
156 
156 
156 
156 
156 
156 
156 
156 
156 
156 
156 
156 
156 
156 
156 
156 
156 
156 
156 
156 
156 
156 
156 
156 
156 
156 
156 
156 
156 
156 
156 
156 
156 
156 
156 
156 
156 
156 
156 
156 
156 
156 
156 
156 
156 
156 
156 
156 
156 
156 
156 
156 
156 
156 
156 
156 
156 
156 
156 
156 
156 
156 
156 
156 
156 
156 
156 
156 
156 
156 
156 
156 
156 
156 
156 
156 
156 
156 
156 
156 
156 
156 
156 
156 
156 
156 
156 
156 
156 
156 
156 
156 
156 
156 
156 
156 
156 
156 
156 
156 
156 
156 
156 
156 
156 
156 
156 
156 
156 
156 
156 
156 
156 
156 
156 
156 
156 
156 
156 
156 
156 
156 
156 
156 
156 
156 
156 
156 
156 
156 
156 
156 
156 
156 
156 
156 
156 
156 
156 
156 
156 
156 
156 
156 
156 
156 
156 
156 
156 
156 
156 
156 
156 
156 
156 
156 
156 
156 
156 
156 
156 
156 
156 
156 
156 
156 
156 
156 
156 
156 
156 
156 
156 
156 
156 
156 
156 
156 
156 
156 
156 
156 
156 
156 
156 
156 
156 
156 
156 
156 
156 
156 
156 
156 
156 
156 
156 
156 
156 
156 
156 
156 
156 
156 
156 
156 
156 
156 
156 
156 
156 
156 
156 
156 
156 
156 
156 
156 
156 
156 
156 
156 
156 
156 
156 
156 
156 
156 
156 
156 
156 
156 
156 
156 
156 
156 
156 
156 
156 
156 
156 
156 
156 
156 
156 
156 
156 
156 
156 
156 
156 
156 
156 
156 
156 
156 
156 
156 
156 
156 
156 
156 
156 
156 
156 
156 
156 
156 
156 
156 
156 
156 
156 
156 
156 
156 
156 
156 
156 
156 
156 
156 
156 
156 
156 
156 
156 
156 
156 
156 
156 
156 
156 
156 
156 
156 
156 
156 
156 
156 
156 
156 
156 
156 
156 
156 
156 
156 
156 
156 
156 
156 
156 
156 
156 
156 
156 
156 
156 
156 
156 
156 
156 
156 
156 
156 
156 
156 
156 
156 
156 
156 
156 
156 
156 
156 
156 
156 
156 
156 
156 
156 
156 
156 
156 
156 
156 
156 
156 
156 
156 
156 
156 
156 
156 
156 
156 
156 
156 
156 
156 
156 
156 
156 
156 
156 
156 
156 
156 
156 
156 
156 
156 
156 
156 
156 
156 
156 
156 
156 
156 
156 
156 
156 
156 
156 
156 
156 
156 
156 
156 
156 
156 
156 
156 
156 
156 
156 
156 
156 
156 
156 
156 
156 
156 
156 
156 
156 
156 
156 
156 
156 
156 
156 
156 
156 
156 
156 
156 
156 
156 
156 
156 
156 
156 
156 
156 
156 
156 
156 
156 
156 
156 
156 
156 
156 
156 
156 
156 
156 
156 
156 
156 
156 
156 
156 
156 
156 
156 
156 
156 
156 
156 
156 
156 
156 
156 
156 
156 
156 
156 
156 
156 
156 
156 
156 
156 
156 
156 
156 
156 
156 
156 
156 
156 
156 
156 
156 
156 
156 
156 
156 
156 
156 
156 
156 
156 
156 
156 
156 
156 
156 
156 
156 
156 
156 
156 
156 
156 
156 
156 
156 
156 
156 
156 
156 
156 
156 
156 
156 
156 
156 
156 
156 
156 
156 
156 
156 
156 
156 
156 
156 
156 
156 
156 
156 
156 
156 
156 
156 
156 
156 
156 
156 
156 
156 
156 
156 
156 
156 
156 
156 
156 
156 
156 
156 
156 
156 
156 
156 
156 
156 
156 
156 
156 
156 
156 
156 
156 
156 
156 
156 
156 
156 
156 
156 
156 
156 
156 
156 
156 
156 
156 
156 
156 
156 
156 
156 
156 
156 
156 
156 
156 
156 
156 
156 
156 
156 
156 
156 
156 
156 
156 
156 
156 
156 
156 
156 
156 
156 
156 
156 
156 
156 
156 
156 
156 
156 
156 
156 
156 
156 
156 
156 
156 
156 
156 
156 
156 
156 
156 
156 
156 
156 
156 
156 
156 
156 
156 
156 
156 
156 
156 
156 
156 
156 
156 
156 
156 
156 
156 
156 
156 
156 
156 
156 
156 
156 
156 
156 
156 
156 
156 
156 
156 
156 
156 
156 
156 
156 
156 
156 
156 
156 
156 
156 
156 
156 
156 
156 
156 
156 
156 
156 
156 
156 
156 
156 
156 
156 
156 
156 
156 
156 
156 
156 
156 
156 
156 
156 
156 
156 
156 
156 
156 
156 
156 
156 
156 
156 
156 
156 
156 
156 
156 
156 
156 
156 
156 
156 
156 
156 
156 
156 
156 
156 
156 
156 
156 
156 
156 
156 
156 
156 
156 
156 
156 
156 
156 
156 
156 
156 
156 
156 
156 
156 
156 
156 
156 
156 
156 
156 
156 
156 
156 
156 
156 
156 
156 
156 
156 
156 
156 
156 
156 
156 
156 
156 
156 
156 
156 
156 
156 
156 
156 
156 
156 
156 
156 
156 
156 
156 
156 
156 
156 
156 
156 
156 
156 
156 
156 
156 
156 
156 
156 
156 
156 
156 
156 
