Edge min = 0.016435, max=0.052401, average=0.036306;
Grid_size 392
Node_size 229
Total_DOF 2056
maxDOF 15
Solution_Order
1 4 4 
 meshIEN 
113 91 3 
 3 38 113 
 114 2 92 
 114 14 2 
 43 44 120 
 48 51 126 
 54 55 129 
 58 4 133 
 133 4 69 
 134 68 1 
 134 1 34 
 91 113 135 
 135 92 91 
 135 114 92 
 136 113 38 
 38 39 136 
 136 135 113 
 14 114 137 
 114 135 137 
 137 15 14 
 115 116 138 
 138 13 15 
 139 116 115 
 39 37 139 
 139 136 39 
 115 136 139 
 140 117 116 
 37 40 140 
 140 139 37 
 116 139 140 
 116 117 141 
 141 16 13 
 13 138 141 
 141 138 116 
 142 118 117 
 40 41 142 
 142 140 40 
 117 140 142 
 117 118 143 
 143 17 16 
 16 141 143 
 143 141 117 
 36 43 144 
 43 120 144 
 145 19 12 
 119 144 145 
 145 144 120 
 118 119 146 
 146 12 17 
 17 143 146 
 146 143 118 
 146 145 12 
 119 145 146 
 147 119 118 
 41 36 147 
 147 142 41 
 118 142 147 
 36 144 147 
 147 144 119 
 148 120 44 
 44 42 148 
 120 148 149 
 149 148 121 
 45 46 150 
 151 22 21 
 152 122 121 
 42 45 152 
 152 148 42 
 121 148 152 
 45 150 152 
 152 150 122 
 121 122 153 
 153 21 18 
 153 151 21 
 122 151 153 
 46 35 154 
 154 150 46 
 155 11 22 
 22 151 155 
 156 124 123 
 35 49 156 
 156 154 35 
 123 154 156 
 123 124 157 
 157 25 11 
 11 155 157 
 157 155 123 
 50 48 158 
 48 126 158 
 159 24 26 
 125 158 159 
 159 158 126 
 124 125 160 
 160 26 25 
 25 157 160 
 160 157 124 
 160 159 26 
 125 159 160 
 161 125 124 
 49 50 161 
 161 156 49 
 124 156 161 
 50 158 161 
 161 158 125 
 162 126 51 
 51 52 162 
 126 162 163 
 163 162 127 
 47 54 164 
 54 129 164 
 165 30 23 
 128 164 165 
 165 164 129 
 127 128 166 
 166 23 28 
 166 165 23 
 128 165 166 
 167 128 127 
 52 47 167 
 167 162 52 
 127 162 167 
 47 164 167 
 167 164 128 
 168 129 55 
 55 53 168 
 129 168 169 
 169 168 130 
 130 131 170 
 170 33 29 
 171 131 130 
 53 57 171 
 171 168 53 
 130 168 171 
 56 58 172 
 58 133 172 
 173 34 32 
 173 134 34 
 131 132 174 
 174 32 33 
 33 170 174 
 174 170 131 
 174 173 32 
 132 173 174 
 175 132 131 
 57 56 175 
 175 171 57 
 131 171 175 
 56 172 175 
 175 172 132 
 68 134 176 
 176 172 133 
 176 69 68 
 176 133 69 
 134 173 176 
 20 149 177 
 177 18 20 
 177 149 121 
 177 153 18 
 121 153 177 
 150 154 178 
 178 155 151 
 123 155 178 
 178 154 123 
 178 151 122 
 122 150 178 
 27 163 179 
 179 28 27 
 179 163 127 
 179 166 28 
 127 166 179 
 31 169 180 
 180 29 31 
 180 169 130 
 180 170 29 
 130 170 180 
 137 115 138 
 138 15 137 
 149 20 19 
 163 27 24 
 169 31 30 
 115 137 135 
 135 136 115 
 176 173 132 
 132 172 176 
 145 120 149 
 149 19 145 
 159 126 163 
 163 24 159 
 165 129 169 
 169 30 165 
 9 112 90 
 58 70 4 
 90 112 181 
 181 112 111 
 181 3 90 
 181 38 3 
 182 111 109 
 182 181 111 
 38 181 182 
 182 39 38 
 183 109 110 
 183 182 109 
 39 182 183 
 183 37 39 
 184 110 104 
 184 183 110 
 37 183 184 
 184 40 37 
 185 36 41 
 185 184 104 
 40 184 185 
 185 41 40 
 186 108 107 
 36 185 186 
 186 104 108 
 186 185 104 
 187 107 105 
 187 186 107 
 36 186 187 
 187 43 36 
 188 105 106 
 188 187 105 
 43 187 188 
 188 44 43 
 189 45 42 
 189 188 106 
 44 188 189 
 189 42 44 
 190 46 45 
 45 189 190 
 190 106 94 
 190 189 106 
 191 35 46 
 46 190 191 
 191 94 103 
 191 190 94 
 192 49 35 
 35 191 192 
 192 103 102 
 192 191 103 
 193 50 49 
 49 192 193 
 193 102 100 
 193 192 102 
 194 48 50 
 50 193 194 
 194 100 101 
 194 193 100 
 195 51 48 
 48 194 195 
 195 101 95 
 195 194 101 
 196 52 51 
 51 195 196 
 196 95 99 
 196 195 95 
 197 47 52 
 52 196 197 
 197 99 98 
 197 196 99 
 198 54 47 
 47 197 198 
 198 98 96 
 198 197 98 
 199 55 54 
 54 198 199 
 199 96 97 
 199 198 96 
 200 53 55 
 55 199 200 
 200 97 10 
 200 199 97 
 201 57 53 
 53 200 201 
 201 10 66 
 201 200 10 
 202 56 57 
 57 201 202 
 202 66 65 
 202 201 66 
 203 63 64 
 56 202 203 
 203 65 63 
 203 202 65 
 204 70 58 
 204 203 64 
 204 64 6 
 204 6 70 
 56 203 204 
 204 58 56 
 5 62 67 
 14 15 205 
 2 14 205 
 205 93 2 
 205 8 93 
 205 74 8 
 15 13 206 
 206 205 15 
 74 205 206 
 206 73 74 
 13 16 207 
 207 76 75 
 208 206 13 
 208 207 75 
 13 207 208 
 73 206 208 
 208 75 73 
 16 17 209 
 76 207 209 
 209 207 16 
 17 12 210 
 210 209 17 
 76 209 210 
 210 72 76 
 12 19 211 
 211 210 12 
 72 210 211 
 211 78 72 
 19 20 212 
 212 211 19 
 78 211 212 
 212 77 78 
 20 18 213 
 213 212 20 
 77 212 213 
 213 79 77 
 18 21 214 
 214 213 18 
 79 213 214 
 214 80 79 
 21 22 215 
 215 214 21 
 80 214 215 
 215 71 80 
 22 11 216 
 216 215 22 
 71 215 216 
 216 83 71 
 11 25 217 
 217 216 11 
 83 216 217 
 217 82 83 
 25 26 218 
 218 217 25 
 82 217 218 
 218 84 82 
 26 24 219 
 219 218 26 
 84 218 219 
 219 85 84 
 24 27 220 
 220 219 24 
 85 219 220 
 220 81 85 
 27 28 221 
 221 220 27 
 81 220 221 
 221 87 81 
 28 23 222 
 222 221 28 
 87 221 222 
 222 86 87 
 23 30 223 
 223 222 23 
 86 222 223 
 223 88 86 
 30 31 224 
 224 223 30 
 88 223 224 
 224 89 88 
 31 29 225 
 225 224 31 
 89 224 225 
 225 7 89 
 29 33 226 
 226 225 29 
 7 225 226 
 226 60 7 
 33 32 227 
 227 226 33 
 60 226 227 
 227 59 60 
 32 34 228 
 228 227 32 
 59 227 228 
 228 61 59 
 67 62 229 
 229 228 34 
 229 1 67 
 34 1 229 
 61 228 229 
 229 62 61 
 solutionIEN 
113 91 3 0 0 0 0 0 0 0 0 0 0 0 0 
 3 38 113 305 306 307 1301 1302 1303 0 0 0 0 0 0 
 114 2 92 0 0 0 0 0 0 0 0 0 0 0 0 
 114 14 2 232 231 230 1304 1305 1306 0 0 0 0 0 0 
 43 44 120 326 327 328 1307 1308 1309 0 0 0 0 0 0 
 48 51 126 350 351 352 1310 1311 1312 0 0 0 0 0 0 
 54 55 129 362 363 364 1313 1314 1315 0 0 0 0 0 0 
 58 4 133 377 378 379 1316 1317 1318 0 0 0 0 0 0 
 133 4 69 0 0 0 0 0 0 0 0 0 0 0 0 
 134 68 1 0 0 0 0 0 0 0 0 0 0 0 0 
 134 1 34 304 303 302 1319 1320 1321 0 0 0 0 0 0 
 91 113 135 0 0 0 0 0 0 0 0 0 0 0 0 
 135 92 91 0 0 0 0 0 0 0 0 0 0 0 0 
 135 114 92 0 0 0 0 0 0 0 0 0 0 0 0 
 136 113 38 0 0 0 0 0 0 0 0 0 0 0 0 
 38 39 136 308 309 310 1322 1323 1324 0 0 0 0 0 0 
 136 135 113 0 0 0 0 0 0 0 0 0 0 0 0 
 14 114 137 0 0 0 0 0 0 0 0 0 0 0 0 
 114 135 137 0 0 0 0 0 0 0 0 0 0 0 0 
 137 15 14 235 234 233 1325 1326 1327 0 0 0 0 0 0 
 115 116 138 0 0 0 0 0 0 0 0 0 0 0 0 
 138 13 15 238 237 236 1328 1329 1330 0 0 0 0 0 0 
 139 116 115 0 0 0 0 0 0 0 0 0 0 0 0 
 39 37 139 311 312 313 1331 1332 1333 0 0 0 0 0 0 
 139 136 39 0 0 0 0 0 0 0 0 0 0 0 0 
 115 136 139 0 0 0 0 0 0 0 0 0 0 0 0 
 140 117 116 0 0 0 0 0 0 0 0 0 0 0 0 
 37 40 140 314 315 316 1334 1335 1336 0 0 0 0 0 0 
 140 139 37 0 0 0 0 0 0 0 0 0 0 0 0 
 116 139 140 0 0 0 0 0 0 0 0 0 0 0 0 
 116 117 141 0 0 0 0 0 0 0 0 0 0 0 0 
 141 16 13 241 240 239 1337 1338 1339 0 0 0 0 0 0 
 13 138 141 0 0 0 0 0 0 0 0 0 0 0 0 
 141 138 116 0 0 0 0 0 0 0 0 0 0 0 0 
 142 118 117 0 0 0 0 0 0 0 0 0 0 0 0 
 40 41 142 317 318 319 1340 1341 1342 0 0 0 0 0 0 
 142 140 40 0 0 0 0 0 0 0 0 0 0 0 0 
 117 140 142 0 0 0 0 0 0 0 0 0 0 0 0 
 117 118 143 0 0 0 0 0 0 0 0 0 0 0 0 
 143 17 16 244 243 242 1343 1344 1345 0 0 0 0 0 0 
 16 141 143 0 0 0 0 0 0 0 0 0 0 0 0 
 143 141 117 0 0 0 0 0 0 0 0 0 0 0 0 
 36 43 144 323 324 325 1346 1347 1348 0 0 0 0 0 0 
 43 120 144 0 0 0 0 0 0 0 0 0 0 0 0 
 145 19 12 250 249 248 1349 1350 1351 0 0 0 0 0 0 
 119 144 145 0 0 0 0 0 0 0 0 0 0 0 0 
 145 144 120 0 0 0 0 0 0 0 0 0 0 0 0 
 118 119 146 0 0 0 0 0 0 0 0 0 0 0 0 
 146 12 17 247 246 245 1352 1353 1354 0 0 0 0 0 0 
 17 143 146 0 0 0 0 0 0 0 0 0 0 0 0 
 146 143 118 0 0 0 0 0 0 0 0 0 0 0 0 
 146 145 12 0 0 0 0 0 0 0 0 0 0 0 0 
 119 145 146 0 0 0 0 0 0 0 0 0 0 0 0 
 147 119 118 0 0 0 0 0 0 0 0 0 0 0 0 
 41 36 147 320 321 322 1355 1356 1357 0 0 0 0 0 0 
 147 142 41 0 0 0 0 0 0 0 0 0 0 0 0 
 118 142 147 0 0 0 0 0 0 0 0 0 0 0 0 
 36 144 147 0 0 0 0 0 0 0 0 0 0 0 0 
 147 144 119 0 0 0 0 0 0 0 0 0 0 0 0 
 148 120 44 0 0 0 0 0 0 0 0 0 0 0 0 
 44 42 148 329 330 331 1358 1359 1360 0 0 0 0 0 0 
 120 148 149 0 0 0 0 0 0 0 0 0 0 0 0 
 149 148 121 0 0 0 0 0 0 0 0 0 0 0 0 
 45 46 150 335 336 337 1361 1362 1363 0 0 0 0 0 0 
 151 22 21 262 261 260 1364 1365 1366 0 0 0 0 0 0 
 152 122 121 0 0 0 0 0 0 0 0 0 0 0 0 
 42 45 152 332 333 334 1367 1368 1369 0 0 0 0 0 0 
 152 148 42 0 0 0 0 0 0 0 0 0 0 0 0 
 121 148 152 0 0 0 0 0 0 0 0 0 0 0 0 
 45 150 152 0 0 0 0 0 0 0 0 0 0 0 0 
 152 150 122 0 0 0 0 0 0 0 0 0 0 0 0 
 121 122 153 0 0 0 0 0 0 0 0 0 0 0 0 
 153 21 18 259 258 257 1370 1371 1372 0 0 0 0 0 0 
 153 151 21 0 0 0 0 0 0 0 0 0 0 0 0 
 122 151 153 0 0 0 0 0 0 0 0 0 0 0 0 
 46 35 154 338 339 340 1373 1374 1375 0 0 0 0 0 0 
 154 150 46 0 0 0 0 0 0 0 0 0 0 0 0 
 155 11 22 265 264 263 1376 1377 1378 0 0 0 0 0 0 
 22 151 155 0 0 0 0 0 0 0 0 0 0 0 0 
 156 124 123 0 0 0 0 0 0 0 0 0 0 0 0 
 35 49 156 341 342 343 1379 1380 1381 0 0 0 0 0 0 
 156 154 35 0 0 0 0 0 0 0 0 0 0 0 0 
 123 154 156 0 0 0 0 0 0 0 0 0 0 0 0 
 123 124 157 0 0 0 0 0 0 0 0 0 0 0 0 
 157 25 11 268 267 266 1382 1383 1384 0 0 0 0 0 0 
 11 155 157 0 0 0 0 0 0 0 0 0 0 0 0 
 157 155 123 0 0 0 0 0 0 0 0 0 0 0 0 
 50 48 158 347 348 349 1385 1386 1387 0 0 0 0 0 0 
 48 126 158 0 0 0 0 0 0 0 0 0 0 0 0 
 159 24 26 274 273 272 1388 1389 1390 0 0 0 0 0 0 
 125 158 159 0 0 0 0 0 0 0 0 0 0 0 0 
 159 158 126 0 0 0 0 0 0 0 0 0 0 0 0 
 124 125 160 0 0 0 0 0 0 0 0 0 0 0 0 
 160 26 25 271 270 269 1391 1392 1393 0 0 0 0 0 0 
 25 157 160 0 0 0 0 0 0 0 0 0 0 0 0 
 160 157 124 0 0 0 0 0 0 0 0 0 0 0 0 
 160 159 26 0 0 0 0 0 0 0 0 0 0 0 0 
 125 159 160 0 0 0 0 0 0 0 0 0 0 0 0 
 161 125 124 0 0 0 0 0 0 0 0 0 0 0 0 
 49 50 161 344 345 346 1394 1395 1396 0 0 0 0 0 0 
 161 156 49 0 0 0 0 0 0 0 0 0 0 0 0 
 124 156 161 0 0 0 0 0 0 0 0 0 0 0 0 
 50 158 161 0 0 0 0 0 0 0 0 0 0 0 0 
 161 158 125 0 0 0 0 0 0 0 0 0 0 0 0 
 162 126 51 0 0 0 0 0 0 0 0 0 0 0 0 
 51 52 162 353 354 355 1397 1398 1399 0 0 0 0 0 0 
 126 162 163 0 0 0 0 0 0 0 0 0 0 0 0 
 163 162 127 0 0 0 0 0 0 0 0 0 0 0 0 
 47 54 164 359 360 361 1400 1401 1402 0 0 0 0 0 0 
 54 129 164 0 0 0 0 0 0 0 0 0 0 0 0 
 165 30 23 286 285 284 1403 1404 1405 0 0 0 0 0 0 
 128 164 165 0 0 0 0 0 0 0 0 0 0 0 0 
 165 164 129 0 0 0 0 0 0 0 0 0 0 0 0 
 127 128 166 0 0 0 0 0 0 0 0 0 0 0 0 
 166 23 28 283 282 281 1406 1407 1408 0 0 0 0 0 0 
 166 165 23 0 0 0 0 0 0 0 0 0 0 0 0 
 128 165 166 0 0 0 0 0 0 0 0 0 0 0 0 
 167 128 127 0 0 0 0 0 0 0 0 0 0 0 0 
 52 47 167 356 357 358 1409 1410 1411 0 0 0 0 0 0 
 167 162 52 0 0 0 0 0 0 0 0 0 0 0 0 
 127 162 167 0 0 0 0 0 0 0 0 0 0 0 0 
 47 164 167 0 0 0 0 0 0 0 0 0 0 0 0 
 167 164 128 0 0 0 0 0 0 0 0 0 0 0 0 
 168 129 55 0 0 0 0 0 0 0 0 0 0 0 0 
 55 53 168 365 366 367 1412 1413 1414 0 0 0 0 0 0 
 129 168 169 0 0 0 0 0 0 0 0 0 0 0 0 
 169 168 130 0 0 0 0 0 0 0 0 0 0 0 0 
 130 131 170 0 0 0 0 0 0 0 0 0 0 0 0 
 170 33 29 295 294 293 1415 1416 1417 0 0 0 0 0 0 
 171 131 130 0 0 0 0 0 0 0 0 0 0 0 0 
 53 57 171 368 369 370 1418 1419 1420 0 0 0 0 0 0 
 171 168 53 0 0 0 0 0 0 0 0 0 0 0 0 
 130 168 171 0 0 0 0 0 0 0 0 0 0 0 0 
 56 58 172 374 375 376 1421 1422 1423 0 0 0 0 0 0 
 58 133 172 0 0 0 0 0 0 0 0 0 0 0 0 
 173 34 32 301 300 299 1424 1425 1426 0 0 0 0 0 0 
 173 134 34 0 0 0 0 0 0 0 0 0 0 0 0 
 131 132 174 0 0 0 0 0 0 0 0 0 0 0 0 
 174 32 33 298 297 296 1427 1428 1429 0 0 0 0 0 0 
 33 170 174 0 0 0 0 0 0 0 0 0 0 0 0 
 174 170 131 0 0 0 0 0 0 0 0 0 0 0 0 
 174 173 32 0 0 0 0 0 0 0 0 0 0 0 0 
 132 173 174 0 0 0 0 0 0 0 0 0 0 0 0 
 175 132 131 0 0 0 0 0 0 0 0 0 0 0 0 
 57 56 175 371 372 373 1430 1431 1432 0 0 0 0 0 0 
 175 171 57 0 0 0 0 0 0 0 0 0 0 0 0 
 131 171 175 0 0 0 0 0 0 0 0 0 0 0 0 
 56 172 175 0 0 0 0 0 0 0 0 0 0 0 0 
 175 172 132 0 0 0 0 0 0 0 0 0 0 0 0 
 68 134 176 0 0 0 0 0 0 0 0 0 0 0 0 
 176 172 133 0 0 0 0 0 0 0 0 0 0 0 0 
 176 69 68 0 0 0 0 0 0 0 0 0 0 0 0 
 176 133 69 0 0 0 0 0 0 0 0 0 0 0 0 
 134 173 176 0 0 0 0 0 0 0 0 0 0 0 0 
 20 149 177 0 0 0 0 0 0 0 0 0 0 0 0 
 177 18 20 256 255 254 1433 1434 1435 0 0 0 0 0 0 
 177 149 121 0 0 0 0 0 0 0 0 0 0 0 0 
 177 153 18 0 0 0 0 0 0 0 0 0 0 0 0 
 121 153 177 0 0 0 0 0 0 0 0 0 0 0 0 
 150 154 178 0 0 0 0 0 0 0 0 0 0 0 0 
 178 155 151 0 0 0 0 0 0 0 0 0 0 0 0 
 123 155 178 0 0 0 0 0 0 0 0 0 0 0 0 
 178 154 123 0 0 0 0 0 0 0 0 0 0 0 0 
 178 151 122 0 0 0 0 0 0 0 0 0 0 0 0 
 122 150 178 0 0 0 0 0 0 0 0 0 0 0 0 
 27 163 179 0 0 0 0 0 0 0 0 0 0 0 0 
 179 28 27 280 279 278 1436 1437 1438 0 0 0 0 0 0 
 179 163 127 0 0 0 0 0 0 0 0 0 0 0 0 
 179 166 28 0 0 0 0 0 0 0 0 0 0 0 0 
 127 166 179 0 0 0 0 0 0 0 0 0 0 0 0 
 31 169 180 0 0 0 0 0 0 0 0 0 0 0 0 
 180 29 31 292 291 290 1439 1440 1441 0 0 0 0 0 0 
 180 169 130 0 0 0 0 0 0 0 0 0 0 0 0 
 180 170 29 0 0 0 0 0 0 0 0 0 0 0 0 
 130 170 180 0 0 0 0 0 0 0 0 0 0 0 0 
 137 115 138 0 0 0 0 0 0 0 0 0 0 0 0 
 138 15 137 0 0 0 0 0 0 0 0 0 0 0 0 
 149 20 19 253 252 251 1442 1443 1444 0 0 0 0 0 0 
 163 27 24 277 276 275 1445 1446 1447 0 0 0 0 0 0 
 169 31 30 289 288 287 1448 1449 1450 0 0 0 0 0 0 
 115 137 135 0 0 0 0 0 0 0 0 0 0 0 0 
 135 136 115 0 0 0 0 0 0 0 0 0 0 0 0 
 176 173 132 0 0 0 0 0 0 0 0 0 0 0 0 
 132 172 176 0 0 0 0 0 0 0 0 0 0 0 0 
 145 120 149 0 0 0 0 0 0 0 0 0 0 0 0 
 149 19 145 0 0 0 0 0 0 0 0 0 0 0 0 
 159 126 163 0 0 0 0 0 0 0 0 0 0 0 0 
 163 24 159 0 0 0 0 0 0 0 0 0 0 0 0 
 165 129 169 0 0 0 0 0 0 0 0 0 0 0 0 
 169 30 165 0 0 0 0 0 0 0 0 0 0 0 0 
 9 112 90 484 483 482 556 555 554 553 552 551 1451 1452 1453 
 58 70 4 379 378 377 418 417 416 557 558 559 1454 1455 1456 
 90 112 181 562 561 560 563 564 565 554 555 556 1457 1458 1459 
 181 112 111 566 567 568 550 549 548 565 564 563 1460 1461 1462 
 181 3 90 560 561 562 487 486 485 571 570 569 1463 1464 1465 
 181 38 3 569 570 571 307 306 305 574 573 572 1466 1467 1468 
 182 111 109 575 576 577 547 546 545 580 579 578 1469 1470 1471 
 182 181 111 578 579 580 568 567 566 583 582 581 1472 1473 1474 
 38 181 182 589 588 587 581 582 583 572 573 574 1475 1476 1477 
 182 39 38 587 588 589 310 309 308 586 585 584 1478 1479 1480 
 183 109 110 590 591 592 544 543 542 595 594 593 1481 1482 1483 
 183 182 109 593 594 595 577 576 575 598 597 596 1484 1485 1486 
 39 182 183 604 603 602 596 597 598 584 585 586 1487 1488 1489 
 183 37 39 602 603 604 313 312 311 601 600 599 1490 1491 1492 
 184 110 104 605 606 607 541 540 539 610 609 608 1493 1494 1495 
 184 183 110 608 609 610 592 591 590 613 612 611 1496 1497 1498 
 37 183 184 619 618 617 611 612 613 599 600 601 1499 1500 1501 
 184 40 37 617 618 619 316 315 314 616 615 614 1502 1503 1504 
 185 36 41 620 621 622 322 321 320 625 624 623 1505 1506 1507 
 185 184 104 626 627 628 607 606 605 631 630 629 1508 1509 1510 
 40 184 185 634 633 632 629 630 631 614 615 616 1511 1512 1513 
 185 41 40 632 633 634 319 318 317 622 621 620 1514 1515 1516 
 186 108 107 635 636 637 535 534 533 640 639 638 1517 1518 1519 
 36 185 186 643 642 641 644 645 646 623 624 625 1520 1521 1522 
 186 104 108 638 639 640 538 537 536 649 648 647 1523 1524 1525 
 186 185 104 647 648 649 628 627 626 646 645 644 1526 1527 1528 
 187 107 105 650 651 652 532 531 530 655 654 653 1529 1530 1531 
 187 186 107 653 654 655 637 636 635 658 657 656 1532 1533 1534 
 36 186 187 664 663 662 656 657 658 641 642 643 1535 1536 1537 
 187 43 36 662 663 664 325 324 323 661 660 659 1538 1539 1540 
 188 105 106 665 666 667 529 528 527 670 669 668 1541 1542 1543 
 188 187 105 668 669 670 652 651 650 673 672 671 1544 1545 1546 
 43 187 188 679 678 677 671 672 673 659 660 661 1547 1548 1549 
 188 44 43 677 678 679 328 327 326 676 675 674 1550 1551 1552 
 189 45 42 680 681 682 334 333 332 685 684 683 1553 1554 1555 
 189 188 106 686 687 688 667 666 665 691 690 689 1556 1557 1558 
 44 188 189 694 693 692 689 690 691 674 675 676 1559 1560 1561 
 189 42 44 692 693 694 331 330 329 682 681 680 1562 1563 1564 
 190 46 45 695 696 697 337 336 335 700 699 698 1565 1566 1567 
 45 189 190 697 696 695 701 702 703 683 684 685 1568 1569 1570 
 190 106 94 704 705 706 526 525 524 709 708 707 1571 1572 1573 
 190 189 106 707 708 709 688 687 686 703 702 701 1574 1575 1576 
 191 35 46 710 711 712 340 339 338 715 714 713 1577 1578 1579 
 46 190 191 712 711 710 716 717 718 698 699 700 1580 1581 1582 
 191 94 103 719 720 721 523 522 521 724 723 722 1583 1584 1585 
 191 190 94 722 723 724 706 705 704 718 717 716 1586 1587 1588 
 192 49 35 725 726 727 343 342 341 730 729 728 1589 1590 1591 
 35 191 192 727 726 725 731 732 733 713 714 715 1592 1593 1594 
 192 103 102 734 735 736 520 519 518 739 738 737 1595 1596 1597 
 192 191 103 737 738 739 721 720 719 733 732 731 1598 1599 1600 
 193 50 49 740 741 742 346 345 344 745 744 743 1601 1602 1603 
 49 192 193 742 741 740 746 747 748 728 729 730 1604 1605 1606 
 193 102 100 749 750 751 517 516 515 754 753 752 1607 1608 1609 
 193 192 102 752 753 754 736 735 734 748 747 746 1610 1611 1612 
 194 48 50 755 756 757 349 348 347 760 759 758 1613 1614 1615 
 50 193 194 757 756 755 761 762 763 743 744 745 1616 1617 1618 
 194 100 101 764 765 766 514 513 512 769 768 767 1619 1620 1621 
 194 193 100 767 768 769 751 750 749 763 762 761 1622 1623 1624 
 195 51 48 770 771 772 352 351 350 775 774 773 1625 1626 1627 
 48 194 195 772 771 770 776 777 778 758 759 760 1628 1629 1630 
 195 101 95 779 780 781 511 510 509 784 783 782 1631 1632 1633 
 195 194 101 782 783 784 766 765 764 778 777 776 1634 1635 1636 
 196 52 51 785 786 787 355 354 353 790 789 788 1637 1638 1639 
 51 195 196 787 786 785 791 792 793 773 774 775 1640 1641 1642 
 196 95 99 794 795 796 508 507 506 799 798 797 1643 1644 1645 
 196 195 95 797 798 799 781 780 779 793 792 791 1646 1647 1648 
 197 47 52 800 801 802 358 357 356 805 804 803 1649 1650 1651 
 52 196 197 802 801 800 806 807 808 788 789 790 1652 1653 1654 
 197 99 98 809 810 811 505 504 503 814 813 812 1655 1656 1657 
 197 196 99 812 813 814 796 795 794 808 807 806 1658 1659 1660 
 198 54 47 815 816 817 361 360 359 820 819 818 1661 1662 1663 
 47 197 198 817 816 815 821 822 823 803 804 805 1664 1665 1666 
 198 98 96 824 825 826 502 501 500 829 828 827 1667 1668 1669 
 198 197 98 827 828 829 811 810 809 823 822 821 1670 1671 1672 
 199 55 54 830 831 832 364 363 362 835 834 833 1673 1674 1675 
 54 198 199 832 831 830 836 837 838 818 819 820 1676 1677 1678 
 199 96 97 839 840 841 499 498 497 844 843 842 1679 1680 1681 
 199 198 96 842 843 844 826 825 824 838 837 836 1682 1683 1684 
 200 53 55 845 846 847 367 366 365 850 849 848 1685 1686 1687 
 55 199 200 847 846 845 851 852 853 833 834 835 1688 1689 1690 
 200 97 10 854 855 856 496 495 494 859 858 857 1691 1692 1693 
 200 199 97 857 858 859 841 840 839 853 852 851 1694 1695 1696 
 201 57 53 860 861 862 370 369 368 865 864 863 1697 1698 1699 
 53 200 201 862 861 860 866 867 868 848 849 850 1700 1701 1702 
 201 10 66 869 870 871 409 408 407 874 873 872 1703 1704 1705 
 201 200 10 872 873 874 856 855 854 868 867 866 1706 1707 1708 
 202 56 57 875 876 877 373 372 371 880 879 878 1709 1710 1711 
 57 201 202 877 876 875 881 882 883 863 864 865 1712 1713 1714 
 202 66 65 884 885 886 406 405 404 889 888 887 1715 1716 1717 
 202 201 66 887 888 889 871 870 869 883 882 881 1718 1719 1720 
 203 63 64 890 891 892 400 399 398 895 894 893 1721 1722 1723 
 56 202 203 898 897 896 899 900 901 878 879 880 1724 1725 1726 
 203 65 63 893 894 895 403 402 401 904 903 902 1727 1728 1729 
 203 202 65 902 903 904 886 885 884 901 900 899 1730 1731 1732 
 204 70 58 905 906 907 559 558 557 910 909 908 1733 1734 1735 
 204 203 64 911 912 913 892 891 890 916 915 914 1736 1737 1738 
 204 64 6 917 918 919 397 396 395 913 912 911 1739 1740 1741 
 204 6 70 908 909 910 421 420 419 919 918 917 1742 1743 1744 
 56 203 204 922 921 920 914 915 916 896 897 898 1745 1746 1747 
 204 58 56 920 921 922 376 375 374 907 906 905 1748 1749 1750 
 5 62 67 412 411 410 925 924 923 394 393 392 1751 1752 1753 
 14 15 205 928 927 926 929 930 931 233 234 235 1754 1755 1756 
 2 14 205 934 933 932 926 927 928 230 231 232 1757 1758 1759 
 205 93 2 932 933 934 490 489 488 937 936 935 1760 1761 1762 
 205 8 93 935 936 937 493 492 491 940 939 938 1763 1764 1765 
 205 74 8 938 939 940 424 423 422 943 942 941 1766 1767 1768 
 15 13 206 946 945 944 947 948 949 236 237 238 1769 1770 1771 
 206 205 15 944 945 946 931 930 929 952 951 950 1772 1773 1774 
 74 205 206 958 957 956 950 951 952 941 942 943 1775 1776 1777 
 206 73 74 956 957 958 427 426 425 955 954 953 1778 1779 1780 
 13 16 207 961 960 959 962 963 964 239 240 241 1781 1782 1783 
 207 76 75 965 966 967 433 432 431 970 969 968 1784 1785 1786 
 208 206 13 971 972 973 949 948 947 976 975 974 1787 1788 1789 
 208 207 75 977 978 979 967 966 965 982 981 980 1790 1791 1792 
 13 207 208 973 972 971 980 981 982 959 960 961 1793 1794 1795 
 73 206 208 985 984 983 974 975 976 953 954 955 1796 1797 1798 
 208 75 73 983 984 985 430 429 428 979 978 977 1799 1800 1801 
 16 17 209 988 987 986 989 990 991 242 243 244 1802 1803 1804 
 76 207 209 994 993 992 995 996 997 968 969 970 1805 1806 1807 
 209 207 16 986 987 988 964 963 962 997 996 995 1808 1809 1810 
 17 12 210 1000 999 998 1001 1002 1003 245 246 247 1811 1812 1813 
 210 209 17 998 999 1000 991 990 989 1006 1005 1004 1814 1815 1816 
 76 209 210 1012 1011 1010 1004 1005 1006 992 993 994 1817 1818 1819 
 210 72 76 1010 1011 1012 436 435 434 1009 1008 1007 1820 1821 1822 
 12 19 211 1015 1014 1013 1016 1017 1018 248 249 250 1823 1824 1825 
 211 210 12 1013 1014 1015 1003 1002 1001 1021 1020 1019 1826 1827 1828 
 72 210 211 1027 1026 1025 1019 1020 1021 1007 1008 1009 1829 1830 1831 
 211 78 72 1025 1026 1027 439 438 437 1024 1023 1022 1832 1833 1834 
 19 20 212 1030 1029 1028 1031 1032 1033 251 252 253 1835 1836 1837 
 212 211 19 1028 1029 1030 1018 1017 1016 1036 1035 1034 1838 1839 1840 
 78 211 212 1042 1041 1040 1034 1035 1036 1022 1023 1024 1841 1842 1843 
 212 77 78 1040 1041 1042 442 441 440 1039 1038 1037 1844 1845 1846 
 20 18 213 1045 1044 1043 1046 1047 1048 254 255 256 1847 1848 1849 
 213 212 20 1043 1044 1045 1033 1032 1031 1051 1050 1049 1850 1851 1852 
 77 212 213 1057 1056 1055 1049 1050 1051 1037 1038 1039 1853 1854 1855 
 213 79 77 1055 1056 1057 445 444 443 1054 1053 1052 1856 1857 1858 
 18 21 214 1060 1059 1058 1061 1062 1063 257 258 259 1859 1860 1861 
 214 213 18 1058 1059 1060 1048 1047 1046 1066 1065 1064 1862 1863 1864 
 79 213 214 1072 1071 1070 1064 1065 1066 1052 1053 1054 1865 1866 1867 
 214 80 79 1070 1071 1072 448 447 446 1069 1068 1067 1868 1869 1870 
 21 22 215 1075 1074 1073 1076 1077 1078 260 261 262 1871 1872 1873 
 215 214 21 1073 1074 1075 1063 1062 1061 1081 1080 1079 1874 1875 1876 
 80 214 215 1087 1086 1085 1079 1080 1081 1067 1068 1069 1877 1878 1879 
 215 71 80 1085 1086 1087 451 450 449 1084 1083 1082 1880 1881 1882 
 22 11 216 1090 1089 1088 1091 1092 1093 263 264 265 1883 1884 1885 
 216 215 22 1088 1089 1090 1078 1077 1076 1096 1095 1094 1886 1887 1888 
 71 215 216 1102 1101 1100 1094 1095 1096 1082 1083 1084 1889 1890 1891 
 216 83 71 1100 1101 1102 454 453 452 1099 1098 1097 1892 1893 1894 
 11 25 217 1105 1104 1103 1106 1107 1108 266 267 268 1895 1896 1897 
 217 216 11 1103 1104 1105 1093 1092 1091 1111 1110 1109 1898 1899 1900 
 83 216 217 1117 1116 1115 1109 1110 1111 1097 1098 1099 1901 1902 1903 
 217 82 83 1115 1116 1117 457 456 455 1114 1113 1112 1904 1905 1906 
 25 26 218 1120 1119 1118 1121 1122 1123 269 270 271 1907 1908 1909 
 218 217 25 1118 1119 1120 1108 1107 1106 1126 1125 1124 1910 1911 1912 
 82 217 218 1132 1131 1130 1124 1125 1126 1112 1113 1114 1913 1914 1915 
 218 84 82 1130 1131 1132 460 459 458 1129 1128 1127 1916 1917 1918 
 26 24 219 1135 1134 1133 1136 1137 1138 272 273 274 1919 1920 1921 
 219 218 26 1133 1134 1135 1123 1122 1121 1141 1140 1139 1922 1923 1924 
 84 218 219 1147 1146 1145 1139 1140 1141 1127 1128 1129 1925 1926 1927 
 219 85 84 1145 1146 1147 463 462 461 1144 1143 1142 1928 1929 1930 
 24 27 220 1150 1149 1148 1151 1152 1153 275 276 277 1931 1932 1933 
 220 219 24 1148 1149 1150 1138 1137 1136 1156 1155 1154 1934 1935 1936 
 85 219 220 1162 1161 1160 1154 1155 1156 1142 1143 1144 1937 1938 1939 
 220 81 85 1160 1161 1162 466 465 464 1159 1158 1157 1940 1941 1942 
 27 28 221 1165 1164 1163 1166 1167 1168 278 279 280 1943 1944 1945 
 221 220 27 1163 1164 1165 1153 1152 1151 1171 1170 1169 1946 1947 1948 
 81 220 221 1177 1176 1175 1169 1170 1171 1157 1158 1159 1949 1950 1951 
 221 87 81 1175 1176 1177 469 468 467 1174 1173 1172 1952 1953 1954 
 28 23 222 1180 1179 1178 1181 1182 1183 281 282 283 1955 1956 1957 
 222 221 28 1178 1179 1180 1168 1167 1166 1186 1185 1184 1958 1959 1960 
 87 221 222 1192 1191 1190 1184 1185 1186 1172 1173 1174 1961 1962 1963 
 222 86 87 1190 1191 1192 472 471 470 1189 1188 1187 1964 1965 1966 
 23 30 223 1195 1194 1193 1196 1197 1198 284 285 286 1967 1968 1969 
 223 222 23 1193 1194 1195 1183 1182 1181 1201 1200 1199 1970 1971 1972 
 86 222 223 1207 1206 1205 1199 1200 1201 1187 1188 1189 1973 1974 1975 
 223 88 86 1205 1206 1207 475 474 473 1204 1203 1202 1976 1977 1978 
 30 31 224 1210 1209 1208 1211 1212 1213 287 288 289 1979 1980 1981 
 224 223 30 1208 1209 1210 1198 1197 1196 1216 1215 1214 1982 1983 1984 
 88 223 224 1222 1221 1220 1214 1215 1216 1202 1203 1204 1985 1986 1987 
 224 89 88 1220 1221 1222 478 477 476 1219 1218 1217 1988 1989 1990 
 31 29 225 1225 1224 1223 1226 1227 1228 290 291 292 1991 1992 1993 
 225 224 31 1223 1224 1225 1213 1212 1211 1231 1230 1229 1994 1995 1996 
 89 224 225 1237 1236 1235 1229 1230 1231 1217 1218 1219 1997 1998 1999 
 225 7 89 1235 1236 1237 481 480 479 1234 1233 1232 2000 2001 2002 
 29 33 226 1240 1239 1238 1241 1242 1243 293 294 295 2003 2004 2005 
 226 225 29 1238 1239 1240 1228 1227 1226 1246 1245 1244 2006 2007 2008 
 7 225 226 1252 1251 1250 1244 1245 1246 1232 1233 1234 2009 2010 2011 
 226 60 7 1250 1251 1252 382 381 380 1249 1248 1247 2012 2013 2014 
 33 32 227 1255 1254 1253 1256 1257 1258 296 297 298 2015 2016 2017 
 227 226 33 1253 1254 1255 1243 1242 1241 1261 1260 1259 2018 2019 2020 
 60 226 227 1267 1266 1265 1259 1260 1261 1247 1248 1249 2021 2022 2023 
 227 59 60 1265 1266 1267 385 384 383 1264 1263 1262 2024 2025 2026 
 32 34 228 1270 1269 1268 1271 1272 1273 299 300 301 2027 2028 2029 
 228 227 32 1268 1269 1270 1258 1257 1256 1276 1275 1274 2030 2031 2032 
 59 227 228 1282 1281 1280 1274 1275 1276 1262 1263 1264 2033 2034 2035 
 228 61 59 1280 1281 1282 388 387 386 1279 1278 1277 2036 2037 2038 
 67 62 229 1285 1284 1283 1286 1287 1288 923 924 925 2039 2040 2041 
 229 228 34 1289 1290 1291 1273 1272 1271 1294 1293 1292 2042 2043 2044 
 229 1 67 1283 1284 1285 415 414 413 1297 1296 1295 2045 2046 2047 
 34 1 229 1291 1290 1289 1295 1296 1297 302 303 304 2048 2049 2050 
 61 228 229 1300 1299 1298 1292 1293 1294 1277 1278 1279 2051 2052 2053 
 229 62 61 1298 1299 1300 391 390 389 1288 1287 1286 2054 2055 2056 
 solutionOrder
1 1 1 1 
 1 1 4 4 
 1 1 1 1 
 1 4 1 4 
 1 1 4 4 
 1 1 4 4 
 1 1 4 4 
 1 1 4 4 
 1 1 1 1 
 1 1 1 1 
 1 4 1 4 
 1 1 1 1 
 1 1 1 1 
 1 1 1 1 
 1 1 1 1 
 1 1 4 4 
 1 1 1 1 
 1 1 1 1 
 1 1 1 1 
 1 4 1 4 
 1 1 1 1 
 1 4 1 4 
 1 1 1 1 
 1 1 4 4 
 1 1 1 1 
 1 1 1 1 
 1 1 1 1 
 1 1 4 4 
 1 1 1 1 
 1 1 1 1 
 1 1 1 1 
 1 4 1 4 
 1 1 1 1 
 1 1 1 1 
 1 1 1 1 
 1 1 4 4 
 1 1 1 1 
 1 1 1 1 
 1 1 1 1 
 1 4 1 4 
 1 1 1 1 
 1 1 1 1 
 1 1 4 4 
 1 1 1 1 
 1 4 1 4 
 1 1 1 1 
 1 1 1 1 
 1 1 1 1 
 1 4 1 4 
 1 1 1 1 
 1 1 1 1 
 1 1 1 1 
 1 1 1 1 
 1 1 1 1 
 1 1 4 4 
 1 1 1 1 
 1 1 1 1 
 1 1 1 1 
 1 1 1 1 
 1 1 1 1 
 1 1 4 4 
 1 1 1 1 
 1 1 1 1 
 1 1 4 4 
 1 4 1 4 
 1 1 1 1 
 1 1 4 4 
 1 1 1 1 
 1 1 1 1 
 1 1 1 1 
 1 1 1 1 
 1 1 1 1 
 1 4 1 4 
 1 1 1 1 
 1 1 1 1 
 1 1 4 4 
 1 1 1 1 
 1 4 1 4 
 1 1 1 1 
 1 1 1 1 
 1 1 4 4 
 1 1 1 1 
 1 1 1 1 
 1 1 1 1 
 1 4 1 4 
 1 1 1 1 
 1 1 1 1 
 1 1 4 4 
 1 1 1 1 
 1 4 1 4 
 1 1 1 1 
 1 1 1 1 
 1 1 1 1 
 1 4 1 4 
 1 1 1 1 
 1 1 1 1 
 1 1 1 1 
 1 1 1 1 
 1 1 1 1 
 1 1 4 4 
 1 1 1 1 
 1 1 1 1 
 1 1 1 1 
 1 1 1 1 
 1 1 1 1 
 1 1 4 4 
 1 1 1 1 
 1 1 1 1 
 1 1 4 4 
 1 1 1 1 
 1 4 1 4 
 1 1 1 1 
 1 1 1 1 
 1 1 1 1 
 1 4 1 4 
 1 1 1 1 
 1 1 1 1 
 1 1 1 1 
 1 1 4 4 
 1 1 1 1 
 1 1 1 1 
 1 1 1 1 
 1 1 1 1 
 1 1 1 1 
 1 1 4 4 
 1 1 1 1 
 1 1 1 1 
 1 1 1 1 
 1 4 1 4 
 1 1 1 1 
 1 1 4 4 
 1 1 1 1 
 1 1 1 1 
 1 1 4 4 
 1 1 1 1 
 1 4 1 4 
 1 1 1 1 
 1 1 1 1 
 1 4 1 4 
 1 1 1 1 
 1 1 1 1 
 1 1 1 1 
 1 1 1 1 
 1 1 1 1 
 1 1 4 4 
 1 1 1 1 
 1 1 1 1 
 1 1 1 1 
 1 1 1 1 
 1 1 1 1 
 1 1 1 1 
 1 1 1 1 
 1 1 1 1 
 1 1 1 1 
 1 1 1 1 
 1 4 1 4 
 1 1 1 1 
 1 1 1 1 
 1 1 1 1 
 1 1 1 1 
 1 1 1 1 
 1 1 1 1 
 1 1 1 1 
 1 1 1 1 
 1 1 1 1 
 1 1 1 1 
 1 4 1 4 
 1 1 1 1 
 1 1 1 1 
 1 1 1 1 
 1 1 1 1 
 1 4 1 4 
 1 1 1 1 
 1 1 1 1 
 1 1 1 1 
 1 1 1 1 
 1 1 1 1 
 1 4 1 4 
 1 4 1 4 
 1 4 1 4 
 1 1 1 1 
 1 1 1 1 
 1 1 1 1 
 1 1 1 1 
 1 1 1 1 
 1 1 1 1 
 1 1 1 1 
 1 1 1 1 
 1 1 1 1 
 1 1 1 1 
 4 4 4 4 
 4 4 4 4 
 4 4 4 4 
 4 4 4 4 
 4 4 4 4 
 4 4 4 4 
 4 4 4 4 
 4 4 4 4 
 4 4 4 4 
 4 4 4 4 
 4 4 4 4 
 4 4 4 4 
 4 4 4 4 
 4 4 4 4 
 4 4 4 4 
 4 4 4 4 
 4 4 4 4 
 4 4 4 4 
 4 4 4 4 
 4 4 4 4 
 4 4 4 4 
 4 4 4 4 
 4 4 4 4 
 4 4 4 4 
 4 4 4 4 
 4 4 4 4 
 4 4 4 4 
 4 4 4 4 
 4 4 4 4 
 4 4 4 4 
 4 4 4 4 
 4 4 4 4 
 4 4 4 4 
 4 4 4 4 
 4 4 4 4 
 4 4 4 4 
 4 4 4 4 
 4 4 4 4 
 4 4 4 4 
 4 4 4 4 
 4 4 4 4 
 4 4 4 4 
 4 4 4 4 
 4 4 4 4 
 4 4 4 4 
 4 4 4 4 
 4 4 4 4 
 4 4 4 4 
 4 4 4 4 
 4 4 4 4 
 4 4 4 4 
 4 4 4 4 
 4 4 4 4 
 4 4 4 4 
 4 4 4 4 
 4 4 4 4 
 4 4 4 4 
 4 4 4 4 
 4 4 4 4 
 4 4 4 4 
 4 4 4 4 
 4 4 4 4 
 4 4 4 4 
 4 4 4 4 
 4 4 4 4 
 4 4 4 4 
 4 4 4 4 
 4 4 4 4 
 4 4 4 4 
 4 4 4 4 
 4 4 4 4 
 4 4 4 4 
 4 4 4 4 
 4 4 4 4 
 4 4 4 4 
 4 4 4 4 
 4 4 4 4 
 4 4 4 4 
 4 4 4 4 
 4 4 4 4 
 4 4 4 4 
 4 4 4 4 
 4 4 4 4 
 4 4 4 4 
 4 4 4 4 
 4 4 4 4 
 4 4 4 4 
 4 4 4 4 
 4 4 4 4 
 4 4 4 4 
 4 4 4 4 
 4 4 4 4 
 4 4 4 4 
 4 4 4 4 
 4 4 4 4 
 4 4 4 4 
 4 4 4 4 
 4 4 4 4 
 4 4 4 4 
 4 4 4 4 
 4 4 4 4 
 4 4 4 4 
 4 4 4 4 
 4 4 4 4 
 4 4 4 4 
 4 4 4 4 
 4 4 4 4 
 4 4 4 4 
 4 4 4 4 
 4 4 4 4 
 4 4 4 4 
 4 4 4 4 
 4 4 4 4 
 4 4 4 4 
 4 4 4 4 
 4 4 4 4 
 4 4 4 4 
 4 4 4 4 
 4 4 4 4 
 4 4 4 4 
 4 4 4 4 
 4 4 4 4 
 4 4 4 4 
 4 4 4 4 
 4 4 4 4 
 4 4 4 4 
 4 4 4 4 
 4 4 4 4 
 4 4 4 4 
 4 4 4 4 
 4 4 4 4 
 4 4 4 4 
 4 4 4 4 
 4 4 4 4 
 4 4 4 4 
 4 4 4 4 
 4 4 4 4 
 4 4 4 4 
 4 4 4 4 
 4 4 4 4 
 4 4 4 4 
 4 4 4 4 
 4 4 4 4 
 4 4 4 4 
 4 4 4 4 
 4 4 4 4 
 4 4 4 4 
 4 4 4 4 
 4 4 4 4 
 4 4 4 4 
 4 4 4 4 
 4 4 4 4 
 4 4 4 4 
 4 4 4 4 
 4 4 4 4 
 4 4 4 4 
 4 4 4 4 
 4 4 4 4 
 4 4 4 4 
 4 4 4 4 
 4 4 4 4 
 4 4 4 4 
 4 4 4 4 
 4 4 4 4 
 4 4 4 4 
 4 4 4 4 
 4 4 4 4 
 4 4 4 4 
 4 4 4 4 
 4 4 4 4 
 4 4 4 4 
 4 4 4 4 
 4 4 4 4 
 4 4 4 4 
 4 4 4 4 
 4 4 4 4 
 4 4 4 4 
 4 4 4 4 
 4 4 4 4 
 4 4 4 4 
 4 4 4 4 
 4 4 4 4 
 4 4 4 4 
 4 4 4 4 
 4 4 4 4 
 4 4 4 4 
 4 4 4 4 
 4 4 4 4 
 4 4 4 4 
 4 4 4 4 
 4 4 4 4 
 4 4 4 4 
 4 4 4 4 
 4 4 4 4 
 4 4 4 4 
 4 4 4 4 
 4 4 4 4 
 4 4 4 4 
 4 4 4 4 
 4 4 4 4 
 4 4 4 4 
 4 4 4 4 
 vertexCoord 
0.000000 0.050000 
 1.000000 0.050000 
 1.000000 0.150000 
 -0.000000 0.150000 
 0.000000 0.000000 
 -0.000000 0.200000 
 0.200000 0.000000 
 1.000000 0.000000 
 1.000000 0.200000 
 0.200000 0.200000 
 0.520047 0.050000 
 0.760020 0.050000 
 0.880006 0.050000 
 0.959985 0.050000 
 0.919970 0.050000 
 0.840012 0.050000 
 0.800018 0.050000 
 0.640024 0.050000 
 0.720022 0.050000 
 0.680024 0.050000 
 0.600024 0.050000 
 0.560024 0.050000 
 0.280072 0.050000 
 0.400053 0.050000 
 0.480053 0.050000 
 0.440055 0.050000 
 0.360052 0.050000 
 0.320062 0.050000 
 0.160085 0.050000 
 0.240075 0.050000 
 0.200080 0.050000 
 0.080043 0.050000 
 0.120064 0.050000 
 0.040021 0.050000 
 0.520047 0.150000 
 0.760013 0.150000 
 0.879991 0.150000 
 0.959961 0.150000 
 0.919970 0.150000 
 0.840012 0.150000 
 0.800015 0.150000 
 0.640024 0.150000 
 0.720021 0.150000 
 0.680023 0.150000 
 0.600024 0.150000 
 0.560036 0.150000 
 0.280072 0.150000 
 0.400049 0.150000 
 0.480053 0.150000 
 0.440055 0.150000 
 0.360055 0.150000 
 0.320063 0.150000 
 0.160085 0.150000 
 0.240071 0.150000 
 0.200067 0.150000 
 0.080043 0.150000 
 0.120064 0.150000 
 0.040021 0.150000 
 0.119967 0.000000 
 0.159961 0.000000 
 0.079959 0.000000 
 0.039979 0.000000 
 0.080040 0.200000 
 0.040039 0.200000 
 0.120030 0.200000 
 0.160021 0.200000 
 0.000000 0.025000 
 -0.000000 0.083394 
 -0.000000 0.116666 
 -0.000000 0.175000 
 0.599963 0.000000 
 0.799963 0.000000 
 0.919960 0.000000 
 0.959961 0.000000 
 0.879962 0.000000 
 0.839962 0.000000 
 0.719960 0.000000 
 0.759961 0.000000 
 0.679959 0.000000 
 0.639961 0.000000 
 0.399963 0.000000 
 0.519960 0.000000 
 0.559961 0.000000 
 0.479959 0.000000 
 0.439961 0.000000 
 0.319960 0.000000 
 0.359961 0.000000 
 0.279959 0.000000 
 0.239979 0.000000 
 1.000000 0.175000 
 1.000000 0.116606 
 1.000000 0.083334 
 1.000000 0.025000 
 0.600000 0.200000 
 0.400000 0.200000 
 0.280020 0.200000 
 0.240010 0.200000 
 0.320016 0.200000 
 0.360008 0.200000 
 0.480020 0.200000 
 0.440010 0.200000 
 0.520016 0.200000 
 0.560008 0.200000 
 0.800000 0.200000 
 0.680040 0.200000 
 0.640039 0.200000 
 0.720041 0.200000 
 0.760021 0.200000 
 0.880040 0.200000 
 0.840039 0.200000 
 0.920041 0.200000 
 0.960021 0.200000 
 0.973121 0.128144 
 0.973137 0.071340 
 0.921616 0.099404 
 0.880929 0.099541 
 0.840718 0.099614 
 0.800821 0.099569 
 0.768777 0.101050 
 0.705191 0.118962 
 0.638870 0.100341 
 0.599695 0.099933 
 0.520336 0.099864 
 0.480707 0.099656 
 0.448734 0.101091 
 0.385212 0.118969 
 0.321864 0.096467 
 0.288359 0.101017 
 0.225187 0.118934 
 0.158934 0.100339 
 0.119320 0.099746 
 0.078549 0.099269 
 0.027344 0.127811 
 0.027339 0.070961 
 0.965120 0.099221 
 0.940136 0.125207 
 0.940139 0.074061 
 0.900543 0.074618 
 0.900541 0.124800 
 0.860438 0.124770 
 0.860596 0.074703 
 0.820412 0.124705 
 0.820417 0.074807 
 0.745320 0.121627 
 0.737449 0.085474 
 0.780347 0.074853 
 0.780468 0.124278 
 0.661885 0.121620 
 0.685213 0.085528 
 0.580029 0.124855 
 0.579880 0.074996 
 0.620088 0.124458 
 0.619227 0.075110 
 0.540132 0.124907 
 0.540117 0.074981 
 0.500271 0.124799 
 0.500269 0.074892 
 0.425311 0.121652 
 0.417464 0.085482 
 0.460354 0.074849 
 0.460351 0.124368 
 0.341762 0.121174 
 0.367147 0.086062 
 0.265429 0.121523 
 0.257181 0.085421 
 0.299151 0.074584 
 0.301706 0.123768 
 0.181906 0.121607 
 0.205206 0.085518 
 0.139134 0.075215 
 0.140007 0.124387 
 0.060313 0.124794 
 0.060319 0.073756 
 0.099571 0.074664 
 0.099716 0.124699 
 0.036387 0.097593 
 0.652672 0.072196 
 0.560032 0.099922 
 0.333655 0.071423 
 0.172688 0.072214 
 0.960005 0.175000 
 0.920005 0.175000 
 0.880019 0.175000 
 0.840027 0.175000 
 0.800015 0.167826 
 0.760020 0.182138 
 0.720031 0.175000 
 0.680030 0.173609 
 0.640025 0.166435 
 0.600012 0.175000 
 0.560023 0.175000 
 0.520034 0.175000 
 0.480036 0.175000 
 0.440037 0.175000 
 0.400025 0.175000 
 0.360033 0.175000 
 0.320043 0.175000 
 0.280044 0.175000 
 0.240045 0.175000 
 0.200033 0.175000 
 0.160053 0.175000 
 0.120042 0.176391 
 0.080040 0.183344 
 0.040024 0.176391 
 0.965502 0.024064 
 0.922468 0.024860 
 0.860260 0.025001 
 0.892531 0.019972 
 0.827628 0.029917 
 0.797886 0.024583 
 0.759630 0.024928 
 0.719930 0.024988 
 0.679982 0.024998 
 0.639991 0.025000 
 0.599993 0.025000 
 0.559993 0.025000 
 0.520007 0.025000 
 0.480006 0.025000 
 0.440008 0.025000 
 0.400007 0.025000 
 0.360006 0.025000 
 0.320009 0.025000 
 0.280015 0.025000 
 0.240025 0.025000 
 0.200033 0.025000 
 0.160023 0.025000 
 0.120016 0.025000 
 0.080001 0.025000 
 0.039993 0.025000 
 bc_tag 
399 
 393 
 336 
 330 
 184 
 110 
 15 
 10 
 5 
 2 
 405 
 405 
 405 
 405 
 405 
 405 
 405 
 405 
 405 
 405 
 405 
 405 
 405 
 405 
 405 
 405 
 405 
 405 
 405 
 405 
 405 
 405 
 405 
 405 
 343 
 343 
 343 
 343 
 343 
 343 
 343 
 343 
 343 
 343 
 343 
 343 
 343 
 343 
 343 
 343 
 343 
 343 
 343 
 343 
 343 
 343 
 343 
 343 
 190 
 190 
 190 
 190 
 117 
 117 
 117 
 117 
 185 
 400 
 400 
 331 
 16 
 16 
 16 
 16 
 16 
 16 
 16 
 16 
 16 
 16 
 16 
 16 
 16 
 16 
 16 
 16 
 16 
 16 
 16 
 11 
 337 
 337 
 394 
 6 
 6 
 6 
 6 
 6 
 6 
 6 
 6 
 6 
 6 
 6 
 6 
 6 
 6 
 6 
 6 
 6 
 6 
 6 
 408 
 408 
 408 
 408 
 408 
 408 
 408 
 408 
 408 
 408 
 408 
 408 
 408 
 408 
 408 
 408 
 408 
 408 
 408 
 408 
 408 
 408 
 408 
 408 
 408 
 408 
 408 
 408 
 408 
 408 
 408 
 408 
 408 
 408 
 408 
 408 
 408 
 408 
 408 
 408 
 408 
 408 
 408 
 408 
 408 
 408 
 408 
 408 
 408 
 408 
 408 
 408 
 408 
 408 
 408 
 408 
 408 
 408 
 408 
 408 
 408 
 408 
 408 
 408 
 408 
 408 
 408 
 408 
 346 
 346 
 346 
 346 
 346 
 346 
 346 
 346 
 346 
 346 
 346 
 346 
 346 
 346 
 346 
 346 
 346 
 346 
 346 
 346 
 346 
 346 
 346 
 346 
 120 
 120 
 120 
 120 
 120 
 120 
 120 
 120 
 120 
 120 
 120 
 120 
 120 
 120 
 120 
 120 
 120 
 120 
 120 
 120 
 120 
 120 
 120 
 120 
 120 
 405 
 405 
 405 
 405 
 405 
 405 
 405 
 405 
 405 
 405 
 405 
 405 
 405 
 405 
 405 
 405 
 405 
 405 
 405 
 405 
 405 
 405 
 405 
 405 
 405 
 405 
 405 
 405 
 405 
 405 
 405 
 405 
 405 
 405 
 405 
 405 
 405 
 405 
 405 
 405 
 405 
 405 
 405 
 405 
 405 
 405 
 405 
 405 
 405 
 405 
 405 
 405 
 405 
 405 
 405 
 405 
 405 
 405 
 405 
 405 
 405 
 405 
 405 
 405 
 405 
 405 
 405 
 405 
 405 
 405 
 405 
 405 
 405 
 405 
 405 
 343 
 343 
 343 
 343 
 343 
 343 
 343 
 343 
 343 
 343 
 343 
 343 
 343 
 343 
 343 
 343 
 343 
 343 
 343 
 343 
 343 
 343 
 343 
 343 
 343 
 343 
 343 
 343 
 343 
 343 
 343 
 343 
 343 
 343 
 343 
 343 
 343 
 343 
 343 
 343 
 343 
 343 
 343 
 343 
 343 
 343 
 343 
 343 
 343 
 343 
 343 
 343 
 343 
 343 
 343 
 343 
 343 
 343 
 343 
 343 
 343 
 343 
 343 
 343 
 343 
 343 
 343 
 343 
 343 
 343 
 343 
 343 
 343 
 343 
 343 
 190 
 190 
 190 
 190 
 190 
 190 
 190 
 190 
 190 
 190 
 190 
 190 
 190 
 190 
 190 
 117 
 117 
 117 
 117 
 117 
 117 
 117 
 117 
 117 
 117 
 117 
 117 
 117 
 117 
 117 
 185 
 185 
 185 
 185 
 185 
 185 
 331 
 331 
 331 
 331 
 331 
 331 
 16 
 16 
 16 
 16 
 16 
 16 
 16 
 16 
 16 
 16 
 16 
 16 
 16 
 16 
 16 
 16 
 16 
 16 
 16 
 16 
 16 
 16 
 16 
 16 
 16 
 16 
 16 
 16 
 16 
 16 
 16 
 16 
 16 
 16 
 16 
 16 
 16 
 16 
 16 
 16 
 16 
 16 
 16 
 16 
 16 
 16 
 16 
 16 
 16 
 16 
 16 
 16 
 16 
 16 
 16 
 16 
 16 
 16 
 16 
 16 
 11 
 11 
 11 
 11 
 11 
 11 
 394 
 394 
 394 
 394 
 394 
 394 
 6 
 6 
 6 
 6 
 6 
 6 
 6 
 6 
 6 
 6 
 6 
 6 
 6 
 6 
 6 
 6 
 6 
 6 
 6 
 6 
 6 
 6 
 6 
 6 
 6 
 6 
 6 
 6 
 6 
 6 
 6 
 6 
 6 
 6 
 6 
 6 
 6 
 6 
 6 
 6 
 6 
 6 
 6 
 6 
 6 
 6 
 6 
 6 
 6 
 6 
 6 
 6 
 6 
 6 
 6 
 6 
 6 
 6 
 6 
 6 
 346 
 346 
 346 
 346 
 346 
 346 
 346 
 346 
 346 
 346 
 346 
 346 
 346 
 346 
 346 
 346 
 346 
 346 
 346 
 346 
 346 
 346 
 346 
 346 
 346 
 346 
 346 
 346 
 346 
 346 
 346 
 346 
 346 
 346 
 346 
 346 
 346 
 346 
 346 
 346 
 346 
 346 
 346 
 346 
 346 
 346 
 346 
 346 
 346 
 346 
 346 
 346 
 346 
 346 
 346 
 346 
 346 
 346 
 346 
 346 
 346 
 346 
 346 
 346 
 346 
 346 
 346 
 346 
 346 
 346 
 346 
 346 
 346 
 346 
 346 
 346 
 346 
 346 
 346 
 346 
 346 
 346 
 346 
 346 
 346 
 346 
 346 
 346 
 346 
 346 
 346 
 346 
 346 
 346 
 346 
 346 
 346 
 346 
 346 
 346 
 346 
 346 
 346 
 346 
 346 
 346 
 346 
 346 
 346 
 346 
 346 
 346 
 346 
 346 
 346 
 346 
 346 
 346 
 346 
 346 
 346 
 346 
 346 
 346 
 346 
 346 
 346 
 346 
 346 
 346 
 346 
 346 
 346 
 346 
 346 
 346 
 346 
 346 
 346 
 346 
 346 
 346 
 346 
 346 
 346 
 346 
 346 
 346 
 346 
 346 
 346 
 346 
 346 
 346 
 346 
 346 
 346 
 346 
 346 
 346 
 346 
 346 
 346 
 346 
 346 
 346 
 346 
 346 
 346 
 346 
 346 
 346 
 346 
 346 
 346 
 346 
 346 
 346 
 346 
 346 
 346 
 346 
 346 
 346 
 346 
 346 
 346 
 346 
 346 
 346 
 346 
 346 
 346 
 346 
 346 
 346 
 346 
 346 
 346 
 346 
 346 
 346 
 346 
 346 
 346 
 346 
 346 
 346 
 346 
 346 
 346 
 346 
 346 
 346 
 346 
 346 
 346 
 346 
 346 
 346 
 346 
 346 
 346 
 346 
 346 
 346 
 346 
 346 
 346 
 346 
 346 
 346 
 346 
 346 
 346 
 346 
 346 
 346 
 346 
 346 
 346 
 346 
 346 
 346 
 346 
 346 
 346 
 346 
 346 
 346 
 346 
 346 
 346 
 346 
 346 
 346 
 346 
 346 
 346 
 346 
 346 
 346 
 346 
 346 
 346 
 346 
 346 
 346 
 346 
 346 
 346 
 346 
 346 
 346 
 346 
 346 
 346 
 346 
 346 
 346 
 346 
 346 
 346 
 346 
 346 
 346 
 346 
 346 
 346 
 346 
 346 
 346 
 346 
 346 
 346 
 346 
 346 
 346 
 346 
 346 
 346 
 346 
 346 
 346 
 346 
 346 
 346 
 346 
 346 
 346 
 346 
 346 
 346 
 346 
 346 
 346 
 346 
 346 
 346 
 346 
 346 
 346 
 346 
 346 
 346 
 346 
 346 
 346 
 346 
 346 
 346 
 346 
 346 
 346 
 346 
 346 
 346 
 346 
 346 
 346 
 346 
 346 
 346 
 346 
 346 
 346 
 346 
 346 
 346 
 346 
 346 
 346 
 346 
 346 
 346 
 346 
 346 
 346 
 346 
 346 
 346 
 346 
 346 
 346 
 346 
 346 
 346 
 346 
 346 
 120 
 120 
 120 
 120 
 120 
 120 
 120 
 120 
 120 
 120 
 120 
 120 
 120 
 120 
 120 
 120 
 120 
 120 
 120 
 120 
 120 
 120 
 120 
 120 
 120 
 120 
 120 
 120 
 120 
 120 
 120 
 120 
 120 
 120 
 120 
 120 
 120 
 120 
 120 
 120 
 120 
 120 
 120 
 120 
 120 
 120 
 120 
 120 
 120 
 120 
 120 
 120 
 120 
 120 
 120 
 120 
 120 
 120 
 120 
 120 
 120 
 120 
 120 
 120 
 120 
 120 
 120 
 120 
 120 
 120 
 120 
 120 
 120 
 120 
 120 
 120 
 120 
 120 
 120 
 120 
 120 
 120 
 120 
 120 
 120 
 120 
 120 
 120 
 120 
 120 
 120 
 120 
 120 
 120 
 120 
 120 
 120 
 120 
 120 
 120 
 120 
 120 
 120 
 120 
 120 
 120 
 120 
 120 
 120 
 120 
 120 
 120 
 120 
 120 
 120 
 120 
 120 
 120 
 120 
 120 
 120 
 120 
 120 
 120 
 120 
 120 
 120 
 120 
 120 
 120 
 120 
 120 
 120 
 120 
 120 
 120 
 120 
 120 
 120 
 120 
 120 
 120 
 120 
 120 
 120 
 120 
 120 
 120 
 120 
 120 
 120 
 120 
 120 
 120 
 120 
 120 
 120 
 120 
 120 
 120 
 120 
 120 
 120 
 120 
 120 
 120 
 120 
 120 
 120 
 120 
 120 
 120 
 120 
 120 
 120 
 120 
 120 
 120 
 120 
 120 
 120 
 120 
 120 
 120 
 120 
 120 
 120 
 120 
 120 
 120 
 120 
 120 
 120 
 120 
 120 
 120 
 120 
 120 
 120 
 120 
 120 
 120 
 120 
 120 
 120 
 120 
 120 
 120 
 120 
 120 
 120 
 120 
 120 
 120 
 120 
 120 
 120 
 120 
 120 
 120 
 120 
 120 
 120 
 120 
 120 
 120 
 120 
 120 
 120 
 120 
 120 
 120 
 120 
 120 
 120 
 120 
 120 
 120 
 120 
 120 
 120 
 120 
 120 
 120 
 120 
 120 
 120 
 120 
 120 
 120 
 120 
 120 
 120 
 120 
 120 
 120 
 120 
 120 
 120 
 120 
 120 
 120 
 120 
 120 
 120 
 120 
 120 
 120 
 120 
 120 
 120 
 120 
 120 
 120 
 120 
 120 
 120 
 120 
 120 
 120 
 120 
 120 
 120 
 120 
 120 
 120 
 120 
 120 
 120 
 120 
 120 
 120 
 120 
 120 
 120 
 120 
 120 
 120 
 120 
 120 
 120 
 120 
 120 
 120 
 120 
 120 
 120 
 120 
 120 
 120 
 120 
 120 
 120 
 120 
 120 
 120 
 120 
 120 
 120 
 120 
 120 
 120 
 120 
 120 
 120 
 120 
 120 
 120 
 120 
 120 
 120 
 120 
 120 
 120 
 120 
 120 
 120 
 120 
 120 
 120 
 120 
 120 
 120 
 120 
 120 
 120 
 120 
 120 
 120 
 120 
 120 
 120 
 120 
 120 
 120 
 120 
 120 
 120 
 120 
 120 
 120 
 120 
 120 
 120 
 120 
 120 
 120 
 120 
 120 
 120 
 120 
 120 
 120 
 120 
 120 
 120 
 120 
 120 
 408 
 408 
 408 
 408 
 408 
 408 
 408 
 408 
 408 
 408 
 408 
 408 
 408 
 408 
 408 
 408 
 408 
 408 
 408 
 408 
 408 
 408 
 408 
 408 
 408 
 408 
 408 
 408 
 408 
 408 
 408 
 408 
 408 
 408 
 408 
 408 
 408 
 408 
 408 
 408 
 408 
 408 
 408 
 408 
 408 
 408 
 408 
 408 
 408 
 408 
 408 
 408 
 408 
 408 
 408 
 408 
 408 
 408 
 408 
 408 
 408 
 408 
 408 
 408 
 408 
 408 
 408 
 408 
 408 
 408 
 408 
 408 
 408 
 408 
 408 
 408 
 408 
 408 
 408 
 408 
 408 
 408 
 408 
 408 
 408 
 408 
 408 
 408 
 408 
 408 
 408 
 408 
 408 
 408 
 408 
 408 
 408 
 408 
 408 
 408 
 408 
 408 
 408 
 408 
 408 
 408 
 408 
 408 
 408 
 408 
 408 
 408 
 408 
 408 
 408 
 408 
 408 
 408 
 408 
 408 
 408 
 408 
 408 
 408 
 408 
 408 
 408 
 408 
 408 
 408 
 408 
 408 
 408 
 408 
 408 
 408 
 408 
 408 
 408 
 408 
 408 
 408 
 408 
 408 
 408 
 408 
 408 
 408 
 408 
 408 
 346 
 346 
 346 
 346 
 346 
 346 
 346 
 346 
 346 
 346 
 346 
 346 
 346 
 346 
 346 
 346 
 346 
 346 
 346 
 346 
 346 
 346 
 346 
 346 
 346 
 346 
 346 
 346 
 346 
 346 
 346 
 346 
 346 
 346 
 346 
 346 
 346 
 346 
 346 
 346 
 346 
 346 
 346 
 346 
 346 
 346 
 346 
 346 
 346 
 346 
 346 
 346 
 346 
 346 
 346 
 346 
 346 
 346 
 346 
 346 
 346 
 346 
 346 
 346 
 346 
 346 
 346 
 346 
 346 
 346 
 346 
 346 
 346 
 346 
 346 
 346 
 346 
 346 
 346 
 346 
 346 
 346 
 346 
 346 
 346 
 346 
 346 
 346 
 346 
 346 
 346 
 346 
 346 
 346 
 346 
 346 
 346 
 346 
 346 
 346 
 346 
 346 
 346 
 346 
 346 
 346 
 346 
 346 
 346 
 346 
 346 
 346 
 346 
 346 
 346 
 346 
 346 
 346 
 346 
 346 
 346 
 346 
 346 
 346 
 346 
 346 
 346 
 346 
 346 
 346 
 346 
 346 
 346 
 346 
 346 
 346 
 346 
 346 
 346 
 346 
 346 
 346 
 346 
 346 
 346 
 346 
 346 
 346 
 346 
 346 
 346 
 346 
 346 
 346 
 346 
 346 
 346 
 346 
 346 
 346 
 346 
 346 
 346 
 346 
 346 
 346 
 346 
 346 
 346 
 346 
 346 
 346 
 346 
 346 
 346 
 346 
 346 
 346 
 346 
 346 
 346 
 346 
 346 
 346 
 346 
 346 
 346 
 346 
 346 
 346 
 346 
 346 
 346 
 346 
 346 
 346 
 346 
 346 
 346 
 346 
 346 
 346 
 346 
 346 
 346 
 346 
 346 
 346 
 346 
 346 
 346 
 346 
 346 
 346 
 346 
 346 
 346 
 346 
 346 
 346 
 346 
 346 
 346 
 346 
 346 
 346 
 346 
 346 
 346 
 346 
 346 
 346 
 346 
 346 
 346 
 346 
 346 
 346 
 346 
 346 
 346 
 346 
 346 
 346 
 346 
 346 
 346 
 346 
 346 
 346 
 346 
 346 
 346 
 346 
 346 
 346 
 346 
 346 
 346 
 346 
 346 
 346 
 346 
 346 
 346 
 346 
 346 
 346 
 346 
 346 
 346 
 346 
 346 
 346 
 346 
 346 
 346 
 346 
 346 
 346 
 346 
 346 
 346 
 346 
 346 
 346 
 346 
 346 
 346 
 346 
 346 
 346 
 346 
 346 
 346 
 346 
 346 
 346 
 346 
 346 
 120 
 120 
 120 
 120 
 120 
 120 
 120 
 120 
 120 
 120 
 120 
 120 
 120 
 120 
 120 
 120 
 120 
 120 
 120 
 120 
 120 
 120 
 120 
 120 
 120 
 120 
 120 
 120 
 120 
 120 
 120 
 120 
 120 
 120 
 120 
 120 
 120 
 120 
 120 
 120 
 120 
 120 
 120 
 120 
 120 
 120 
 120 
 120 
 120 
 120 
 120 
 120 
 120 
 120 
 120 
 120 
 120 
 120 
 120 
 120 
 120 
 120 
 120 
 120 
 120 
 120 
 120 
 120 
 120 
 120 
 120 
 120 
 120 
 120 
 120 
 120 
 120 
 120 
 120 
 120 
 120 
 120 
 120 
 120 
 120 
 120 
 120 
 120 
 120 
 120 
 120 
 120 
 120 
 120 
 120 
 120 
 120 
 120 
 120 
 120 
 120 
 120 
 120 
 120 
 120 
 120 
 120 
 120 
 120 
 120 
 120 
 120 
 120 
 120 
 120 
 120 
 120 
 120 
 120 
 120 
 120 
 120 
 120 
 120 
 120 
 120 
 120 
 120 
 120 
 120 
 120 
 120 
 120 
 120 
 120 
 120 
 120 
 120 
 120 
 120 
 120 
 120 
 120 
 120 
 120 
 120 
 120 
 120 
 120 
 120 
 120 
 120 
 120 
 120 
 120 
 120 
 120 
 120 
 120 
 120 
 120 
 120 
 120 
 120 
 120 
 120 
 120 
 120 
 120 
 120 
 120 
 120 
 120 
 120 
 120 
 120 
 120 
 120 
 120 
 120 
 120 
 120 
 120 
 120 
 120 
 120 
 120 
 120 
 120 
 120 
 120 
 120 
 120 
 120 
 120 
 120 
 120 
 120 
 120 
 120 
 120 
 120 
 120 
 120 
 120 
 120 
 120 
 120 
 120 
 120 
 120 
 120 
 120 
 120 
 120 
 120 
 120 
 120 
 120 
 120 
 120 
 120 
 120 
 120 
 120 
 120 
 120 
 120 
 120 
 120 
 120 
 120 
 120 
 120 
 120 
 120 
 120 
 120 
 120 
 120 
 120 
 120 
 120 
 120 
 120 
 120 
 120 
 120 
 120 
 120 
 120 
 120 
 120 
 120 
 120 
 120 
 120 
 120 
 120 
 120 
 120 
 120 
 120 
 120 
 120 
 120 
 120 
 120 
 120 
 120 
 120 
 120 
 120 
 120 
 120 
 120 
 120 
 120 
 120 
 120 
 120 
 120 
 120 
 120 
 120 
 120 
 120 
 120 
 120 
 120 
 120 
 120 
 120 
 120 
 120 
 120 
 120 
 120 
 120 
 120 
 120 
 120 
 120 
 120 
 120 
 120 
 bcElement 64
291 185 2 
389 185 1 
378 190 1 
382 190 1 
386 190 1 
392 190 1 
291 190 3 
296 16 1 
300 16 1 
307 16 1 
302 16 1 
314 16 1 
318 16 1 
322 16 1 
326 16 1 
330 16 1 
334 16 1 
338 16 1 
342 16 1 
346 16 1 
350 16 1 
354 16 1 
358 16 1 
362 16 1 
366 16 1 
370 16 1 
374 16 1 
294 394 1 
295 394 1 
191 11 2 
195 11 1 
192 331 1 
288 331 1 
287 117 1 
281 117 1 
283 117 1 
279 117 1 
275 117 1 
271 6 1 
267 6 1 
263 6 1 
259 6 1 
255 6 1 
251 6 1 
247 6 1 
243 6 1 
239 6 1 
235 6 1 
231 6 1 
221 6 1 
217 6 1 
213 6 1 
215 6 1 
205 6 1 
201 6 1 
197 6 1 
194 6 1 
191 6 3 
1 337 1 
13 337 1 
3 337 1 
10 400 1 
152 400 1 
9 400 1 
