Edge min = 0.016435, max=0.052401, average=0.036306;
Grid_size 392
Node_size 229
Total_DOF 849
maxDOF 6
Solution_Order
2 2 2 
 meshIEN 
113 91 3 
 3 38 113 
 114 2 92 
 114 14 2 
 43 44 120 
 48 51 126 
 54 55 129 
 58 4 133 
 133 4 69 
 134 68 1 
 134 1 34 
 91 113 135 
 135 92 91 
 135 114 92 
 136 113 38 
 38 39 136 
 136 135 113 
 14 114 137 
 114 135 137 
 137 15 14 
 115 116 138 
 138 13 15 
 139 116 115 
 39 37 139 
 139 136 39 
 115 136 139 
 140 117 116 
 37 40 140 
 140 139 37 
 116 139 140 
 116 117 141 
 141 16 13 
 13 138 141 
 141 138 116 
 142 118 117 
 40 41 142 
 142 140 40 
 117 140 142 
 117 118 143 
 143 17 16 
 16 141 143 
 143 141 117 
 36 43 144 
 43 120 144 
 145 19 12 
 119 144 145 
 145 144 120 
 118 119 146 
 146 12 17 
 17 143 146 
 146 143 118 
 146 145 12 
 119 145 146 
 147 119 118 
 41 36 147 
 147 142 41 
 118 142 147 
 36 144 147 
 147 144 119 
 148 120 44 
 44 42 148 
 120 148 149 
 149 148 121 
 45 46 150 
 151 22 21 
 152 122 121 
 42 45 152 
 152 148 42 
 121 148 152 
 45 150 152 
 152 150 122 
 121 122 153 
 153 21 18 
 153 151 21 
 122 151 153 
 46 35 154 
 154 150 46 
 155 11 22 
 22 151 155 
 156 124 123 
 35 49 156 
 156 154 35 
 123 154 156 
 123 124 157 
 157 25 11 
 11 155 157 
 157 155 123 
 50 48 158 
 48 126 158 
 159 24 26 
 125 158 159 
 159 158 126 
 124 125 160 
 160 26 25 
 25 157 160 
 160 157 124 
 160 159 26 
 125 159 160 
 161 125 124 
 49 50 161 
 161 156 49 
 124 156 161 
 50 158 161 
 161 158 125 
 162 126 51 
 51 52 162 
 126 162 163 
 163 162 127 
 47 54 164 
 54 129 164 
 165 30 23 
 128 164 165 
 165 164 129 
 127 128 166 
 166 23 28 
 166 165 23 
 128 165 166 
 167 128 127 
 52 47 167 
 167 162 52 
 127 162 167 
 47 164 167 
 167 164 128 
 168 129 55 
 55 53 168 
 129 168 169 
 169 168 130 
 130 131 170 
 170 33 29 
 171 131 130 
 53 57 171 
 171 168 53 
 130 168 171 
 56 58 172 
 58 133 172 
 173 34 32 
 173 134 34 
 131 132 174 
 174 32 33 
 33 170 174 
 174 170 131 
 174 173 32 
 132 173 174 
 175 132 131 
 57 56 175 
 175 171 57 
 131 171 175 
 56 172 175 
 175 172 132 
 68 134 176 
 176 172 133 
 176 69 68 
 176 133 69 
 134 173 176 
 20 149 177 
 177 18 20 
 177 149 121 
 177 153 18 
 121 153 177 
 150 154 178 
 178 155 151 
 123 155 178 
 178 154 123 
 178 151 122 
 122 150 178 
 27 163 179 
 179 28 27 
 179 163 127 
 179 166 28 
 127 166 179 
 31 169 180 
 180 29 31 
 180 169 130 
 180 170 29 
 130 170 180 
 137 115 138 
 138 15 137 
 149 20 19 
 163 27 24 
 169 31 30 
 115 137 135 
 135 136 115 
 176 173 132 
 132 172 176 
 145 120 149 
 149 19 145 
 159 126 163 
 163 24 159 
 165 129 169 
 169 30 165 
 9 112 90 
 58 70 4 
 90 112 181 
 181 112 111 
 181 3 90 
 181 38 3 
 182 111 109 
 182 181 111 
 38 181 182 
 182 39 38 
 183 109 110 
 183 182 109 
 39 182 183 
 183 37 39 
 184 110 104 
 184 183 110 
 37 183 184 
 184 40 37 
 185 36 41 
 185 184 104 
 40 184 185 
 185 41 40 
 186 108 107 
 36 185 186 
 186 104 108 
 186 185 104 
 187 107 105 
 187 186 107 
 36 186 187 
 187 43 36 
 188 105 106 
 188 187 105 
 43 187 188 
 188 44 43 
 189 45 42 
 189 188 106 
 44 188 189 
 189 42 44 
 190 46 45 
 45 189 190 
 190 106 94 
 190 189 106 
 191 35 46 
 46 190 191 
 191 94 103 
 191 190 94 
 192 49 35 
 35 191 192 
 192 103 102 
 192 191 103 
 193 50 49 
 49 192 193 
 193 102 100 
 193 192 102 
 194 48 50 
 50 193 194 
 194 100 101 
 194 193 100 
 195 51 48 
 48 194 195 
 195 101 95 
 195 194 101 
 196 52 51 
 51 195 196 
 196 95 99 
 196 195 95 
 197 47 52 
 52 196 197 
 197 99 98 
 197 196 99 
 198 54 47 
 47 197 198 
 198 98 96 
 198 197 98 
 199 55 54 
 54 198 199 
 199 96 97 
 199 198 96 
 200 53 55 
 55 199 200 
 200 97 10 
 200 199 97 
 201 57 53 
 53 200 201 
 201 10 66 
 201 200 10 
 202 56 57 
 57 201 202 
 202 66 65 
 202 201 66 
 203 63 64 
 56 202 203 
 203 65 63 
 203 202 65 
 204 70 58 
 204 203 64 
 204 64 6 
 204 6 70 
 56 203 204 
 204 58 56 
 5 62 67 
 14 15 205 
 2 14 205 
 205 93 2 
 205 8 93 
 205 74 8 
 15 13 206 
 206 205 15 
 74 205 206 
 206 73 74 
 13 16 207 
 207 76 75 
 208 206 13 
 208 207 75 
 13 207 208 
 73 206 208 
 208 75 73 
 16 17 209 
 76 207 209 
 209 207 16 
 17 12 210 
 210 209 17 
 76 209 210 
 210 72 76 
 12 19 211 
 211 210 12 
 72 210 211 
 211 78 72 
 19 20 212 
 212 211 19 
 78 211 212 
 212 77 78 
 20 18 213 
 213 212 20 
 77 212 213 
 213 79 77 
 18 21 214 
 214 213 18 
 79 213 214 
 214 80 79 
 21 22 215 
 215 214 21 
 80 214 215 
 215 71 80 
 22 11 216 
 216 215 22 
 71 215 216 
 216 83 71 
 11 25 217 
 217 216 11 
 83 216 217 
 217 82 83 
 25 26 218 
 218 217 25 
 82 217 218 
 218 84 82 
 26 24 219 
 219 218 26 
 84 218 219 
 219 85 84 
 24 27 220 
 220 219 24 
 85 219 220 
 220 81 85 
 27 28 221 
 221 220 27 
 81 220 221 
 221 87 81 
 28 23 222 
 222 221 28 
 87 221 222 
 222 86 87 
 23 30 223 
 223 222 23 
 86 222 223 
 223 88 86 
 30 31 224 
 224 223 30 
 88 223 224 
 224 89 88 
 31 29 225 
 225 224 31 
 89 224 225 
 225 7 89 
 29 33 226 
 226 225 29 
 7 225 226 
 226 60 7 
 33 32 227 
 227 226 33 
 60 226 227 
 227 59 60 
 32 34 228 
 228 227 32 
 59 227 228 
 228 61 59 
 67 62 229 
 229 228 34 
 229 1 67 
 34 1 229 
 61 228 229 
 229 62 61 
 solutionIEN 
113 91 3 344 319 345 
 3 38 113 344 346 255 
 114 2 92 347 321 348 
 114 14 2 348 230 349 
 43 44 120 354 355 262 
 48 51 126 359 360 270 
 54 55 129 362 363 274 
 58 4 133 366 367 279 
 133 4 69 368 294 367 
 134 68 1 369 292 370 
 134 1 34 371 254 369 
 91 113 135 372 373 345 
 135 92 91 372 320 375 
 135 114 92 375 347 374 
 136 113 38 376 346 377 
 38 39 136 376 378 256 
 136 135 113 377 373 380 
 14 114 137 381 382 349 
 114 135 137 382 383 374 
 137 15 14 381 231 384 
 115 116 138 386 387 350 
 138 13 15 388 232 389 
 139 116 115 390 350 391 
 39 37 139 393 392 257 
 139 136 39 393 378 394 
 115 136 139 390 394 379 
 140 117 116 395 351 396 
 37 40 140 398 397 258 
 140 139 37 398 392 399 
 116 139 140 395 399 391 
 116 117 141 400 401 351 
 141 16 13 402 233 403 
 13 138 141 402 404 389 
 141 138 116 400 387 404 
 142 118 117 405 352 406 
 40 41 142 408 407 259 
 142 140 40 408 397 409 
 117 140 142 405 409 396 
 117 118 143 410 411 352 
 143 17 16 412 234 413 
 16 141 143 412 414 403 
 143 141 117 410 401 414 
 36 43 144 415 417 261 
 43 120 144 417 418 354 
 145 19 12 419 236 421 
 119 144 145 420 423 416 
 145 144 120 422 418 423 
 118 119 146 424 425 353 
 146 12 17 426 235 427 
 17 143 146 426 428 413 
 146 143 118 424 411 428 
 146 145 12 427 419 429 
 119 145 146 425 429 420 
 147 119 118 430 353 431 
 41 36 147 432 433 260 
 147 142 41 432 407 434 
 118 142 147 430 434 406 
 36 144 147 433 435 415 
 147 144 119 431 416 435 
 148 120 44 436 355 437 
 44 42 148 436 439 263 
 120 148 149 441 442 437 
 149 148 121 443 438 442 
 45 46 150 444 446 265 
 151 22 21 447 240 449 
 152 122 121 450 356 451 
 42 45 152 452 453 264 
 152 148 42 452 439 454 
 121 148 152 450 454 438 
 45 150 152 453 455 444 
 152 150 122 451 445 455 
 121 122 153 456 457 356 
 153 21 18 458 239 459 
 153 151 21 459 447 460 
 122 151 153 457 460 448 
 46 35 154 463 461 266 
 154 150 46 463 446 464 
 155 11 22 465 241 466 
 22 151 155 465 468 449 
 156 124 123 469 357 470 
 35 49 156 472 471 267 
 156 154 35 472 461 473 
 123 154 156 469 473 462 
 123 124 157 474 475 357 
 157 25 11 476 242 477 
 11 155 157 476 478 466 
 157 155 123 474 467 478 
 50 48 158 479 481 269 
 48 126 158 481 482 359 
 159 24 26 483 244 485 
 125 158 159 484 487 480 
 159 158 126 486 482 487 
 124 125 160 488 489 358 
 160 26 25 490 243 491 
 25 157 160 490 492 477 
 160 157 124 488 475 492 
 160 159 26 491 483 493 
 125 159 160 489 493 484 
 161 125 124 494 358 495 
 49 50 161 496 497 268 
 161 156 49 496 471 498 
 124 156 161 494 498 470 
 50 158 161 497 499 479 
 161 158 125 495 480 499 
 162 126 51 500 360 501 
 51 52 162 500 503 271 
 126 162 163 505 506 501 
 163 162 127 507 502 506 
 47 54 164 508 510 273 
 54 129 164 510 511 362 
 165 30 23 512 248 514 
 128 164 165 513 516 509 
 165 164 129 515 511 516 
 127 128 166 517 518 361 
 166 23 28 519 247 520 
 166 165 23 520 512 521 
 128 165 166 518 521 513 
 167 128 127 522 361 523 
 52 47 167 524 525 272 
 167 162 52 524 503 526 
 127 162 167 522 526 502 
 47 164 167 525 527 508 
 167 164 128 523 509 527 
 168 129 55 528 363 529 
 55 53 168 528 531 275 
 129 168 169 533 534 529 
 169 168 130 535 530 534 
 130 131 170 536 537 364 
 170 33 29 538 251 539 
 171 131 130 540 364 541 
 53 57 171 543 542 276 
 171 168 53 543 531 544 
 130 168 171 540 544 530 
 56 58 172 545 547 278 
 58 133 172 547 548 366 
 173 34 32 549 253 551 
 173 134 34 551 371 552 
 131 132 174 553 554 365 
 174 32 33 555 252 556 
 33 170 174 555 557 539 
 174 170 131 553 537 557 
 174 173 32 556 549 558 
 132 173 174 554 558 550 
 175 132 131 559 365 560 
 57 56 175 561 562 277 
 175 171 57 561 542 563 
 131 171 175 559 563 541 
 56 172 175 562 564 545 
 175 172 132 560 546 564 
 68 134 176 565 566 370 
 176 172 133 567 548 568 
 176 69 68 565 293 569 
 176 133 69 569 368 567 
 134 173 176 566 570 552 
 20 149 177 571 572 440 
 177 18 20 571 238 573 
 177 149 121 574 443 572 
 177 153 18 573 458 575 
 121 153 177 574 575 456 
 150 154 178 576 577 464 
 178 155 151 578 468 579 
 123 155 178 580 579 467 
 178 154 123 580 462 577 
 178 151 122 581 448 578 
 122 150 178 581 576 445 
 27 163 179 582 583 504 
 179 28 27 582 246 584 
 179 163 127 585 507 583 
 179 166 28 584 519 586 
 127 166 179 585 586 517 
 31 169 180 587 588 532 
 180 29 31 587 250 589 
 180 169 130 590 535 588 
 180 170 29 589 538 591 
 130 170 180 590 591 536 
 137 115 138 592 386 385 
 138 15 137 592 384 388 
 149 20 19 593 237 440 
 163 27 24 594 245 504 
 169 31 30 595 249 532 
 115 137 135 596 383 385 
 135 136 115 596 379 380 
 176 173 132 597 550 570 
 132 172 176 597 568 546 
 145 120 149 598 441 422 
 149 19 145 598 421 593 
 159 126 163 599 505 486 
 163 24 159 599 485 594 
 165 129 169 600 533 515 
 169 30 165 600 514 595 
 9 112 90 317 601 343 
 58 70 4 279 295 602 
 90 112 181 603 604 601 
 181 112 111 605 342 604 
 181 3 90 603 318 606 
 181 38 3 606 255 607 
 182 111 109 608 341 609 
 182 181 111 609 605 610 
 38 181 182 612 610 607 
 182 39 38 612 256 611 
 183 109 110 613 340 614 
 183 182 109 614 608 615 
 39 182 183 617 615 611 
 183 37 39 617 257 616 
 184 110 104 618 339 619 
 184 183 110 619 613 620 
 37 183 184 622 620 616 
 184 40 37 622 258 621 
 185 36 41 623 260 624 
 185 184 104 625 618 626 
 40 184 185 627 626 621 
 185 41 40 627 259 623 
 186 108 107 628 337 629 
 36 185 186 630 631 624 
 186 104 108 629 338 632 
 186 185 104 632 625 631 
 187 107 105 633 336 634 
 187 186 107 634 628 635 
 36 186 187 637 635 630 
 187 43 36 637 261 636 
 188 105 106 638 335 639 
 188 187 105 639 633 640 
 43 187 188 642 640 636 
 188 44 43 642 262 641 
 189 45 42 643 264 644 
 189 188 106 645 638 646 
 44 188 189 647 646 641 
 189 42 44 647 263 643 
 190 46 45 648 265 649 
 45 189 190 648 650 644 
 190 106 94 651 334 652 
 190 189 106 652 645 650 
 191 35 46 653 266 654 
 46 190 191 653 655 649 
 191 94 103 656 333 657 
 191 190 94 657 651 655 
 192 49 35 658 267 659 
 35 191 192 658 660 654 
 192 103 102 661 332 662 
 192 191 103 662 656 660 
 193 50 49 663 268 664 
 49 192 193 663 665 659 
 193 102 100 666 331 667 
 193 192 102 667 661 665 
 194 48 50 668 269 669 
 50 193 194 668 670 664 
 194 100 101 671 330 672 
 194 193 100 672 666 670 
 195 51 48 673 270 674 
 48 194 195 673 675 669 
 195 101 95 676 329 677 
 195 194 101 677 671 675 
 196 52 51 678 271 679 
 51 195 196 678 680 674 
 196 95 99 681 328 682 
 196 195 95 682 676 680 
 197 47 52 683 272 684 
 52 196 197 683 685 679 
 197 99 98 686 327 687 
 197 196 99 687 681 685 
 198 54 47 688 273 689 
 47 197 198 688 690 684 
 198 98 96 691 326 692 
 198 197 98 692 686 690 
 199 55 54 693 274 694 
 54 198 199 693 695 689 
 199 96 97 696 325 697 
 199 198 96 697 691 695 
 200 53 55 698 275 699 
 55 199 200 698 700 694 
 200 97 10 701 324 702 
 200 199 97 702 696 700 
 201 57 53 703 276 704 
 53 200 201 703 705 699 
 201 10 66 706 289 707 
 201 200 10 707 701 705 
 202 56 57 708 277 709 
 57 201 202 708 710 704 
 202 66 65 711 288 712 
 202 201 66 712 706 710 
 203 63 64 713 286 714 
 56 202 203 715 716 709 
 203 65 63 714 287 717 
 203 202 65 717 711 716 
 204 70 58 718 602 719 
 204 203 64 720 713 721 
 204 64 6 722 285 720 
 204 6 70 719 296 722 
 56 203 204 723 721 715 
 204 58 56 723 278 718 
 5 62 67 290 724 284 
 14 15 205 725 726 231 
 2 14 205 727 725 230 
 205 93 2 727 322 728 
 205 8 93 728 323 729 
 205 74 8 729 297 730 
 15 13 206 731 732 232 
 206 205 15 731 726 733 
 74 205 206 735 733 730 
 206 73 74 735 298 734 
 13 16 207 736 737 233 
 207 76 75 738 300 739 
 208 206 13 740 732 741 
 208 207 75 742 738 743 
 13 207 208 740 743 736 
 73 206 208 744 741 734 
 208 75 73 744 299 742 
 16 17 209 745 746 234 
 76 207 209 747 748 739 
 209 207 16 745 737 748 
 17 12 210 749 750 235 
 210 209 17 749 746 751 
 76 209 210 753 751 747 
 210 72 76 753 301 752 
 12 19 211 754 755 236 
 211 210 12 754 750 756 
 72 210 211 758 756 752 
 211 78 72 758 302 757 
 19 20 212 759 760 237 
 212 211 19 759 755 761 
 78 211 212 763 761 757 
 212 77 78 763 303 762 
 20 18 213 764 765 238 
 213 212 20 764 760 766 
 77 212 213 768 766 762 
 213 79 77 768 304 767 
 18 21 214 769 770 239 
 214 213 18 769 765 771 
 79 213 214 773 771 767 
 214 80 79 773 305 772 
 21 22 215 774 775 240 
 215 214 21 774 770 776 
 80 214 215 778 776 772 
 215 71 80 778 306 777 
 22 11 216 779 780 241 
 216 215 22 779 775 781 
 71 215 216 783 781 777 
 216 83 71 783 307 782 
 11 25 217 784 785 242 
 217 216 11 784 780 786 
 83 216 217 788 786 782 
 217 82 83 788 308 787 
 25 26 218 789 790 243 
 218 217 25 789 785 791 
 82 217 218 793 791 787 
 218 84 82 793 309 792 
 26 24 219 794 795 244 
 219 218 26 794 790 796 
 84 218 219 798 796 792 
 219 85 84 798 310 797 
 24 27 220 799 800 245 
 220 219 24 799 795 801 
 85 219 220 803 801 797 
 220 81 85 803 311 802 
 27 28 221 804 805 246 
 221 220 27 804 800 806 
 81 220 221 808 806 802 
 221 87 81 808 312 807 
 28 23 222 809 810 247 
 222 221 28 809 805 811 
 87 221 222 813 811 807 
 222 86 87 813 313 812 
 23 30 223 814 815 248 
 223 222 23 814 810 816 
 86 222 223 818 816 812 
 223 88 86 818 314 817 
 30 31 224 819 820 249 
 224 223 30 819 815 821 
 88 223 224 823 821 817 
 224 89 88 823 315 822 
 31 29 225 824 825 250 
 225 224 31 824 820 826 
 89 224 225 828 826 822 
 225 7 89 828 316 827 
 29 33 226 829 830 251 
 226 225 29 829 825 831 
 7 225 226 833 831 827 
 226 60 7 833 280 832 
 33 32 227 834 835 252 
 227 226 33 834 830 836 
 60 226 227 838 836 832 
 227 59 60 838 281 837 
 32 34 228 839 840 253 
 228 227 32 839 835 841 
 59 227 228 843 841 837 
 228 61 59 843 282 842 
 67 62 229 844 845 724 
 229 228 34 846 840 847 
 229 1 67 844 291 848 
 34 1 229 846 848 254 
 61 228 229 849 847 842 
 229 62 61 849 283 845 
 solutionOrder
2 2 2 2 
 2 2 2 2 
 2 2 2 2 
 2 2 2 2 
 2 2 2 2 
 2 2 2 2 
 2 2 2 2 
 2 2 2 2 
 2 2 2 2 
 2 2 2 2 
 2 2 2 2 
 2 2 2 2 
 2 2 2 2 
 2 2 2 2 
 2 2 2 2 
 2 2 2 2 
 2 2 2 2 
 2 2 2 2 
 2 2 2 2 
 2 2 2 2 
 2 2 2 2 
 2 2 2 2 
 2 2 2 2 
 2 2 2 2 
 2 2 2 2 
 2 2 2 2 
 2 2 2 2 
 2 2 2 2 
 2 2 2 2 
 2 2 2 2 
 2 2 2 2 
 2 2 2 2 
 2 2 2 2 
 2 2 2 2 
 2 2 2 2 
 2 2 2 2 
 2 2 2 2 
 2 2 2 2 
 2 2 2 2 
 2 2 2 2 
 2 2 2 2 
 2 2 2 2 
 2 2 2 2 
 2 2 2 2 
 2 2 2 2 
 2 2 2 2 
 2 2 2 2 
 2 2 2 2 
 2 2 2 2 
 2 2 2 2 
 2 2 2 2 
 2 2 2 2 
 2 2 2 2 
 2 2 2 2 
 2 2 2 2 
 2 2 2 2 
 2 2 2 2 
 2 2 2 2 
 2 2 2 2 
 2 2 2 2 
 2 2 2 2 
 2 2 2 2 
 2 2 2 2 
 2 2 2 2 
 2 2 2 2 
 2 2 2 2 
 2 2 2 2 
 2 2 2 2 
 2 2 2 2 
 2 2 2 2 
 2 2 2 2 
 2 2 2 2 
 2 2 2 2 
 2 2 2 2 
 2 2 2 2 
 2 2 2 2 
 2 2 2 2 
 2 2 2 2 
 2 2 2 2 
 2 2 2 2 
 2 2 2 2 
 2 2 2 2 
 2 2 2 2 
 2 2 2 2 
 2 2 2 2 
 2 2 2 2 
 2 2 2 2 
 2 2 2 2 
 2 2 2 2 
 2 2 2 2 
 2 2 2 2 
 2 2 2 2 
 2 2 2 2 
 2 2 2 2 
 2 2 2 2 
 2 2 2 2 
 2 2 2 2 
 2 2 2 2 
 2 2 2 2 
 2 2 2 2 
 2 2 2 2 
 2 2 2 2 
 2 2 2 2 
 2 2 2 2 
 2 2 2 2 
 2 2 2 2 
 2 2 2 2 
 2 2 2 2 
 2 2 2 2 
 2 2 2 2 
 2 2 2 2 
 2 2 2 2 
 2 2 2 2 
 2 2 2 2 
 2 2 2 2 
 2 2 2 2 
 2 2 2 2 
 2 2 2 2 
 2 2 2 2 
 2 2 2 2 
 2 2 2 2 
 2 2 2 2 
 2 2 2 2 
 2 2 2 2 
 2 2 2 2 
 2 2 2 2 
 2 2 2 2 
 2 2 2 2 
 2 2 2 2 
 2 2 2 2 
 2 2 2 2 
 2 2 2 2 
 2 2 2 2 
 2 2 2 2 
 2 2 2 2 
 2 2 2 2 
 2 2 2 2 
 2 2 2 2 
 2 2 2 2 
 2 2 2 2 
 2 2 2 2 
 2 2 2 2 
 2 2 2 2 
 2 2 2 2 
 2 2 2 2 
 2 2 2 2 
 2 2 2 2 
 2 2 2 2 
 2 2 2 2 
 2 2 2 2 
 2 2 2 2 
 2 2 2 2 
 2 2 2 2 
 2 2 2 2 
 2 2 2 2 
 2 2 2 2 
 2 2 2 2 
 2 2 2 2 
 2 2 2 2 
 2 2 2 2 
 2 2 2 2 
 2 2 2 2 
 2 2 2 2 
 2 2 2 2 
 2 2 2 2 
 2 2 2 2 
 2 2 2 2 
 2 2 2 2 
 2 2 2 2 
 2 2 2 2 
 2 2 2 2 
 2 2 2 2 
 2 2 2 2 
 2 2 2 2 
 2 2 2 2 
 2 2 2 2 
 2 2 2 2 
 2 2 2 2 
 2 2 2 2 
 2 2 2 2 
 2 2 2 2 
 2 2 2 2 
 2 2 2 2 
 2 2 2 2 
 2 2 2 2 
 2 2 2 2 
 2 2 2 2 
 2 2 2 2 
 2 2 2 2 
 2 2 2 2 
 2 2 2 2 
 2 2 2 2 
 2 2 2 2 
 2 2 2 2 
 2 2 2 2 
 2 2 2 2 
 2 2 2 2 
 2 2 2 2 
 2 2 2 2 
 2 2 2 2 
 2 2 2 2 
 2 2 2 2 
 2 2 2 2 
 2 2 2 2 
 2 2 2 2 
 2 2 2 2 
 2 2 2 2 
 2 2 2 2 
 2 2 2 2 
 2 2 2 2 
 2 2 2 2 
 2 2 2 2 
 2 2 2 2 
 2 2 2 2 
 2 2 2 2 
 2 2 2 2 
 2 2 2 2 
 2 2 2 2 
 2 2 2 2 
 2 2 2 2 
 2 2 2 2 
 2 2 2 2 
 2 2 2 2 
 2 2 2 2 
 2 2 2 2 
 2 2 2 2 
 2 2 2 2 
 2 2 2 2 
 2 2 2 2 
 2 2 2 2 
 2 2 2 2 
 2 2 2 2 
 2 2 2 2 
 2 2 2 2 
 2 2 2 2 
 2 2 2 2 
 2 2 2 2 
 2 2 2 2 
 2 2 2 2 
 2 2 2 2 
 2 2 2 2 
 2 2 2 2 
 2 2 2 2 
 2 2 2 2 
 2 2 2 2 
 2 2 2 2 
 2 2 2 2 
 2 2 2 2 
 2 2 2 2 
 2 2 2 2 
 2 2 2 2 
 2 2 2 2 
 2 2 2 2 
 2 2 2 2 
 2 2 2 2 
 2 2 2 2 
 2 2 2 2 
 2 2 2 2 
 2 2 2 2 
 2 2 2 2 
 2 2 2 2 
 2 2 2 2 
 2 2 2 2 
 2 2 2 2 
 2 2 2 2 
 2 2 2 2 
 2 2 2 2 
 2 2 2 2 
 2 2 2 2 
 2 2 2 2 
 2 2 2 2 
 2 2 2 2 
 2 2 2 2 
 2 2 2 2 
 2 2 2 2 
 2 2 2 2 
 2 2 2 2 
 2 2 2 2 
 2 2 2 2 
 2 2 2 2 
 2 2 2 2 
 2 2 2 2 
 2 2 2 2 
 2 2 2 2 
 2 2 2 2 
 2 2 2 2 
 2 2 2 2 
 2 2 2 2 
 2 2 2 2 
 2 2 2 2 
 2 2 2 2 
 2 2 2 2 
 2 2 2 2 
 2 2 2 2 
 2 2 2 2 
 2 2 2 2 
 2 2 2 2 
 2 2 2 2 
 2 2 2 2 
 2 2 2 2 
 2 2 2 2 
 2 2 2 2 
 2 2 2 2 
 2 2 2 2 
 2 2 2 2 
 2 2 2 2 
 2 2 2 2 
 2 2 2 2 
 2 2 2 2 
 2 2 2 2 
 2 2 2 2 
 2 2 2 2 
 2 2 2 2 
 2 2 2 2 
 2 2 2 2 
 2 2 2 2 
 2 2 2 2 
 2 2 2 2 
 2 2 2 2 
 2 2 2 2 
 2 2 2 2 
 2 2 2 2 
 2 2 2 2 
 2 2 2 2 
 2 2 2 2 
 2 2 2 2 
 2 2 2 2 
 2 2 2 2 
 2 2 2 2 
 2 2 2 2 
 2 2 2 2 
 2 2 2 2 
 2 2 2 2 
 2 2 2 2 
 2 2 2 2 
 2 2 2 2 
 2 2 2 2 
 2 2 2 2 
 2 2 2 2 
 2 2 2 2 
 2 2 2 2 
 2 2 2 2 
 2 2 2 2 
 2 2 2 2 
 2 2 2 2 
 2 2 2 2 
 2 2 2 2 
 2 2 2 2 
 2 2 2 2 
 2 2 2 2 
 2 2 2 2 
 2 2 2 2 
 2 2 2 2 
 2 2 2 2 
 2 2 2 2 
 2 2 2 2 
 2 2 2 2 
 2 2 2 2 
 2 2 2 2 
 2 2 2 2 
 2 2 2 2 
 2 2 2 2 
 2 2 2 2 
 2 2 2 2 
 2 2 2 2 
 2 2 2 2 
 2 2 2 2 
 2 2 2 2 
 2 2 2 2 
 2 2 2 2 
 2 2 2 2 
 2 2 2 2 
 2 2 2 2 
 2 2 2 2 
 2 2 2 2 
 2 2 2 2 
 2 2 2 2 
 2 2 2 2 
 2 2 2 2 
 2 2 2 2 
 2 2 2 2 
 2 2 2 2 
 2 2 2 2 
 2 2 2 2 
 2 2 2 2 
 2 2 2 2 
 2 2 2 2 
 2 2 2 2 
 2 2 2 2 
 2 2 2 2 
 2 2 2 2 
 2 2 2 2 
 vertexCoord 
0.000000 0.050000 
 1.000000 0.050000 
 1.000000 0.150000 
 -0.000000 0.150000 
 0.000000 0.000000 
 -0.000000 0.200000 
 0.200000 0.000000 
 1.000000 0.000000 
 1.000000 0.200000 
 0.200000 0.200000 
 0.520047 0.050000 
 0.760020 0.050000 
 0.880006 0.050000 
 0.959985 0.050000 
 0.919970 0.050000 
 0.840012 0.050000 
 0.800018 0.050000 
 0.640024 0.050000 
 0.720022 0.050000 
 0.680024 0.050000 
 0.600024 0.050000 
 0.560024 0.050000 
 0.280072 0.050000 
 0.400053 0.050000 
 0.480053 0.050000 
 0.440055 0.050000 
 0.360052 0.050000 
 0.320062 0.050000 
 0.160085 0.050000 
 0.240075 0.050000 
 0.200080 0.050000 
 0.080043 0.050000 
 0.120064 0.050000 
 0.040021 0.050000 
 0.520047 0.150000 
 0.760013 0.150000 
 0.879991 0.150000 
 0.959961 0.150000 
 0.919970 0.150000 
 0.840012 0.150000 
 0.800015 0.150000 
 0.640024 0.150000 
 0.720021 0.150000 
 0.680023 0.150000 
 0.600024 0.150000 
 0.560036 0.150000 
 0.280072 0.150000 
 0.400049 0.150000 
 0.480053 0.150000 
 0.440055 0.150000 
 0.360055 0.150000 
 0.320063 0.150000 
 0.160085 0.150000 
 0.240071 0.150000 
 0.200067 0.150000 
 0.080043 0.150000 
 0.120064 0.150000 
 0.040021 0.150000 
 0.119967 0.000000 
 0.159961 0.000000 
 0.079959 0.000000 
 0.039979 0.000000 
 0.080040 0.200000 
 0.040039 0.200000 
 0.120030 0.200000 
 0.160021 0.200000 
 0.000000 0.025000 
 -0.000000 0.083394 
 -0.000000 0.116666 
 -0.000000 0.175000 
 0.599963 0.000000 
 0.799963 0.000000 
 0.919960 0.000000 
 0.959961 0.000000 
 0.879962 0.000000 
 0.839962 0.000000 
 0.719960 0.000000 
 0.759961 0.000000 
 0.679959 0.000000 
 0.639961 0.000000 
 0.399963 0.000000 
 0.519960 0.000000 
 0.559961 0.000000 
 0.479959 0.000000 
 0.439961 0.000000 
 0.319960 0.000000 
 0.359961 0.000000 
 0.279959 0.000000 
 0.239979 0.000000 
 1.000000 0.175000 
 1.000000 0.116606 
 1.000000 0.083334 
 1.000000 0.025000 
 0.600000 0.200000 
 0.400000 0.200000 
 0.280020 0.200000 
 0.240010 0.200000 
 0.320016 0.200000 
 0.360008 0.200000 
 0.480020 0.200000 
 0.440010 0.200000 
 0.520016 0.200000 
 0.560008 0.200000 
 0.800000 0.200000 
 0.680040 0.200000 
 0.640039 0.200000 
 0.720041 0.200000 
 0.760021 0.200000 
 0.880040 0.200000 
 0.840039 0.200000 
 0.920041 0.200000 
 0.960021 0.200000 
 0.973121 0.128144 
 0.973137 0.071340 
 0.921616 0.099404 
 0.880929 0.099541 
 0.840718 0.099614 
 0.800821 0.099569 
 0.768777 0.101050 
 0.705191 0.118962 
 0.638870 0.100341 
 0.599695 0.099933 
 0.520336 0.099864 
 0.480707 0.099656 
 0.448734 0.101091 
 0.385212 0.118969 
 0.321864 0.096467 
 0.288359 0.101017 
 0.225187 0.118934 
 0.158934 0.100339 
 0.119320 0.099746 
 0.078549 0.099269 
 0.027344 0.127811 
 0.027339 0.070961 
 0.965120 0.099221 
 0.940136 0.125207 
 0.940139 0.074061 
 0.900543 0.074618 
 0.900541 0.124800 
 0.860438 0.124770 
 0.860596 0.074703 
 0.820412 0.124705 
 0.820417 0.074807 
 0.745320 0.121627 
 0.737449 0.085474 
 0.780347 0.074853 
 0.780468 0.124278 
 0.661885 0.121620 
 0.685213 0.085528 
 0.580029 0.124855 
 0.579880 0.074996 
 0.620088 0.124458 
 0.619227 0.075110 
 0.540132 0.124907 
 0.540117 0.074981 
 0.500271 0.124799 
 0.500269 0.074892 
 0.425311 0.121652 
 0.417464 0.085482 
 0.460354 0.074849 
 0.460351 0.124368 
 0.341762 0.121174 
 0.367147 0.086062 
 0.265429 0.121523 
 0.257181 0.085421 
 0.299151 0.074584 
 0.301706 0.123768 
 0.181906 0.121607 
 0.205206 0.085518 
 0.139134 0.075215 
 0.140007 0.124387 
 0.060313 0.124794 
 0.060319 0.073756 
 0.099571 0.074664 
 0.099716 0.124699 
 0.036387 0.097593 
 0.652672 0.072196 
 0.560032 0.099922 
 0.333655 0.071423 
 0.172688 0.072214 
 0.960005 0.175000 
 0.920005 0.175000 
 0.880019 0.175000 
 0.840027 0.175000 
 0.800015 0.167826 
 0.760020 0.182138 
 0.720031 0.175000 
 0.680030 0.173609 
 0.640025 0.166435 
 0.600012 0.175000 
 0.560023 0.175000 
 0.520034 0.175000 
 0.480036 0.175000 
 0.440037 0.175000 
 0.400025 0.175000 
 0.360033 0.175000 
 0.320043 0.175000 
 0.280044 0.175000 
 0.240045 0.175000 
 0.200033 0.175000 
 0.160053 0.175000 
 0.120042 0.176391 
 0.080040 0.183344 
 0.040024 0.176391 
 0.965502 0.024064 
 0.922468 0.024860 
 0.860260 0.025001 
 0.892531 0.019972 
 0.827628 0.029917 
 0.797886 0.024583 
 0.759630 0.024928 
 0.719930 0.024988 
 0.679982 0.024998 
 0.639991 0.025000 
 0.599993 0.025000 
 0.559993 0.025000 
 0.520007 0.025000 
 0.480006 0.025000 
 0.440008 0.025000 
 0.400007 0.025000 
 0.360006 0.025000 
 0.320009 0.025000 
 0.280015 0.025000 
 0.240025 0.025000 
 0.200033 0.025000 
 0.160023 0.025000 
 0.120016 0.025000 
 0.080001 0.025000 
 0.039993 0.025000 
 bc_tag 
399 
 393 
 336 
 330 
 184 
 110 
 15 
 10 
 5 
 2 
 405 
 405 
 405 
 405 
 405 
 405 
 405 
 405 
 405 
 405 
 405 
 405 
 405 
 405 
 405 
 405 
 405 
 405 
 405 
 405 
 405 
 405 
 405 
 405 
 343 
 343 
 343 
 343 
 343 
 343 
 343 
 343 
 343 
 343 
 343 
 343 
 343 
 343 
 343 
 343 
 343 
 343 
 343 
 343 
 343 
 343 
 343 
 343 
 190 
 190 
 190 
 190 
 117 
 117 
 117 
 117 
 185 
 400 
 400 
 331 
 16 
 16 
 16 
 16 
 16 
 16 
 16 
 16 
 16 
 16 
 16 
 16 
 16 
 16 
 16 
 16 
 16 
 16 
 16 
 11 
 337 
 337 
 394 
 6 
 6 
 6 
 6 
 6 
 6 
 6 
 6 
 6 
 6 
 6 
 6 
 6 
 6 
 6 
 6 
 6 
 6 
 6 
 408 
 408 
 408 
 408 
 408 
 408 
 408 
 408 
 408 
 408 
 408 
 408 
 408 
 408 
 408 
 408 
 408 
 408 
 408 
 408 
 408 
 408 
 408 
 408 
 408 
 408 
 408 
 408 
 408 
 408 
 408 
 408 
 408 
 408 
 408 
 408 
 408 
 408 
 408 
 408 
 408 
 408 
 408 
 408 
 408 
 408 
 408 
 408 
 408 
 408 
 408 
 408 
 408 
 408 
 408 
 408 
 408 
 408 
 408 
 408 
 408 
 408 
 408 
 408 
 408 
 408 
 408 
 408 
 346 
 346 
 346 
 346 
 346 
 346 
 346 
 346 
 346 
 346 
 346 
 346 
 346 
 346 
 346 
 346 
 346 
 346 
 346 
 346 
 346 
 346 
 346 
 346 
 120 
 120 
 120 
 120 
 120 
 120 
 120 
 120 
 120 
 120 
 120 
 120 
 120 
 120 
 120 
 120 
 120 
 120 
 120 
 120 
 120 
 120 
 120 
 120 
 120 
 405 
 405 
 405 
 405 
 405 
 405 
 405 
 405 
 405 
 405 
 405 
 405 
 405 
 405 
 405 
 405 
 405 
 405 
 405 
 405 
 405 
 405 
 405 
 405 
 405 
 343 
 343 
 343 
 343 
 343 
 343 
 343 
 343 
 343 
 343 
 343 
 343 
 343 
 343 
 343 
 343 
 343 
 343 
 343 
 343 
 343 
 343 
 343 
 343 
 343 
 190 
 190 
 190 
 190 
 190 
 117 
 117 
 117 
 117 
 117 
 185 
 185 
 400 
 400 
 400 
 331 
 331 
 16 
 16 
 16 
 16 
 16 
 16 
 16 
 16 
 16 
 16 
 16 
 16 
 16 
 16 
 16 
 16 
 16 
 16 
 16 
 16 
 11 
 11 
 337 
 337 
 337 
 394 
 394 
 6 
 6 
 6 
 6 
 6 
 6 
 6 
 6 
 6 
 6 
 6 
 6 
 6 
 6 
 6 
 6 
 6 
 6 
 6 
 6 
 408 
 408 
 408 
 408 
 408 
 408 
 408 
 408 
 408 
 408 
 408 
 408 
 408 
 408 
 408 
 408 
 408 
 408 
 408 
 408 
 408 
 408 
 408 
 408 
 408 
 408 
 408 
 408 
 408 
 408 
 408 
 408 
 408 
 408 
 408 
 408 
 408 
 408 
 408 
 408 
 408 
 408 
 408 
 408 
 408 
 408 
 408 
 408 
 408 
 408 
 408 
 408 
 408 
 408 
 408 
 408 
 408 
 408 
 408 
 408 
 408 
 408 
 408 
 408 
 408 
 408 
 408 
 408 
 408 
 408 
 408 
 408 
 408 
 408 
 408 
 408 
 408 
 408 
 408 
 408 
 408 
 408 
 408 
 408 
 408 
 408 
 408 
 408 
 408 
 408 
 408 
 408 
 408 
 408 
 408 
 408 
 408 
 408 
 408 
 408 
 408 
 408 
 408 
 408 
 408 
 408 
 408 
 408 
 408 
 408 
 408 
 408 
 408 
 408 
 408 
 408 
 408 
 408 
 408 
 408 
 408 
 408 
 408 
 408 
 408 
 408 
 408 
 408 
 408 
 408 
 408 
 408 
 408 
 408 
 408 
 408 
 408 
 408 
 408 
 408 
 408 
 408 
 408 
 408 
 408 
 408 
 408 
 408 
 408 
 408 
 408 
 408 
 408 
 408 
 408 
 408 
 408 
 408 
 408 
 408 
 408 
 408 
 408 
 408 
 408 
 408 
 408 
 408 
 408 
 408 
 408 
 408 
 408 
 408 
 408 
 408 
 408 
 408 
 408 
 408 
 408 
 408 
 408 
 408 
 408 
 408 
 408 
 408 
 408 
 408 
 408 
 408 
 408 
 408 
 408 
 408 
 408 
 408 
 408 
 408 
 408 
 408 
 408 
 408 
 408 
 408 
 408 
 408 
 408 
 408 
 408 
 408 
 408 
 408 
 408 
 408 
 408 
 408 
 408 
 408 
 408 
 408 
 408 
 408 
 408 
 408 
 408 
 408 
 408 
 408 
 408 
 408 
 408 
 408 
 408 
 408 
 408 
 408 
 408 
 408 
 408 
 408 
 408 
 408 
 408 
 408 
 408 
 408 
 408 
 408 
 408 
 408 
 408 
 408 
 408 
 408 
 408 
 346 
 346 
 346 
 346 
 346 
 346 
 346 
 346 
 346 
 346 
 346 
 346 
 346 
 346 
 346 
 346 
 346 
 346 
 346 
 346 
 346 
 346 
 346 
 346 
 346 
 346 
 346 
 346 
 346 
 346 
 346 
 346 
 346 
 346 
 346 
 346 
 346 
 346 
 346 
 346 
 346 
 346 
 346 
 346 
 346 
 346 
 346 
 346 
 346 
 346 
 346 
 346 
 346 
 346 
 346 
 346 
 346 
 346 
 346 
 346 
 346 
 346 
 346 
 346 
 346 
 346 
 346 
 346 
 346 
 346 
 346 
 346 
 346 
 346 
 346 
 346 
 346 
 346 
 346 
 346 
 346 
 346 
 346 
 346 
 346 
 346 
 346 
 346 
 346 
 346 
 346 
 346 
 346 
 346 
 346 
 346 
 346 
 346 
 346 
 346 
 346 
 346 
 346 
 346 
 346 
 346 
 346 
 346 
 346 
 346 
 346 
 346 
 346 
 346 
 346 
 346 
 346 
 346 
 346 
 346 
 346 
 346 
 346 
 120 
 120 
 120 
 120 
 120 
 120 
 120 
 120 
 120 
 120 
 120 
 120 
 120 
 120 
 120 
 120 
 120 
 120 
 120 
 120 
 120 
 120 
 120 
 120 
 120 
 120 
 120 
 120 
 120 
 120 
 120 
 120 
 120 
 120 
 120 
 120 
 120 
 120 
 120 
 120 
 120 
 120 
 120 
 120 
 120 
 120 
 120 
 120 
 120 
 120 
 120 
 120 
 120 
 120 
 120 
 120 
 120 
 120 
 120 
 120 
 120 
 120 
 120 
 120 
 120 
 120 
 120 
 120 
 120 
 120 
 120 
 120 
 120 
 120 
 120 
 120 
 120 
 120 
 120 
 120 
 120 
 120 
 120 
 120 
 120 
 120 
 120 
 120 
 120 
 120 
 120 
 120 
 120 
 120 
 120 
 120 
 120 
 120 
 120 
 120 
 120 
 120 
 120 
 120 
 120 
 120 
 120 
 120 
 120 
 120 
 120 
 120 
 120 
 120 
 120 
 120 
 120 
 120 
 120 
 120 
 120 
 120 
 120 
 120 
 120 
 120 
 bcElement 64
291 185 2 
389 185 1 
378 190 1 
382 190 1 
386 190 1 
392 190 1 
291 190 3 
296 16 1 
300 16 1 
307 16 1 
302 16 1 
314 16 1 
318 16 1 
322 16 1 
326 16 1 
330 16 1 
334 16 1 
338 16 1 
342 16 1 
346 16 1 
350 16 1 
354 16 1 
358 16 1 
362 16 1 
366 16 1 
370 16 1 
374 16 1 
294 394 1 
295 394 1 
191 11 2 
195 11 1 
192 331 1 
288 331 1 
287 117 1 
281 117 1 
283 117 1 
279 117 1 
275 117 1 
271 6 1 
267 6 1 
263 6 1 
259 6 1 
255 6 1 
251 6 1 
247 6 1 
243 6 1 
239 6 1 
235 6 1 
231 6 1 
221 6 1 
217 6 1 
213 6 1 
215 6 1 
205 6 1 
201 6 1 
197 6 1 
194 6 1 
191 6 3 
1 337 1 
13 337 1 
3 337 1 
10 400 1 
152 400 1 
9 400 1 
