Edge min = 0.219244, max=0.456091, average=0.333035;
Grid_size 90
Node_size 56
Total_DOF 139
maxDOF 6
Solution_Order 
1 2 1 
 meshIEN 
29 4 16 
 29 23 4 
 30 1 24 
 30 10 1 
 31 14 3 
 31 3 18 
 32 2 12 
 32 17 2 
 34 33 41 
 35 9 10 
 9 35 36 
 36 11 9 
 41 35 37 
 17 32 38 
 38 18 17 
 39 13 14 
 39 33 13 
 40 29 16 
 15 34 40 
 40 16 15 
 41 36 35 
 11 36 42 
 42 12 11 
 42 32 12 
 43 24 23 
 43 40 37 
 43 30 24 
 43 37 30 
 29 40 43 
 23 29 43 
 45 41 33 
 45 42 36 
 36 41 45 
 46 38 32 
 46 44 38 
 46 45 44 
 42 45 46 
 32 42 46 
 13 33 34 
 34 15 13 
 30 37 35 
 35 10 30 
 37 40 34 
 34 41 37 
 31 44 39 
 39 14 31 
 38 44 31 
 31 18 38 
 45 33 39 
 39 44 45 
 1 10 47 
 47 6 1 
 47 20 6 
 10 9 48 
 48 19 20 
 49 21 19 
 9 11 49 
 11 12 50 
 50 22 21 
 50 49 11 
 21 49 50 
 51 2 5 
 12 2 51 
 51 5 22 
 51 50 12 
 22 50 51 
 48 20 47 
 47 10 48 
 49 19 48 
 48 9 49 
 3 14 52 
 52 7 3 
 52 26 7 
 14 13 53 
 53 25 26 
 54 27 25 
 13 15 54 
 15 16 55 
 55 28 27 
 55 54 15 
 27 54 55 
 56 4 8 
 16 4 56 
 56 8 28 
 56 55 16 
 28 55 56 
 53 26 52 
 52 14 53 
 54 25 53 
 53 13 54 
 solutionIEN 
29 4 16 74 66 73 
 29 23 4 75 70 74 
 30 1 24 77 72 76 
 30 10 1 78 57 77 
 31 14 3 80 62 79 
 31 3 18 79 69 81 
 32 2 12 83 61 82 
 32 17 2 84 67 83 
 34 33 41 87 108 88 
 35 9 10 89 58 90 
 9 35 36 89 91 92 
 36 11 9 93 59 92 
 41 35 37 109 96 95 
 17 32 38 84 98 97 
 38 18 17 99 68 97 
 39 13 14 101 63 100 
 39 33 13 102 85 101 
 40 29 16 104 73 103 
 15 34 40 86 106 105 
 40 16 15 103 65 105 
 41 36 35 110 91 109 
 11 36 42 93 112 111 
 42 12 11 113 60 111 
 42 32 12 114 82 113 
 43 24 23 116 71 115 
 43 40 37 118 107 117 
 43 30 24 119 76 116 
 43 37 30 117 94 119 
 29 40 43 104 118 120 
 23 29 43 75 120 115 
 45 41 33 126 108 125 
 45 42 36 128 112 127 
 36 41 45 110 126 127 
 46 38 32 130 98 129 
 46 44 38 131 123 130 
 46 45 44 132 124 131 
 42 45 46 128 132 133 
 32 42 46 114 133 129 
 13 33 34 85 87 134 
 34 15 13 86 64 134 
 30 37 35 94 96 135 
 35 10 30 90 78 135 
 37 40 34 107 106 136 
 34 41 37 88 95 136 
 31 44 39 122 121 137 
 39 14 31 100 80 137 
 38 44 31 123 122 138 
 31 18 38 81 99 138 
 45 33 39 125 102 139 
 39 44 45 121 124 139 
 1 10 47 57 0 0 
 47 6 1 0 0 0 
 47 20 6 0 0 0 
 10 9 48 58 0 0 
 48 19 20 0 0 0 
 49 21 19 0 0 0 
 9 11 49 59 0 0 
 11 12 50 60 0 0 
 50 22 21 0 0 0 
 50 49 11 0 0 0 
 21 49 50 0 0 0 
 51 2 5 0 0 0 
 12 2 51 61 0 0 
 51 5 22 0 0 0 
 51 50 12 0 0 0 
 22 50 51 0 0 0 
 48 20 47 0 0 0 
 47 10 48 0 0 0 
 49 19 48 0 0 0 
 48 9 49 0 0 0 
 3 14 52 62 0 0 
 52 7 3 0 0 0 
 52 26 7 0 0 0 
 14 13 53 63 0 0 
 53 25 26 0 0 0 
 54 27 25 0 0 0 
 13 15 54 64 0 0 
 15 16 55 65 0 0 
 55 28 27 0 0 0 
 55 54 15 0 0 0 
 27 54 55 0 0 0 
 56 4 8 0 0 0 
 16 4 56 66 0 0 
 56 8 28 0 0 0 
 56 55 16 0 0 0 
 28 55 56 0 0 0 
 53 26 52 0 0 0 
 52 14 53 0 0 0 
 54 25 53 0 0 0 
 53 13 54 0 0 0 
 solutionOrder 
2 2 2 2 
 2 2 2 2 
 2 2 2 2 
 2 2 2 2 
 2 2 2 2 
 2 2 2 2 
 2 2 2 2 
 2 2 2 2 
 2 2 2 2 
 2 2 2 2 
 2 2 2 2 
 2 2 2 2 
 2 2 2 2 
 2 2 2 2 
 2 2 2 2 
 2 2 2 2 
 2 2 2 2 
 2 2 2 2 
 2 2 2 2 
 2 2 2 2 
 2 2 2 2 
 2 2 2 2 
 2 2 2 2 
 2 2 2 2 
 2 2 2 2 
 2 2 2 2 
 2 2 2 2 
 2 2 2 2 
 2 2 2 2 
 2 2 2 2 
 2 2 2 2 
 2 2 2 2 
 2 2 2 2 
 2 2 2 2 
 2 2 2 2 
 2 2 2 2 
 2 2 2 2 
 2 2 2 2 
 2 2 2 2 
 2 2 2 2 
 2 2 2 2 
 2 2 2 2 
 2 2 2 2 
 2 2 2 2 
 2 2 2 2 
 2 2 2 2 
 2 2 2 2 
 2 2 2 2 
 2 2 2 2 
 2 2 2 2 
 2 1 1 2 
 1 1 1 1 
 1 1 1 1 
 2 1 1 2 
 1 1 1 1 
 1 1 1 1 
 2 1 1 2 
 2 1 1 2 
 1 1 1 1 
 1 1 1 1 
 1 1 1 1 
 1 1 1 1 
 2 1 1 2 
 1 1 1 1 
 1 1 1 1 
 1 1 1 1 
 1 1 1 1 
 1 1 1 1 
 1 1 1 1 
 1 1 1 1 
 2 1 1 2 
 1 1 1 1 
 1 1 1 1 
 2 1 1 2 
 1 1 1 1 
 1 1 1 1 
 2 1 1 2 
 2 1 1 2 
 1 1 1 1 
 1 1 1 1 
 1 1 1 1 
 1 1 1 1 
 2 1 1 2 
 1 1 1 1 
 1 1 1 1 
 1 1 1 1 
 1 1 1 1 
 1 1 1 1 
 1 1 1 1 
 1 1 1 1 
 vertexCoord 
-0.600000 -1.000000 
 -0.600000 1.000000 
 0.600000 1.000000 
 0.600000 -1.000000 
 -1.000000 1.000000 
 -1.000000 -1.000000 
 1.000000 1.000000 
 1.000000 -1.000000 
 -0.600000 -0.199599 
 -0.600000 -0.599799 
 -0.600000 0.200277 
 -0.600000 0.600138 
 0.600000 0.199599 
 0.600000 0.599799 
 0.600000 -0.200304 
 0.600000 -0.600152 
 -0.200098 1.000000 
 0.199805 1.000000 
 -1.000000 -0.199599 
 -1.000000 -0.599609 
 -1.000000 0.200277 
 -1.000000 0.600138 
 0.200391 -1.000000 
 -0.199805 -1.000000 
 1.000000 0.199599 
 1.000000 0.599609 
 1.000000 -0.200277 
 1.000000 -0.600138 
 0.353129 -0.762390 
 -0.290651 -0.696473 
 0.309586 0.730052 
 -0.305331 0.727343 
 0.244290 0.147633 
 0.290719 -0.135610 
 -0.302639 -0.317326 
 -0.305035 0.061676 
 -0.006361 -0.407169 
 0.003220 0.766270 
 0.328304 0.430220 
 0.310731 -0.478000 
 -0.010468 -0.057374 
 -0.317280 0.410760 
 0.061239 -0.724005 
 0.109560 0.560334 
 0.016217 0.306551 
 -0.109530 0.568579 
 -0.800000 -0.717077 
 -0.800000 -0.385520 
 -0.800000 0.002563 
 -0.800000 0.387254 
 -0.800000 0.717506 
 0.800000 0.717076 
 0.800000 0.385517 
 0.800000 -0.002581 
 0.800000 -0.387266 
 0.800000 -0.717511 
 bc_tag 
147 
141 
78 
71 
5 
2 
16 
18 
153 
153 
153 
153 
85 
85 
85 
85 
142 
142 
6 
6 
6 
6 
72 
72 
14 
14 
14 
14 
156 
156 
156 
156 
156 
156 
156 
156 
156 
156 
156 
156 
156 
156 
156 
156 
156 
156 
88 
88 
88 
88 
88 
26 
26 
26 
26 
26 
153 
153 
153 
153 
153 
85 
85 
85 
85 
85 
142 
142 
142 
72 
72 
72 
156 
156 
156 
156 
156 
156 
156 
156 
156 
156 
156 
156 
156 
156 
156 
156 
156 
156 
156 
156 
156 
156 
156 
156 
156 
156 
156 
156 
156 
156 
156 
156 
156 
156 
156 
156 
156 
156 
156 
156 
156 
156 
156 
156 
156 
156 
156 
156 
156 
156 
156 
156 
156 
156 
156 
156 
156 
156 
156 
156 
156 
156 
156 
156 
156 
156 
156 
