Grid_size 2200
Node_size 1173
Solution_Order 1
meshIEN 
1 75 157 76 
2 157 75 156 
3 156 178 157 
4 178 156 177 
5 177 199 178 
6 199 177 198 
7 198 220 199 
8 220 198 219 
9 219 241 220 
10 241 219 240 
11 240 262 241 
12 262 240 261 
13 261 283 262 
14 283 261 282 
15 282 304 283 
16 304 282 303 
17 303 325 304 
18 325 303 324 
19 324 346 325 
20 346 324 345 
21 345 367 346 
22 367 345 366 
23 366 388 367 
24 388 366 387 
25 387 409 388 
26 409 387 408 
27 408 430 409 
28 430 408 429 
29 429 451 430 
30 451 429 450 
31 450 472 451 
32 472 450 471 
33 471 493 472 
34 493 471 492 
35 492 514 493 
36 514 492 513 
37 513 535 514 
38 535 513 534 
39 534 556 535 
40 556 534 555 
41 555 577 556 
42 577 555 576 
43 576 598 577 
44 598 576 597 
45 597 619 598 
46 619 597 618 
47 618 640 619 
48 640 618 639 
49 639 661 640 
50 661 639 660 
51 660 682 661 
52 682 660 681 
53 681 703 682 
54 703 681 702 
55 702 724 703 
56 724 702 723 
57 723 745 724 
58 745 723 744 
59 744 766 745 
60 766 744 765 
61 765 787 766 
62 787 765 786 
63 786 808 787 
64 808 786 807 
65 807 829 808 
66 829 807 828 
67 828 850 829 
68 850 828 849 
69 849 871 850 
70 871 849 870 
71 870 892 871 
72 892 870 891 
73 891 913 892 
74 913 891 912 
75 912 934 913 
76 934 912 933 
77 933 955 934 
78 955 933 954 
79 954 976 955 
80 976 954 975 
81 975 997 976 
82 997 975 996 
83 996 1018 997 
84 1018 996 1017 
85 1017 1039 1018 
86 1039 1017 1038 
87 1038 1060 1039 
88 1060 1038 1059 
89 1059 1081 1060 
90 1081 1059 1080 
91 1080 1102 1081 
92 1102 1080 1101 
93 1101 1123 1102 
94 1123 1101 1122 
95 1122 1144 1123 
96 1144 1122 1143 
97 1143 1165 1144 
98 1165 1143 1164 
99 1164 17 1165 
100 17 1164 16 
101 76 158 77 
102 158 76 157 
103 157 179 158 
104 179 157 178 
105 178 200 179 
106 200 178 199 
107 199 221 200 
108 221 199 220 
109 220 242 221 
110 242 220 241 
111 241 263 242 
112 263 241 262 
113 262 284 263 
114 284 262 283 
115 283 305 284 
116 305 283 304 
117 304 326 305 
118 326 304 325 
119 325 347 326 
120 347 325 346 
121 346 368 347 
122 368 346 367 
123 367 389 368 
124 389 367 388 
125 388 410 389 
126 410 388 409 
127 409 431 410 
128 431 409 430 
129 430 452 431 
130 452 430 451 
131 451 473 452 
132 473 451 472 
133 472 494 473 
134 494 472 493 
135 493 515 494 
136 515 493 514 
137 514 536 515 
138 536 514 535 
139 535 557 536 
140 557 535 556 
141 556 578 557 
142 578 556 577 
143 577 599 578 
144 599 577 598 
145 598 620 599 
146 620 598 619 
147 619 641 620 
148 641 619 640 
149 640 662 641 
150 662 640 661 
151 661 683 662 
152 683 661 682 
153 682 704 683 
154 704 682 703 
155 703 725 704 
156 725 703 724 
157 724 746 725 
158 746 724 745 
159 745 767 746 
160 767 745 766 
161 766 788 767 
162 788 766 787 
163 787 809 788 
164 809 787 808 
165 808 830 809 
166 830 808 829 
167 829 851 830 
168 851 829 850 
169 850 872 851 
170 872 850 871 
171 871 893 872 
172 893 871 892 
173 892 914 893 
174 914 892 913 
175 913 935 914 
176 935 913 934 
177 934 956 935 
178 956 934 955 
179 955 977 956 
180 977 955 976 
181 976 998 977 
182 998 976 997 
183 997 1019 998 
184 1019 997 1018 
185 1018 1040 1019 
186 1040 1018 1039 
187 1039 1061 1040 
188 1061 1039 1060 
189 1060 1082 1061 
190 1082 1060 1081 
191 1081 1103 1082 
192 1103 1081 1102 
193 1102 1124 1103 
194 1124 1102 1123 
195 1123 1145 1124 
196 1145 1123 1144 
197 1144 1166 1145 
198 1166 1144 1165 
199 1165 18 1166 
200 18 1165 17 
201 79 164 80 
202 164 79 163 
203 163 185 164 
204 185 163 184 
205 184 206 185 
206 206 184 205 
207 205 227 206 
208 227 205 226 
209 226 248 227 
210 248 226 247 
211 247 269 248 
212 269 247 268 
213 268 290 269 
214 290 268 289 
215 289 311 290 
216 311 289 310 
217 310 332 311 
218 332 310 331 
219 331 353 332 
220 353 331 352 
221 352 374 353 
222 374 352 373 
223 373 395 374 
224 395 373 394 
225 394 416 395 
226 416 394 415 
227 415 437 416 
228 437 415 436 
229 436 458 437 
230 458 436 457 
231 457 479 458 
232 479 457 478 
233 478 500 479 
234 500 478 499 
235 499 521 500 
236 521 499 520 
237 520 542 521 
238 542 520 541 
239 541 563 542 
240 563 541 562 
241 562 584 563 
242 584 562 583 
243 583 605 584 
244 605 583 604 
245 604 626 605 
246 626 604 625 
247 625 647 626 
248 647 625 646 
249 646 668 647 
250 668 646 667 
251 667 689 668 
252 689 667 688 
253 688 710 689 
254 710 688 709 
255 709 731 710 
256 731 709 730 
257 730 752 731 
258 752 730 751 
259 751 773 752 
260 773 751 772 
261 772 794 773 
262 794 772 793 
263 793 815 794 
264 815 793 814 
265 814 836 815 
266 836 814 835 
267 835 857 836 
268 857 835 856 
269 856 878 857 
270 878 856 877 
271 877 899 878 
272 899 877 898 
273 898 920 899 
274 920 898 919 
275 919 941 920 
276 941 919 940 
277 940 962 941 
278 962 940 961 
279 961 983 962 
280 983 961 982 
281 982 1004 983 
282 1004 982 1003 
283 1003 1025 1004 
284 1025 1003 1024 
285 1024 1046 1025 
286 1046 1024 1045 
287 1045 1067 1046 
288 1067 1045 1066 
289 1066 1088 1067 
290 1088 1066 1087 
291 1087 1109 1088 
292 1109 1087 1108 
293 1108 1130 1109 
294 1130 1108 1129 
295 1129 1151 1130 
296 1151 1129 1150 
297 1150 1172 1151 
298 1172 1150 1171 
299 1171 24 1172 
300 24 1171 23 
301 165 2 81 
302 2 165 74 
303 186 74 165 
304 74 186 73 
305 207 73 186 
306 73 207 72 
307 228 72 207 
308 72 228 71 
309 249 71 228 
310 71 249 70 
311 270 70 249 
312 70 270 69 
313 291 69 270 
314 69 291 68 
315 312 68 291 
316 68 312 67 
317 333 67 312 
318 67 333 66 
319 354 66 333 
320 66 354 65 
321 375 65 354 
322 65 375 64 
323 396 64 375 
324 64 396 63 
325 417 63 396 
326 63 417 62 
327 438 62 417 
328 62 438 61 
329 459 61 438 
330 61 459 60 
331 480 60 459 
332 60 480 59 
333 501 59 480 
334 59 501 58 
335 522 58 501 
336 58 522 57 
337 543 57 522 
338 57 543 56 
339 564 56 543 
340 56 564 55 
341 585 55 564 
342 55 585 54 
343 606 54 585 
344 54 606 53 
345 627 53 606 
346 53 627 52 
347 648 52 627 
348 52 648 51 
349 669 51 648 
350 51 669 50 
351 690 50 669 
352 50 690 49 
353 711 49 690 
354 49 711 48 
355 732 48 711 
356 48 732 47 
357 753 47 732 
358 47 753 46 
359 774 46 753 
360 46 774 45 
361 795 45 774 
362 45 795 44 
363 816 44 795 
364 44 816 43 
365 837 43 816 
366 43 837 42 
367 858 42 837 
368 42 858 41 
369 879 41 858 
370 41 879 40 
371 900 40 879 
372 40 900 39 
373 921 39 900 
374 39 921 38 
375 942 38 921 
376 38 942 37 
377 963 37 942 
378 37 963 36 
379 984 36 963 
380 36 984 35 
381 1005 35 984 
382 35 1005 34 
383 1026 34 1005 
384 34 1026 33 
385 1047 33 1026 
386 33 1047 32 
387 1068 32 1047 
388 32 1068 31 
389 1089 31 1068 
390 31 1089 30 
391 1110 30 1089 
392 30 1110 29 
393 1131 29 1110 
394 29 1131 28 
395 1152 28 1131 
396 28 1152 27 
397 1173 27 1152 
398 27 1173 26 
399 25 26 1173 
400 26 25 1 
401 80 165 81 
402 165 80 164 
403 164 186 165 
404 186 164 185 
405 185 207 186 
406 207 185 206 
407 206 228 207 
408 228 206 227 
409 227 249 228 
410 249 227 248 
411 248 270 249 
412 270 248 269 
413 269 291 270 
414 291 269 290 
415 290 312 291 
416 312 290 311 
417 311 333 312 
418 333 311 332 
419 332 354 333 
420 354 332 353 
421 353 375 354 
422 375 353 374 
423 374 396 375 
424 396 374 395 
425 395 417 396 
426 417 395 416 
427 416 438 417 
428 438 416 437 
429 437 459 438 
430 459 437 458 
431 458 480 459 
432 480 458 479 
433 479 501 480 
434 501 479 500 
435 500 522 501 
436 522 500 521 
437 521 543 522 
438 543 521 542 
439 542 564 543 
440 564 542 563 
441 563 585 564 
442 585 563 584 
443 584 606 585 
444 606 584 605 
445 605 627 606 
446 627 605 626 
447 626 648 627 
448 648 626 647 
449 647 669 648 
450 669 647 668 
451 668 690 669 
452 690 668 689 
453 689 711 690 
454 711 689 710 
455 710 732 711 
456 732 710 731 
457 731 753 732 
458 753 731 752 
459 752 774 753 
460 774 752 773 
461 773 795 774 
462 795 773 794 
463 794 816 795 
464 816 794 815 
465 815 837 816 
466 837 815 836 
467 836 858 837 
468 858 836 857 
469 857 879 858 
470 879 857 878 
471 878 900 879 
472 900 878 899 
473 899 921 900 
474 921 899 920 
475 920 942 921 
476 942 920 941 
477 941 963 942 
478 963 941 962 
479 962 984 963 
480 984 962 983 
481 983 1005 984 
482 1005 983 1004 
483 1004 1026 1005 
484 1026 1004 1025 
485 1025 1047 1026 
486 1047 1025 1046 
487 1046 1068 1047 
488 1068 1046 1067 
489 1067 1089 1068 
490 1089 1067 1088 
491 1088 1110 1089 
492 1110 1088 1109 
493 1109 1131 1110 
494 1131 1109 1130 
495 1130 1152 1131 
496 1152 1130 1151 
497 1151 1173 1152 
498 1173 1151 1172 
499 1172 25 1173 
500 25 1172 24 
501 162 79 82 
502 79 162 163 
503 162 184 163 
504 184 162 183 
505 183 205 184 
506 205 183 204 
507 204 226 205 
508 226 204 225 
509 225 247 226 
510 247 225 246 
511 246 268 247 
512 268 246 267 
513 267 289 268 
514 289 267 288 
515 288 310 289 
516 310 288 309 
517 309 331 310 
518 331 309 330 
519 330 352 331 
520 352 330 351 
521 351 373 352 
522 373 351 372 
523 372 394 373 
524 394 372 393 
525 393 415 394 
526 415 393 414 
527 414 436 415 
528 436 414 435 
529 435 457 436 
530 457 435 456 
531 456 478 457 
532 478 456 477 
533 477 499 478 
534 499 477 498 
535 498 520 499 
536 520 498 519 
537 519 541 520 
538 541 519 540 
539 540 562 541 
540 562 540 561 
541 561 583 562 
542 583 561 582 
543 582 604 583 
544 604 582 603 
545 603 625 604 
546 625 603 624 
547 624 646 625 
548 646 624 645 
549 645 667 646 
550 667 645 666 
551 666 688 667 
552 688 666 687 
553 687 709 688 
554 709 687 708 
555 708 730 709 
556 730 708 729 
557 729 751 730 
558 751 729 750 
559 750 772 751 
560 772 750 771 
561 771 793 772 
562 793 771 792 
563 792 814 793 
564 814 792 813 
565 813 835 814 
566 835 813 834 
567 834 856 835 
568 856 834 855 
569 855 877 856 
570 877 855 876 
571 876 898 877 
572 898 876 897 
573 897 919 898 
574 919 897 918 
575 918 940 919 
576 940 918 939 
577 939 961 940 
578 961 939 960 
579 960 982 961 
580 982 960 981 
581 981 1003 982 
582 1003 981 1002 
583 1002 1024 1003 
584 1024 1002 1023 
585 1023 1045 1024 
586 1045 1023 1044 
587 1044 1066 1045 
588 1066 1044 1065 
589 1065 1087 1066 
590 1087 1065 1086 
591 1086 1108 1087 
592 1108 1086 1107 
593 1107 1129 1108 
594 1129 1107 1128 
595 1128 1150 1129 
596 1150 1128 1149 
597 1149 1171 1150 
598 1171 1149 1170 
599 1170 23 1171 
600 23 1170 22 
601 161 82 83 
602 82 161 162 
603 161 183 162 
604 183 161 182 
605 182 204 183 
606 204 182 203 
607 203 225 204 
608 225 203 224 
609 224 246 225 
610 246 224 245 
611 245 267 246 
612 267 245 266 
613 266 288 267 
614 288 266 287 
615 287 309 288 
616 309 287 308 
617 308 330 309 
618 330 308 329 
619 329 351 330 
620 351 329 350 
621 350 372 351 
622 372 350 371 
623 371 393 372 
624 393 371 392 
625 392 414 393 
626 414 392 413 
627 413 435 414 
628 435 413 434 
629 434 456 435 
630 456 434 455 
631 455 477 456 
632 477 455 476 
633 476 498 477 
634 498 476 497 
635 497 519 498 
636 519 497 518 
637 518 540 519 
638 540 518 539 
639 539 561 540 
640 561 539 560 
641 560 582 561 
642 582 560 581 
643 581 603 582 
644 603 581 602 
645 602 624 603 
646 624 602 623 
647 623 645 624 
648 645 623 644 
649 644 666 645 
650 666 644 665 
651 665 687 666 
652 687 665 686 
653 686 708 687 
654 708 686 707 
655 707 729 708 
656 729 707 728 
657 728 750 729 
658 750 728 749 
659 749 771 750 
660 771 749 770 
661 770 792 771 
662 792 770 791 
663 791 813 792 
664 813 791 812 
665 812 834 813 
666 834 812 833 
667 833 855 834 
668 855 833 854 
669 854 876 855 
670 876 854 875 
671 875 897 876 
672 897 875 896 
673 896 918 897 
674 918 896 917 
675 917 939 918 
676 939 917 938 
677 938 960 939 
678 960 938 959 
679 959 981 960 
680 981 959 980 
681 980 1002 981 
682 1002 980 1001 
683 1001 1023 1002 
684 1023 1001 1022 
685 1022 1044 1023 
686 1044 1022 1043 
687 1043 1065 1044 
688 1065 1043 1064 
689 1064 1086 1065 
690 1086 1064 1085 
691 1085 1107 1086 
692 1107 1085 1106 
693 1106 1128 1107 
694 1128 1106 1127 
695 1127 1149 1128 
696 1149 1127 1148 
697 1148 1170 1149 
698 1170 1148 1169 
699 1169 22 1170 
700 22 1169 21 
701 78 161 83 
702 161 78 160 
703 160 182 161 
704 182 160 181 
705 181 203 182 
706 203 181 202 
707 202 224 203 
708 224 202 223 
709 223 245 224 
710 245 223 244 
711 244 266 245 
712 266 244 265 
713 265 287 266 
714 287 265 286 
715 286 308 287 
716 308 286 307 
717 307 329 308 
718 329 307 328 
719 328 350 329 
720 350 328 349 
721 349 371 350 
722 371 349 370 
723 370 392 371 
724 392 370 391 
725 391 413 392 
726 413 391 412 
727 412 434 413 
728 434 412 433 
729 433 455 434 
730 455 433 454 
731 454 476 455 
732 476 454 475 
733 475 497 476 
734 497 475 496 
735 496 518 497 
736 518 496 517 
737 517 539 518 
738 539 517 538 
739 538 560 539 
740 560 538 559 
741 559 581 560 
742 581 559 580 
743 580 602 581 
744 602 580 601 
745 601 623 602 
746 623 601 622 
747 622 644 623 
748 644 622 643 
749 643 665 644 
750 665 643 664 
751 664 686 665 
752 686 664 685 
753 685 707 686 
754 707 685 706 
755 706 728 707 
756 728 706 727 
757 727 749 728 
758 749 727 748 
759 748 770 749 
760 770 748 769 
761 769 791 770 
762 791 769 790 
763 790 812 791 
764 812 790 811 
765 811 833 812 
766 833 811 832 
767 832 854 833 
768 854 832 853 
769 853 875 854 
770 875 853 874 
771 874 896 875 
772 896 874 895 
773 895 917 896 
774 917 895 916 
775 916 938 917 
776 938 916 937 
777 937 959 938 
778 959 937 958 
779 958 980 959 
780 980 958 979 
781 979 1001 980 
782 1001 979 1000 
783 1000 1022 1001 
784 1022 1000 1021 
785 1021 1043 1022 
786 1043 1021 1042 
787 1042 1064 1043 
788 1064 1042 1063 
789 1063 1085 1064 
790 1085 1063 1084 
791 1084 1106 1085 
792 1106 1084 1105 
793 1105 1127 1106 
794 1127 1105 1126 
795 1126 1148 1127 
796 1148 1126 1147 
797 1147 1169 1148 
798 1169 1147 1168 
799 1168 21 1169 
800 21 1168 20 
801 159 78 84 
802 78 159 160 
803 159 181 160 
804 181 159 180 
805 180 202 181 
806 202 180 201 
807 201 223 202 
808 223 201 222 
809 222 244 223 
810 244 222 243 
811 243 265 244 
812 265 243 264 
813 264 286 265 
814 286 264 285 
815 285 307 286 
816 307 285 306 
817 306 328 307 
818 328 306 327 
819 327 349 328 
820 349 327 348 
821 348 370 349 
822 370 348 369 
823 369 391 370 
824 391 369 390 
825 390 412 391 
826 412 390 411 
827 411 433 412 
828 433 411 432 
829 432 454 433 
830 454 432 453 
831 453 475 454 
832 475 453 474 
833 474 496 475 
834 496 474 495 
835 495 517 496 
836 517 495 516 
837 516 538 517 
838 538 516 537 
839 537 559 538 
840 559 537 558 
841 558 580 559 
842 580 558 579 
843 579 601 580 
844 601 579 600 
845 600 622 601 
846 622 600 621 
847 621 643 622 
848 643 621 642 
849 642 664 643 
850 664 642 663 
851 663 685 664 
852 685 663 684 
853 684 706 685 
854 706 684 705 
855 705 727 706 
856 727 705 726 
857 726 748 727 
858 748 726 747 
859 747 769 748 
860 769 747 768 
861 768 790 769 
862 790 768 789 
863 789 811 790 
864 811 789 810 
865 810 832 811 
866 832 810 831 
867 831 853 832 
868 853 831 852 
869 852 874 853 
870 874 852 873 
871 873 895 874 
872 895 873 894 
873 894 916 895 
874 916 894 915 
875 915 937 916 
876 937 915 936 
877 936 958 937 
878 958 936 957 
879 957 979 958 
880 979 957 978 
881 978 1000 979 
882 1000 978 999 
883 999 1021 1000 
884 1021 999 1020 
885 1020 1042 1021 
886 1042 1020 1041 
887 1041 1063 1042 
888 1063 1041 1062 
889 1062 1084 1063 
890 1084 1062 1083 
891 1083 1105 1084 
892 1105 1083 1104 
893 1104 1126 1105 
894 1126 1104 1125 
895 1125 1147 1126 
896 1147 1125 1146 
897 1146 1168 1147 
898 1168 1146 1167 
899 1167 20 1168 
900 20 1167 19 
901 77 159 84 
902 159 77 158 
903 158 180 159 
904 180 158 179 
905 179 201 180 
906 201 179 200 
907 200 222 201 
908 222 200 221 
909 221 243 222 
910 243 221 242 
911 242 264 243 
912 264 242 263 
913 263 285 264 
914 285 263 284 
915 284 306 285 
916 306 284 305 
917 305 327 306 
918 327 305 326 
919 326 348 327 
920 348 326 347 
921 347 369 348 
922 369 347 368 
923 368 390 369 
924 390 368 389 
925 389 411 390 
926 411 389 410 
927 410 432 411 
928 432 410 431 
929 431 453 432 
930 453 431 452 
931 452 474 453 
932 474 452 473 
933 473 495 474 
934 495 473 494 
935 494 516 495 
936 516 494 515 
937 515 537 516 
938 537 515 536 
939 536 558 537 
940 558 536 557 
941 557 579 558 
942 579 557 578 
943 578 600 579 
944 600 578 599 
945 599 621 600 
946 621 599 620 
947 620 642 621 
948 642 620 641 
949 641 663 642 
950 663 641 662 
951 662 684 663 
952 684 662 683 
953 683 705 684 
954 705 683 704 
955 704 726 705 
956 726 704 725 
957 725 747 726 
958 747 725 746 
959 746 768 747 
960 768 746 767 
961 767 789 768 
962 789 767 788 
963 788 810 789 
964 810 788 809 
965 809 831 810 
966 831 809 830 
967 830 852 831 
968 852 830 851 
969 851 873 852 
970 873 851 872 
971 872 894 873 
972 894 872 893 
973 893 915 894 
974 915 893 914 
975 914 936 915 
976 936 914 935 
977 935 957 936 
978 957 935 956 
979 956 978 957 
980 978 956 977 
981 977 999 978 
982 999 977 998 
983 998 1020 999 
984 1020 998 1019 
985 1019 1041 1020 
986 1041 1019 1040 
987 1040 1062 1041 
988 1062 1040 1061 
989 1061 1083 1062 
990 1083 1061 1082 
991 1082 1104 1083 
992 1104 1082 1103 
993 1103 1125 1104 
994 1125 1103 1124 
995 1124 1146 1125 
996 1146 1124 1145 
997 1145 1167 1146 
998 1167 1145 1166 
999 1166 19 1167 
1000 19 1166 18 
1001 155 75 85 
1002 75 155 156 
1003 155 177 156 
1004 177 155 176 
1005 176 198 177 
1006 198 176 197 
1007 197 219 198 
1008 219 197 218 
1009 218 240 219 
1010 240 218 239 
1011 239 261 240 
1012 261 239 260 
1013 260 282 261 
1014 282 260 281 
1015 281 303 282 
1016 303 281 302 
1017 302 324 303 
1018 324 302 323 
1019 323 345 324 
1020 345 323 344 
1021 344 366 345 
1022 366 344 365 
1023 365 387 366 
1024 387 365 386 
1025 386 408 387 
1026 408 386 407 
1027 407 429 408 
1028 429 407 428 
1029 428 450 429 
1030 450 428 449 
1031 449 471 450 
1032 471 449 470 
1033 470 492 471 
1034 492 470 491 
1035 491 513 492 
1036 513 491 512 
1037 512 534 513 
1038 534 512 533 
1039 533 555 534 
1040 555 533 554 
1041 554 576 555 
1042 576 554 575 
1043 575 597 576 
1044 597 575 596 
1045 596 618 597 
1046 618 596 617 
1047 617 639 618 
1048 639 617 638 
1049 638 660 639 
1050 660 638 659 
1051 659 681 660 
1052 681 659 680 
1053 680 702 681 
1054 702 680 701 
1055 701 723 702 
1056 723 701 722 
1057 722 744 723 
1058 744 722 743 
1059 743 765 744 
1060 765 743 764 
1061 764 786 765 
1062 786 764 785 
1063 785 807 786 
1064 807 785 806 
1065 806 828 807 
1066 828 806 827 
1067 827 849 828 
1068 849 827 848 
1069 848 870 849 
1070 870 848 869 
1071 869 891 870 
1072 891 869 890 
1073 890 912 891 
1074 912 890 911 
1075 911 933 912 
1076 933 911 932 
1077 932 954 933 
1078 954 932 953 
1079 953 975 954 
1080 975 953 974 
1081 974 996 975 
1082 996 974 995 
1083 995 1017 996 
1084 1017 995 1016 
1085 1016 1038 1017 
1086 1038 1016 1037 
1087 1037 1059 1038 
1088 1059 1037 1058 
1089 1058 1080 1059 
1090 1080 1058 1079 
1091 1079 1101 1080 
1092 1101 1079 1100 
1093 1100 1122 1101 
1094 1122 1100 1121 
1095 1121 1143 1122 
1096 1143 1121 1142 
1097 1142 1164 1143 
1098 1164 1142 1163 
1099 1163 16 1164 
1100 16 1163 15 
1101 154 85 86 
1102 85 154 155 
1103 154 176 155 
1104 176 154 175 
1105 175 197 176 
1106 197 175 196 
1107 196 218 197 
1108 218 196 217 
1109 217 239 218 
1110 239 217 238 
1111 238 260 239 
1112 260 238 259 
1113 259 281 260 
1114 281 259 280 
1115 280 302 281 
1116 302 280 301 
1117 301 323 302 
1118 323 301 322 
1119 322 344 323 
1120 344 322 343 
1121 343 365 344 
1122 365 343 364 
1123 364 386 365 
1124 386 364 385 
1125 385 407 386 
1126 407 385 406 
1127 406 428 407 
1128 428 406 427 
1129 427 449 428 
1130 449 427 448 
1131 448 470 449 
1132 470 448 469 
1133 469 491 470 
1134 491 469 490 
1135 490 512 491 
1136 512 490 511 
1137 511 533 512 
1138 533 511 532 
1139 532 554 533 
1140 554 532 553 
1141 553 575 554 
1142 575 553 574 
1143 574 596 575 
1144 596 574 595 
1145 595 617 596 
1146 617 595 616 
1147 616 638 617 
1148 638 616 637 
1149 637 659 638 
1150 659 637 658 
1151 658 680 659 
1152 680 658 679 
1153 679 701 680 
1154 701 679 700 
1155 700 722 701 
1156 722 700 721 
1157 721 743 722 
1158 743 721 742 
1159 742 764 743 
1160 764 742 763 
1161 763 785 764 
1162 785 763 784 
1163 784 806 785 
1164 806 784 805 
1165 805 827 806 
1166 827 805 826 
1167 826 848 827 
1168 848 826 847 
1169 847 869 848 
1170 869 847 868 
1171 868 890 869 
1172 890 868 889 
1173 889 911 890 
1174 911 889 910 
1175 910 932 911 
1176 932 910 931 
1177 931 953 932 
1178 953 931 952 
1179 952 974 953 
1180 974 952 973 
1181 973 995 974 
1182 995 973 994 
1183 994 1016 995 
1184 1016 994 1015 
1185 1015 1037 1016 
1186 1037 1015 1036 
1187 1036 1058 1037 
1188 1058 1036 1057 
1189 1057 1079 1058 
1190 1079 1057 1078 
1191 1078 1100 1079 
1192 1100 1078 1099 
1193 1099 1121 1100 
1194 1121 1099 1120 
1195 1120 1142 1121 
1196 1142 1120 1141 
1197 1141 1163 1142 
1198 1163 1141 1162 
1199 1162 15 1163 
1200 15 1162 14 
1201 153 86 87 
1202 86 153 154 
1203 153 175 154 
1204 175 153 174 
1205 174 196 175 
1206 196 174 195 
1207 195 217 196 
1208 217 195 216 
1209 216 238 217 
1210 238 216 237 
1211 237 259 238 
1212 259 237 258 
1213 258 280 259 
1214 280 258 279 
1215 279 301 280 
1216 301 279 300 
1217 300 322 301 
1218 322 300 321 
1219 321 343 322 
1220 343 321 342 
1221 342 364 343 
1222 364 342 363 
1223 363 385 364 
1224 385 363 384 
1225 384 406 385 
1226 406 384 405 
1227 405 427 406 
1228 427 405 426 
1229 426 448 427 
1230 448 426 447 
1231 447 469 448 
1232 469 447 468 
1233 468 490 469 
1234 490 468 489 
1235 489 511 490 
1236 511 489 510 
1237 510 532 511 
1238 532 510 531 
1239 531 553 532 
1240 553 531 552 
1241 552 574 553 
1242 574 552 573 
1243 573 595 574 
1244 595 573 594 
1245 594 616 595 
1246 616 594 615 
1247 615 637 616 
1248 637 615 636 
1249 636 658 637 
1250 658 636 657 
1251 657 679 658 
1252 679 657 678 
1253 678 700 679 
1254 700 678 699 
1255 699 721 700 
1256 721 699 720 
1257 720 742 721 
1258 742 720 741 
1259 741 763 742 
1260 763 741 762 
1261 762 784 763 
1262 784 762 783 
1263 783 805 784 
1264 805 783 804 
1265 804 826 805 
1266 826 804 825 
1267 825 847 826 
1268 847 825 846 
1269 846 868 847 
1270 868 846 867 
1271 867 889 868 
1272 889 867 888 
1273 888 910 889 
1274 910 888 909 
1275 909 931 910 
1276 931 909 930 
1277 930 952 931 
1278 952 930 951 
1279 951 973 952 
1280 973 951 972 
1281 972 994 973 
1282 994 972 993 
1283 993 1015 994 
1284 1015 993 1014 
1285 1014 1036 1015 
1286 1036 1014 1035 
1287 1035 1057 1036 
1288 1057 1035 1056 
1289 1056 1078 1057 
1290 1078 1056 1077 
1291 1077 1099 1078 
1292 1099 1077 1098 
1293 1098 1120 1099 
1294 1120 1098 1119 
1295 1119 1141 1120 
1296 1141 1119 1140 
1297 1140 1162 1141 
1298 1162 1140 1161 
1299 1161 14 1162 
1300 14 1161 13 
1301 152 87 88 
1302 87 152 153 
1303 152 174 153 
1304 174 152 173 
1305 173 195 174 
1306 195 173 194 
1307 194 216 195 
1308 216 194 215 
1309 215 237 216 
1310 237 215 236 
1311 236 258 237 
1312 258 236 257 
1313 257 279 258 
1314 279 257 278 
1315 278 300 279 
1316 300 278 299 
1317 299 321 300 
1318 321 299 320 
1319 320 342 321 
1320 342 320 341 
1321 341 363 342 
1322 363 341 362 
1323 362 384 363 
1324 384 362 383 
1325 383 405 384 
1326 405 383 404 
1327 404 426 405 
1328 426 404 425 
1329 425 447 426 
1330 447 425 446 
1331 446 468 447 
1332 468 446 467 
1333 467 489 468 
1334 489 467 488 
1335 488 510 489 
1336 510 488 509 
1337 509 531 510 
1338 531 509 530 
1339 530 552 531 
1340 552 530 551 
1341 551 573 552 
1342 573 551 572 
1343 572 594 573 
1344 594 572 593 
1345 593 615 594 
1346 615 593 614 
1347 614 636 615 
1348 636 614 635 
1349 635 657 636 
1350 657 635 656 
1351 656 678 657 
1352 678 656 677 
1353 677 699 678 
1354 699 677 698 
1355 698 720 699 
1356 720 698 719 
1357 719 741 720 
1358 741 719 740 
1359 740 762 741 
1360 762 740 761 
1361 761 783 762 
1362 783 761 782 
1363 782 804 783 
1364 804 782 803 
1365 803 825 804 
1366 825 803 824 
1367 824 846 825 
1368 846 824 845 
1369 845 867 846 
1370 867 845 866 
1371 866 888 867 
1372 888 866 887 
1373 887 909 888 
1374 909 887 908 
1375 908 930 909 
1376 930 908 929 
1377 929 951 930 
1378 951 929 950 
1379 950 972 951 
1380 972 950 971 
1381 971 993 972 
1382 993 971 992 
1383 992 1014 993 
1384 1014 992 1013 
1385 1013 1035 1014 
1386 1035 1013 1034 
1387 1034 1056 1035 
1388 1056 1034 1055 
1389 1055 1077 1056 
1390 1077 1055 1076 
1391 1076 1098 1077 
1392 1098 1076 1097 
1393 1097 1119 1098 
1394 1119 1097 1118 
1395 1118 1140 1119 
1396 1140 1118 1139 
1397 1139 1161 1140 
1398 1161 1139 1160 
1399 1160 13 1161 
1400 13 1160 12 
1401 151 88 90 
1402 88 151 152 
1403 151 173 152 
1404 173 151 172 
1405 172 194 173 
1406 194 172 193 
1407 193 215 194 
1408 215 193 214 
1409 214 236 215 
1410 236 214 235 
1411 235 257 236 
1412 257 235 256 
1413 256 278 257 
1414 278 256 277 
1415 277 299 278 
1416 299 277 298 
1417 298 320 299 
1418 320 298 319 
1419 319 341 320 
1420 341 319 340 
1421 340 362 341 
1422 362 340 361 
1423 361 383 362 
1424 383 361 382 
1425 382 404 383 
1426 404 382 403 
1427 403 425 404 
1428 425 403 424 
1429 424 446 425 
1430 446 424 445 
1431 445 467 446 
1432 467 445 466 
1433 466 488 467 
1434 488 466 487 
1435 487 509 488 
1436 509 487 508 
1437 508 530 509 
1438 530 508 529 
1439 529 551 530 
1440 551 529 550 
1441 550 572 551 
1442 572 550 571 
1443 571 593 572 
1444 593 571 592 
1445 592 614 593 
1446 614 592 613 
1447 613 635 614 
1448 635 613 634 
1449 634 656 635 
1450 656 634 655 
1451 655 677 656 
1452 677 655 676 
1453 676 698 677 
1454 698 676 697 
1455 697 719 698 
1456 719 697 718 
1457 718 740 719 
1458 740 718 739 
1459 739 761 740 
1460 761 739 760 
1461 760 782 761 
1462 782 760 781 
1463 781 803 782 
1464 803 781 802 
1465 802 824 803 
1466 824 802 823 
1467 823 845 824 
1468 845 823 844 
1469 844 866 845 
1470 866 844 865 
1471 865 887 866 
1472 887 865 886 
1473 886 908 887 
1474 908 886 907 
1475 907 929 908 
1476 929 907 928 
1477 928 950 929 
1478 950 928 949 
1479 949 971 950 
1480 971 949 970 
1481 970 992 971 
1482 992 970 991 
1483 991 1013 992 
1484 1013 991 1012 
1485 1012 1034 1013 
1486 1034 1012 1033 
1487 1033 1055 1034 
1488 1055 1033 1054 
1489 1054 1076 1055 
1490 1076 1054 1075 
1491 1075 1097 1076 
1492 1097 1075 1096 
1493 1096 1118 1097 
1494 1118 1096 1117 
1495 1117 1139 1118 
1496 1139 1117 1138 
1497 1138 1160 1139 
1498 1160 1138 1159 
1499 1159 12 1160 
1500 12 1159 11 
1501 89 151 90 
1502 151 89 150 
1503 150 172 151 
1504 172 150 171 
1505 171 193 172 
1506 193 171 192 
1507 192 214 193 
1508 214 192 213 
1509 213 235 214 
1510 235 213 234 
1511 234 256 235 
1512 256 234 255 
1513 255 277 256 
1514 277 255 276 
1515 276 298 277 
1516 298 276 297 
1517 297 319 298 
1518 319 297 318 
1519 318 340 319 
1520 340 318 339 
1521 339 361 340 
1522 361 339 360 
1523 360 382 361 
1524 382 360 381 
1525 381 403 382 
1526 403 381 402 
1527 402 424 403 
1528 424 402 423 
1529 423 445 424 
1530 445 423 444 
1531 444 466 445 
1532 466 444 465 
1533 465 487 466 
1534 487 465 486 
1535 486 508 487 
1536 508 486 507 
1537 507 529 508 
1538 529 507 528 
1539 528 550 529 
1540 550 528 549 
1541 549 571 550 
1542 571 549 570 
1543 570 592 571 
1544 592 570 591 
1545 591 613 592 
1546 613 591 612 
1547 612 634 613 
1548 634 612 633 
1549 633 655 634 
1550 655 633 654 
1551 654 676 655 
1552 676 654 675 
1553 675 697 676 
1554 697 675 696 
1555 696 718 697 
1556 718 696 717 
1557 717 739 718 
1558 739 717 738 
1559 738 760 739 
1560 760 738 759 
1561 759 781 760 
1562 781 759 780 
1563 780 802 781 
1564 802 780 801 
1565 801 823 802 
1566 823 801 822 
1567 822 844 823 
1568 844 822 843 
1569 843 865 844 
1570 865 843 864 
1571 864 886 865 
1572 886 864 885 
1573 885 907 886 
1574 907 885 906 
1575 906 928 907 
1576 928 906 927 
1577 927 949 928 
1578 949 927 948 
1579 948 970 949 
1580 970 948 969 
1581 969 991 970 
1582 991 969 990 
1583 990 1012 991 
1584 1012 990 1011 
1585 1011 1033 1012 
1586 1033 1011 1032 
1587 1032 1054 1033 
1588 1054 1032 1053 
1589 1053 1075 1054 
1590 1075 1053 1074 
1591 1074 1096 1075 
1592 1096 1074 1095 
1593 1095 1117 1096 
1594 1117 1095 1116 
1595 1116 1138 1117 
1596 1138 1116 1137 
1597 1137 1159 1138 
1598 1159 1137 1158 
1599 1158 11 1159 
1600 11 1158 10 
1601 149 89 92 
1602 89 149 150 
1603 149 171 150 
1604 171 149 170 
1605 170 192 171 
1606 192 170 191 
1607 191 213 192 
1608 213 191 212 
1609 212 234 213 
1610 234 212 233 
1611 233 255 234 
1612 255 233 254 
1613 254 276 255 
1614 276 254 275 
1615 275 297 276 
1616 297 275 296 
1617 296 318 297 
1618 318 296 317 
1619 317 339 318 
1620 339 317 338 
1621 338 360 339 
1622 360 338 359 
1623 359 381 360 
1624 381 359 380 
1625 380 402 381 
1626 402 380 401 
1627 401 423 402 
1628 423 401 422 
1629 422 444 423 
1630 444 422 443 
1631 443 465 444 
1632 465 443 464 
1633 464 486 465 
1634 486 464 485 
1635 485 507 486 
1636 507 485 506 
1637 506 528 507 
1638 528 506 527 
1639 527 549 528 
1640 549 527 548 
1641 548 570 549 
1642 570 548 569 
1643 569 591 570 
1644 591 569 590 
1645 590 612 591 
1646 612 590 611 
1647 611 633 612 
1648 633 611 632 
1649 632 654 633 
1650 654 632 653 
1651 653 675 654 
1652 675 653 674 
1653 674 696 675 
1654 696 674 695 
1655 695 717 696 
1656 717 695 716 
1657 716 738 717 
1658 738 716 737 
1659 737 759 738 
1660 759 737 758 
1661 758 780 759 
1662 780 758 779 
1663 779 801 780 
1664 801 779 800 
1665 800 822 801 
1666 822 800 821 
1667 821 843 822 
1668 843 821 842 
1669 842 864 843 
1670 864 842 863 
1671 863 885 864 
1672 885 863 884 
1673 884 906 885 
1674 906 884 905 
1675 905 927 906 
1676 927 905 926 
1677 926 948 927 
1678 948 926 947 
1679 947 969 948 
1680 969 947 968 
1681 968 990 969 
1682 990 968 989 
1683 989 1011 990 
1684 1011 989 1010 
1685 1010 1032 1011 
1686 1032 1010 1031 
1687 1031 1053 1032 
1688 1053 1031 1052 
1689 1052 1074 1053 
1690 1074 1052 1073 
1691 1073 1095 1074 
1692 1095 1073 1094 
1693 1094 1116 1095 
1694 1116 1094 1115 
1695 1115 1137 1116 
1696 1137 1115 1136 
1697 1136 1158 1137 
1698 1158 1136 1157 
1699 1157 10 1158 
1700 10 1157 9 
1701 91 149 92 
1702 149 91 148 
1703 148 170 149 
1704 170 148 169 
1705 169 191 170 
1706 191 169 190 
1707 190 212 191 
1708 212 190 211 
1709 211 233 212 
1710 233 211 232 
1711 232 254 233 
1712 254 232 253 
1713 253 275 254 
1714 275 253 274 
1715 274 296 275 
1716 296 274 295 
1717 295 317 296 
1718 317 295 316 
1719 316 338 317 
1720 338 316 337 
1721 337 359 338 
1722 359 337 358 
1723 358 380 359 
1724 380 358 379 
1725 379 401 380 
1726 401 379 400 
1727 400 422 401 
1728 422 400 421 
1729 421 443 422 
1730 443 421 442 
1731 442 464 443 
1732 464 442 463 
1733 463 485 464 
1734 485 463 484 
1735 484 506 485 
1736 506 484 505 
1737 505 527 506 
1738 527 505 526 
1739 526 548 527 
1740 548 526 547 
1741 547 569 548 
1742 569 547 568 
1743 568 590 569 
1744 590 568 589 
1745 589 611 590 
1746 611 589 610 
1747 610 632 611 
1748 632 610 631 
1749 631 653 632 
1750 653 631 652 
1751 652 674 653 
1752 674 652 673 
1753 673 695 674 
1754 695 673 694 
1755 694 716 695 
1756 716 694 715 
1757 715 737 716 
1758 737 715 736 
1759 736 758 737 
1760 758 736 757 
1761 757 779 758 
1762 779 757 778 
1763 778 800 779 
1764 800 778 799 
1765 799 821 800 
1766 821 799 820 
1767 820 842 821 
1768 842 820 841 
1769 841 863 842 
1770 863 841 862 
1771 862 884 863 
1772 884 862 883 
1773 883 905 884 
1774 905 883 904 
1775 904 926 905 
1776 926 904 925 
1777 925 947 926 
1778 947 925 946 
1779 946 968 947 
1780 968 946 967 
1781 967 989 968 
1782 989 967 988 
1783 988 1010 989 
1784 1010 988 1009 
1785 1009 1031 1010 
1786 1031 1009 1030 
1787 1030 1052 1031 
1788 1052 1030 1051 
1789 1051 1073 1052 
1790 1073 1051 1072 
1791 1072 1094 1073 
1792 1094 1072 1093 
1793 1093 1115 1094 
1794 1115 1093 1114 
1795 1114 1136 1115 
1796 1136 1114 1135 
1797 1135 1157 1136 
1798 1157 1135 1156 
1799 1156 9 1157 
1800 9 1156 8 
1801 147 91 93 
1802 91 147 148 
1803 147 169 148 
1804 169 147 168 
1805 168 190 169 
1806 190 168 189 
1807 189 211 190 
1808 211 189 210 
1809 210 232 211 
1810 232 210 231 
1811 231 253 232 
1812 253 231 252 
1813 252 274 253 
1814 274 252 273 
1815 273 295 274 
1816 295 273 294 
1817 294 316 295 
1818 316 294 315 
1819 315 337 316 
1820 337 315 336 
1821 336 358 337 
1822 358 336 357 
1823 357 379 358 
1824 379 357 378 
1825 378 400 379 
1826 400 378 399 
1827 399 421 400 
1828 421 399 420 
1829 420 442 421 
1830 442 420 441 
1831 441 463 442 
1832 463 441 462 
1833 462 484 463 
1834 484 462 483 
1835 483 505 484 
1836 505 483 504 
1837 504 526 505 
1838 526 504 525 
1839 525 547 526 
1840 547 525 546 
1841 546 568 547 
1842 568 546 567 
1843 567 589 568 
1844 589 567 588 
1845 588 610 589 
1846 610 588 609 
1847 609 631 610 
1848 631 609 630 
1849 630 652 631 
1850 652 630 651 
1851 651 673 652 
1852 673 651 672 
1853 672 694 673 
1854 694 672 693 
1855 693 715 694 
1856 715 693 714 
1857 714 736 715 
1858 736 714 735 
1859 735 757 736 
1860 757 735 756 
1861 756 778 757 
1862 778 756 777 
1863 777 799 778 
1864 799 777 798 
1865 798 820 799 
1866 820 798 819 
1867 819 841 820 
1868 841 819 840 
1869 840 862 841 
1870 862 840 861 
1871 861 883 862 
1872 883 861 882 
1873 882 904 883 
1874 904 882 903 
1875 903 925 904 
1876 925 903 924 
1877 924 946 925 
1878 946 924 945 
1879 945 967 946 
1880 967 945 966 
1881 966 988 967 
1882 988 966 987 
1883 987 1009 988 
1884 1009 987 1008 
1885 1008 1030 1009 
1886 1030 1008 1029 
1887 1029 1051 1030 
1888 1051 1029 1050 
1889 1050 1072 1051 
1890 1072 1050 1071 
1891 1071 1093 1072 
1892 1093 1071 1092 
1893 1092 1114 1093 
1894 1114 1092 1113 
1895 1113 1135 1114 
1896 1135 1113 1134 
1897 1134 1156 1135 
1898 1156 1134 1155 
1899 1155 8 1156 
1900 8 1155 7 
1901 146 93 94 
1902 93 146 147 
1903 146 168 147 
1904 168 146 167 
1905 167 189 168 
1906 189 167 188 
1907 188 210 189 
1908 210 188 209 
1909 209 231 210 
1910 231 209 230 
1911 230 252 231 
1912 252 230 251 
1913 251 273 252 
1914 273 251 272 
1915 272 294 273 
1916 294 272 293 
1917 293 315 294 
1918 315 293 314 
1919 314 336 315 
1920 336 314 335 
1921 335 357 336 
1922 357 335 356 
1923 356 378 357 
1924 378 356 377 
1925 377 399 378 
1926 399 377 398 
1927 398 420 399 
1928 420 398 419 
1929 419 441 420 
1930 441 419 440 
1931 440 462 441 
1932 462 440 461 
1933 461 483 462 
1934 483 461 482 
1935 482 504 483 
1936 504 482 503 
1937 503 525 504 
1938 525 503 524 
1939 524 546 525 
1940 546 524 545 
1941 545 567 546 
1942 567 545 566 
1943 566 588 567 
1944 588 566 587 
1945 587 609 588 
1946 609 587 608 
1947 608 630 609 
1948 630 608 629 
1949 629 651 630 
1950 651 629 650 
1951 650 672 651 
1952 672 650 671 
1953 671 693 672 
1954 693 671 692 
1955 692 714 693 
1956 714 692 713 
1957 713 735 714 
1958 735 713 734 
1959 734 756 735 
1960 756 734 755 
1961 755 777 756 
1962 777 755 776 
1963 776 798 777 
1964 798 776 797 
1965 797 819 798 
1966 819 797 818 
1967 818 840 819 
1968 840 818 839 
1969 839 861 840 
1970 861 839 860 
1971 860 882 861 
1972 882 860 881 
1973 881 903 882 
1974 903 881 902 
1975 902 924 903 
1976 924 902 923 
1977 923 945 924 
1978 945 923 944 
1979 944 966 945 
1980 966 944 965 
1981 965 987 966 
1982 987 965 986 
1983 986 1008 987 
1984 1008 986 1007 
1985 1007 1029 1008 
1986 1029 1007 1028 
1987 1028 1050 1029 
1988 1050 1028 1049 
1989 1049 1071 1050 
1990 1071 1049 1070 
1991 1070 1092 1071 
1992 1092 1070 1091 
1993 1091 1113 1092 
1994 1113 1091 1112 
1995 1112 1134 1113 
1996 1134 1112 1133 
1997 1133 1155 1134 
1998 1155 1133 1154 
1999 1154 7 1155 
2000 7 1154 6 
2001 145 94 95 
2002 94 145 146 
2003 145 167 146 
2004 167 145 166 
2005 166 188 167 
2006 188 166 187 
2007 187 209 188 
2008 209 187 208 
2009 208 230 209 
2010 230 208 229 
2011 229 251 230 
2012 251 229 250 
2013 250 272 251 
2014 272 250 271 
2015 271 293 272 
2016 293 271 292 
2017 292 314 293 
2018 314 292 313 
2019 313 335 314 
2020 335 313 334 
2021 334 356 335 
2022 356 334 355 
2023 355 377 356 
2024 377 355 376 
2025 376 398 377 
2026 398 376 397 
2027 397 419 398 
2028 419 397 418 
2029 418 440 419 
2030 440 418 439 
2031 439 461 440 
2032 461 439 460 
2033 460 482 461 
2034 482 460 481 
2035 481 503 482 
2036 503 481 502 
2037 502 524 503 
2038 524 502 523 
2039 523 545 524 
2040 545 523 544 
2041 544 566 545 
2042 566 544 565 
2043 565 587 566 
2044 587 565 586 
2045 586 608 587 
2046 608 586 607 
2047 607 629 608 
2048 629 607 628 
2049 628 650 629 
2050 650 628 649 
2051 649 671 650 
2052 671 649 670 
2053 670 692 671 
2054 692 670 691 
2055 691 713 692 
2056 713 691 712 
2057 712 734 713 
2058 734 712 733 
2059 733 755 734 
2060 755 733 754 
2061 754 776 755 
2062 776 754 775 
2063 775 797 776 
2064 797 775 796 
2065 796 818 797 
2066 818 796 817 
2067 817 839 818 
2068 839 817 838 
2069 838 860 839 
2070 860 838 859 
2071 859 881 860 
2072 881 859 880 
2073 880 902 881 
2074 902 880 901 
2075 901 923 902 
2076 923 901 922 
2077 922 944 923 
2078 944 922 943 
2079 943 965 944 
2080 965 943 964 
2081 964 986 965 
2082 986 964 985 
2083 985 1007 986 
2084 1007 985 1006 
2085 1006 1028 1007 
2086 1028 1006 1027 
2087 1027 1049 1028 
2088 1049 1027 1048 
2089 1048 1070 1049 
2090 1070 1048 1069 
2091 1069 1091 1070 
2092 1091 1069 1090 
2093 1090 1112 1091 
2094 1112 1090 1111 
2095 1111 1133 1112 
2096 1133 1111 1132 
2097 1132 1154 1133 
2098 1154 1132 1153 
2099 1153 6 1154 
2100 6 1153 5 
2101 4 145 95 
2102 145 4 96 
2103 96 166 145 
2104 166 96 97 
2105 97 187 166 
2106 187 97 98 
2107 98 208 187 
2108 208 98 99 
2109 99 229 208 
2110 229 99 100 
2111 100 250 229 
2112 250 100 101 
2113 101 271 250 
2114 271 101 102 
2115 102 292 271 
2116 292 102 103 
2117 103 313 292 
2118 313 103 104 
2119 104 334 313 
2120 334 104 105 
2121 105 355 334 
2122 355 105 106 
2123 106 376 355 
2124 376 106 107 
2125 107 397 376 
2126 397 107 108 
2127 108 418 397 
2128 418 108 109 
2129 109 439 418 
2130 439 109 110 
2131 110 460 439 
2132 460 110 111 
2133 111 481 460 
2134 481 111 112 
2135 112 502 481 
2136 502 112 113 
2137 113 523 502 
2138 523 113 114 
2139 114 544 523 
2140 544 114 115 
2141 115 565 544 
2142 565 115 116 
2143 116 586 565 
2144 586 116 117 
2145 117 607 586 
2146 607 117 118 
2147 118 628 607 
2148 628 118 119 
2149 119 649 628 
2150 649 119 120 
2151 120 670 649 
2152 670 120 121 
2153 121 691 670 
2154 691 121 122 
2155 122 712 691 
2156 712 122 123 
2157 123 733 712 
2158 733 123 124 
2159 124 754 733 
2160 754 124 125 
2161 125 775 754 
2162 775 125 126 
2163 126 796 775 
2164 796 126 127 
2165 127 817 796 
2166 817 127 128 
2167 128 838 817 
2168 838 128 129 
2169 129 859 838 
2170 859 129 130 
2171 130 880 859 
2172 880 130 131 
2173 131 901 880 
2174 901 131 132 
2175 132 922 901 
2176 922 132 133 
2177 133 943 922 
2178 943 133 134 
2179 134 964 943 
2180 964 134 135 
2181 135 985 964 
2182 985 135 136 
2183 136 1006 985 
2184 1006 136 137 
2185 137 1027 1006 
2186 1027 137 138 
2187 138 1048 1027 
2188 1048 138 139 
2189 139 1069 1048 
2190 1069 139 140 
2191 140 1090 1069 
2192 1090 140 141 
2193 141 1111 1090 
2194 1111 141 142 
2195 142 1132 1111 
2196 1132 142 143 
2197 143 1153 1132 
2198 1153 143 144 
2199 144 5 1153 
2200 5 144 3 
vertexCoord 
1 1.000000 0.200000 
2 0.000000 0.200000 
3 1.000000 0.000000 
4 0.000000 0.000000 
5 1.000000 0.001299 
6 1.000000 0.002965 
7 1.000000 0.004670 
8 1.000000 0.006436 
9 1.000000 0.008288 
10 1.000000 0.010211 
11 1.000000 0.015180 
12 1.000000 0.023113 
13 1.000000 0.035054 
14 1.000000 0.058351 
15 1.000000 0.088308 
16 1.000000 0.118370 
17 1.000000 0.148516 
18 1.000000 0.171867 
19 1.000000 0.183808 
20 1.000000 0.188793 
21 1.000000 0.190789 
22 1.000000 0.192743 
23 1.000000 0.194680 
24 1.000000 0.196607 
25 1.000000 0.198521 
26 0.980000 0.200000 
27 0.960000 0.200000 
28 0.940000 0.200000 
29 0.920000 0.200000 
30 0.900000 0.200000 
31 0.880000 0.200000 
32 0.860000 0.200000 
33 0.840000 0.200000 
34 0.820000 0.200000 
35 0.800000 0.200000 
36 0.780000 0.200000 
37 0.760000 0.200000 
38 0.740000 0.200000 
39 0.720000 0.200000 
40 0.700000 0.200000 
41 0.680000 0.200000 
42 0.660000 0.200000 
43 0.640000 0.200000 
44 0.620000 0.200000 
45 0.600000 0.200000 
46 0.580000 0.200000 
47 0.560000 0.200000 
48 0.540000 0.200000 
49 0.520000 0.200000 
50 0.500000 0.200000 
51 0.480000 0.200000 
52 0.460000 0.200000 
53 0.440000 0.200000 
54 0.420000 0.200000 
55 0.400000 0.200000 
56 0.380000 0.200000 
57 0.360000 0.200000 
58 0.340000 0.200000 
59 0.320000 0.200000 
60 0.300000 0.200000 
61 0.280000 0.200000 
62 0.260000 0.200000 
63 0.240000 0.200000 
64 0.220000 0.200000 
65 0.200000 0.200000 
66 0.180000 0.200000 
67 0.160000 0.200000 
68 0.140000 0.200000 
69 0.120000 0.200000 
70 0.100000 0.200000 
71 0.080000 0.200000 
72 0.060000 0.200000 
73 0.040000 0.200000 
74 0.020000 0.200000 
75 0.000000 0.118370 
76 0.000000 0.148516 
77 0.000000 0.171867 
78 0.000000 0.188793 
79 0.000000 0.194680 
80 0.000000 0.196607 
81 0.000000 0.198521 
82 0.000000 0.192743 
83 0.000000 0.190789 
84 0.000000 0.183808 
85 0.000000 0.088308 
86 0.000000 0.058351 
87 0.000000 0.035054 
88 0.000000 0.023113 
89 0.000000 0.010211 
90 0.000000 0.015180 
91 0.000000 0.006436 
92 0.000000 0.008288 
93 0.000000 0.004670 
94 0.000000 0.002965 
95 0.000000 0.001299 
96 0.020000 0.000000 
97 0.040000 0.000000 
98 0.060000 0.000000 
99 0.080000 0.000000 
100 0.100000 0.000000 
101 0.120000 0.000000 
102 0.140000 0.000000 
103 0.160000 0.000000 
104 0.180000 0.000000 
105 0.200000 0.000000 
106 0.220000 0.000000 
107 0.240000 0.000000 
108 0.260000 0.000000 
109 0.280000 0.000000 
110 0.300000 0.000000 
111 0.320000 0.000000 
112 0.340000 0.000000 
113 0.360000 0.000000 
114 0.380000 0.000000 
115 0.400000 0.000000 
116 0.420000 0.000000 
117 0.440000 0.000000 
118 0.460000 0.000000 
119 0.480000 0.000000 
120 0.500000 0.000000 
121 0.520000 0.000000 
122 0.540000 0.000000 
123 0.560000 0.000000 
124 0.580000 0.000000 
125 0.600000 0.000000 
126 0.620000 0.000000 
127 0.640000 0.000000 
128 0.660000 0.000000 
129 0.680000 0.000000 
130 0.700000 0.000000 
131 0.720000 0.000000 
132 0.740000 0.000000 
133 0.760000 0.000000 
134 0.780000 0.000000 
135 0.800000 0.000000 
136 0.820000 0.000000 
137 0.840000 0.000000 
138 0.860000 0.000000 
139 0.880000 0.000000 
140 0.900000 0.000000 
141 0.920000 0.000000 
142 0.940000 0.000000 
143 0.960000 0.000000 
144 0.980000 0.000000 
145 0.020000 0.001299 
146 0.020000 0.002965 
147 0.020000 0.004670 
148 0.020000 0.006436 
149 0.020000 0.008288 
150 0.020000 0.010211 
151 0.020000 0.015180 
152 0.020000 0.023113 
153 0.020000 0.035054 
154 0.020000 0.058351 
155 0.020000 0.088308 
156 0.020000 0.118370 
157 0.020000 0.148516 
158 0.020000 0.171867 
159 0.020000 0.183808 
160 0.020000 0.188793 
161 0.020000 0.190789 
162 0.020000 0.192743 
163 0.020000 0.194680 
164 0.020000 0.196607 
165 0.020000 0.198521 
166 0.040000 0.001299 
167 0.040000 0.002965 
168 0.040000 0.004670 
169 0.040000 0.006436 
170 0.040000 0.008288 
171 0.040000 0.010211 
172 0.040000 0.015180 
173 0.040000 0.023113 
174 0.040000 0.035054 
175 0.040000 0.058351 
176 0.040000 0.088308 
177 0.040000 0.118370 
178 0.040000 0.148516 
179 0.040000 0.171867 
180 0.040000 0.183808 
181 0.040000 0.188793 
182 0.040000 0.190789 
183 0.040000 0.192743 
184 0.040000 0.194680 
185 0.040000 0.196607 
186 0.040000 0.198521 
187 0.060000 0.001299 
188 0.060000 0.002965 
189 0.060000 0.004670 
190 0.060000 0.006436 
191 0.060000 0.008288 
192 0.060000 0.010211 
193 0.060000 0.015180 
194 0.060000 0.023113 
195 0.060000 0.035054 
196 0.060000 0.058351 
197 0.060000 0.088308 
198 0.060000 0.118370 
199 0.060000 0.148516 
200 0.060000 0.171867 
201 0.060000 0.183808 
202 0.060000 0.188793 
203 0.060000 0.190789 
204 0.060000 0.192743 
205 0.060000 0.194680 
206 0.060000 0.196607 
207 0.060000 0.198521 
208 0.080000 0.001299 
209 0.080000 0.002965 
210 0.080000 0.004670 
211 0.080000 0.006436 
212 0.080000 0.008288 
213 0.080000 0.010211 
214 0.080000 0.015180 
215 0.080000 0.023113 
216 0.080000 0.035054 
217 0.080000 0.058351 
218 0.080000 0.088308 
219 0.080000 0.118370 
220 0.080000 0.148516 
221 0.080000 0.171867 
222 0.080000 0.183808 
223 0.080000 0.188793 
224 0.080000 0.190789 
225 0.080000 0.192743 
226 0.080000 0.194680 
227 0.080000 0.196607 
228 0.080000 0.198521 
229 0.100000 0.001299 
230 0.100000 0.002965 
231 0.100000 0.004670 
232 0.100000 0.006436 
233 0.100000 0.008288 
234 0.100000 0.010211 
235 0.100000 0.015180 
236 0.100000 0.023113 
237 0.100000 0.035054 
238 0.100000 0.058351 
239 0.100000 0.088308 
240 0.100000 0.118370 
241 0.100000 0.148516 
242 0.100000 0.171867 
243 0.100000 0.183808 
244 0.100000 0.188793 
245 0.100000 0.190789 
246 0.100000 0.192743 
247 0.100000 0.194680 
248 0.100000 0.196607 
249 0.100000 0.198521 
250 0.120000 0.001299 
251 0.120000 0.002965 
252 0.120000 0.004670 
253 0.120000 0.006436 
254 0.120000 0.008288 
255 0.120000 0.010211 
256 0.120000 0.015180 
257 0.120000 0.023113 
258 0.120000 0.035054 
259 0.120000 0.058351 
260 0.120000 0.088308 
261 0.120000 0.118370 
262 0.120000 0.148516 
263 0.120000 0.171867 
264 0.120000 0.183808 
265 0.120000 0.188793 
266 0.120000 0.190789 
267 0.120000 0.192743 
268 0.120000 0.194680 
269 0.120000 0.196607 
270 0.120000 0.198521 
271 0.140000 0.001299 
272 0.140000 0.002965 
273 0.140000 0.004670 
274 0.140000 0.006436 
275 0.140000 0.008288 
276 0.140000 0.010211 
277 0.140000 0.015180 
278 0.140000 0.023113 
279 0.140000 0.035054 
280 0.140000 0.058351 
281 0.140000 0.088308 
282 0.140000 0.118370 
283 0.140000 0.148516 
284 0.140000 0.171867 
285 0.140000 0.183808 
286 0.140000 0.188793 
287 0.140000 0.190789 
288 0.140000 0.192743 
289 0.140000 0.194680 
290 0.140000 0.196607 
291 0.140000 0.198521 
292 0.160000 0.001299 
293 0.160000 0.002965 
294 0.160000 0.004670 
295 0.160000 0.006436 
296 0.160000 0.008288 
297 0.160000 0.010211 
298 0.160000 0.015180 
299 0.160000 0.023113 
300 0.160000 0.035054 
301 0.160000 0.058351 
302 0.160000 0.088308 
303 0.160000 0.118370 
304 0.160000 0.148516 
305 0.160000 0.171867 
306 0.160000 0.183808 
307 0.160000 0.188793 
308 0.160000 0.190789 
309 0.160000 0.192743 
310 0.160000 0.194680 
311 0.160000 0.196607 
312 0.160000 0.198521 
313 0.180000 0.001299 
314 0.180000 0.002965 
315 0.180000 0.004670 
316 0.180000 0.006436 
317 0.180000 0.008288 
318 0.180000 0.010211 
319 0.180000 0.015180 
320 0.180000 0.023113 
321 0.180000 0.035054 
322 0.180000 0.058351 
323 0.180000 0.088308 
324 0.180000 0.118370 
325 0.180000 0.148516 
326 0.180000 0.171867 
327 0.180000 0.183808 
328 0.180000 0.188793 
329 0.180000 0.190789 
330 0.180000 0.192743 
331 0.180000 0.194680 
332 0.180000 0.196607 
333 0.180000 0.198521 
334 0.200000 0.001299 
335 0.200000 0.002965 
336 0.200000 0.004670 
337 0.200000 0.006436 
338 0.200000 0.008288 
339 0.200000 0.010211 
340 0.200000 0.015180 
341 0.200000 0.023113 
342 0.200000 0.035054 
343 0.200000 0.058351 
344 0.200000 0.088308 
345 0.200000 0.118370 
346 0.200000 0.148516 
347 0.200000 0.171867 
348 0.200000 0.183808 
349 0.200000 0.188793 
350 0.200000 0.190789 
351 0.200000 0.192743 
352 0.200000 0.194680 
353 0.200000 0.196607 
354 0.200000 0.198521 
355 0.220000 0.001299 
356 0.220000 0.002965 
357 0.220000 0.004670 
358 0.220000 0.006436 
359 0.220000 0.008288 
360 0.220000 0.010211 
361 0.220000 0.015180 
362 0.220000 0.023113 
363 0.220000 0.035054 
364 0.220000 0.058351 
365 0.220000 0.088308 
366 0.220000 0.118370 
367 0.220000 0.148516 
368 0.220000 0.171867 
369 0.220000 0.183808 
370 0.220000 0.188793 
371 0.220000 0.190789 
372 0.220000 0.192743 
373 0.220000 0.194680 
374 0.220000 0.196607 
375 0.220000 0.198521 
376 0.240000 0.001299 
377 0.240000 0.002965 
378 0.240000 0.004670 
379 0.240000 0.006436 
380 0.240000 0.008288 
381 0.240000 0.010211 
382 0.240000 0.015180 
383 0.240000 0.023113 
384 0.240000 0.035054 
385 0.240000 0.058351 
386 0.240000 0.088308 
387 0.240000 0.118370 
388 0.240000 0.148516 
389 0.240000 0.171867 
390 0.240000 0.183808 
391 0.240000 0.188793 
392 0.240000 0.190789 
393 0.240000 0.192743 
394 0.240000 0.194680 
395 0.240000 0.196607 
396 0.240000 0.198521 
397 0.260000 0.001299 
398 0.260000 0.002965 
399 0.260000 0.004670 
400 0.260000 0.006436 
401 0.260000 0.008288 
402 0.260000 0.010211 
403 0.260000 0.015180 
404 0.260000 0.023113 
405 0.260000 0.035054 
406 0.260000 0.058351 
407 0.260000 0.088308 
408 0.260000 0.118370 
409 0.260000 0.148516 
410 0.260000 0.171867 
411 0.260000 0.183808 
412 0.260000 0.188793 
413 0.260000 0.190789 
414 0.260000 0.192743 
415 0.260000 0.194680 
416 0.260000 0.196607 
417 0.260000 0.198521 
418 0.280000 0.001299 
419 0.280000 0.002965 
420 0.280000 0.004670 
421 0.280000 0.006436 
422 0.280000 0.008288 
423 0.280000 0.010211 
424 0.280000 0.015180 
425 0.280000 0.023113 
426 0.280000 0.035054 
427 0.280000 0.058351 
428 0.280000 0.088308 
429 0.280000 0.118370 
430 0.280000 0.148516 
431 0.280000 0.171867 
432 0.280000 0.183808 
433 0.280000 0.188793 
434 0.280000 0.190789 
435 0.280000 0.192743 
436 0.280000 0.194680 
437 0.280000 0.196607 
438 0.280000 0.198521 
439 0.300000 0.001299 
440 0.300000 0.002965 
441 0.300000 0.004670 
442 0.300000 0.006436 
443 0.300000 0.008288 
444 0.300000 0.010211 
445 0.300000 0.015180 
446 0.300000 0.023113 
447 0.300000 0.035054 
448 0.300000 0.058351 
449 0.300000 0.088308 
450 0.300000 0.118370 
451 0.300000 0.148516 
452 0.300000 0.171867 
453 0.300000 0.183808 
454 0.300000 0.188793 
455 0.300000 0.190789 
456 0.300000 0.192743 
457 0.300000 0.194680 
458 0.300000 0.196607 
459 0.300000 0.198521 
460 0.320000 0.001299 
461 0.320000 0.002965 
462 0.320000 0.004670 
463 0.320000 0.006436 
464 0.320000 0.008288 
465 0.320000 0.010211 
466 0.320000 0.015180 
467 0.320000 0.023113 
468 0.320000 0.035054 
469 0.320000 0.058351 
470 0.320000 0.088308 
471 0.320000 0.118370 
472 0.320000 0.148516 
473 0.320000 0.171867 
474 0.320000 0.183808 
475 0.320000 0.188793 
476 0.320000 0.190789 
477 0.320000 0.192743 
478 0.320000 0.194680 
479 0.320000 0.196607 
480 0.320000 0.198521 
481 0.340000 0.001299 
482 0.340000 0.002965 
483 0.340000 0.004670 
484 0.340000 0.006436 
485 0.340000 0.008288 
486 0.340000 0.010211 
487 0.340000 0.015180 
488 0.340000 0.023113 
489 0.340000 0.035054 
490 0.340000 0.058351 
491 0.340000 0.088308 
492 0.340000 0.118370 
493 0.340000 0.148516 
494 0.340000 0.171867 
495 0.340000 0.183808 
496 0.340000 0.188793 
497 0.340000 0.190789 
498 0.340000 0.192743 
499 0.340000 0.194680 
500 0.340000 0.196607 
501 0.340000 0.198521 
502 0.360000 0.001299 
503 0.360000 0.002965 
504 0.360000 0.004670 
505 0.360000 0.006436 
506 0.360000 0.008288 
507 0.360000 0.010211 
508 0.360000 0.015180 
509 0.360000 0.023113 
510 0.360000 0.035054 
511 0.360000 0.058351 
512 0.360000 0.088308 
513 0.360000 0.118370 
514 0.360000 0.148516 
515 0.360000 0.171867 
516 0.360000 0.183808 
517 0.360000 0.188793 
518 0.360000 0.190789 
519 0.360000 0.192743 
520 0.360000 0.194680 
521 0.360000 0.196607 
522 0.360000 0.198521 
523 0.380000 0.001299 
524 0.380000 0.002965 
525 0.380000 0.004670 
526 0.380000 0.006436 
527 0.380000 0.008288 
528 0.380000 0.010211 
529 0.380000 0.015180 
530 0.380000 0.023113 
531 0.380000 0.035054 
532 0.380000 0.058351 
533 0.380000 0.088308 
534 0.380000 0.118370 
535 0.380000 0.148516 
536 0.380000 0.171867 
537 0.380000 0.183808 
538 0.380000 0.188793 
539 0.380000 0.190789 
540 0.380000 0.192743 
541 0.380000 0.194680 
542 0.380000 0.196607 
543 0.380000 0.198521 
544 0.400000 0.001299 
545 0.400000 0.002965 
546 0.400000 0.004670 
547 0.400000 0.006436 
548 0.400000 0.008288 
549 0.400000 0.010211 
550 0.400000 0.015180 
551 0.400000 0.023113 
552 0.400000 0.035054 
553 0.400000 0.058351 
554 0.400000 0.088308 
555 0.400000 0.118370 
556 0.400000 0.148516 
557 0.400000 0.171867 
558 0.400000 0.183808 
559 0.400000 0.188793 
560 0.400000 0.190789 
561 0.400000 0.192743 
562 0.400000 0.194680 
563 0.400000 0.196607 
564 0.400000 0.198521 
565 0.420000 0.001299 
566 0.420000 0.002965 
567 0.420000 0.004670 
568 0.420000 0.006436 
569 0.420000 0.008288 
570 0.420000 0.010211 
571 0.420000 0.015180 
572 0.420000 0.023113 
573 0.420000 0.035054 
574 0.420000 0.058351 
575 0.420000 0.088308 
576 0.420000 0.118370 
577 0.420000 0.148516 
578 0.420000 0.171867 
579 0.420000 0.183808 
580 0.420000 0.188793 
581 0.420000 0.190789 
582 0.420000 0.192743 
583 0.420000 0.194680 
584 0.420000 0.196607 
585 0.420000 0.198521 
586 0.440000 0.001299 
587 0.440000 0.002965 
588 0.440000 0.004670 
589 0.440000 0.006436 
590 0.440000 0.008288 
591 0.440000 0.010211 
592 0.440000 0.015180 
593 0.440000 0.023113 
594 0.440000 0.035054 
595 0.440000 0.058351 
596 0.440000 0.088308 
597 0.440000 0.118370 
598 0.440000 0.148516 
599 0.440000 0.171867 
600 0.440000 0.183808 
601 0.440000 0.188793 
602 0.440000 0.190789 
603 0.440000 0.192743 
604 0.440000 0.194680 
605 0.440000 0.196607 
606 0.440000 0.198521 
607 0.460000 0.001299 
608 0.460000 0.002965 
609 0.460000 0.004670 
610 0.460000 0.006436 
611 0.460000 0.008288 
612 0.460000 0.010211 
613 0.460000 0.015180 
614 0.460000 0.023113 
615 0.460000 0.035054 
616 0.460000 0.058351 
617 0.460000 0.088308 
618 0.460000 0.118370 
619 0.460000 0.148516 
620 0.460000 0.171867 
621 0.460000 0.183808 
622 0.460000 0.188793 
623 0.460000 0.190789 
624 0.460000 0.192743 
625 0.460000 0.194680 
626 0.460000 0.196607 
627 0.460000 0.198521 
628 0.480000 0.001299 
629 0.480000 0.002965 
630 0.480000 0.004670 
631 0.480000 0.006436 
632 0.480000 0.008288 
633 0.480000 0.010211 
634 0.480000 0.015180 
635 0.480000 0.023113 
636 0.480000 0.035054 
637 0.480000 0.058351 
638 0.480000 0.088308 
639 0.480000 0.118370 
640 0.480000 0.148516 
641 0.480000 0.171867 
642 0.480000 0.183808 
643 0.480000 0.188793 
644 0.480000 0.190789 
645 0.480000 0.192743 
646 0.480000 0.194680 
647 0.480000 0.196607 
648 0.480000 0.198521 
649 0.500000 0.001299 
650 0.500000 0.002965 
651 0.500000 0.004670 
652 0.500000 0.006436 
653 0.500000 0.008288 
654 0.500000 0.010211 
655 0.500000 0.015180 
656 0.500000 0.023113 
657 0.500000 0.035054 
658 0.500000 0.058351 
659 0.500000 0.088308 
660 0.500000 0.118370 
661 0.500000 0.148516 
662 0.500000 0.171867 
663 0.500000 0.183808 
664 0.500000 0.188793 
665 0.500000 0.190789 
666 0.500000 0.192743 
667 0.500000 0.194680 
668 0.500000 0.196607 
669 0.500000 0.198521 
670 0.520000 0.001299 
671 0.520000 0.002965 
672 0.520000 0.004670 
673 0.520000 0.006436 
674 0.520000 0.008288 
675 0.520000 0.010211 
676 0.520000 0.015180 
677 0.520000 0.023113 
678 0.520000 0.035054 
679 0.520000 0.058351 
680 0.520000 0.088308 
681 0.520000 0.118370 
682 0.520000 0.148516 
683 0.520000 0.171867 
684 0.520000 0.183808 
685 0.520000 0.188793 
686 0.520000 0.190789 
687 0.520000 0.192743 
688 0.520000 0.194680 
689 0.520000 0.196607 
690 0.520000 0.198521 
691 0.540000 0.001299 
692 0.540000 0.002965 
693 0.540000 0.004670 
694 0.540000 0.006436 
695 0.540000 0.008288 
696 0.540000 0.010211 
697 0.540000 0.015180 
698 0.540000 0.023113 
699 0.540000 0.035054 
700 0.540000 0.058351 
701 0.540000 0.088308 
702 0.540000 0.118370 
703 0.540000 0.148516 
704 0.540000 0.171867 
705 0.540000 0.183808 
706 0.540000 0.188793 
707 0.540000 0.190789 
708 0.540000 0.192743 
709 0.540000 0.194680 
710 0.540000 0.196607 
711 0.540000 0.198521 
712 0.560000 0.001299 
713 0.560000 0.002965 
714 0.560000 0.004670 
715 0.560000 0.006436 
716 0.560000 0.008288 
717 0.560000 0.010211 
718 0.560000 0.015180 
719 0.560000 0.023113 
720 0.560000 0.035054 
721 0.560000 0.058351 
722 0.560000 0.088308 
723 0.560000 0.118370 
724 0.560000 0.148516 
725 0.560000 0.171867 
726 0.560000 0.183808 
727 0.560000 0.188793 
728 0.560000 0.190789 
729 0.560000 0.192743 
730 0.560000 0.194680 
731 0.560000 0.196607 
732 0.560000 0.198521 
733 0.580000 0.001299 
734 0.580000 0.002965 
735 0.580000 0.004670 
736 0.580000 0.006436 
737 0.580000 0.008288 
738 0.580000 0.010211 
739 0.580000 0.015180 
740 0.580000 0.023113 
741 0.580000 0.035054 
742 0.580000 0.058351 
743 0.580000 0.088308 
744 0.580000 0.118370 
745 0.580000 0.148516 
746 0.580000 0.171867 
747 0.580000 0.183808 
748 0.580000 0.188793 
749 0.580000 0.190789 
750 0.580000 0.192743 
751 0.580000 0.194680 
752 0.580000 0.196607 
753 0.580000 0.198521 
754 0.600000 0.001299 
755 0.600000 0.002965 
756 0.600000 0.004670 
757 0.600000 0.006436 
758 0.600000 0.008288 
759 0.600000 0.010211 
760 0.600000 0.015180 
761 0.600000 0.023113 
762 0.600000 0.035054 
763 0.600000 0.058351 
764 0.600000 0.088308 
765 0.600000 0.118370 
766 0.600000 0.148516 
767 0.600000 0.171867 
768 0.600000 0.183808 
769 0.600000 0.188793 
770 0.600000 0.190789 
771 0.600000 0.192743 
772 0.600000 0.194680 
773 0.600000 0.196607 
774 0.600000 0.198521 
775 0.620000 0.001299 
776 0.620000 0.002965 
777 0.620000 0.004670 
778 0.620000 0.006436 
779 0.620000 0.008288 
780 0.620000 0.010211 
781 0.620000 0.015180 
782 0.620000 0.023113 
783 0.620000 0.035054 
784 0.620000 0.058351 
785 0.620000 0.088308 
786 0.620000 0.118370 
787 0.620000 0.148516 
788 0.620000 0.171867 
789 0.620000 0.183808 
790 0.620000 0.188793 
791 0.620000 0.190789 
792 0.620000 0.192743 
793 0.620000 0.194680 
794 0.620000 0.196607 
795 0.620000 0.198521 
796 0.640000 0.001299 
797 0.640000 0.002965 
798 0.640000 0.004670 
799 0.640000 0.006436 
800 0.640000 0.008288 
801 0.640000 0.010211 
802 0.640000 0.015180 
803 0.640000 0.023113 
804 0.640000 0.035054 
805 0.640000 0.058351 
806 0.640000 0.088308 
807 0.640000 0.118370 
808 0.640000 0.148516 
809 0.640000 0.171867 
810 0.640000 0.183808 
811 0.640000 0.188793 
812 0.640000 0.190789 
813 0.640000 0.192743 
814 0.640000 0.194680 
815 0.640000 0.196607 
816 0.640000 0.198521 
817 0.660000 0.001299 
818 0.660000 0.002965 
819 0.660000 0.004670 
820 0.660000 0.006436 
821 0.660000 0.008288 
822 0.660000 0.010211 
823 0.660000 0.015180 
824 0.660000 0.023113 
825 0.660000 0.035054 
826 0.660000 0.058351 
827 0.660000 0.088308 
828 0.660000 0.118370 
829 0.660000 0.148516 
830 0.660000 0.171867 
831 0.660000 0.183808 
832 0.660000 0.188793 
833 0.660000 0.190789 
834 0.660000 0.192743 
835 0.660000 0.194680 
836 0.660000 0.196607 
837 0.660000 0.198521 
838 0.680000 0.001299 
839 0.680000 0.002965 
840 0.680000 0.004670 
841 0.680000 0.006436 
842 0.680000 0.008288 
843 0.680000 0.010211 
844 0.680000 0.015180 
845 0.680000 0.023113 
846 0.680000 0.035054 
847 0.680000 0.058351 
848 0.680000 0.088308 
849 0.680000 0.118370 
850 0.680000 0.148516 
851 0.680000 0.171867 
852 0.680000 0.183808 
853 0.680000 0.188793 
854 0.680000 0.190789 
855 0.680000 0.192743 
856 0.680000 0.194680 
857 0.680000 0.196607 
858 0.680000 0.198521 
859 0.700000 0.001299 
860 0.700000 0.002965 
861 0.700000 0.004670 
862 0.700000 0.006436 
863 0.700000 0.008288 
864 0.700000 0.010211 
865 0.700000 0.015180 
866 0.700000 0.023113 
867 0.700000 0.035054 
868 0.700000 0.058351 
869 0.700000 0.088308 
870 0.700000 0.118370 
871 0.700000 0.148516 
872 0.700000 0.171867 
873 0.700000 0.183808 
874 0.700000 0.188793 
875 0.700000 0.190789 
876 0.700000 0.192743 
877 0.700000 0.194680 
878 0.700000 0.196607 
879 0.700000 0.198521 
880 0.720000 0.001299 
881 0.720000 0.002965 
882 0.720000 0.004670 
883 0.720000 0.006436 
884 0.720000 0.008288 
885 0.720000 0.010211 
886 0.720000 0.015180 
887 0.720000 0.023113 
888 0.720000 0.035054 
889 0.720000 0.058351 
890 0.720000 0.088308 
891 0.720000 0.118370 
892 0.720000 0.148516 
893 0.720000 0.171867 
894 0.720000 0.183808 
895 0.720000 0.188793 
896 0.720000 0.190789 
897 0.720000 0.192743 
898 0.720000 0.194680 
899 0.720000 0.196607 
900 0.720000 0.198521 
901 0.740000 0.001299 
902 0.740000 0.002965 
903 0.740000 0.004670 
904 0.740000 0.006436 
905 0.740000 0.008288 
906 0.740000 0.010211 
907 0.740000 0.015180 
908 0.740000 0.023113 
909 0.740000 0.035054 
910 0.740000 0.058351 
911 0.740000 0.088308 
912 0.740000 0.118370 
913 0.740000 0.148516 
914 0.740000 0.171867 
915 0.740000 0.183808 
916 0.740000 0.188793 
917 0.740000 0.190789 
918 0.740000 0.192743 
919 0.740000 0.194680 
920 0.740000 0.196607 
921 0.740000 0.198521 
922 0.760000 0.001299 
923 0.760000 0.002965 
924 0.760000 0.004670 
925 0.760000 0.006436 
926 0.760000 0.008288 
927 0.760000 0.010211 
928 0.760000 0.015180 
929 0.760000 0.023113 
930 0.760000 0.035054 
931 0.760000 0.058351 
932 0.760000 0.088308 
933 0.760000 0.118370 
934 0.760000 0.148516 
935 0.760000 0.171867 
936 0.760000 0.183808 
937 0.760000 0.188793 
938 0.760000 0.190789 
939 0.760000 0.192743 
940 0.760000 0.194680 
941 0.760000 0.196607 
942 0.760000 0.198521 
943 0.780000 0.001299 
944 0.780000 0.002965 
945 0.780000 0.004670 
946 0.780000 0.006436 
947 0.780000 0.008288 
948 0.780000 0.010211 
949 0.780000 0.015180 
950 0.780000 0.023113 
951 0.780000 0.035054 
952 0.780000 0.058351 
953 0.780000 0.088308 
954 0.780000 0.118370 
955 0.780000 0.148516 
956 0.780000 0.171867 
957 0.780000 0.183808 
958 0.780000 0.188793 
959 0.780000 0.190789 
960 0.780000 0.192743 
961 0.780000 0.194680 
962 0.780000 0.196607 
963 0.780000 0.198521 
964 0.800000 0.001299 
965 0.800000 0.002965 
966 0.800000 0.004670 
967 0.800000 0.006436 
968 0.800000 0.008288 
969 0.800000 0.010211 
970 0.800000 0.015180 
971 0.800000 0.023113 
972 0.800000 0.035054 
973 0.800000 0.058351 
974 0.800000 0.088308 
975 0.800000 0.118370 
976 0.800000 0.148516 
977 0.800000 0.171867 
978 0.800000 0.183808 
979 0.800000 0.188793 
980 0.800000 0.190789 
981 0.800000 0.192743 
982 0.800000 0.194680 
983 0.800000 0.196607 
984 0.800000 0.198521 
985 0.820000 0.001299 
986 0.820000 0.002965 
987 0.820000 0.004670 
988 0.820000 0.006436 
989 0.820000 0.008288 
990 0.820000 0.010211 
991 0.820000 0.015180 
992 0.820000 0.023113 
993 0.820000 0.035054 
994 0.820000 0.058351 
995 0.820000 0.088308 
996 0.820000 0.118370 
997 0.820000 0.148516 
998 0.820000 0.171867 
999 0.820000 0.183808 
1000 0.820000 0.188793 
1001 0.820000 0.190789 
1002 0.820000 0.192743 
1003 0.820000 0.194680 
1004 0.820000 0.196607 
1005 0.820000 0.198521 
1006 0.840000 0.001299 
1007 0.840000 0.002965 
1008 0.840000 0.004670 
1009 0.840000 0.006436 
1010 0.840000 0.008288 
1011 0.840000 0.010211 
1012 0.840000 0.015180 
1013 0.840000 0.023113 
1014 0.840000 0.035054 
1015 0.840000 0.058351 
1016 0.840000 0.088308 
1017 0.840000 0.118370 
1018 0.840000 0.148516 
1019 0.840000 0.171867 
1020 0.840000 0.183808 
1021 0.840000 0.188793 
1022 0.840000 0.190789 
1023 0.840000 0.192743 
1024 0.840000 0.194680 
1025 0.840000 0.196607 
1026 0.840000 0.198521 
1027 0.860000 0.001299 
1028 0.860000 0.002965 
1029 0.860000 0.004670 
1030 0.860000 0.006436 
1031 0.860000 0.008288 
1032 0.860000 0.010211 
1033 0.860000 0.015180 
1034 0.860000 0.023113 
1035 0.860000 0.035054 
1036 0.860000 0.058351 
1037 0.860000 0.088308 
1038 0.860000 0.118370 
1039 0.860000 0.148516 
1040 0.860000 0.171867 
1041 0.860000 0.183808 
1042 0.860000 0.188793 
1043 0.860000 0.190789 
1044 0.860000 0.192743 
1045 0.860000 0.194680 
1046 0.860000 0.196607 
1047 0.860000 0.198521 
1048 0.880000 0.001299 
1049 0.880000 0.002965 
1050 0.880000 0.004670 
1051 0.880000 0.006436 
1052 0.880000 0.008288 
1053 0.880000 0.010211 
1054 0.880000 0.015180 
1055 0.880000 0.023113 
1056 0.880000 0.035054 
1057 0.880000 0.058351 
1058 0.880000 0.088308 
1059 0.880000 0.118370 
1060 0.880000 0.148516 
1061 0.880000 0.171867 
1062 0.880000 0.183808 
1063 0.880000 0.188793 
1064 0.880000 0.190789 
1065 0.880000 0.192743 
1066 0.880000 0.194680 
1067 0.880000 0.196607 
1068 0.880000 0.198521 
1069 0.900000 0.001299 
1070 0.900000 0.002965 
1071 0.900000 0.004670 
1072 0.900000 0.006436 
1073 0.900000 0.008288 
1074 0.900000 0.010211 
1075 0.900000 0.015180 
1076 0.900000 0.023113 
1077 0.900000 0.035054 
1078 0.900000 0.058351 
1079 0.900000 0.088308 
1080 0.900000 0.118370 
1081 0.900000 0.148516 
1082 0.900000 0.171867 
1083 0.900000 0.183808 
1084 0.900000 0.188793 
1085 0.900000 0.190789 
1086 0.900000 0.192743 
1087 0.900000 0.194680 
1088 0.900000 0.196607 
1089 0.900000 0.198521 
1090 0.920000 0.001299 
1091 0.920000 0.002965 
1092 0.920000 0.004670 
1093 0.920000 0.006436 
1094 0.920000 0.008288 
1095 0.920000 0.010211 
1096 0.920000 0.015180 
1097 0.920000 0.023113 
1098 0.920000 0.035054 
1099 0.920000 0.058351 
1100 0.920000 0.088308 
1101 0.920000 0.118370 
1102 0.920000 0.148516 
1103 0.920000 0.171867 
1104 0.920000 0.183808 
1105 0.920000 0.188793 
1106 0.920000 0.190789 
1107 0.920000 0.192743 
1108 0.920000 0.194680 
1109 0.920000 0.196607 
1110 0.920000 0.198521 
1111 0.940000 0.001299 
1112 0.940000 0.002965 
1113 0.940000 0.004670 
1114 0.940000 0.006436 
1115 0.940000 0.008288 
1116 0.940000 0.010211 
1117 0.940000 0.015180 
1118 0.940000 0.023113 
1119 0.940000 0.035054 
1120 0.940000 0.058351 
1121 0.940000 0.088308 
1122 0.940000 0.118370 
1123 0.940000 0.148516 
1124 0.940000 0.171867 
1125 0.940000 0.183808 
1126 0.940000 0.188793 
1127 0.940000 0.190789 
1128 0.940000 0.192743 
1129 0.940000 0.194680 
1130 0.940000 0.196607 
1131 0.940000 0.198521 
1132 0.960000 0.001299 
1133 0.960000 0.002965 
1134 0.960000 0.004670 
1135 0.960000 0.006436 
1136 0.960000 0.008288 
1137 0.960000 0.010211 
1138 0.960000 0.015180 
1139 0.960000 0.023113 
1140 0.960000 0.035054 
1141 0.960000 0.058351 
1142 0.960000 0.088308 
1143 0.960000 0.118370 
1144 0.960000 0.148516 
1145 0.960000 0.171867 
1146 0.960000 0.183808 
1147 0.960000 0.188793 
1148 0.960000 0.190789 
1149 0.960000 0.192743 
1150 0.960000 0.194680 
1151 0.960000 0.196607 
1152 0.960000 0.198521 
1153 0.980000 0.001299 
1154 0.980000 0.002965 
1155 0.980000 0.004670 
1156 0.980000 0.006436 
1157 0.980000 0.008288 
1158 0.980000 0.010211 
1159 0.980000 0.015180 
1160 0.980000 0.023113 
1161 0.980000 0.035054 
1162 0.980000 0.058351 
1163 0.980000 0.088308 
1164 0.980000 0.118370 
1165 0.980000 0.148516 
1166 0.980000 0.171867 
1167 0.980000 0.183808 
1168 0.980000 0.188793 
1169 0.980000 0.190789 
1170 0.980000 0.192743 
1171 0.980000 0.194680 
1172 0.980000 0.196607 
1173 0.980000 0.198521 
vertexID14 49 
96 
97 
98 
99 
100 
101 
102 
103 
104 
105 
106 
107 
108 
109 
110 
111 
112 
113 
114 
115 
116 
117 
118 
119 
120 
121 
122 
123 
124 
125 
126 
127 
128 
129 
130 
131 
132 
133 
134 
135 
136 
137 
138 
139 
140 
141 
142 
143 
144 
vertexID6 49 
26 
27 
28 
29 
30 
31 
32 
33 
34 
35 
36 
37 
38 
39 
40 
41 
42 
43 
44 
45 
46 
47 
48 
49 
50 
51 
52 
53 
54 
55 
56 
57 
58 
59 
60 
61 
62 
63 
64 
65 
66 
67 
68 
69 
70 
71 
72 
73 
74 
vertexID24 21 
75 
76 
77 
78 
79 
80 
81 
82 
83 
84 
85 
86 
87 
88 
89 
90 
91 
92 
93 
94 
95 
vertexID23 21 
5 
6 
7 
8 
9 
10 
11 
12 
13 
14 
15 
16 
17 
18 
19 
20 
21 
22 
23 
24 
25 
V 4
4 
3 
2 
1 
