Grid_size 1000
Node_size 561
Solution_Order 1
meshIEN 
1 129 2 65 
2 2 129 62 
3 138 62 129 
4 62 138 61 
5 147 61 138 
6 61 147 60 
7 156 60 147 
8 60 156 59 
9 165 59 156 
10 59 165 58 
11 174 58 165 
12 58 174 57 
13 183 57 174 
14 57 183 56 
15 192 56 183 
16 56 192 55 
17 201 55 192 
18 55 201 54 
19 210 54 201 
20 54 210 53 
21 219 53 210 
22 53 219 52 
23 228 52 219 
24 52 228 51 
25 237 51 228 
26 51 237 50 
27 246 50 237 
28 50 246 49 
29 255 49 246 
30 49 255 48 
31 264 48 255 
32 48 264 47 
33 273 47 264 
34 47 273 46 
35 282 46 273 
36 46 282 45 
37 291 45 282 
38 45 291 44 
39 300 44 291 
40 44 300 43 
41 309 43 300 
42 43 309 42 
43 318 42 309 
44 42 318 41 
45 327 41 318 
46 41 327 40 
47 336 40 327 
48 40 336 39 
49 345 39 336 
50 39 345 38 
51 354 38 345 
52 38 354 37 
53 363 37 354 
54 37 363 36 
55 372 36 363 
56 36 372 35 
57 381 35 372 
58 35 381 34 
59 390 34 381 
60 34 390 33 
61 399 33 390 
62 33 399 32 
63 408 32 399 
64 32 408 31 
65 417 31 408 
66 31 417 30 
67 426 30 417 
68 30 426 29 
69 435 29 426 
70 29 435 28 
71 444 28 435 
72 28 444 27 
73 453 27 444 
74 27 453 26 
75 462 26 453 
76 26 462 25 
77 471 25 462 
78 25 471 24 
79 480 24 471 
80 24 480 23 
81 489 23 480 
82 23 489 22 
83 498 22 489 
84 22 498 21 
85 507 21 498 
86 21 507 20 
87 516 20 507 
88 20 516 19 
89 525 19 516 
90 19 525 18 
91 534 18 525 
92 18 534 17 
93 543 17 534 
94 17 543 16 
95 552 16 543 
96 16 552 15 
97 561 15 552 
98 15 561 14 
99 13 14 561 
100 14 13 1 
101 64 129 65 
102 129 64 128 
103 128 138 129 
104 138 128 137 
105 137 147 138 
106 147 137 146 
107 146 156 147 
108 156 146 155 
109 155 165 156 
110 165 155 164 
111 164 174 165 
112 174 164 173 
113 173 183 174 
114 183 173 182 
115 182 192 183 
116 192 182 191 
117 191 201 192 
118 201 191 200 
119 200 210 201 
120 210 200 209 
121 209 219 210 
122 219 209 218 
123 218 228 219 
124 228 218 227 
125 227 237 228 
126 237 227 236 
127 236 246 237 
128 246 236 245 
129 245 255 246 
130 255 245 254 
131 254 264 255 
132 264 254 263 
133 263 273 264 
134 273 263 272 
135 272 282 273 
136 282 272 281 
137 281 291 282 
138 291 281 290 
139 290 300 291 
140 300 290 299 
141 299 309 300 
142 309 299 308 
143 308 318 309 
144 318 308 317 
145 317 327 318 
146 327 317 326 
147 326 336 327 
148 336 326 335 
149 335 345 336 
150 345 335 344 
151 344 354 345 
152 354 344 353 
153 353 363 354 
154 363 353 362 
155 362 372 363 
156 372 362 371 
157 371 381 372 
158 381 371 380 
159 380 390 381 
160 390 380 389 
161 389 399 390 
162 399 389 398 
163 398 408 399 
164 408 398 407 
165 407 417 408 
166 417 407 416 
167 416 426 417 
168 426 416 425 
169 425 435 426 
170 435 425 434 
171 434 444 435 
172 444 434 443 
173 443 453 444 
174 453 443 452 
175 452 462 453 
176 462 452 461 
177 461 471 462 
178 471 461 470 
179 470 480 471 
180 480 470 479 
181 479 489 480 
182 489 479 488 
183 488 498 489 
184 498 488 497 
185 497 507 498 
186 507 497 506 
187 506 516 507 
188 516 506 515 
189 515 525 516 
190 525 515 524 
191 524 534 525 
192 534 524 533 
193 533 543 534 
194 543 533 542 
195 542 552 543 
196 552 542 551 
197 551 561 552 
198 561 551 560 
199 560 13 561 
200 13 560 12 
201 127 64 66 
202 64 127 128 
203 127 137 128 
204 137 127 136 
205 136 146 137 
206 146 136 145 
207 145 155 146 
208 155 145 154 
209 154 164 155 
210 164 154 163 
211 163 173 164 
212 173 163 172 
213 172 182 173 
214 182 172 181 
215 181 191 182 
216 191 181 190 
217 190 200 191 
218 200 190 199 
219 199 209 200 
220 209 199 208 
221 208 218 209 
222 218 208 217 
223 217 227 218 
224 227 217 226 
225 226 236 227 
226 236 226 235 
227 235 245 236 
228 245 235 244 
229 244 254 245 
230 254 244 253 
231 253 263 254 
232 263 253 262 
233 262 272 263 
234 272 262 271 
235 271 281 272 
236 281 271 280 
237 280 290 281 
238 290 280 289 
239 289 299 290 
240 299 289 298 
241 298 308 299 
242 308 298 307 
243 307 317 308 
244 317 307 316 
245 316 326 317 
246 326 316 325 
247 325 335 326 
248 335 325 334 
249 334 344 335 
250 344 334 343 
251 343 353 344 
252 353 343 352 
253 352 362 353 
254 362 352 361 
255 361 371 362 
256 371 361 370 
257 370 380 371 
258 380 370 379 
259 379 389 380 
260 389 379 388 
261 388 398 389 
262 398 388 397 
263 397 407 398 
264 407 397 406 
265 406 416 407 
266 416 406 415 
267 415 425 416 
268 425 415 424 
269 424 434 425 
270 434 424 433 
271 433 443 434 
272 443 433 442 
273 442 452 443 
274 452 442 451 
275 451 461 452 
276 461 451 460 
277 460 470 461 
278 470 460 469 
279 469 479 470 
280 479 469 478 
281 478 488 479 
282 488 478 487 
283 487 497 488 
284 497 487 496 
285 496 506 497 
286 506 496 505 
287 505 515 506 
288 515 505 514 
289 514 524 515 
290 524 514 523 
291 523 533 524 
292 533 523 532 
293 532 542 533 
294 542 532 541 
295 541 551 542 
296 551 541 550 
297 550 560 551 
298 560 550 559 
299 559 12 560 
300 12 559 11 
301 126 66 67 
302 66 126 127 
303 126 136 127 
304 136 126 135 
305 135 145 136 
306 145 135 144 
307 144 154 145 
308 154 144 153 
309 153 163 154 
310 163 153 162 
311 162 172 163 
312 172 162 171 
313 171 181 172 
314 181 171 180 
315 180 190 181 
316 190 180 189 
317 189 199 190 
318 199 189 198 
319 198 208 199 
320 208 198 207 
321 207 217 208 
322 217 207 216 
323 216 226 217 
324 226 216 225 
325 225 235 226 
326 235 225 234 
327 234 244 235 
328 244 234 243 
329 243 253 244 
330 253 243 252 
331 252 262 253 
332 262 252 261 
333 261 271 262 
334 271 261 270 
335 270 280 271 
336 280 270 279 
337 279 289 280 
338 289 279 288 
339 288 298 289 
340 298 288 297 
341 297 307 298 
342 307 297 306 
343 306 316 307 
344 316 306 315 
345 315 325 316 
346 325 315 324 
347 324 334 325 
348 334 324 333 
349 333 343 334 
350 343 333 342 
351 342 352 343 
352 352 342 351 
353 351 361 352 
354 361 351 360 
355 360 370 361 
356 370 360 369 
357 369 379 370 
358 379 369 378 
359 378 388 379 
360 388 378 387 
361 387 397 388 
362 397 387 396 
363 396 406 397 
364 406 396 405 
365 405 415 406 
366 415 405 414 
367 414 424 415 
368 424 414 423 
369 423 433 424 
370 433 423 432 
371 432 442 433 
372 442 432 441 
373 441 451 442 
374 451 441 450 
375 450 460 451 
376 460 450 459 
377 459 469 460 
378 469 459 468 
379 468 478 469 
380 478 468 477 
381 477 487 478 
382 487 477 486 
383 486 496 487 
384 496 486 495 
385 495 505 496 
386 505 495 504 
387 504 514 505 
388 514 504 513 
389 513 523 514 
390 523 513 522 
391 522 532 523 
392 532 522 531 
393 531 541 532 
394 541 531 540 
395 540 550 541 
396 550 540 549 
397 549 559 550 
398 559 549 558 
399 558 11 559 
400 11 558 10 
401 63 126 67 
402 126 63 125 
403 125 135 126 
404 135 125 134 
405 134 144 135 
406 144 134 143 
407 143 153 144 
408 153 143 152 
409 152 162 153 
410 162 152 161 
411 161 171 162 
412 171 161 170 
413 170 180 171 
414 180 170 179 
415 179 189 180 
416 189 179 188 
417 188 198 189 
418 198 188 197 
419 197 207 198 
420 207 197 206 
421 206 216 207 
422 216 206 215 
423 215 225 216 
424 225 215 224 
425 224 234 225 
426 234 224 233 
427 233 243 234 
428 243 233 242 
429 242 252 243 
430 252 242 251 
431 251 261 252 
432 261 251 260 
433 260 270 261 
434 270 260 269 
435 269 279 270 
436 279 269 278 
437 278 288 279 
438 288 278 287 
439 287 297 288 
440 297 287 296 
441 296 306 297 
442 306 296 305 
443 305 315 306 
444 315 305 314 
445 314 324 315 
446 324 314 323 
447 323 333 324 
448 333 323 332 
449 332 342 333 
450 342 332 341 
451 341 351 342 
452 351 341 350 
453 350 360 351 
454 360 350 359 
455 359 369 360 
456 369 359 368 
457 368 378 369 
458 378 368 377 
459 377 387 378 
460 387 377 386 
461 386 396 387 
462 396 386 395 
463 395 405 396 
464 405 395 404 
465 404 414 405 
466 414 404 413 
467 413 423 414 
468 423 413 422 
469 422 432 423 
470 432 422 431 
471 431 441 432 
472 441 431 440 
473 440 450 441 
474 450 440 449 
475 449 459 450 
476 459 449 458 
477 458 468 459 
478 468 458 467 
479 467 477 468 
480 477 467 476 
481 476 486 477 
482 486 476 485 
483 485 495 486 
484 495 485 494 
485 494 504 495 
486 504 494 503 
487 503 513 504 
488 513 503 512 
489 512 522 513 
490 522 512 521 
491 521 531 522 
492 531 521 530 
493 530 540 531 
494 540 530 539 
495 539 549 540 
496 549 539 548 
497 548 558 549 
498 558 548 557 
499 557 10 558 
500 10 557 9 
501 124 63 69 
502 63 124 125 
503 124 134 125 
504 134 124 133 
505 133 143 134 
506 143 133 142 
507 142 152 143 
508 152 142 151 
509 151 161 152 
510 161 151 160 
511 160 170 161 
512 170 160 169 
513 169 179 170 
514 179 169 178 
515 178 188 179 
516 188 178 187 
517 187 197 188 
518 197 187 196 
519 196 206 197 
520 206 196 205 
521 205 215 206 
522 215 205 214 
523 214 224 215 
524 224 214 223 
525 223 233 224 
526 233 223 232 
527 232 242 233 
528 242 232 241 
529 241 251 242 
530 251 241 250 
531 250 260 251 
532 260 250 259 
533 259 269 260 
534 269 259 268 
535 268 278 269 
536 278 268 277 
537 277 287 278 
538 287 277 286 
539 286 296 287 
540 296 286 295 
541 295 305 296 
542 305 295 304 
543 304 314 305 
544 314 304 313 
545 313 323 314 
546 323 313 322 
547 322 332 323 
548 332 322 331 
549 331 341 332 
550 341 331 340 
551 340 350 341 
552 350 340 349 
553 349 359 350 
554 359 349 358 
555 358 368 359 
556 368 358 367 
557 367 377 368 
558 377 367 376 
559 376 386 377 
560 386 376 385 
561 385 395 386 
562 395 385 394 
563 394 404 395 
564 404 394 403 
565 403 413 404 
566 413 403 412 
567 412 422 413 
568 422 412 421 
569 421 431 422 
570 431 421 430 
571 430 440 431 
572 440 430 439 
573 439 449 440 
574 449 439 448 
575 448 458 449 
576 458 448 457 
577 457 467 458 
578 467 457 466 
579 466 476 467 
580 476 466 475 
581 475 485 476 
582 485 475 484 
583 484 494 485 
584 494 484 493 
585 493 503 494 
586 503 493 502 
587 502 512 503 
588 512 502 511 
589 511 521 512 
590 521 511 520 
591 520 530 521 
592 530 520 529 
593 529 539 530 
594 539 529 538 
595 538 548 539 
596 548 538 547 
597 547 557 548 
598 557 547 556 
599 556 9 557 
600 9 556 8 
601 68 124 69 
602 124 68 123 
603 123 133 124 
604 133 123 132 
605 132 142 133 
606 142 132 141 
607 141 151 142 
608 151 141 150 
609 150 160 151 
610 160 150 159 
611 159 169 160 
612 169 159 168 
613 168 178 169 
614 178 168 177 
615 177 187 178 
616 187 177 186 
617 186 196 187 
618 196 186 195 
619 195 205 196 
620 205 195 204 
621 204 214 205 
622 214 204 213 
623 213 223 214 
624 223 213 222 
625 222 232 223 
626 232 222 231 
627 231 241 232 
628 241 231 240 
629 240 250 241 
630 250 240 249 
631 249 259 250 
632 259 249 258 
633 258 268 259 
634 268 258 267 
635 267 277 268 
636 277 267 276 
637 276 286 277 
638 286 276 285 
639 285 295 286 
640 295 285 294 
641 294 304 295 
642 304 294 303 
643 303 313 304 
644 313 303 312 
645 312 322 313 
646 322 312 321 
647 321 331 322 
648 331 321 330 
649 330 340 331 
650 340 330 339 
651 339 349 340 
652 349 339 348 
653 348 358 349 
654 358 348 357 
655 357 367 358 
656 367 357 366 
657 366 376 367 
658 376 366 375 
659 375 385 376 
660 385 375 384 
661 384 394 385 
662 394 384 393 
663 393 403 394 
664 403 393 402 
665 402 412 403 
666 412 402 411 
667 411 421 412 
668 421 411 420 
669 420 430 421 
670 430 420 429 
671 429 439 430 
672 439 429 438 
673 438 448 439 
674 448 438 447 
675 447 457 448 
676 457 447 456 
677 456 466 457 
678 466 456 465 
679 465 475 466 
680 475 465 474 
681 474 484 475 
682 484 474 483 
683 483 493 484 
684 493 483 492 
685 492 502 493 
686 502 492 501 
687 501 511 502 
688 511 501 510 
689 510 520 511 
690 520 510 519 
691 519 529 520 
692 529 519 528 
693 528 538 529 
694 538 528 537 
695 537 547 538 
696 547 537 546 
697 546 556 547 
698 556 546 555 
699 555 8 556 
700 8 555 7 
701 122 68 70 
702 68 122 123 
703 122 132 123 
704 132 122 131 
705 131 141 132 
706 141 131 140 
707 140 150 141 
708 150 140 149 
709 149 159 150 
710 159 149 158 
711 158 168 159 
712 168 158 167 
713 167 177 168 
714 177 167 176 
715 176 186 177 
716 186 176 185 
717 185 195 186 
718 195 185 194 
719 194 204 195 
720 204 194 203 
721 203 213 204 
722 213 203 212 
723 212 222 213 
724 222 212 221 
725 221 231 222 
726 231 221 230 
727 230 240 231 
728 240 230 239 
729 239 249 240 
730 249 239 248 
731 248 258 249 
732 258 248 257 
733 257 267 258 
734 267 257 266 
735 266 276 267 
736 276 266 275 
737 275 285 276 
738 285 275 284 
739 284 294 285 
740 294 284 293 
741 293 303 294 
742 303 293 302 
743 302 312 303 
744 312 302 311 
745 311 321 312 
746 321 311 320 
747 320 330 321 
748 330 320 329 
749 329 339 330 
750 339 329 338 
751 338 348 339 
752 348 338 347 
753 347 357 348 
754 357 347 356 
755 356 366 357 
756 366 356 365 
757 365 375 366 
758 375 365 374 
759 374 384 375 
760 384 374 383 
761 383 393 384 
762 393 383 392 
763 392 402 393 
764 402 392 401 
765 401 411 402 
766 411 401 410 
767 410 420 411 
768 420 410 419 
769 419 429 420 
770 429 419 428 
771 428 438 429 
772 438 428 437 
773 437 447 438 
774 447 437 446 
775 446 456 447 
776 456 446 455 
777 455 465 456 
778 465 455 464 
779 464 474 465 
780 474 464 473 
781 473 483 474 
782 483 473 482 
783 482 492 483 
784 492 482 491 
785 491 501 492 
786 501 491 500 
787 500 510 501 
788 510 500 509 
789 509 519 510 
790 519 509 518 
791 518 528 519 
792 528 518 527 
793 527 537 528 
794 537 527 536 
795 536 546 537 
796 546 536 545 
797 545 555 546 
798 555 545 554 
799 554 7 555 
800 7 554 6 
801 121 70 71 
802 70 121 122 
803 121 131 122 
804 131 121 130 
805 130 140 131 
806 140 130 139 
807 139 149 140 
808 149 139 148 
809 148 158 149 
810 158 148 157 
811 157 167 158 
812 167 157 166 
813 166 176 167 
814 176 166 175 
815 175 185 176 
816 185 175 184 
817 184 194 185 
818 194 184 193 
819 193 203 194 
820 203 193 202 
821 202 212 203 
822 212 202 211 
823 211 221 212 
824 221 211 220 
825 220 230 221 
826 230 220 229 
827 229 239 230 
828 239 229 238 
829 238 248 239 
830 248 238 247 
831 247 257 248 
832 257 247 256 
833 256 266 257 
834 266 256 265 
835 265 275 266 
836 275 265 274 
837 274 284 275 
838 284 274 283 
839 283 293 284 
840 293 283 292 
841 292 302 293 
842 302 292 301 
843 301 311 302 
844 311 301 310 
845 310 320 311 
846 320 310 319 
847 319 329 320 
848 329 319 328 
849 328 338 329 
850 338 328 337 
851 337 347 338 
852 347 337 346 
853 346 356 347 
854 356 346 355 
855 355 365 356 
856 365 355 364 
857 364 374 365 
858 374 364 373 
859 373 383 374 
860 383 373 382 
861 382 392 383 
862 392 382 391 
863 391 401 392 
864 401 391 400 
865 400 410 401 
866 410 400 409 
867 409 419 410 
868 419 409 418 
869 418 428 419 
870 428 418 427 
871 427 437 428 
872 437 427 436 
873 436 446 437 
874 446 436 445 
875 445 455 446 
876 455 445 454 
877 454 464 455 
878 464 454 463 
879 463 473 464 
880 473 463 472 
881 472 482 473 
882 482 472 481 
883 481 491 482 
884 491 481 490 
885 490 500 491 
886 500 490 499 
887 499 509 500 
888 509 499 508 
889 508 518 509 
890 518 508 517 
891 517 527 518 
892 527 517 526 
893 526 536 527 
894 536 526 535 
895 535 545 536 
896 545 535 544 
897 544 554 545 
898 554 544 553 
899 553 6 554 
900 6 553 5 
901 4 121 71 
902 121 4 72 
903 72 130 121 
904 130 72 73 
905 73 139 130 
906 139 73 74 
907 74 148 139 
908 148 74 75 
909 75 157 148 
910 157 75 76 
911 76 166 157 
912 166 76 77 
913 77 175 166 
914 175 77 78 
915 78 184 175 
916 184 78 79 
917 79 193 184 
918 193 79 80 
919 80 202 193 
920 202 80 81 
921 81 211 202 
922 211 81 82 
923 82 220 211 
924 220 82 83 
925 83 229 220 
926 229 83 84 
927 84 238 229 
928 238 84 85 
929 85 247 238 
930 247 85 86 
931 86 256 247 
932 256 86 87 
933 87 265 256 
934 265 87 88 
935 88 274 265 
936 274 88 89 
937 89 283 274 
938 283 89 90 
939 90 292 283 
940 292 90 91 
941 91 301 292 
942 301 91 92 
943 92 310 301 
944 310 92 93 
945 93 319 310 
946 319 93 94 
947 94 328 319 
948 328 94 95 
949 95 337 328 
950 337 95 96 
951 96 346 337 
952 346 96 97 
953 97 355 346 
954 355 97 98 
955 98 364 355 
956 364 98 99 
957 99 373 364 
958 373 99 100 
959 100 382 373 
960 382 100 101 
961 101 391 382 
962 391 101 102 
963 102 400 391 
964 400 102 103 
965 103 409 400 
966 409 103 104 
967 104 418 409 
968 418 104 105 
969 105 427 418 
970 427 105 106 
971 106 436 427 
972 436 106 107 
973 107 445 436 
974 445 107 108 
975 108 454 445 
976 454 108 109 
977 109 463 454 
978 463 109 110 
979 110 472 463 
980 472 110 111 
981 111 481 472 
982 481 111 112 
983 112 490 481 
984 490 112 113 
985 113 499 490 
986 499 113 114 
987 114 508 499 
988 508 114 115 
989 115 517 508 
990 517 115 116 
991 116 526 517 
992 526 116 117 
993 117 535 526 
994 535 117 118 
995 118 544 535 
996 544 118 119 
997 119 553 544 
998 553 119 120 
999 120 5 553 
1000 5 120 3 
vertexCoord 
1 1.000000 0.200000 
2 0.000000 0.200000 
3 1.000000 0.000000 
4 0.000000 0.000000 
5 1.000000 0.019990 
6 1.000000 0.039979 
7 1.000000 0.059984 
8 1.000000 0.079980 
9 1.000000 0.100000 
10 1.000000 0.119990 
11 1.000000 0.139979 
12 1.000000 0.159984 
13 1.000000 0.179980 
14 0.980000 0.200000 
15 0.960000 0.200000 
16 0.940000 0.200000 
17 0.920000 0.200000 
18 0.900000 0.200000 
19 0.880000 0.200000 
20 0.860000 0.200000 
21 0.840000 0.200000 
22 0.820000 0.200000 
23 0.800000 0.200000 
24 0.780000 0.200000 
25 0.760000 0.200000 
26 0.740000 0.200000 
27 0.720000 0.200000 
28 0.700000 0.200000 
29 0.680000 0.200000 
30 0.660000 0.200000 
31 0.640000 0.200000 
32 0.620000 0.200000 
33 0.600000 0.200000 
34 0.580000 0.200000 
35 0.560000 0.200000 
36 0.540000 0.200000 
37 0.520000 0.200000 
38 0.500000 0.200000 
39 0.480000 0.200000 
40 0.460000 0.200000 
41 0.440000 0.200000 
42 0.420000 0.200000 
43 0.400000 0.200000 
44 0.380000 0.200000 
45 0.360000 0.200000 
46 0.340000 0.200000 
47 0.320000 0.200000 
48 0.300000 0.200000 
49 0.280000 0.200000 
50 0.260000 0.200000 
51 0.240000 0.200000 
52 0.220000 0.200000 
53 0.200000 0.200000 
54 0.180000 0.200000 
55 0.160000 0.200000 
56 0.140000 0.200000 
57 0.120000 0.200000 
58 0.100000 0.200000 
59 0.080000 0.200000 
60 0.060000 0.200000 
61 0.040000 0.200000 
62 0.020000 0.200000 
63 0.000000 0.100000 
64 0.000000 0.159984 
65 0.000000 0.179980 
66 0.000000 0.139979 
67 0.000000 0.119990 
68 0.000000 0.059984 
69 0.000000 0.079980 
70 0.000000 0.039979 
71 0.000000 0.019990 
72 0.020000 0.000000 
73 0.040000 0.000000 
74 0.060000 0.000000 
75 0.080000 0.000000 
76 0.100000 0.000000 
77 0.120000 0.000000 
78 0.140000 0.000000 
79 0.160000 0.000000 
80 0.180000 0.000000 
81 0.200000 0.000000 
82 0.220000 0.000000 
83 0.240000 0.000000 
84 0.260000 0.000000 
85 0.280000 0.000000 
86 0.300000 0.000000 
87 0.320000 0.000000 
88 0.340000 0.000000 
89 0.360000 0.000000 
90 0.380000 0.000000 
91 0.400000 0.000000 
92 0.420000 0.000000 
93 0.440000 0.000000 
94 0.460000 0.000000 
95 0.480000 0.000000 
96 0.500000 0.000000 
97 0.520000 0.000000 
98 0.540000 0.000000 
99 0.560000 0.000000 
100 0.580000 0.000000 
101 0.600000 0.000000 
102 0.620000 0.000000 
103 0.640000 0.000000 
104 0.660000 0.000000 
105 0.680000 0.000000 
106 0.700000 0.000000 
107 0.720000 0.000000 
108 0.740000 0.000000 
109 0.760000 0.000000 
110 0.780000 0.000000 
111 0.800000 0.000000 
112 0.820000 0.000000 
113 0.840000 0.000000 
114 0.860000 0.000000 
115 0.880000 0.000000 
116 0.900000 0.000000 
117 0.920000 0.000000 
118 0.940000 0.000000 
119 0.960000 0.000000 
120 0.980000 0.000000 
121 0.020000 0.019990 
122 0.020000 0.039979 
123 0.020000 0.059984 
124 0.020000 0.079980 
125 0.020000 0.100000 
126 0.020000 0.119990 
127 0.020000 0.139979 
128 0.020000 0.159984 
129 0.020000 0.179980 
130 0.040000 0.019990 
131 0.040000 0.039979 
132 0.040000 0.059984 
133 0.040000 0.079980 
134 0.040000 0.100000 
135 0.040000 0.119990 
136 0.040000 0.139979 
137 0.040000 0.159984 
138 0.040000 0.179980 
139 0.060000 0.019990 
140 0.060000 0.039979 
141 0.060000 0.059984 
142 0.060000 0.079980 
143 0.060000 0.100000 
144 0.060000 0.119990 
145 0.060000 0.139979 
146 0.060000 0.159984 
147 0.060000 0.179980 
148 0.080000 0.019990 
149 0.080000 0.039979 
150 0.080000 0.059984 
151 0.080000 0.079980 
152 0.080000 0.100000 
153 0.080000 0.119990 
154 0.080000 0.139979 
155 0.080000 0.159984 
156 0.080000 0.179980 
157 0.100000 0.019990 
158 0.100000 0.039979 
159 0.100000 0.059984 
160 0.100000 0.079980 
161 0.100000 0.100000 
162 0.100000 0.119990 
163 0.100000 0.139979 
164 0.100000 0.159984 
165 0.100000 0.179980 
166 0.120000 0.019990 
167 0.120000 0.039979 
168 0.120000 0.059984 
169 0.120000 0.079980 
170 0.120000 0.100000 
171 0.120000 0.119990 
172 0.120000 0.139979 
173 0.120000 0.159984 
174 0.120000 0.179980 
175 0.140000 0.019990 
176 0.140000 0.039979 
177 0.140000 0.059984 
178 0.140000 0.079980 
179 0.140000 0.100000 
180 0.140000 0.119990 
181 0.140000 0.139979 
182 0.140000 0.159984 
183 0.140000 0.179980 
184 0.160000 0.019990 
185 0.160000 0.039979 
186 0.160000 0.059984 
187 0.160000 0.079980 
188 0.160000 0.100000 
189 0.160000 0.119990 
190 0.160000 0.139979 
191 0.160000 0.159984 
192 0.160000 0.179980 
193 0.180000 0.019990 
194 0.180000 0.039979 
195 0.180000 0.059984 
196 0.180000 0.079980 
197 0.180000 0.100000 
198 0.180000 0.119990 
199 0.180000 0.139979 
200 0.180000 0.159984 
201 0.180000 0.179980 
202 0.200000 0.019990 
203 0.200000 0.039979 
204 0.200000 0.059984 
205 0.200000 0.079980 
206 0.200000 0.100000 
207 0.200000 0.119990 
208 0.200000 0.139979 
209 0.200000 0.159984 
210 0.200000 0.179980 
211 0.220000 0.019990 
212 0.220000 0.039979 
213 0.220000 0.059984 
214 0.220000 0.079980 
215 0.220000 0.100000 
216 0.220000 0.119990 
217 0.220000 0.139979 
218 0.220000 0.159984 
219 0.220000 0.179980 
220 0.240000 0.019990 
221 0.240000 0.039979 
222 0.240000 0.059984 
223 0.240000 0.079980 
224 0.240000 0.100000 
225 0.240000 0.119990 
226 0.240000 0.139979 
227 0.240000 0.159984 
228 0.240000 0.179980 
229 0.260000 0.019990 
230 0.260000 0.039979 
231 0.260000 0.059984 
232 0.260000 0.079980 
233 0.260000 0.100000 
234 0.260000 0.119990 
235 0.260000 0.139979 
236 0.260000 0.159984 
237 0.260000 0.179980 
238 0.280000 0.019990 
239 0.280000 0.039979 
240 0.280000 0.059984 
241 0.280000 0.079980 
242 0.280000 0.100000 
243 0.280000 0.119990 
244 0.280000 0.139979 
245 0.280000 0.159984 
246 0.280000 0.179980 
247 0.300000 0.019990 
248 0.300000 0.039979 
249 0.300000 0.059984 
250 0.300000 0.079980 
251 0.300000 0.100000 
252 0.300000 0.119990 
253 0.300000 0.139979 
254 0.300000 0.159984 
255 0.300000 0.179980 
256 0.320000 0.019990 
257 0.320000 0.039979 
258 0.320000 0.059984 
259 0.320000 0.079980 
260 0.320000 0.100000 
261 0.320000 0.119990 
262 0.320000 0.139979 
263 0.320000 0.159984 
264 0.320000 0.179980 
265 0.340000 0.019990 
266 0.340000 0.039979 
267 0.340000 0.059984 
268 0.340000 0.079980 
269 0.340000 0.100000 
270 0.340000 0.119990 
271 0.340000 0.139979 
272 0.340000 0.159984 
273 0.340000 0.179980 
274 0.360000 0.019990 
275 0.360000 0.039979 
276 0.360000 0.059984 
277 0.360000 0.079980 
278 0.360000 0.100000 
279 0.360000 0.119990 
280 0.360000 0.139979 
281 0.360000 0.159984 
282 0.360000 0.179980 
283 0.380000 0.019990 
284 0.380000 0.039979 
285 0.380000 0.059984 
286 0.380000 0.079980 
287 0.380000 0.100000 
288 0.380000 0.119990 
289 0.380000 0.139979 
290 0.380000 0.159984 
291 0.380000 0.179980 
292 0.400000 0.019990 
293 0.400000 0.039979 
294 0.400000 0.059984 
295 0.400000 0.079980 
296 0.400000 0.100000 
297 0.400000 0.119990 
298 0.400000 0.139979 
299 0.400000 0.159984 
300 0.400000 0.179980 
301 0.420000 0.019990 
302 0.420000 0.039979 
303 0.420000 0.059984 
304 0.420000 0.079980 
305 0.420000 0.100000 
306 0.420000 0.119990 
307 0.420000 0.139979 
308 0.420000 0.159984 
309 0.420000 0.179980 
310 0.440000 0.019990 
311 0.440000 0.039979 
312 0.440000 0.059984 
313 0.440000 0.079980 
314 0.440000 0.100000 
315 0.440000 0.119990 
316 0.440000 0.139979 
317 0.440000 0.159984 
318 0.440000 0.179980 
319 0.460000 0.019990 
320 0.460000 0.039979 
321 0.460000 0.059984 
322 0.460000 0.079980 
323 0.460000 0.100000 
324 0.460000 0.119990 
325 0.460000 0.139979 
326 0.460000 0.159984 
327 0.460000 0.179980 
328 0.480000 0.019990 
329 0.480000 0.039979 
330 0.480000 0.059984 
331 0.480000 0.079980 
332 0.480000 0.100000 
333 0.480000 0.119990 
334 0.480000 0.139979 
335 0.480000 0.159984 
336 0.480000 0.179980 
337 0.500000 0.019990 
338 0.500000 0.039979 
339 0.500000 0.059984 
340 0.500000 0.079980 
341 0.500000 0.100000 
342 0.500000 0.119990 
343 0.500000 0.139979 
344 0.500000 0.159984 
345 0.500000 0.179980 
346 0.520000 0.019990 
347 0.520000 0.039979 
348 0.520000 0.059984 
349 0.520000 0.079980 
350 0.520000 0.100000 
351 0.520000 0.119990 
352 0.520000 0.139979 
353 0.520000 0.159984 
354 0.520000 0.179980 
355 0.540000 0.019990 
356 0.540000 0.039979 
357 0.540000 0.059984 
358 0.540000 0.079980 
359 0.540000 0.100000 
360 0.540000 0.119990 
361 0.540000 0.139979 
362 0.540000 0.159984 
363 0.540000 0.179980 
364 0.560000 0.019990 
365 0.560000 0.039979 
366 0.560000 0.059984 
367 0.560000 0.079980 
368 0.560000 0.100000 
369 0.560000 0.119990 
370 0.560000 0.139979 
371 0.560000 0.159984 
372 0.560000 0.179980 
373 0.580000 0.019990 
374 0.580000 0.039979 
375 0.580000 0.059984 
376 0.580000 0.079980 
377 0.580000 0.100000 
378 0.580000 0.119990 
379 0.580000 0.139979 
380 0.580000 0.159984 
381 0.580000 0.179980 
382 0.600000 0.019990 
383 0.600000 0.039979 
384 0.600000 0.059984 
385 0.600000 0.079980 
386 0.600000 0.100000 
387 0.600000 0.119990 
388 0.600000 0.139979 
389 0.600000 0.159984 
390 0.600000 0.179980 
391 0.620000 0.019990 
392 0.620000 0.039979 
393 0.620000 0.059984 
394 0.620000 0.079980 
395 0.620000 0.100000 
396 0.620000 0.119990 
397 0.620000 0.139979 
398 0.620000 0.159984 
399 0.620000 0.179980 
400 0.640000 0.019990 
401 0.640000 0.039979 
402 0.640000 0.059984 
403 0.640000 0.079980 
404 0.640000 0.100000 
405 0.640000 0.119990 
406 0.640000 0.139979 
407 0.640000 0.159984 
408 0.640000 0.179980 
409 0.660000 0.019990 
410 0.660000 0.039979 
411 0.660000 0.059984 
412 0.660000 0.079980 
413 0.660000 0.100000 
414 0.660000 0.119990 
415 0.660000 0.139979 
416 0.660000 0.159984 
417 0.660000 0.179980 
418 0.680000 0.019990 
419 0.680000 0.039979 
420 0.680000 0.059984 
421 0.680000 0.079980 
422 0.680000 0.100000 
423 0.680000 0.119990 
424 0.680000 0.139979 
425 0.680000 0.159984 
426 0.680000 0.179980 
427 0.700000 0.019990 
428 0.700000 0.039979 
429 0.700000 0.059984 
430 0.700000 0.079980 
431 0.700000 0.100000 
432 0.700000 0.119990 
433 0.700000 0.139979 
434 0.700000 0.159984 
435 0.700000 0.179980 
436 0.720000 0.019990 
437 0.720000 0.039979 
438 0.720000 0.059984 
439 0.720000 0.079980 
440 0.720000 0.100000 
441 0.720000 0.119990 
442 0.720000 0.139979 
443 0.720000 0.159984 
444 0.720000 0.179980 
445 0.740000 0.019990 
446 0.740000 0.039979 
447 0.740000 0.059984 
448 0.740000 0.079980 
449 0.740000 0.100000 
450 0.740000 0.119990 
451 0.740000 0.139979 
452 0.740000 0.159984 
453 0.740000 0.179980 
454 0.760000 0.019990 
455 0.760000 0.039979 
456 0.760000 0.059984 
457 0.760000 0.079980 
458 0.760000 0.100000 
459 0.760000 0.119990 
460 0.760000 0.139979 
461 0.760000 0.159984 
462 0.760000 0.179980 
463 0.780000 0.019990 
464 0.780000 0.039979 
465 0.780000 0.059984 
466 0.780000 0.079980 
467 0.780000 0.100000 
468 0.780000 0.119990 
469 0.780000 0.139979 
470 0.780000 0.159984 
471 0.780000 0.179980 
472 0.800000 0.019990 
473 0.800000 0.039979 
474 0.800000 0.059984 
475 0.800000 0.079980 
476 0.800000 0.100000 
477 0.800000 0.119990 
478 0.800000 0.139979 
479 0.800000 0.159984 
480 0.800000 0.179980 
481 0.820000 0.019990 
482 0.820000 0.039979 
483 0.820000 0.059984 
484 0.820000 0.079980 
485 0.820000 0.100000 
486 0.820000 0.119990 
487 0.820000 0.139979 
488 0.820000 0.159984 
489 0.820000 0.179980 
490 0.840000 0.019990 
491 0.840000 0.039979 
492 0.840000 0.059984 
493 0.840000 0.079980 
494 0.840000 0.100000 
495 0.840000 0.119990 
496 0.840000 0.139979 
497 0.840000 0.159984 
498 0.840000 0.179980 
499 0.860000 0.019990 
500 0.860000 0.039979 
501 0.860000 0.059984 
502 0.860000 0.079980 
503 0.860000 0.100000 
504 0.860000 0.119990 
505 0.860000 0.139979 
506 0.860000 0.159984 
507 0.860000 0.179980 
508 0.880000 0.019990 
509 0.880000 0.039979 
510 0.880000 0.059984 
511 0.880000 0.079980 
512 0.880000 0.100000 
513 0.880000 0.119990 
514 0.880000 0.139979 
515 0.880000 0.159984 
516 0.880000 0.179980 
517 0.900000 0.019990 
518 0.900000 0.039979 
519 0.900000 0.059984 
520 0.900000 0.079980 
521 0.900000 0.100000 
522 0.900000 0.119990 
523 0.900000 0.139979 
524 0.900000 0.159984 
525 0.900000 0.179980 
526 0.920000 0.019990 
527 0.920000 0.039979 
528 0.920000 0.059984 
529 0.920000 0.079980 
530 0.920000 0.100000 
531 0.920000 0.119990 
532 0.920000 0.139979 
533 0.920000 0.159984 
534 0.920000 0.179980 
535 0.940000 0.019990 
536 0.940000 0.039979 
537 0.940000 0.059984 
538 0.940000 0.079980 
539 0.940000 0.100000 
540 0.940000 0.119990 
541 0.940000 0.139979 
542 0.940000 0.159984 
543 0.940000 0.179980 
544 0.960000 0.019990 
545 0.960000 0.039979 
546 0.960000 0.059984 
547 0.960000 0.079980 
548 0.960000 0.100000 
549 0.960000 0.119990 
550 0.960000 0.139979 
551 0.960000 0.159984 
552 0.960000 0.179980 
553 0.980000 0.019990 
554 0.980000 0.039979 
555 0.980000 0.059984 
556 0.980000 0.079980 
557 0.980000 0.100000 
558 0.980000 0.119990 
559 0.980000 0.139979 
560 0.980000 0.159984 
561 0.980000 0.179980 
vertexID14 49 
72 
73 
74 
75 
76 
77 
78 
79 
80 
81 
82 
83 
84 
85 
86 
87 
88 
89 
90 
91 
92 
93 
94 
95 
96 
97 
98 
99 
100 
101 
102 
103 
104 
105 
106 
107 
108 
109 
110 
111 
112 
113 
114 
115 
116 
117 
118 
119 
120 
vertexID6 49 
14 
15 
16 
17 
18 
19 
20 
21 
22 
23 
24 
25 
26 
27 
28 
29 
30 
31 
32 
33 
34 
35 
36 
37 
38 
39 
40 
41 
42 
43 
44 
45 
46 
47 
48 
49 
50 
51 
52 
53 
54 
55 
56 
57 
58 
59 
60 
61 
62 
vertexID24 9 
63 
64 
65 
66 
67 
68 
69 
70 
71 
vertexID23 9 
5 
6 
7 
8 
9 
10 
11 
12 
13 
V 4
4 
3 
2 
1 
