Edge min = 0.199805, max=0.282912, average=0.225888;
Grid_size 200
Node_size 121
Total_DOF 317
maxDOF 6
Solution_Order 
1 2 1 
 meshIEN 
4 26 59 
 59 45 4 
 26 25 60 
 60 59 26 
 25 24 61 
 61 60 25 
 24 23 62 
 62 61 24 
 23 22 63 
 63 62 23 
 22 21 64 
 64 63 22 
 21 20 65 
 65 64 21 
 20 19 66 
 66 65 20 
 19 18 67 
 67 66 19 
 18 3 32 
 32 67 18 
 45 59 68 
 68 46 45 
 59 60 69 
 69 68 59 
 60 61 70 
 70 69 60 
 61 62 71 
 71 70 61 
 62 63 72 
 72 71 62 
 63 64 73 
 73 72 63 
 64 65 74 
 74 73 64 
 65 66 75 
 75 74 65 
 66 67 76 
 76 75 66 
 67 32 31 
 31 76 67 
 44 46 68 
 68 77 44 
 68 69 78 
 78 77 68 
 69 70 79 
 79 78 69 
 70 71 80 
 80 79 70 
 71 72 81 
 81 80 71 
 72 73 82 
 82 81 72 
 73 74 83 
 83 82 73 
 74 75 84 
 84 83 74 
 75 76 85 
 85 84 75 
 76 31 30 
 30 85 76 
 44 77 86 
 86 47 44 
 77 78 87 
 87 86 77 
 78 79 88 
 88 87 78 
 79 80 89 
 89 88 79 
 80 81 90 
 90 89 80 
 81 82 91 
 91 90 81 
 82 83 92 
 92 91 82 
 83 84 93 
 93 92 83 
 84 85 94 
 94 93 84 
 85 30 29 
 29 94 85 
 47 86 95 
 95 48 47 
 86 87 96 
 96 95 86 
 87 88 97 
 97 96 87 
 88 89 98 
 98 97 88 
 89 90 99 
 99 98 89 
 90 91 100 
 100 99 90 
 91 92 101 
 101 100 91 
 92 93 102 
 102 101 92 
 93 94 103 
 103 102 93 
 94 29 28 
 28 103 94 
 1 48 95 
 95 9 1 
 9 95 96 
 96 10 9 
 10 96 97 
 97 11 10 
 11 97 98 
 98 12 11 
 12 98 99 
 99 13 12 
 13 99 100 
 100 14 13 
 14 100 101 
 101 15 14 
 15 101 102 
 102 16 15 
 16 102 103 
 103 17 16 
 17 103 28 
 28 2 17 
 1 9 112 
 112 49 1 
 9 10 111 
 111 112 9 
 10 11 110 
 110 111 10 
 11 12 109 
 109 110 11 
 12 13 108 
 108 109 12 
 13 14 107 
 107 108 13 
 14 15 106 
 106 107 14 
 15 16 105 
 105 106 15 
 16 17 104 
 104 105 16 
 17 2 27 
 27 104 17 
 112 34 6 
 6 49 112 
 111 35 34 
 34 112 111 
 110 36 35 
 35 111 110 
 109 37 36 
 36 110 109 
 108 38 37 
 37 109 108 
 107 39 38 
 38 108 107 
 106 40 39 
 39 107 106 
 105 41 40 
 40 106 105 
 104 42 41 
 41 105 104 
 27 5 42 
 42 104 27 
 113 43 8 
 8 58 113 
 114 113 58 
 58 57 114 
 115 114 57 
 57 56 115 
 116 115 56 
 56 55 116 
 117 116 55 
 55 54 117 
 118 117 54 
 54 53 118 
 119 118 53 
 53 52 119 
 120 119 52 
 52 51 120 
 121 120 51 
 51 50 121 
 33 121 50 
 50 7 33 
 4 43 113 
 113 26 4 
 26 113 114 
 114 25 26 
 25 114 115 
 115 24 25 
 24 115 116 
 116 23 24 
 23 116 117 
 117 22 23 
 22 117 118 
 118 21 22 
 21 118 119 
 119 20 21 
 20 119 120 
 120 19 20 
 19 120 121 
 121 18 19 
 18 121 33 
 33 3 18 
 solutionIEN 
4 26 59 141 154 258 
 59 45 4 208 148 258 
 26 25 60 140 155 259 
 60 59 26 209 154 259 
 25 24 61 139 156 260 
 61 60 25 210 155 260 
 24 23 62 138 157 261 
 62 61 24 211 156 261 
 23 22 63 137 158 262 
 63 62 23 212 157 262 
 22 21 64 136 159 263 
 64 63 22 213 158 263 
 21 20 65 135 160 264 
 65 64 21 214 159 264 
 20 19 66 134 161 265 
 66 65 20 215 160 265 
 19 18 67 133 162 266 
 67 66 19 216 161 266 
 18 3 32 132 147 267 
 32 67 18 217 162 267 
 45 59 68 208 163 268 
 68 46 45 218 149 268 
 59 60 69 209 164 269 
 69 68 59 219 163 269 
 60 61 70 210 165 270 
 70 69 60 220 164 270 
 61 62 71 211 166 271 
 71 70 61 221 165 271 
 62 63 72 212 167 272 
 72 71 62 222 166 272 
 63 64 73 213 168 273 
 73 72 63 223 167 273 
 64 65 74 214 169 274 
 74 73 64 224 168 274 
 65 66 75 215 170 275 
 75 74 65 225 169 275 
 66 67 76 216 171 276 
 76 75 66 226 170 276 
 67 32 31 217 146 277 
 31 76 67 227 171 277 
 44 46 68 150 218 278 
 68 77 44 172 228 278 
 68 69 78 219 173 279 
 78 77 68 229 172 279 
 69 70 79 220 174 280 
 79 78 69 230 173 280 
 70 71 80 221 175 281 
 80 79 70 231 174 281 
 71 72 81 222 176 282 
 81 80 71 232 175 282 
 72 73 82 223 177 283 
 82 81 72 233 176 283 
 73 74 83 224 178 284 
 83 82 73 234 177 284 
 74 75 84 225 179 285 
 84 83 74 235 178 285 
 75 76 85 226 180 286 
 85 84 75 236 179 286 
 76 31 30 227 145 287 
 30 85 76 237 180 287 
 44 77 86 228 181 288 
 86 47 44 238 151 288 
 77 78 87 229 182 289 
 87 86 77 239 181 289 
 78 79 88 230 183 290 
 88 87 78 240 182 290 
 79 80 89 231 184 291 
 89 88 79 241 183 291 
 80 81 90 232 185 292 
 90 89 80 242 184 292 
 81 82 91 233 186 293 
 91 90 81 243 185 293 
 82 83 92 234 187 294 
 92 91 82 244 186 294 
 83 84 93 235 188 295 
 93 92 83 245 187 295 
 84 85 94 236 189 296 
 94 93 84 246 188 296 
 85 30 29 237 144 297 
 29 94 85 247 189 297 
 47 86 95 238 190 298 
 95 48 47 248 152 298 
 86 87 96 239 191 299 
 96 95 86 249 190 299 
 87 88 97 240 192 300 
 97 96 87 250 191 300 
 88 89 98 241 193 301 
 98 97 88 251 192 301 
 89 90 99 242 194 302 
 99 98 89 252 193 302 
 90 91 100 243 195 303 
 100 99 90 253 194 303 
 91 92 101 244 196 304 
 101 100 91 254 195 304 
 92 93 102 245 197 305 
 102 101 92 255 196 305 
 93 94 103 246 198 306 
 103 102 93 256 197 306 
 94 29 28 247 143 307 
 28 103 94 257 198 307 
 1 48 95 153 248 308 
 95 9 1 199 122 308 
 9 95 96 199 249 309 
 96 10 9 200 123 309 
 10 96 97 200 250 310 
 97 11 10 201 124 310 
 11 97 98 201 251 311 
 98 12 11 202 125 311 
 12 98 99 202 252 312 
 99 13 12 203 126 312 
 13 99 100 203 253 313 
 100 14 13 204 127 313 
 14 100 101 204 254 314 
 101 15 14 205 128 314 
 15 101 102 205 255 315 
 102 16 15 206 129 315 
 16 102 103 206 256 316 
 103 17 16 207 130 316 
 17 103 28 207 257 317 
 28 2 17 142 131 317 
 1 9 112 122 0 0 
 112 49 1 0 0 0 
 9 10 111 123 0 0 
 111 112 9 0 0 0 
 10 11 110 124 0 0 
 110 111 10 0 0 0 
 11 12 109 125 0 0 
 109 110 11 0 0 0 
 12 13 108 126 0 0 
 108 109 12 0 0 0 
 13 14 107 127 0 0 
 107 108 13 0 0 0 
 14 15 106 128 0 0 
 106 107 14 0 0 0 
 15 16 105 129 0 0 
 105 106 15 0 0 0 
 16 17 104 130 0 0 
 104 105 16 0 0 0 
 17 2 27 131 0 0 
 27 104 17 0 0 0 
 112 34 6 0 0 0 
 6 49 112 0 0 0 
 111 35 34 0 0 0 
 34 112 111 0 0 0 
 110 36 35 0 0 0 
 35 111 110 0 0 0 
 109 37 36 0 0 0 
 36 110 109 0 0 0 
 108 38 37 0 0 0 
 37 109 108 0 0 0 
 107 39 38 0 0 0 
 38 108 107 0 0 0 
 106 40 39 0 0 0 
 39 107 106 0 0 0 
 105 41 40 0 0 0 
 40 106 105 0 0 0 
 104 42 41 0 0 0 
 41 105 104 0 0 0 
 27 5 42 0 0 0 
 42 104 27 0 0 0 
 113 43 8 0 0 0 
 8 58 113 0 0 0 
 114 113 58 0 0 0 
 58 57 114 0 0 0 
 115 114 57 0 0 0 
 57 56 115 0 0 0 
 116 115 56 0 0 0 
 56 55 116 0 0 0 
 117 116 55 0 0 0 
 55 54 117 0 0 0 
 118 117 54 0 0 0 
 54 53 118 0 0 0 
 119 118 53 0 0 0 
 53 52 119 0 0 0 
 120 119 52 0 0 0 
 52 51 120 0 0 0 
 121 120 51 0 0 0 
 51 50 121 0 0 0 
 33 121 50 0 0 0 
 50 7 33 0 0 0 
 4 43 113 0 0 0 
 113 26 4 141 0 0 
 26 113 114 0 0 0 
 114 25 26 140 0 0 
 25 114 115 0 0 0 
 115 24 25 139 0 0 
 24 115 116 0 0 0 
 116 23 24 138 0 0 
 23 116 117 0 0 0 
 117 22 23 137 0 0 
 22 117 118 0 0 0 
 118 21 22 136 0 0 
 21 118 119 0 0 0 
 119 20 21 135 0 0 
 20 119 120 0 0 0 
 120 19 20 134 0 0 
 19 120 121 0 0 0 
 121 18 19 133 0 0 
 18 121 33 0 0 0 
 33 3 18 132 0 0 
 solutionOrder 
2 2 2 2 
 2 2 2 2 
 2 2 2 2 
 2 2 2 2 
 2 2 2 2 
 2 2 2 2 
 2 2 2 2 
 2 2 2 2 
 2 2 2 2 
 2 2 2 2 
 2 2 2 2 
 2 2 2 2 
 2 2 2 2 
 2 2 2 2 
 2 2 2 2 
 2 2 2 2 
 2 2 2 2 
 2 2 2 2 
 2 2 2 2 
 2 2 2 2 
 2 2 2 2 
 2 2 2 2 
 2 2 2 2 
 2 2 2 2 
 2 2 2 2 
 2 2 2 2 
 2 2 2 2 
 2 2 2 2 
 2 2 2 2 
 2 2 2 2 
 2 2 2 2 
 2 2 2 2 
 2 2 2 2 
 2 2 2 2 
 2 2 2 2 
 2 2 2 2 
 2 2 2 2 
 2 2 2 2 
 2 2 2 2 
 2 2 2 2 
 2 2 2 2 
 2 2 2 2 
 2 2 2 2 
 2 2 2 2 
 2 2 2 2 
 2 2 2 2 
 2 2 2 2 
 2 2 2 2 
 2 2 2 2 
 2 2 2 2 
 2 2 2 2 
 2 2 2 2 
 2 2 2 2 
 2 2 2 2 
 2 2 2 2 
 2 2 2 2 
 2 2 2 2 
 2 2 2 2 
 2 2 2 2 
 2 2 2 2 
 2 2 2 2 
 2 2 2 2 
 2 2 2 2 
 2 2 2 2 
 2 2 2 2 
 2 2 2 2 
 2 2 2 2 
 2 2 2 2 
 2 2 2 2 
 2 2 2 2 
 2 2 2 2 
 2 2 2 2 
 2 2 2 2 
 2 2 2 2 
 2 2 2 2 
 2 2 2 2 
 2 2 2 2 
 2 2 2 2 
 2 2 2 2 
 2 2 2 2 
 2 2 2 2 
 2 2 2 2 
 2 2 2 2 
 2 2 2 2 
 2 2 2 2 
 2 2 2 2 
 2 2 2 2 
 2 2 2 2 
 2 2 2 2 
 2 2 2 2 
 2 2 2 2 
 2 2 2 2 
 2 2 2 2 
 2 2 2 2 
 2 2 2 2 
 2 2 2 2 
 2 2 2 2 
 2 2 2 2 
 2 2 2 2 
 2 2 2 2 
 2 2 2 2 
 2 2 2 2 
 2 2 2 2 
 2 2 2 2 
 2 2 2 2 
 2 2 2 2 
 2 2 2 2 
 2 2 2 2 
 2 2 2 2 
 2 2 2 2 
 2 2 2 2 
 2 2 2 2 
 2 2 2 2 
 2 2 2 2 
 2 2 2 2 
 2 2 2 2 
 2 2 2 2 
 2 2 2 2 
 2 2 2 2 
 2 2 2 2 
 2 1 1 2 
 1 1 1 1 
 2 1 1 2 
 1 1 1 1 
 2 1 1 2 
 1 1 1 1 
 2 1 1 2 
 1 1 1 1 
 2 1 1 2 
 1 1 1 1 
 2 1 1 2 
 1 1 1 1 
 2 1 1 2 
 1 1 1 1 
 2 1 1 2 
 1 1 1 1 
 2 1 1 2 
 1 1 1 1 
 2 1 1 2 
 1 1 1 1 
 1 1 1 1 
 1 1 1 1 
 1 1 1 1 
 1 1 1 1 
 1 1 1 1 
 1 1 1 1 
 1 1 1 1 
 1 1 1 1 
 1 1 1 1 
 1 1 1 1 
 1 1 1 1 
 1 1 1 1 
 1 1 1 1 
 1 1 1 1 
 1 1 1 1 
 1 1 1 1 
 1 1 1 1 
 1 1 1 1 
 1 1 1 1 
 1 1 1 1 
 1 1 1 1 
 1 1 1 1 
 1 1 1 1 
 1 1 1 1 
 1 1 1 1 
 1 1 1 1 
 1 1 1 1 
 1 1 1 1 
 1 1 1 1 
 1 1 1 1 
 1 1 1 1 
 1 1 1 1 
 1 1 1 1 
 1 1 1 1 
 1 1 1 1 
 1 1 1 1 
 1 1 1 1 
 1 1 1 1 
 1 1 1 1 
 1 1 1 1 
 1 1 1 1 
 1 2 1 2 
 1 1 1 1 
 1 2 1 2 
 1 1 1 1 
 1 2 1 2 
 1 1 1 1 
 1 2 1 2 
 1 1 1 1 
 1 2 1 2 
 1 1 1 1 
 1 2 1 2 
 1 1 1 1 
 1 2 1 2 
 1 1 1 1 
 1 2 1 2 
 1 1 1 1 
 1 2 1 2 
 1 1 1 1 
 1 2 1 2 
 vertexCoord 
-0.600000 -1.000000 
 -0.600000 1.000000 
 0.600000 1.000000 
 0.600000 -1.000000 
 -1.000000 1.000000 
 -1.000000 -1.000000 
 1.000000 1.000000 
 1.000000 -1.000000 
 -0.600000 -0.800000 
 -0.600000 -0.600000 
 -0.600000 -0.400000 
 -0.600000 -0.200000 
 -0.600000 0.000000 
 -0.600000 0.200000 
 -0.600000 0.400000 
 -0.600000 0.600000 
 -0.600000 0.800000 
 0.600000 0.800000 
 0.600000 0.600000 
 0.600000 0.400000 
 0.600000 0.200000 
 0.600000 0.000000 
 0.600000 -0.200000 
 0.600000 -0.400000 
 0.600000 -0.600000 
 0.600000 -0.800000 
 -0.800000 1.000000 
 -0.399902 1.000000 
 -0.199805 1.000000 
 -0.000000 1.000000 
 0.200098 1.000000 
 0.400195 1.000000 
 0.800000 1.000000 
 -1.000000 -0.800000 
 -1.000000 -0.600000 
 -1.000000 -0.400000 
 -1.000000 -0.200000 
 -1.000000 0.000000 
 -1.000000 0.200000 
 -1.000000 0.400000 
 -1.000000 0.600000 
 -1.000000 0.800000 
 0.800000 -1.000000 
 0.000000 -1.000000 
 0.400195 -1.000000 
 0.200098 -1.000000 
 -0.199805 -1.000000 
 -0.399902 -1.000000 
 -0.800000 -1.000000 
 1.000000 0.800000 
 1.000000 0.600000 
 1.000000 0.400000 
 1.000000 0.200000 
 1.000000 0.000000 
 1.000000 -0.200000 
 1.000000 -0.400000 
 1.000000 -0.600000 
 1.000000 -0.800000 
 0.400195 -0.800000 
 0.400195 -0.600000 
 0.400195 -0.400000 
 0.400195 -0.200000 
 0.400195 0.000000 
 0.400195 0.200000 
 0.400195 0.400000 
 0.400195 0.600000 
 0.400195 0.800000 
 0.200098 -0.800000 
 0.200098 -0.600000 
 0.200098 -0.400000 
 0.200098 -0.200000 
 0.200098 0.000000 
 0.200098 0.200000 
 0.200098 0.400000 
 0.200098 0.600000 
 0.200098 0.800000 
 -0.000000 -0.800000 
 0.000000 -0.600000 
 -0.000000 -0.400000 
 -0.000000 -0.200000 
 -0.000000 0.000000 
 0.000000 0.200000 
 0.000000 0.400000 
 -0.000000 0.600000 
 -0.000000 0.800000 
 -0.199805 -0.800000 
 -0.199805 -0.600000 
 -0.199805 -0.400000 
 -0.199805 -0.200000 
 -0.199805 0.000000 
 -0.199805 0.200000 
 -0.199805 0.400000 
 -0.199805 0.600000 
 -0.199805 0.800000 
 -0.399902 -0.800000 
 -0.399902 -0.600000 
 -0.399902 -0.400000 
 -0.399902 -0.200000 
 -0.399902 0.000000 
 -0.399902 0.200000 
 -0.399902 0.400000 
 -0.399902 0.600000 
 -0.399902 0.800000 
 -0.800000 0.800000 
 -0.800000 0.600000 
 -0.800000 0.400000 
 -0.800000 0.200000 
 -0.800000 0.000000 
 -0.800000 -0.200000 
 -0.800000 -0.400000 
 -0.800000 -0.600000 
 -0.800000 -0.800000 
 0.800000 -0.800000 
 0.800000 -0.600000 
 0.800000 -0.400000 
 0.800000 -0.200000 
 0.800000 0.000000 
 0.800000 0.200000 
 0.800000 0.400000 
 0.800000 0.600000 
 0.800000 0.800000 
 bc_tag 
147 
141 
78 
71 
5 
2 
16 
18 
153 
153 
153 
153 
153 
153 
153 
153 
153 
85 
85 
85 
85 
85 
85 
85 
85 
85 
23 
142 
142 
142 
142 
142 
79 
6 
6 
6 
6 
6 
6 
6 
6 
6 
24 
72 
72 
72 
72 
72 
148 
14 
14 
14 
14 
14 
14 
14 
14 
14 
156 
156 
156 
156 
156 
156 
156 
156 
156 
156 
156 
156 
156 
156 
156 
156 
156 
156 
156 
156 
156 
156 
156 
156 
156 
156 
156 
156 
156 
156 
156 
156 
156 
156 
156 
156 
156 
156 
156 
156 
156 
156 
156 
156 
156 
88 
88 
88 
88 
88 
88 
88 
88 
88 
26 
26 
26 
26 
26 
26 
26 
26 
26 
153 
153 
153 
153 
153 
153 
153 
153 
153 
153 
85 
85 
85 
85 
85 
85 
85 
85 
85 
85 
142 
142 
142 
142 
142 
142 
72 
72 
72 
72 
72 
72 
156 
156 
156 
156 
156 
156 
156 
156 
156 
156 
156 
156 
156 
156 
156 
156 
156 
156 
156 
156 
156 
156 
156 
156 
156 
156 
156 
156 
156 
156 
156 
156 
156 
156 
156 
156 
156 
156 
156 
156 
156 
156 
156 
156 
156 
156 
156 
156 
156 
156 
156 
156 
156 
156 
156 
156 
156 
156 
156 
156 
156 
156 
156 
156 
156 
156 
156 
156 
156 
156 
156 
156 
156 
156 
156 
156 
156 
156 
156 
156 
156 
156 
156 
156 
156 
156 
156 
156 
156 
156 
156 
156 
156 
156 
156 
156 
156 
156 
156 
156 
156 
156 
156 
156 
156 
156 
156 
156 
156 
156 
156 
156 
156 
156 
156 
156 
156 
156 
156 
156 
156 
156 
156 
156 
156 
156 
156 
156 
156 
156 
156 
156 
156 
156 
156 
156 
156 
156 
156 
156 
156 
156 
156 
156 
156 
156 
156 
156 
156 
156 
156 
156 
156 
156 
156 
156 
156 
156 
156 
156 
156 
156 
156 
156 
