Edge min = 0.049974, max=0.070745, average=0.056681;
Grid_size 800
Node_size 441
Solution_Order 1
meshIEN 
1 99 2 46 
2 2 99 42 
3 118 42 99 
4 42 118 41 
5 137 41 118 
6 41 137 40 
7 156 40 137 
8 40 156 39 
9 175 39 156 
10 39 175 38 
11 194 38 175 
12 38 194 37 
13 213 37 194 
14 37 213 36 
15 232 36 213 
16 36 232 35 
17 251 35 232 
18 35 251 34 
19 270 34 251 
20 34 270 33 
21 289 33 270 
22 33 289 32 
23 308 32 289 
24 32 308 31 
25 327 31 308 
26 31 327 30 
27 346 30 327 
28 30 346 29 
29 365 29 346 
30 29 365 28 
31 384 28 365 
32 28 384 27 
33 403 27 384 
34 27 403 26 
35 422 26 403 
36 26 422 25 
37 441 25 422 
38 25 441 24 
39 23 24 441 
40 24 23 1 
41 45 99 46 
42 99 45 98 
43 98 118 99 
44 118 98 117 
45 117 137 118 
46 137 117 136 
47 136 156 137 
48 156 136 155 
49 155 175 156 
50 175 155 174 
51 174 194 175 
52 194 174 193 
53 193 213 194 
54 213 193 212 
55 212 232 213 
56 232 212 231 
57 231 251 232 
58 251 231 250 
59 250 270 251 
60 270 250 269 
61 269 289 270 
62 289 269 288 
63 288 308 289 
64 308 288 307 
65 307 327 308 
66 327 307 326 
67 326 346 327 
68 346 326 345 
69 345 365 346 
70 365 345 364 
71 364 384 365 
72 384 364 383 
73 383 403 384 
74 403 383 402 
75 402 422 403 
76 422 402 421 
77 421 441 422 
78 441 421 440 
79 440 23 441 
80 23 440 22 
81 97 45 47 
82 45 97 98 
83 97 117 98 
84 117 97 116 
85 116 136 117 
86 136 116 135 
87 135 155 136 
88 155 135 154 
89 154 174 155 
90 174 154 173 
91 173 193 174 
92 193 173 192 
93 192 212 193 
94 212 192 211 
95 211 231 212 
96 231 211 230 
97 230 250 231 
98 250 230 249 
99 249 269 250 
100 269 249 268 
101 268 288 269 
102 288 268 287 
103 287 307 288 
104 307 287 306 
105 306 326 307 
106 326 306 325 
107 325 345 326 
108 345 325 344 
109 344 364 345 
110 364 344 363 
111 363 383 364 
112 383 363 382 
113 382 402 383 
114 402 382 401 
115 401 421 402 
116 421 401 420 
117 420 440 421 
118 440 420 439 
119 439 22 440 
120 22 439 21 
121 96 47 48 
122 47 96 97 
123 96 116 97 
124 116 96 115 
125 115 135 116 
126 135 115 134 
127 134 154 135 
128 154 134 153 
129 153 173 154 
130 173 153 172 
131 172 192 173 
132 192 172 191 
133 191 211 192 
134 211 191 210 
135 210 230 211 
136 230 210 229 
137 229 249 230 
138 249 229 248 
139 248 268 249 
140 268 248 267 
141 267 287 268 
142 287 267 286 
143 286 306 287 
144 306 286 305 
145 305 325 306 
146 325 305 324 
147 324 344 325 
148 344 324 343 
149 343 363 344 
150 363 343 362 
151 362 382 363 
152 382 362 381 
153 381 401 382 
154 401 381 400 
155 400 420 401 
156 420 400 419 
157 419 439 420 
158 439 419 438 
159 438 21 439 
160 21 438 20 
161 44 96 48 
162 96 44 95 
163 95 115 96 
164 115 95 114 
165 114 134 115 
166 134 114 133 
167 133 153 134 
168 153 133 152 
169 152 172 153 
170 172 152 171 
171 171 191 172 
172 191 171 190 
173 190 210 191 
174 210 190 209 
175 209 229 210 
176 229 209 228 
177 228 248 229 
178 248 228 247 
179 247 267 248 
180 267 247 266 
181 266 286 267 
182 286 266 285 
183 285 305 286 
184 305 285 304 
185 304 324 305 
186 324 304 323 
187 323 343 324 
188 343 323 342 
189 342 362 343 
190 362 342 361 
191 361 381 362 
192 381 361 380 
193 380 400 381 
194 400 380 399 
195 399 419 400 
196 419 399 418 
197 418 438 419 
198 438 418 437 
199 437 20 438 
200 20 437 19 
201 94 44 50 
202 44 94 95 
203 94 114 95 
204 114 94 113 
205 113 133 114 
206 133 113 132 
207 132 152 133 
208 152 132 151 
209 151 171 152 
210 171 151 170 
211 170 190 171 
212 190 170 189 
213 189 209 190 
214 209 189 208 
215 208 228 209 
216 228 208 227 
217 227 247 228 
218 247 227 246 
219 246 266 247 
220 266 246 265 
221 265 285 266 
222 285 265 284 
223 284 304 285 
224 304 284 303 
225 303 323 304 
226 323 303 322 
227 322 342 323 
228 342 322 341 
229 341 361 342 
230 361 341 360 
231 360 380 361 
232 380 360 379 
233 379 399 380 
234 399 379 398 
235 398 418 399 
236 418 398 417 
237 417 437 418 
238 437 417 436 
239 436 19 437 
240 19 436 18 
241 49 94 50 
242 94 49 93 
243 93 113 94 
244 113 93 112 
245 112 132 113 
246 132 112 131 
247 131 151 132 
248 151 131 150 
249 150 170 151 
250 170 150 169 
251 169 189 170 
252 189 169 188 
253 188 208 189 
254 208 188 207 
255 207 227 208 
256 227 207 226 
257 226 246 227 
258 246 226 245 
259 245 265 246 
260 265 245 264 
261 264 284 265 
262 284 264 283 
263 283 303 284 
264 303 283 302 
265 302 322 303 
266 322 302 321 
267 321 341 322 
268 341 321 340 
269 340 360 341 
270 360 340 359 
271 359 379 360 
272 379 359 378 
273 378 398 379 
274 398 378 397 
275 397 417 398 
276 417 397 416 
277 416 436 417 
278 436 416 435 
279 435 18 436 
280 18 435 17 
281 92 49 51 
282 49 92 93 
283 92 112 93 
284 112 92 111 
285 111 131 112 
286 131 111 130 
287 130 150 131 
288 150 130 149 
289 149 169 150 
290 169 149 168 
291 168 188 169 
292 188 168 187 
293 187 207 188 
294 207 187 206 
295 206 226 207 
296 226 206 225 
297 225 245 226 
298 245 225 244 
299 244 264 245 
300 264 244 263 
301 263 283 264 
302 283 263 282 
303 282 302 283 
304 302 282 301 
305 301 321 302 
306 321 301 320 
307 320 340 321 
308 340 320 339 
309 339 359 340 
310 359 339 358 
311 358 378 359 
312 378 358 377 
313 377 397 378 
314 397 377 396 
315 396 416 397 
316 416 396 415 
317 415 435 416 
318 435 415 434 
319 434 17 435 
320 17 434 16 
321 91 51 52 
322 51 91 92 
323 91 111 92 
324 111 91 110 
325 110 130 111 
326 130 110 129 
327 129 149 130 
328 149 129 148 
329 148 168 149 
330 168 148 167 
331 167 187 168 
332 187 167 186 
333 186 206 187 
334 206 186 205 
335 205 225 206 
336 225 205 224 
337 224 244 225 
338 244 224 243 
339 243 263 244 
340 263 243 262 
341 262 282 263 
342 282 262 281 
343 281 301 282 
344 301 281 300 
345 300 320 301 
346 320 300 319 
347 319 339 320 
348 339 319 338 
349 338 358 339 
350 358 338 357 
351 357 377 358 
352 377 357 376 
353 376 396 377 
354 396 376 395 
355 395 415 396 
356 415 395 414 
357 414 434 415 
358 434 414 433 
359 433 16 434 
360 16 433 15 
361 43 91 52 
362 91 43 90 
363 90 110 91 
364 110 90 109 
365 109 129 110 
366 129 109 128 
367 128 148 129 
368 148 128 147 
369 147 167 148 
370 167 147 166 
371 166 186 167 
372 186 166 185 
373 185 205 186 
374 205 185 204 
375 204 224 205 
376 224 204 223 
377 223 243 224 
378 243 223 242 
379 242 262 243 
380 262 242 261 
381 261 281 262 
382 281 261 280 
383 280 300 281 
384 300 280 299 
385 299 319 300 
386 319 299 318 
387 318 338 319 
388 338 318 337 
389 337 357 338 
390 357 337 356 
391 356 376 357 
392 376 356 375 
393 375 395 376 
394 395 375 394 
395 394 414 395 
396 414 394 413 
397 413 433 414 
398 433 413 432 
399 432 15 433 
400 15 432 14 
401 89 43 55 
402 43 89 90 
403 89 109 90 
404 109 89 108 
405 108 128 109 
406 128 108 127 
407 127 147 128 
408 147 127 146 
409 146 166 147 
410 166 146 165 
411 165 185 166 
412 185 165 184 
413 184 204 185 
414 204 184 203 
415 203 223 204 
416 223 203 222 
417 222 242 223 
418 242 222 241 
419 241 261 242 
420 261 241 260 
421 260 280 261 
422 280 260 279 
423 279 299 280 
424 299 279 298 
425 298 318 299 
426 318 298 317 
427 317 337 318 
428 337 317 336 
429 336 356 337 
430 356 336 355 
431 355 375 356 
432 375 355 374 
433 374 394 375 
434 394 374 393 
435 393 413 394 
436 413 393 412 
437 412 432 413 
438 432 412 431 
439 431 14 432 
440 14 431 13 
441 54 89 55 
442 89 54 88 
443 88 108 89 
444 108 88 107 
445 107 127 108 
446 127 107 126 
447 126 146 127 
448 146 126 145 
449 145 165 146 
450 165 145 164 
451 164 184 165 
452 184 164 183 
453 183 203 184 
454 203 183 202 
455 202 222 203 
456 222 202 221 
457 221 241 222 
458 241 221 240 
459 240 260 241 
460 260 240 259 
461 259 279 260 
462 279 259 278 
463 278 298 279 
464 298 278 297 
465 297 317 298 
466 317 297 316 
467 316 336 317 
468 336 316 335 
469 335 355 336 
470 355 335 354 
471 354 374 355 
472 374 354 373 
473 373 393 374 
474 393 373 392 
475 392 412 393 
476 412 392 411 
477 411 431 412 
478 431 411 430 
479 430 13 431 
480 13 430 12 
481 87 54 56 
482 54 87 88 
483 87 107 88 
484 107 87 106 
485 106 126 107 
486 126 106 125 
487 125 145 126 
488 145 125 144 
489 144 164 145 
490 164 144 163 
491 163 183 164 
492 183 163 182 
493 182 202 183 
494 202 182 201 
495 201 221 202 
496 221 201 220 
497 220 240 221 
498 240 220 239 
499 239 259 240 
500 259 239 258 
501 258 278 259 
502 278 258 277 
503 277 297 278 
504 297 277 296 
505 296 316 297 
506 316 296 315 
507 315 335 316 
508 335 315 334 
509 334 354 335 
510 354 334 353 
511 353 373 354 
512 373 353 372 
513 372 392 373 
514 392 372 391 
515 391 411 392 
516 411 391 410 
517 410 430 411 
518 430 410 429 
519 429 12 430 
520 12 429 11 
521 86 56 57 
522 56 86 87 
523 86 106 87 
524 106 86 105 
525 105 125 106 
526 125 105 124 
527 124 144 125 
528 144 124 143 
529 143 163 144 
530 163 143 162 
531 162 182 163 
532 182 162 181 
533 181 201 182 
534 201 181 200 
535 200 220 201 
536 220 200 219 
537 219 239 220 
538 239 219 238 
539 238 258 239 
540 258 238 257 
541 257 277 258 
542 277 257 276 
543 276 296 277 
544 296 276 295 
545 295 315 296 
546 315 295 314 
547 314 334 315 
548 334 314 333 
549 333 353 334 
550 353 333 352 
551 352 372 353 
552 372 352 371 
553 371 391 372 
554 391 371 390 
555 390 410 391 
556 410 390 409 
557 409 429 410 
558 429 409 428 
559 428 11 429 
560 11 428 10 
561 53 86 57 
562 86 53 85 
563 85 105 86 
564 105 85 104 
565 104 124 105 
566 124 104 123 
567 123 143 124 
568 143 123 142 
569 142 162 143 
570 162 142 161 
571 161 181 162 
572 181 161 180 
573 180 200 181 
574 200 180 199 
575 199 219 200 
576 219 199 218 
577 218 238 219 
578 238 218 237 
579 237 257 238 
580 257 237 256 
581 256 276 257 
582 276 256 275 
583 275 295 276 
584 295 275 294 
585 294 314 295 
586 314 294 313 
587 313 333 314 
588 333 313 332 
589 332 352 333 
590 352 332 351 
591 351 371 352 
592 371 351 370 
593 370 390 371 
594 390 370 389 
595 389 409 390 
596 409 389 408 
597 408 428 409 
598 428 408 427 
599 427 10 428 
600 10 427 9 
601 84 53 59 
602 53 84 85 
603 84 104 85 
604 104 84 103 
605 103 123 104 
606 123 103 122 
607 122 142 123 
608 142 122 141 
609 141 161 142 
610 161 141 160 
611 160 180 161 
612 180 160 179 
613 179 199 180 
614 199 179 198 
615 198 218 199 
616 218 198 217 
617 217 237 218 
618 237 217 236 
619 236 256 237 
620 256 236 255 
621 255 275 256 
622 275 255 274 
623 274 294 275 
624 294 274 293 
625 293 313 294 
626 313 293 312 
627 312 332 313 
628 332 312 331 
629 331 351 332 
630 351 331 350 
631 350 370 351 
632 370 350 369 
633 369 389 370 
634 389 369 388 
635 388 408 389 
636 408 388 407 
637 407 427 408 
638 427 407 426 
639 426 9 427 
640 9 426 8 
641 58 84 59 
642 84 58 83 
643 83 103 84 
644 103 83 102 
645 102 122 103 
646 122 102 121 
647 121 141 122 
648 141 121 140 
649 140 160 141 
650 160 140 159 
651 159 179 160 
652 179 159 178 
653 178 198 179 
654 198 178 197 
655 197 217 198 
656 217 197 216 
657 216 236 217 
658 236 216 235 
659 235 255 236 
660 255 235 254 
661 254 274 255 
662 274 254 273 
663 273 293 274 
664 293 273 292 
665 292 312 293 
666 312 292 311 
667 311 331 312 
668 331 311 330 
669 330 350 331 
670 350 330 349 
671 349 369 350 
672 369 349 368 
673 368 388 369 
674 388 368 387 
675 387 407 388 
676 407 387 406 
677 406 426 407 
678 426 406 425 
679 425 8 426 
680 8 425 7 
681 82 58 60 
682 58 82 83 
683 82 102 83 
684 102 82 101 
685 101 121 102 
686 121 101 120 
687 120 140 121 
688 140 120 139 
689 139 159 140 
690 159 139 158 
691 158 178 159 
692 178 158 177 
693 177 197 178 
694 197 177 196 
695 196 216 197 
696 216 196 215 
697 215 235 216 
698 235 215 234 
699 234 254 235 
700 254 234 253 
701 253 273 254 
702 273 253 272 
703 272 292 273 
704 292 272 291 
705 291 311 292 
706 311 291 310 
707 310 330 311 
708 330 310 329 
709 329 349 330 
710 349 329 348 
711 348 368 349 
712 368 348 367 
713 367 387 368 
714 387 367 386 
715 386 406 387 
716 406 386 405 
717 405 425 406 
718 425 405 424 
719 424 7 425 
720 7 424 6 
721 81 60 61 
722 60 81 82 
723 81 101 82 
724 101 81 100 
725 100 120 101 
726 120 100 119 
727 119 139 120 
728 139 119 138 
729 138 158 139 
730 158 138 157 
731 157 177 158 
732 177 157 176 
733 176 196 177 
734 196 176 195 
735 195 215 196 
736 215 195 214 
737 214 234 215 
738 234 214 233 
739 233 253 234 
740 253 233 252 
741 252 272 253 
742 272 252 271 
743 271 291 272 
744 291 271 290 
745 290 310 291 
746 310 290 309 
747 309 329 310 
748 329 309 328 
749 328 348 329 
750 348 328 347 
751 347 367 348 
752 367 347 366 
753 366 386 367 
754 386 366 385 
755 385 405 386 
756 405 385 404 
757 404 424 405 
758 424 404 423 
759 423 6 424 
760 6 423 5 
761 4 81 61 
762 81 4 62 
763 62 100 81 
764 100 62 63 
765 63 119 100 
766 119 63 64 
767 64 138 119 
768 138 64 65 
769 65 157 138 
770 157 65 66 
771 66 176 157 
772 176 66 67 
773 67 195 176 
774 195 67 68 
775 68 214 195 
776 214 68 69 
777 69 233 214 
778 233 69 70 
779 70 252 233 
780 252 70 71 
781 71 271 252 
782 271 71 72 
783 72 290 271 
784 290 72 73 
785 73 309 290 
786 309 73 74 
787 74 328 309 
788 328 74 75 
789 75 347 328 
790 347 75 76 
791 76 366 347 
792 366 76 77 
793 77 385 366 
794 385 77 78 
795 78 404 385 
796 404 78 79 
797 79 423 404 
798 423 79 80 
799 80 5 423 
800 5 80 3 
vertexCoord 
1 1.000000 1.000000 
2 0.000000 1.000000 
3 1.000000 0.000000 
4 0.000000 0.000000 
5 1.000000 0.049974 
6 1.000000 0.099948 
7 1.000000 0.149959 
8 1.000000 0.199951 
9 1.000000 0.250000 
10 1.000000 0.299974 
11 1.000000 0.349948 
12 1.000000 0.399959 
13 1.000000 0.449951 
14 1.000000 0.500000 
15 1.000000 0.549974 
16 1.000000 0.599948 
17 1.000000 0.649959 
18 1.000000 0.699951 
19 1.000000 0.750000 
20 1.000000 0.799974 
21 1.000000 0.849948 
22 1.000000 0.899959 
23 1.000000 0.949951 
24 0.950000 1.000000 
25 0.900000 1.000000 
26 0.850000 1.000000 
27 0.800000 1.000000 
28 0.750000 1.000000 
29 0.700000 1.000000 
30 0.650000 1.000000 
31 0.600000 1.000000 
32 0.550000 1.000000 
33 0.500000 1.000000 
34 0.450000 1.000000 
35 0.400000 1.000000 
36 0.350000 1.000000 
37 0.300000 1.000000 
38 0.250000 1.000000 
39 0.200000 1.000000 
40 0.150000 1.000000 
41 0.100000 1.000000 
42 0.050000 1.000000 
43 0.000000 0.500000 
44 0.000000 0.750000 
45 0.000000 0.899959 
46 0.000000 0.949951 
47 0.000000 0.849948 
48 0.000000 0.799974 
49 0.000000 0.649959 
50 0.000000 0.699951 
51 0.000000 0.599948 
52 0.000000 0.549974 
53 0.000000 0.250000 
54 0.000000 0.399959 
55 0.000000 0.449951 
56 0.000000 0.349948 
57 0.000000 0.299974 
58 0.000000 0.149959 
59 0.000000 0.199951 
60 0.000000 0.099948 
61 0.000000 0.049974 
62 0.050000 0.000000 
63 0.100000 0.000000 
64 0.150000 0.000000 
65 0.200000 0.000000 
66 0.250000 0.000000 
67 0.300000 0.000000 
68 0.350000 0.000000 
69 0.400000 0.000000 
70 0.450000 0.000000 
71 0.500000 0.000000 
72 0.550000 0.000000 
73 0.600000 0.000000 
74 0.650000 0.000000 
75 0.700000 0.000000 
76 0.750000 0.000000 
77 0.800000 0.000000 
78 0.850000 0.000000 
79 0.900000 0.000000 
80 0.950000 0.000000 
81 0.050000 0.049974 
82 0.050000 0.099948 
83 0.050000 0.149959 
84 0.050000 0.199951 
85 0.050000 0.250000 
86 0.050000 0.299974 
87 0.050000 0.349948 
88 0.050000 0.399959 
89 0.050000 0.449951 
90 0.050000 0.500000 
91 0.050000 0.549974 
92 0.050000 0.599948 
93 0.050000 0.649959 
94 0.050000 0.699951 
95 0.050000 0.750000 
96 0.050000 0.799974 
97 0.050000 0.849948 
98 0.050000 0.899959 
99 0.050000 0.949951 
100 0.100000 0.049974 
101 0.100000 0.099948 
102 0.100000 0.149959 
103 0.100000 0.199951 
104 0.100000 0.250000 
105 0.100000 0.299974 
106 0.100000 0.349948 
107 0.100000 0.399959 
108 0.100000 0.449951 
109 0.100000 0.500000 
110 0.100000 0.549974 
111 0.100000 0.599948 
112 0.100000 0.649959 
113 0.100000 0.699951 
114 0.100000 0.750000 
115 0.100000 0.799974 
116 0.100000 0.849948 
117 0.100000 0.899959 
118 0.100000 0.949951 
119 0.150000 0.049974 
120 0.150000 0.099948 
121 0.150000 0.149959 
122 0.150000 0.199951 
123 0.150000 0.250000 
124 0.150000 0.299974 
125 0.150000 0.349948 
126 0.150000 0.399959 
127 0.150000 0.449951 
128 0.150000 0.500000 
129 0.150000 0.549974 
130 0.150000 0.599948 
131 0.150000 0.649959 
132 0.150000 0.699951 
133 0.150000 0.750000 
134 0.150000 0.799974 
135 0.150000 0.849948 
136 0.150000 0.899959 
137 0.150000 0.949951 
138 0.200000 0.049974 
139 0.200000 0.099948 
140 0.200000 0.149959 
141 0.200000 0.199951 
142 0.200000 0.250000 
143 0.200000 0.299974 
144 0.200000 0.349948 
145 0.200000 0.399959 
146 0.200000 0.449951 
147 0.200000 0.500000 
148 0.200000 0.549974 
149 0.200000 0.599948 
150 0.200000 0.649959 
151 0.200000 0.699951 
152 0.200000 0.750000 
153 0.200000 0.799974 
154 0.200000 0.849948 
155 0.200000 0.899959 
156 0.200000 0.949951 
157 0.250000 0.049974 
158 0.250000 0.099948 
159 0.250000 0.149959 
160 0.250000 0.199951 
161 0.250000 0.250000 
162 0.250000 0.299974 
163 0.250000 0.349948 
164 0.250000 0.399959 
165 0.250000 0.449951 
166 0.250000 0.500000 
167 0.250000 0.549974 
168 0.250000 0.599948 
169 0.250000 0.649959 
170 0.250000 0.699951 
171 0.250000 0.750000 
172 0.250000 0.799974 
173 0.250000 0.849948 
174 0.250000 0.899959 
175 0.250000 0.949951 
176 0.300000 0.049974 
177 0.300000 0.099948 
178 0.300000 0.149959 
179 0.300000 0.199951 
180 0.300000 0.250000 
181 0.300000 0.299974 
182 0.300000 0.349948 
183 0.300000 0.399959 
184 0.300000 0.449951 
185 0.300000 0.500000 
186 0.300000 0.549974 
187 0.300000 0.599948 
188 0.300000 0.649959 
189 0.300000 0.699951 
190 0.300000 0.750000 
191 0.300000 0.799974 
192 0.300000 0.849948 
193 0.300000 0.899959 
194 0.300000 0.949951 
195 0.350000 0.049974 
196 0.350000 0.099948 
197 0.350000 0.149959 
198 0.350000 0.199951 
199 0.350000 0.250000 
200 0.350000 0.299974 
201 0.350000 0.349948 
202 0.350000 0.399959 
203 0.350000 0.449951 
204 0.350000 0.500000 
205 0.350000 0.549974 
206 0.350000 0.599948 
207 0.350000 0.649959 
208 0.350000 0.699951 
209 0.350000 0.750000 
210 0.350000 0.799974 
211 0.350000 0.849948 
212 0.350000 0.899959 
213 0.350000 0.949951 
214 0.400000 0.049974 
215 0.400000 0.099948 
216 0.400000 0.149959 
217 0.400000 0.199951 
218 0.400000 0.250000 
219 0.400000 0.299974 
220 0.400000 0.349948 
221 0.400000 0.399959 
222 0.400000 0.449951 
223 0.400000 0.500000 
224 0.400000 0.549974 
225 0.400000 0.599948 
226 0.400000 0.649959 
227 0.400000 0.699951 
228 0.400000 0.750000 
229 0.400000 0.799974 
230 0.400000 0.849948 
231 0.400000 0.899959 
232 0.400000 0.949951 
233 0.450000 0.049974 
234 0.450000 0.099948 
235 0.450000 0.149959 
236 0.450000 0.199951 
237 0.450000 0.250000 
238 0.450000 0.299974 
239 0.450000 0.349948 
240 0.450000 0.399959 
241 0.450000 0.449951 
242 0.450000 0.500000 
243 0.450000 0.549974 
244 0.450000 0.599948 
245 0.450000 0.649959 
246 0.450000 0.699951 
247 0.450000 0.750000 
248 0.450000 0.799974 
249 0.450000 0.849948 
250 0.450000 0.899959 
251 0.450000 0.949951 
252 0.500000 0.049974 
253 0.500000 0.099948 
254 0.500000 0.149959 
255 0.500000 0.199951 
256 0.500000 0.250000 
257 0.500000 0.299974 
258 0.500000 0.349948 
259 0.500000 0.399959 
260 0.500000 0.449951 
261 0.500000 0.500000 
262 0.500000 0.549974 
263 0.500000 0.599948 
264 0.500000 0.649959 
265 0.500000 0.699951 
266 0.500000 0.750000 
267 0.500000 0.799974 
268 0.500000 0.849948 
269 0.500000 0.899959 
270 0.500000 0.949951 
271 0.550000 0.049974 
272 0.550000 0.099948 
273 0.550000 0.149959 
274 0.550000 0.199951 
275 0.550000 0.250000 
276 0.550000 0.299974 
277 0.550000 0.349948 
278 0.550000 0.399959 
279 0.550000 0.449951 
280 0.550000 0.500000 
281 0.550000 0.549974 
282 0.550000 0.599948 
283 0.550000 0.649959 
284 0.550000 0.699951 
285 0.550000 0.750000 
286 0.550000 0.799974 
287 0.550000 0.849948 
288 0.550000 0.899959 
289 0.550000 0.949951 
290 0.600000 0.049974 
291 0.600000 0.099948 
292 0.600000 0.149959 
293 0.600000 0.199951 
294 0.600000 0.250000 
295 0.600000 0.299974 
296 0.600000 0.349948 
297 0.600000 0.399959 
298 0.600000 0.449951 
299 0.600000 0.500000 
300 0.600000 0.549974 
301 0.600000 0.599948 
302 0.600000 0.649959 
303 0.600000 0.699951 
304 0.600000 0.750000 
305 0.600000 0.799974 
306 0.600000 0.849948 
307 0.600000 0.899959 
308 0.600000 0.949951 
309 0.650000 0.049974 
310 0.650000 0.099948 
311 0.650000 0.149959 
312 0.650000 0.199951 
313 0.650000 0.250000 
314 0.650000 0.299974 
315 0.650000 0.349948 
316 0.650000 0.399959 
317 0.650000 0.449951 
318 0.650000 0.500000 
319 0.650000 0.549974 
320 0.650000 0.599948 
321 0.650000 0.649959 
322 0.650000 0.699951 
323 0.650000 0.750000 
324 0.650000 0.799974 
325 0.650000 0.849948 
326 0.650000 0.899959 
327 0.650000 0.949951 
328 0.700000 0.049974 
329 0.700000 0.099948 
330 0.700000 0.149959 
331 0.700000 0.199951 
332 0.700000 0.250000 
333 0.700000 0.299974 
334 0.700000 0.349948 
335 0.700000 0.399959 
336 0.700000 0.449951 
337 0.700000 0.500000 
338 0.700000 0.549974 
339 0.700000 0.599948 
340 0.700000 0.649959 
341 0.700000 0.699951 
342 0.700000 0.750000 
343 0.700000 0.799974 
344 0.700000 0.849948 
345 0.700000 0.899959 
346 0.700000 0.949951 
347 0.750000 0.049974 
348 0.750000 0.099948 
349 0.750000 0.149959 
350 0.750000 0.199951 
351 0.750000 0.250000 
352 0.750000 0.299974 
353 0.750000 0.349948 
354 0.750000 0.399959 
355 0.750000 0.449951 
356 0.750000 0.500000 
357 0.750000 0.549974 
358 0.750000 0.599948 
359 0.750000 0.649959 
360 0.750000 0.699951 
361 0.750000 0.750000 
362 0.750000 0.799974 
363 0.750000 0.849948 
364 0.750000 0.899959 
365 0.750000 0.949951 
366 0.800000 0.049974 
367 0.800000 0.099948 
368 0.800000 0.149959 
369 0.800000 0.199951 
370 0.800000 0.250000 
371 0.800000 0.299974 
372 0.800000 0.349948 
373 0.800000 0.399959 
374 0.800000 0.449951 
375 0.800000 0.500000 
376 0.800000 0.549974 
377 0.800000 0.599948 
378 0.800000 0.649959 
379 0.800000 0.699951 
380 0.800000 0.750000 
381 0.800000 0.799974 
382 0.800000 0.849948 
383 0.800000 0.899959 
384 0.800000 0.949951 
385 0.850000 0.049974 
386 0.850000 0.099948 
387 0.850000 0.149959 
388 0.850000 0.199951 
389 0.850000 0.250000 
390 0.850000 0.299974 
391 0.850000 0.349948 
392 0.850000 0.399959 
393 0.850000 0.449951 
394 0.850000 0.500000 
395 0.850000 0.549974 
396 0.850000 0.599948 
397 0.850000 0.649959 
398 0.850000 0.699951 
399 0.850000 0.750000 
400 0.850000 0.799974 
401 0.850000 0.849948 
402 0.850000 0.899959 
403 0.850000 0.949951 
404 0.900000 0.049974 
405 0.900000 0.099948 
406 0.900000 0.149959 
407 0.900000 0.199951 
408 0.900000 0.250000 
409 0.900000 0.299974 
410 0.900000 0.349948 
411 0.900000 0.399959 
412 0.900000 0.449951 
413 0.900000 0.500000 
414 0.900000 0.549974 
415 0.900000 0.599948 
416 0.900000 0.649959 
417 0.900000 0.699951 
418 0.900000 0.750000 
419 0.900000 0.799974 
420 0.900000 0.849948 
421 0.900000 0.899959 
422 0.900000 0.949951 
423 0.950000 0.049974 
424 0.950000 0.099948 
425 0.950000 0.149959 
426 0.950000 0.199951 
427 0.950000 0.250000 
428 0.950000 0.299974 
429 0.950000 0.349948 
430 0.950000 0.399959 
431 0.950000 0.449951 
432 0.950000 0.500000 
433 0.950000 0.549974 
434 0.950000 0.599948 
435 0.950000 0.649959 
436 0.950000 0.699951 
437 0.950000 0.750000 
438 0.950000 0.799974 
439 0.950000 0.849948 
440 0.950000 0.899959 
441 0.950000 0.949951 
BC_Tag
1 5
2 2
3 16
4 18
5 23
6 23
7 23
8 23
9 23
10 23
11 23
12 23
13 23
14 23
15 23
16 23
17 23
18 23
19 23
20 23
21 23
22 23
23 23
24 6
25 6
26 6
27 6
28 6
29 6
30 6
31 6
32 6
33 6
34 6
35 6
36 6
37 6
38 6
39 6
40 6
41 6
42 6
43 24
44 24
45 24
46 24
47 24
48 24
49 24
50 24
51 24
52 24
53 24
54 24
55 24
56 24
57 24
58 24
59 24
60 24
61 24
62 14
63 14
64 14
65 14
66 14
67 14
68 14
69 14
70 14
71 14
72 14
73 14
74 14
75 14
76 14
77 14
78 14
79 14
80 14
81 26
82 26
83 26
84 26
85 26
86 26
87 26
88 26
89 26
90 26
91 26
92 26
93 26
94 26
95 26
96 26
97 26
98 26
99 26
100 26
101 26
102 26
103 26
104 26
105 26
106 26
107 26
108 26
109 26
110 26
111 26
112 26
113 26
114 26
115 26
116 26
117 26
118 26
119 26
120 26
121 26
122 26
123 26
124 26
125 26
126 26
127 26
128 26
129 26
130 26
131 26
132 26
133 26
134 26
135 26
136 26
137 26
138 26
139 26
140 26
141 26
142 26
143 26
144 26
145 26
146 26
147 26
148 26
149 26
150 26
151 26
152 26
153 26
154 26
155 26
156 26
157 26
158 26
159 26
160 26
161 26
162 26
163 26
164 26
165 26
166 26
167 26
168 26
169 26
170 26
171 26
172 26
173 26
174 26
175 26
176 26
177 26
178 26
179 26
180 26
181 26
182 26
183 26
184 26
185 26
186 26
187 26
188 26
189 26
190 26
191 26
192 26
193 26
194 26
195 26
196 26
197 26
198 26
199 26
200 26
201 26
202 26
203 26
204 26
205 26
206 26
207 26
208 26
209 26
210 26
211 26
212 26
213 26
214 26
215 26
216 26
217 26
218 26
219 26
220 26
221 26
222 26
223 26
224 26
225 26
226 26
227 26
228 26
229 26
230 26
231 26
232 26
233 26
234 26
235 26
236 26
237 26
238 26
239 26
240 26
241 26
242 26
243 26
244 26
245 26
246 26
247 26
248 26
249 26
250 26
251 26
252 26
253 26
254 26
255 26
256 26
257 26
258 26
259 26
260 26
261 26
262 26
263 26
264 26
265 26
266 26
267 26
268 26
269 26
270 26
271 26
272 26
273 26
274 26
275 26
276 26
277 26
278 26
279 26
280 26
281 26
282 26
283 26
284 26
285 26
286 26
287 26
288 26
289 26
290 26
291 26
292 26
293 26
294 26
295 26
296 26
297 26
298 26
299 26
300 26
301 26
302 26
303 26
304 26
305 26
306 26
307 26
308 26
309 26
310 26
311 26
312 26
313 26
314 26
315 26
316 26
317 26
318 26
319 26
320 26
321 26
322 26
323 26
324 26
325 26
326 26
327 26
328 26
329 26
330 26
331 26
332 26
333 26
334 26
335 26
336 26
337 26
338 26
339 26
340 26
341 26
342 26
343 26
344 26
345 26
346 26
347 26
348 26
349 26
350 26
351 26
352 26
353 26
354 26
355 26
356 26
357 26
358 26
359 26
360 26
361 26
362 26
363 26
364 26
365 26
366 26
367 26
368 26
369 26
370 26
371 26
372 26
373 26
374 26
375 26
376 26
377 26
378 26
379 26
380 26
381 26
382 26
383 26
384 26
385 26
386 26
387 26
388 26
389 26
390 26
391 26
392 26
393 26
394 26
395 26
396 26
397 26
398 26
399 26
400 26
401 26
402 26
403 26
404 26
405 26
406 26
407 26
408 26
409 26
410 26
411 26
412 26
413 26
414 26
415 26
416 26
417 26
418 26
419 26
420 26
421 26
422 26
423 26
424 26
425 26
426 26
427 26
428 26
429 26
430 26
431 26
432 26
433 26
434 26
435 26
436 26
437 26
438 26
439 26
440 26
441 26
BCelement14 20 
762 
764 
766 
768 
770 
772 
774 
776 
778 
780 
782 
784 
786 
788 
790 
792 
794 
796 
798 
800 
BCelement6 20 
40 
38 
36 
34 
32 
30 
28 
26 
24 
22 
20 
18 
16 
14 
12 
10 
8 
6 
4 
2 
BCelement24 20 
1 
41 
81 
121 
161 
201 
241 
281 
321 
361 
401 
441 
481 
521 
561 
601 
641 
681 
721 
761 
BCelement23 20 
800 
760 
720 
680 
640 
600 
560 
520 
480 
440 
400 
360 
320 
280 
240 
200 
160 
120 
80 
40 
