Edge min = 0.024852, max=0.075472, average=0.046108;
Grid_size 1108
Node_size 595
Solution_Order 1
meshIEN 
1 4 65 81 
2 61 4 81 
3 82 81 65 
4 65 64 82 
5 80 3 90 
6 3 8 90 
7 42 2 91 
8 2 46 91 
9 1 27 92 
10 23 1 92 
11 127 83 82 
12 59 58 93 
13 60 61 94 
14 8 7 112 
15 112 90 8 
16 77 79 113 
17 80 90 114 
18 88 113 114 
19 114 113 79 
20 79 80 114 
21 46 45 115 
22 115 91 46 
23 39 41 116 
24 42 91 117 
25 89 116 117 
26 117 116 41 
27 41 42 117 
28 20 22 118 
29 23 92 118 
30 22 23 118 
31 57 53 119 
32 53 59 120 
33 120 119 53 
34 95 120 122 
35 122 121 95 
36 63 69 123 
37 124 123 69 
38 69 68 124 
39 125 123 96 
40 63 123 125 
41 67 63 125 
42 127 97 83 
43 83 97 128 
44 128 122 93 
45 128 94 83 
46 93 94 128 
47 11 13 145 
48 11 145 146 
49 12 11 146 
50 151 147 86 
51 147 151 153 
52 155 151 86 
53 78 77 157 
54 158 157 106 
55 78 157 158 
56 72 78 158 
57 161 159 107 
58 31 159 161 
59 25 31 161 
60 19 15 163 
61 171 169 110 
62 172 160 87 
63 87 170 172 
64 107 160 173 
65 173 172 111 
66 160 172 173 
67 111 172 174 
68 174 172 170 
69 176 112 7 
70 7 9 176 
71 177 115 45 
72 45 47 177 
73 57 119 178 
74 56 57 178 
75 179 97 84 
76 179 128 97 
77 122 128 179 
78 121 122 179 
79 123 124 180 
80 96 123 180 
81 181 124 68 
82 68 70 181 
83 67 125 182 
84 66 67 182 
85 84 97 183 
86 97 127 183 
87 126 183 184 
88 184 183 127 
89 51 52 185 
90 186 130 129 
91 49 51 187 
92 129 130 187 
93 51 185 187 
94 187 185 129 
95 50 49 188 
96 49 187 188 
97 188 187 130 
98 190 142 98 
99 24 36 191 
100 192 133 99 
101 36 35 193 
102 193 191 36 
103 37 38 196 
104 35 37 197 
105 197 193 35 
106 37 196 197 
107 197 196 133 
108 192 193 197 
109 133 192 197 
110 43 55 207 
111 208 207 55 
112 55 54 208 
113 34 40 211 
114 38 34 212 
115 212 196 38 
116 34 211 212 
117 212 211 137 
118 99 133 213 
119 214 194 132 
120 138 194 214 
121 215 137 101 
122 139 213 215 
123 101 214 215 
124 215 214 139 
125 218 216 140 
126 101 137 219 
127 141 189 220 
128 98 142 221 
129 221 186 98 
130 130 186 221 
131 102 142 222 
132 131 141 222 
133 222 190 131 
134 142 190 222 
135 47 48 223 
136 223 177 47 
137 143 144 224 
138 102 217 224 
139 225 216 89 
140 225 223 143 
141 177 223 225 
142 115 177 225 
143 89 115 225 
144 226 142 102 
145 226 221 142 
146 102 224 226 
147 226 224 144 
148 44 50 227 
149 50 188 227 
150 228 144 143 
151 48 44 228 
152 228 223 48 
153 143 223 228 
154 44 227 228 
155 228 227 144 
156 103 146 229 
157 229 146 145 
158 14 5 230 
159 12 146 232 
160 6 12 232 
161 74 73 233 
162 148 149 234 
163 235 155 86 
164 236 156 150 
165 88 112 237 
166 112 176 237 
167 239 154 105 
168 105 154 240 
169 9 10 241 
170 154 239 241 
171 242 236 104 
172 156 236 242 
173 104 234 242 
174 242 234 149 
175 243 156 106 
176 150 156 243 
177 243 235 150 
178 155 235 243 
179 72 158 244 
180 76 72 244 
181 30 159 31 
182 25 161 245 
183 29 25 245 
184 246 194 85 
185 132 194 246 
186 247 195 132 
187 132 246 247 
188 249 192 99 
189 250 249 166 
190 192 249 250 
191 193 192 250 
192 251 248 166 
193 166 249 251 
194 252 248 109 
195 166 248 252 
196 87 160 253 
197 254 160 107 
198 254 253 160 
199 256 30 32 
200 257 252 109 
201 30 256 258 
202 159 30 258 
203 20 118 259 
204 259 169 21 
205 21 20 259 
206 169 171 260 
207 260 163 15 
208 21 169 260 
209 15 21 260 
210 260 171 108 
211 108 163 260 
212 26 28 262 
213 111 175 263 
214 263 173 111 
215 66 182 264 
216 264 184 127 
217 64 66 264 
218 265 182 125 
219 265 125 96 
220 126 184 265 
221 85 189 267 
222 268 246 85 
223 98 186 272 
224 190 200 273 
225 131 190 273 
226 200 269 273 
227 274 179 84 
228 121 179 274 
229 201 274 275 
230 275 274 84 
231 344 202 276 
232 95 202 277 
233 277 120 95 
234 119 120 277 
235 278 202 95 
236 95 121 278 
237 201 276 278 
238 278 276 202 
239 100 210 279 
240 43 207 296 
241 52 43 296 
242 296 185 52 
243 296 209 185 
244 297 208 54 
245 298 210 136 
246 299 186 129 
247 299 272 186 
248 185 209 299 
249 129 185 299 
250 301 218 140 
251 140 219 301 
252 301 219 137 
253 137 211 301 
254 302 215 213 
255 196 212 302 
256 302 213 133 
257 133 196 302 
258 137 215 302 
259 302 212 137 
260 303 217 102 
261 141 220 303 
262 140 216 304 
263 305 219 140 
264 140 304 305 
265 305 304 217 
266 101 219 306 
267 219 305 306 
268 307 224 217 
269 217 304 307 
270 307 225 143 
271 143 224 307 
272 307 304 216 
273 216 225 307 
274 221 226 308 
275 308 227 188 
276 144 227 308 
277 308 226 144 
278 130 221 308 
279 308 188 130 
280 309 153 103 
281 147 153 309 
282 14 230 310 
283 13 14 310 
284 311 310 230 
285 312 311 230 
286 5 17 314 
287 6 232 315 
288 315 240 154 
289 10 6 315 
290 74 233 316 
291 62 74 316 
292 106 157 318 
293 318 317 106 
294 238 317 318 
295 105 151 319 
296 319 317 238 
297 155 317 319 
298 151 155 319 
299 88 237 320 
300 320 237 152 
301 320 113 88 
302 153 240 321 
303 240 315 321 
304 103 153 321 
305 321 146 103 
306 321 232 146 
307 321 315 232 
308 322 237 176 
309 322 241 239 
310 322 239 152 
311 152 237 322 
312 156 242 323 
313 323 244 158 
314 323 158 106 
315 106 156 323 
316 76 244 324 
317 324 242 149 
318 324 149 75 
319 75 76 324 
320 324 323 242 
321 244 323 324 
322 29 245 325 
323 325 263 175 
324 28 29 325 
325 195 247 326 
326 326 251 249 
327 326 249 99 
328 99 195 326 
329 165 251 326 
330 326 247 165 
331 327 170 87 
332 164 170 327 
333 328 257 255 
334 329 250 166 
335 252 257 329 
336 166 252 329 
337 330 254 107 
338 159 258 330 
339 107 159 330 
340 254 330 331 
341 331 330 258 
342 169 259 332 
343 110 169 332 
344 259 261 332 
345 333 118 92 
346 334 175 111 
347 261 333 334 
348 174 261 334 
349 111 174 334 
350 334 262 175 
351 26 262 335 
352 262 334 335 
353 335 92 27 
354 27 26 335 
355 335 333 92 
356 335 334 333 
357 336 245 161 
358 173 263 336 
359 107 173 336 
360 336 161 107 
361 193 250 337 
362 250 329 337 
363 337 191 193 
364 337 266 191 
365 191 266 338 
366 24 191 338 
367 33 24 338 
368 246 268 339 
369 165 247 339 
370 339 247 246 
371 341 267 198 
372 341 268 85 
373 85 267 341 
374 134 269 342 
375 342 269 200 
376 119 277 343 
377 343 178 119 
378 345 235 86 
379 470 345 86 
380 86 147 470 
381 150 235 347 
382 235 345 347 
383 347 345 281 
384 104 236 348 
385 349 346 204 
386 350 234 104 
387 150 347 351 
388 282 348 351 
389 351 236 150 
390 351 348 236 
391 100 279 353 
392 100 353 354 
393 354 270 100 
394 285 356 358 
395 358 357 285 
396 287 360 361 
397 361 360 109 
398 109 248 361 
399 368 367 205 
400 369 368 290 
401 367 368 369 
402 289 367 369 
403 372 367 289 
404 289 366 373 
405 373 372 289 
406 283 352 374 
407 124 181 375 
408 124 375 376 
409 376 180 124 
410 135 380 378 
411 135 378 379 
412 70 71 382 
413 206 377 383 
414 383 377 292 
415 292 294 383 
416 385 375 181 
417 385 382 294 
418 292 375 385 
419 385 294 292 
420 201 275 386 
421 295 386 388 
422 388 275 126 
423 388 386 275 
424 389 298 136 
425 298 389 390 
426 390 389 208 
427 208 297 390 
428 203 279 391 
429 391 280 203 
430 210 298 391 
431 391 279 210 
432 392 299 209 
433 272 299 392 
434 393 270 199 
435 136 210 394 
436 394 209 136 
437 210 393 394 
438 394 393 300 
439 394 392 209 
440 300 392 394 
441 199 271 395 
442 218 301 396 
443 40 39 396 
444 116 218 396 
445 39 116 396 
446 396 211 40 
447 396 301 211 
448 397 303 220 
449 397 306 305 
450 138 306 397 
451 397 220 138 
452 397 305 217 
453 217 303 397 
454 310 311 398 
455 400 312 231 
456 311 312 400 
457 401 313 162 
458 401 163 108 
459 162 163 401 
460 403 318 157 
461 113 320 403 
462 403 157 77 
463 77 113 403 
464 105 319 404 
465 404 319 238 
466 404 239 105 
467 152 239 404 
468 404 320 152 
469 238 320 404 
470 168 328 405 
471 405 331 258 
472 405 256 168 
473 405 258 256 
474 406 328 255 
475 168 266 407 
476 266 337 407 
477 407 337 329 
478 407 329 257 
479 110 332 408 
480 408 261 174 
481 408 332 261 
482 408 170 110 
483 408 174 170 
484 33 338 409 
485 409 338 266 
486 409 266 168 
487 168 256 409 
488 205 362 410 
489 412 362 287 
490 412 410 362 
491 413 341 198 
492 178 343 414 
493 414 297 178 
494 414 390 297 
495 415 391 298 
496 280 391 415 
497 415 344 280 
498 416 343 277 
499 344 415 416 
500 202 344 416 
501 416 277 202 
502 147 309 417 
503 345 470 418 
504 281 345 418 
505 419 347 281 
506 419 349 282 
507 346 349 419 
508 281 346 419 
509 282 351 419 
510 419 351 347 
511 234 350 420 
512 148 234 420 
513 421 348 282 
514 422 373 366 
515 422 366 135 
516 135 379 422 
517 422 379 283 
518 344 276 423 
519 423 280 344 
520 423 357 280 
521 424 353 279 
522 203 358 424 
523 424 279 203 
524 424 358 284 
525 284 353 424 
526 355 356 425 
527 426 360 287 
528 109 360 427 
529 360 426 427 
530 428 361 248 
531 428 251 165 
532 248 251 428 
533 286 380 433 
534 135 366 433 
535 433 380 135 
536 289 369 434 
537 434 366 289 
538 434 433 366 
539 435 355 425 
540 425 359 435 
541 436 359 286 
542 436 435 359 
543 370 435 436 
544 438 370 290 
545 371 437 440 
546 367 372 441 
547 205 367 441 
548 442 373 291 
549 372 373 442 
550 445 387 295 
551 446 352 283 
552 283 379 446 
553 286 359 447 
554 447 380 286 
555 448 378 293 
556 448 379 378 
557 378 380 449 
558 293 378 449 
559 450 382 71 
560 71 62 450 
561 451 381 206 
562 452 233 148 
563 452 316 233 
564 384 452 453 
565 453 452 148 
566 148 420 453 
567 316 452 455 
568 455 452 384 
569 384 454 455 
570 455 454 450 
571 206 381 456 
572 457 388 126 
573 295 387 459 
574 460 386 295 
575 295 459 460 
576 272 392 461 
577 461 395 342 
578 461 342 200 
579 200 272 461 
580 300 395 461 
581 461 392 300 
582 462 309 103 
583 103 229 462 
584 463 402 231 
585 18 162 463 
586 16 18 463 
587 331 405 464 
588 254 331 464 
589 464 406 167 
590 205 410 465 
591 465 368 205 
592 268 341 466 
593 165 339 467 
594 467 466 411 
595 268 466 467 
596 467 339 268 
597 390 414 468 
598 468 416 415 
599 468 415 298 
600 298 390 468 
601 343 416 468 
602 468 414 343 
603 469 443 204 
604 204 346 469 
605 282 349 471 
606 471 421 282 
607 357 423 472 
608 460 458 472 
609 472 458 285 
610 285 357 472 
611 473 426 288 
612 473 427 426 
613 255 427 473 
614 473 365 255 
615 361 428 474 
616 340 412 474 
617 231 402 475 
618 231 475 476 
619 476 400 231 
620 429 475 477 
621 477 402 313 
622 477 475 402 
623 365 473 480 
624 288 479 480 
625 480 473 288 
626 164 327 486 
627 487 486 327 
628 432 486 487 
629 488 481 364 
630 489 488 432 
631 481 488 489 
632 490 438 371 
633 371 440 490 
634 370 438 490 
635 490 435 370 
636 355 435 490 
637 433 434 491 
638 491 434 369 
639 491 436 286 
640 286 433 491 
641 491 369 290 
642 370 436 491 
643 290 370 491 
644 492 269 134 
645 493 438 290 
646 290 368 493 
647 368 465 493 
648 371 494 495 
649 495 437 371 
650 438 493 496 
651 439 494 496 
652 496 494 371 
653 371 438 496 
654 498 440 354 
655 498 490 440 
656 498 353 284 
657 498 354 353 
658 355 490 498 
659 284 355 498 
660 499 440 437 
661 354 440 499 
662 499 271 199 
663 499 437 271 
664 270 354 499 
665 199 270 499 
666 205 441 500 
667 500 362 205 
668 500 363 362 
669 387 445 501 
670 377 387 501 
671 292 377 501 
672 501 445 376 
673 352 446 502 
674 503 449 380 
675 380 447 503 
676 381 451 504 
677 504 448 293 
678 293 381 504 
679 505 420 350 
680 505 453 420 
681 294 454 506 
682 506 383 294 
683 507 456 381 
684 388 457 508 
685 509 425 356 
686 510 459 387 
687 460 459 511 
688 511 458 460 
689 386 460 512 
690 460 472 512 
691 201 386 512 
692 512 276 201 
693 512 423 276 
694 512 472 423 
695 439 496 513 
696 513 497 439 
697 513 493 465 
698 513 496 493 
699 410 497 513 
700 513 465 410 
701 443 469 514 
702 515 469 346 
703 281 418 515 
704 515 346 281 
705 516 474 428 
706 516 467 411 
707 165 467 516 
708 516 428 165 
709 340 474 516 
710 516 411 340 
711 400 476 517 
712 311 400 517 
713 517 398 311 
714 518 478 429 
715 429 477 518 
716 519 479 288 
717 365 480 520 
718 167 365 520 
719 521 442 291 
720 372 442 522 
721 523 478 364 
722 481 483 523 
723 364 481 523 
724 524 484 430 
725 430 479 524 
726 479 519 524 
727 164 486 529 
728 108 171 529 
729 529 171 164 
730 530 487 327 
731 530 327 87 
732 481 489 531 
733 430 481 531 
734 532 466 341 
735 341 413 532 
736 437 495 533 
737 534 497 340 
738 340 411 534 
739 535 524 519 
740 535 519 363 
741 363 500 535 
742 536 471 349 
743 204 502 536 
744 536 349 204 
745 379 448 537 
746 537 446 379 
747 421 471 539 
748 539 505 350 
749 350 421 539 
750 383 506 540 
751 541 508 457 
752 180 376 541 
753 541 457 96 
754 96 180 541 
755 445 508 541 
756 376 445 541 
757 425 509 542 
758 542 447 359 
759 543 510 456 
760 456 507 543 
761 478 518 544 
762 544 488 364 
763 364 478 544 
764 363 519 545 
765 545 519 288 
766 362 363 545 
767 287 362 545 
768 545 426 287 
769 288 426 545 
770 167 520 546 
771 546 253 167 
772 547 444 374 
773 547 521 291 
774 291 444 547 
775 548 522 482 
776 525 526 549 
777 551 550 526 
778 552 417 309 
779 552 551 526 
780 552 525 417 
781 552 526 525 
782 462 551 552 
783 309 462 552 
784 431 548 554 
785 554 548 482 
786 485 549 555 
787 528 555 556 
788 556 549 526 
789 556 555 549 
790 557 517 476 
791 528 557 558 
792 559 514 469 
793 515 561 559 
794 469 515 559 
795 527 554 560 
796 561 549 485 
797 525 549 561 
798 108 529 562 
799 562 401 108 
800 313 401 562 
801 563 489 432 
802 487 530 563 
803 432 487 563 
804 564 533 495 
805 492 533 564 
806 564 532 492 
807 466 532 565 
808 532 564 565 
809 565 534 411 
810 411 466 565 
811 431 484 566 
812 566 548 431 
813 522 548 567 
814 567 500 441 
815 567 535 500 
816 567 566 535 
817 548 566 567 
818 568 536 502 
819 446 537 568 
820 568 502 446 
821 569 454 384 
822 453 505 570 
823 570 569 384 
824 384 453 570 
825 571 504 451 
826 451 540 571 
827 572 537 448 
828 572 571 538 
829 504 571 572 
830 448 504 572 
831 573 542 509 
832 458 511 573 
833 573 509 458 
834 574 543 503 
835 542 573 574 
836 447 542 574 
837 574 503 447 
838 575 511 459 
839 575 573 511 
840 510 543 575 
841 459 510 575 
842 543 574 575 
843 575 574 573 
844 576 486 432 
845 488 544 576 
846 432 488 576 
847 576 529 486 
848 576 562 529 
849 528 556 577 
850 577 557 528 
851 578 550 399 
852 578 577 550 
853 398 517 578 
854 578 399 398 
855 557 577 578 
856 517 557 578 
857 485 555 579 
858 579 560 485 
859 527 560 579 
860 580 557 476 
861 580 558 557 
862 580 475 429 
863 580 476 475 
864 483 553 581 
865 581 523 483 
866 582 581 553 
867 478 523 583 
868 429 478 583 
869 523 581 583 
870 583 580 429 
871 558 580 583 
872 584 547 374 
873 514 559 584 
874 374 514 584 
875 585 559 561 
876 585 584 559 
877 525 561 586 
878 418 470 586 
879 417 525 586 
880 586 470 417 
881 586 515 418 
882 586 561 515 
883 587 544 518 
884 587 576 544 
885 562 576 587 
886 587 518 477 
887 588 546 520 
888 588 563 530 
889 530 546 588 
890 489 563 588 
891 588 531 489 
892 589 565 564 
893 589 564 495 
894 534 565 589 
895 590 572 538 
896 537 572 590 
897 590 568 537 
898 538 571 591 
899 591 569 538 
900 591 540 506 
901 591 571 540 
902 454 569 591 
903 591 506 454 
904 528 558 592 
905 558 582 592 
906 592 555 528 
907 592 579 555 
908 527 579 592 
909 584 585 593 
910 547 584 593 
911 521 547 593 
912 593 554 482 
913 482 521 593 
914 593 560 554 
915 593 585 560 
916 594 590 538 
917 536 568 595 
918 595 539 471 
919 471 536 595 
920 505 539 595 
921 595 570 505 
922 595 594 570 
923 81 94 61 
924 81 83 94 
925 83 81 82 
926 93 60 94 
927 60 93 58 
928 90 88 114 
929 88 90 112 
930 91 89 117 
931 89 91 115 
932 120 93 122 
933 93 120 59 
934 275 183 126 
935 183 275 84 
936 265 457 126 
937 457 265 96 
938 220 194 138 
939 303 222 141 
940 222 303 102 
941 145 310 398 
942 310 145 13 
943 149 73 75 
944 151 240 153 
945 240 151 105 
946 243 317 155 
947 317 243 106 
948 162 19 163 
949 19 162 18 
950 110 164 171 
951 164 110 170 
952 262 325 175 
953 325 262 28 
954 297 56 178 
955 56 297 54 
956 278 274 201 
957 274 278 121 
958 389 207 208 
959 207 389 136 
960 296 136 209 
961 136 296 207 
962 132 139 214 
963 139 132 195 
964 218 89 216 
965 89 218 116 
966 189 194 220 
967 194 189 85 
968 464 253 254 
969 253 464 167 
970 257 427 255 
971 427 257 109 
972 365 406 255 
973 406 365 167 
974 32 409 256 
975 409 32 33 
976 328 407 257 
977 407 328 168 
978 259 333 261 
979 333 259 118 
980 413 273 269 
981 273 413 198 
982 393 100 270 
983 100 393 210 
984 200 98 272 
985 98 200 190 
986 138 101 306 
987 101 138 214 
988 238 403 320 
989 403 238 318 
990 176 241 322 
991 241 176 9 
992 263 245 336 
993 245 263 325 
994 395 134 342 
995 134 395 271 
996 104 421 350 
997 421 104 348 
998 502 443 352 
999 443 502 204 
1000 356 284 358 
1001 284 356 355 
1002 203 357 358 
1003 357 203 280 
1004 375 501 376 
1005 501 375 292 
1006 181 382 385 
1007 382 181 70 
1008 456 377 206 
1009 300 199 395 
1010 199 300 393 
1011 470 147 417 
1012 444 373 422 
1013 373 444 291 
1014 283 444 422 
1015 444 283 374 
1016 425 542 359 
1017 295 508 445 
1018 508 295 388 
1019 507 293 449 
1020 293 507 381 
1021 206 540 451 
1022 540 206 383 
1023 294 450 454 
1024 450 294 382 
1025 450 316 455 
1026 316 450 62 
1027 510 377 456 
1028 377 510 387 
1029 509 285 458 
1030 285 509 356 
1031 229 399 462 
1032 314 16 463 
1033 16 314 17 
1034 405 406 464 
1035 406 405 328 
1036 479 531 480 
1037 531 479 430 
1038 483 430 484 
1039 430 483 481 
1040 533 271 437 
1041 494 589 495 
1042 589 494 439 
1043 87 546 530 
1044 546 87 253 
1045 413 492 532 
1046 492 413 269 
1047 566 524 535 
1048 524 566 484 
1049 507 503 543 
1050 503 507 449 
1051 551 399 550 
1052 399 551 462 
1053 527 431 554 
1054 431 527 553 
1055 585 485 560 
1056 485 585 561 
1057 587 313 562 
1058 313 587 477 
1059 441 522 567 
1060 522 441 372 
1061 594 569 570 
1062 569 594 538 
1063 556 550 577 
1064 550 556 526 
1065 582 583 581 
1066 583 582 558 
1067 520 531 588 
1068 531 520 480 
1069 439 534 589 
1070 534 439 497 
1071 568 594 595 
1072 594 568 590 
1073 154 10 315 
1074 10 154 241 
1075 198 131 273 
1076 131 198 267 
1077 82 264 127 
1078 264 82 64 
1079 195 213 139 
1080 213 195 99 
1081 233 149 148 
1082 149 233 73 
1083 141 267 189 
1084 267 141 131 
1085 184 182 265 
1086 182 184 264 
1087 412 497 410 
1088 497 412 340 
1089 287 474 412 
1090 474 287 361 
1091 514 352 443 
1092 352 514 374 
1093 162 402 463 
1094 402 162 313 
1095 484 553 483 
1096 553 484 431 
1097 134 533 492 
1098 533 134 271 
1099 442 482 522 
1100 482 442 521 
1101 582 527 592 
1102 527 582 553 
1103 312 5 314 
1104 5 312 230 
1105 145 399 229 
1106 399 145 398 
1107 314 231 312 
1108 231 314 463 
vertexCoord 
1 1.000000 1.000000 
2 0.000000 1.000000 
3 1.000000 0.000000 
4 0.000000 0.000000 
5 1.000000 0.500038 
6 1.000000 0.250044 
7 1.000000 0.100050 
8 1.000000 0.050025 
9 1.000000 0.150047 
10 1.000000 0.200046 
11 1.000000 0.350044 
12 1.000000 0.300044 
13 1.000000 0.400044 
14 1.000000 0.450041 
15 1.000000 0.750000 
16 1.000000 0.600041 
17 1.000000 0.550039 
18 1.000000 0.650033 
19 1.000000 0.700026 
20 1.000000 0.850050 
21 1.000000 0.800049 
22 1.000000 0.900038 
23 1.000000 0.950026 
24 0.499963 1.000000 
25 0.750000 1.000000 
26 0.899950 1.000000 
27 0.949951 1.000000 
28 0.849948 1.000000 
29 0.799974 1.000000 
30 0.649959 1.000000 
31 0.699980 1.000000 
32 0.599948 1.000000 
33 0.549956 1.000000 
34 0.249963 1.000000 
35 0.399959 1.000000 
36 0.449961 1.000000 
37 0.349948 1.000000 
38 0.299956 1.000000 
39 0.149959 1.000000 
40 0.199961 1.000000 
41 0.099948 1.000000 
42 0.049974 1.000000 
43 0.000000 0.499963 
44 0.000000 0.749957 
45 0.000000 0.899950 
46 0.000000 0.949951 
47 0.000000 0.849962 
48 0.000000 0.799959 
49 0.000000 0.649950 
50 0.000000 0.699951 
51 0.000000 0.599962 
52 0.000000 0.549974 
53 0.000000 0.249963 
54 0.000000 0.399955 
55 0.000000 0.449959 
56 0.000000 0.349948 
57 0.000000 0.299974 
58 0.000000 0.149959 
59 0.000000 0.199961 
60 0.000000 0.099948 
61 0.000000 0.049974 
62 0.500023 0.000000 
63 0.250037 0.000000 
64 0.100050 0.000000 
65 0.050049 0.000000 
66 0.150052 0.000000 
67 0.200044 0.000000 
68 0.350050 0.000000 
69 0.300044 0.000000 
70 0.400038 0.000000 
71 0.450031 0.000000 
72 0.750000 0.000000 
73 0.600036 0.000000 
74 0.550020 0.000000 
75 0.650052 0.000000 
76 0.700026 0.000000 
77 0.850041 0.000000 
78 0.800020 0.000000 
79 0.900052 0.000000 
80 0.950026 0.000000 
81 0.034546 0.040355 
82 0.085857 0.039895 
83 0.076074 0.085213 
84 0.139139 0.152172 
85 0.276376 0.738587 
86 0.791164 0.225830 
87 0.766414 0.800784 
88 0.928954 0.064809 
89 0.077811 0.926384 
90 0.962086 0.037981 
91 0.040421 0.959564 
92 0.962318 0.957555 
93 0.030935 0.155358 
94 0.034991 0.093758 
95 0.091373 0.231195 
96 0.245736 0.067468 
97 0.109189 0.122663 
98 0.130192 0.654779 
99 0.372077 0.871368 
100 0.201790 0.459326 
101 0.251294 0.870558 
102 0.136923 0.758766 
103 0.906391 0.310473 
104 0.660914 0.124368 
105 0.891327 0.189528 
106 0.779687 0.091291 
107 0.726862 0.904983 
108 0.913232 0.710934 
109 0.507570 0.765644 
110 0.892716 0.792286 
111 0.832255 0.890558 
112 0.965785 0.081214 
113 0.891173 0.043628 
114 0.927741 0.031942 
115 0.039158 0.914803 
116 0.118843 0.964014 
117 0.077400 0.969992 
118 0.975250 0.902290 
119 0.034571 0.284180 
120 0.043465 0.225858 
121 0.109524 0.200100 
122 0.075865 0.185325 
123 0.270678 0.035053 
124 0.319817 0.042993 
125 0.225408 0.035134 
126 0.194483 0.115418 
127 0.119947 0.079966 
128 0.072480 0.134533 
129 0.064613 0.611657 
130 0.064306 0.655106 
131 0.200390 0.704767 
132 0.314163 0.815473 
133 0.354154 0.920190 
134 0.229374 0.587833 
135 0.485229 0.342109 
136 0.092555 0.475777 
137 0.249157 0.923863 
138 0.240772 0.825320 
139 0.313226 0.853727 
140 0.162678 0.895220 
141 0.203111 0.745406 
142 0.130526 0.707758 
143 0.069202 0.811108 
144 0.066299 0.758348 
145 0.955018 0.383368 
146 0.956557 0.319418 
147 0.826632 0.265264 
148 0.598274 0.069675 
149 0.641067 0.038463 
150 0.728802 0.161075 
151 0.848992 0.218364 
152 0.913884 0.133013 
153 0.879275 0.267745 
154 0.939597 0.200901 
155 0.801591 0.181145 
156 0.732090 0.113648 
157 0.811888 0.048385 
158 0.768504 0.040460 
159 0.689606 0.948067 
160 0.748928 0.846643 
161 0.728510 0.956225 
162 0.951172 0.650556 
163 0.956929 0.706066 
164 0.852850 0.757103 
165 0.391960 0.760278 
166 0.454863 0.825575 
167 0.662291 0.786860 
168 0.563154 0.902085 
169 0.948958 0.790596 
170 0.837548 0.806818 
171 0.904678 0.751737 
172 0.804200 0.848737 
173 0.778437 0.888369 
174 0.858858 0.858336 
175 0.842895 0.930951 
176 0.969352 0.126507 
177 0.029026 0.873076 
178 0.028157 0.334515 
179 0.107825 0.164883 
180 0.284022 0.067950 
181 0.372437 0.036184 
182 0.179842 0.036757 
183 0.152059 0.118676 
184 0.164346 0.076750 
185 0.041062 0.567363 
186 0.095933 0.626551 
187 0.032136 0.627418 
188 0.032382 0.677914 
189 0.242328 0.755272 
190 0.166014 0.681481 
191 0.484005 0.957246 
192 0.400257 0.905105 
193 0.434300 0.945268 
194 0.271493 0.788428 
195 0.344278 0.839781 
196 0.328145 0.961896 
197 0.377794 0.955410 
198 0.232234 0.687631 
199 0.206031 0.523433 
200 0.167412 0.627586 
201 0.176397 0.217455 
202 0.116644 0.270601 
203 0.200310 0.375869 
204 0.632264 0.262783 
205 0.494403 0.546445 
206 0.404607 0.175994 
207 0.040549 0.466129 
208 0.035630 0.420605 
209 0.086987 0.533445 
210 0.149098 0.449370 
211 0.223274 0.963088 
212 0.276469 0.963697 
213 0.332645 0.885859 
214 0.280081 0.839725 
215 0.288840 0.883246 
216 0.116705 0.886601 
217 0.148484 0.814587 
218 0.140131 0.927491 
219 0.209013 0.887370 
220 0.223626 0.783853 
221 0.097296 0.680846 
222 0.169043 0.729230 
223 0.034702 0.830218 
224 0.104288 0.786198 
225 0.071270 0.870449 
226 0.100055 0.733008 
227 0.032836 0.728737 
228 0.033840 0.779721 
229 0.922315 0.351088 
230 0.972222 0.475997 
231 0.924809 0.551542 
232 0.968651 0.276353 
233 0.578340 0.033257 
234 0.637508 0.089564 
235 0.759445 0.192476 
236 0.699868 0.132775 
237 0.934416 0.107517 
238 0.850200 0.117510 
239 0.922026 0.163038 
240 0.907288 0.233473 
241 0.962838 0.165259 
242 0.684572 0.085996 
243 0.767860 0.145285 
244 0.727817 0.028722 
245 0.775414 0.964046 
246 0.313166 0.767792 
247 0.349795 0.792882 
248 0.466365 0.776363 
249 0.413845 0.850915 
250 0.445459 0.881140 
251 0.424642 0.795732 
252 0.491341 0.806023 
253 0.706707 0.816225 
254 0.696880 0.864260 
255 0.581726 0.784836 
256 0.606284 0.943309 
257 0.536187 0.813685 
258 0.649041 0.924534 
259 0.955123 0.848551 
260 0.957412 0.750798 
261 0.906274 0.863168 
262 0.871718 0.961348 
263 0.802611 0.927669 
264 0.133356 0.037856 
265 0.206388 0.071828 
266 0.522909 0.926835 
267 0.238239 0.720894 
268 0.316483 0.722131 
269 0.215390 0.624528 
270 0.214587 0.491564 
271 0.238532 0.549595 
272 0.128067 0.603917 
273 0.204572 0.663669 
274 0.141728 0.188407 
275 0.185788 0.166114 
276 0.160453 0.263221 
277 0.072147 0.274395 
278 0.132687 0.228497 
279 0.194954 0.418447 
280 0.169407 0.343543 
281 0.707240 0.248916 
282 0.659117 0.190275 
283 0.564691 0.333404 
284 0.262311 0.406994 
285 0.259873 0.335505 
286 0.422966 0.376326 
287 0.504454 0.676084 
288 0.591480 0.675998 
289 0.503020 0.442391 
290 0.423137 0.475566 
291 0.578249 0.409792 
292 0.380742 0.107495 
293 0.443368 0.250113 
294 0.428173 0.080678 
295 0.269317 0.183296 
296 0.043628 0.515500 
297 0.031810 0.376459 
298 0.115655 0.413399 
299 0.090088 0.582815 
300 0.166057 0.536040 
301 0.192528 0.926769 
302 0.304902 0.923125 
303 0.177294 0.777201 
304 0.141344 0.860429 
305 0.179698 0.854501 
306 0.215913 0.851132 
307 0.106995 0.839634 
308 0.064995 0.706133 
309 0.857134 0.304662 
310 0.965807 0.436888 
311 0.940196 0.474814 
312 0.953768 0.510044 
313 0.901070 0.632210 
314 0.965649 0.548821 
315 0.957458 0.239175 
316 0.527267 0.029468 
317 0.809886 0.133459 
318 0.820785 0.091474 
319 0.846259 0.166491 
320 0.887990 0.098291 
321 0.929270 0.274440 
322 0.940503 0.139067 
323 0.730371 0.066160 
324 0.689556 0.036842 
325 0.824299 0.964059 
326 0.383760 0.819378 
327 0.800653 0.762077 
328 0.573855 0.843470 
329 0.489598 0.850663 
330 0.683311 0.903408 
331 0.660185 0.880608 
332 0.918043 0.824600 
333 0.932883 0.906618 
334 0.880023 0.909732 
335 0.915277 0.957146 
336 0.762367 0.928258 
337 0.482132 0.905721 
338 0.523215 0.968047 
339 0.347377 0.751692 
340 0.412618 0.657678 
341 0.274994 0.693700 
342 0.194260 0.595923 
343 0.064037 0.320332 
344 0.143651 0.308214 
345 0.748746 0.236091 
346 0.669872 0.262400 
347 0.720054 0.205681 
348 0.671443 0.156269 
349 0.645830 0.225540 
350 0.627568 0.125277 
351 0.693924 0.176767 
352 0.595210 0.308869 
353 0.234108 0.433676 
354 0.244297 0.471361 
355 0.308114 0.415416 
356 0.286283 0.374843 
357 0.215461 0.336409 
358 0.240579 0.369675 
359 0.375205 0.376831 
360 0.519238 0.723343 
361 0.482844 0.723432 
362 0.510259 0.609778 
363 0.559474 0.605430 
364 0.766782 0.616616 
365 0.625002 0.758825 
366 0.503691 0.392631 
367 0.498532 0.494786 
368 0.458809 0.508546 
369 0.463590 0.463986 
370 0.386591 0.450337 
371 0.331628 0.521157 
372 0.539362 0.465850 
373 0.542360 0.413550 
374 0.600914 0.350902 
375 0.352462 0.078640 
376 0.311412 0.093111 
377 0.363504 0.163073 
378 0.462683 0.285906 
379 0.516231 0.299957 
380 0.436951 0.329008 
381 0.418556 0.214621 
382 0.419260 0.036217 
383 0.409533 0.130547 
384 0.530894 0.094404 
385 0.393458 0.065748 
386 0.220622 0.203620 
387 0.319187 0.175915 
388 0.226136 0.152865 
389 0.070402 0.434012 
390 0.066808 0.393122 
391 0.159691 0.392618 
392 0.127309 0.556805 
393 0.178132 0.494293 
394 0.131232 0.506026 
395 0.199279 0.561901 
396 0.170916 0.963579 
397 0.198786 0.817910 
398 0.926114 0.435027 
399 0.899684 0.391655 
400 0.919858 0.507258 
401 0.919758 0.674080 
402 0.915371 0.600547 
403 0.852261 0.066724 
404 0.883983 0.148261 
405 0.616358 0.877082 
406 0.619095 0.814138 
407 0.527602 0.871834 
408 0.887144 0.828401 
409 0.560911 0.956713 
410 0.457711 0.587699 
411 0.370847 0.672742 
412 0.458262 0.639088 
413 0.246241 0.656324 
414 0.056369 0.356766 
415 0.128726 0.355081 
416 0.102698 0.314352 
417 0.807130 0.305640 
418 0.738358 0.273378 
419 0.682673 0.218263 
420 0.605670 0.102899 
421 0.643389 0.157157 
422 0.531494 0.364625 
423 0.188357 0.299983 
424 0.225780 0.399894 
425 0.330958 0.377871 
426 0.552521 0.700127 
427 0.548804 0.751428 
428 0.436952 0.742118 
429 0.833562 0.574078 
430 0.672159 0.615402 
431 0.667567 0.510947 
432 0.777320 0.695651 
433 0.460313 0.380900 
434 0.472235 0.421792 
435 0.354577 0.416061 
436 0.394326 0.409005 
437 0.282408 0.536542 
438 0.378339 0.493278 
439 0.379300 0.581239 
440 0.286879 0.493366 
441 0.540208 0.515261 
442 0.573512 0.443398 
443 0.620845 0.293995 
444 0.567194 0.376160 
445 0.295603 0.137618 
446 0.559188 0.279560 
447 0.391622 0.336853 
448 0.485544 0.249655 
449 0.429732 0.282746 
450 0.471421 0.034693 
451 0.436865 0.186132 
452 0.553165 0.063986 
453 0.572490 0.099539 
454 0.479081 0.083111 
455 0.511827 0.059663 
456 0.384913 0.213980 
457 0.233383 0.107527 
458 0.280349 0.299072 
459 0.305074 0.226515 
460 0.259642 0.248000 
461 0.163731 0.580362 
462 0.886918 0.345807 
463 0.960853 0.602217 
464 0.655336 0.833757 
465 0.448582 0.544718 
466 0.325878 0.683063 
467 0.365480 0.715380 
468 0.090985 0.357489 
469 0.655486 0.297425 
470 0.777445 0.269933 
471 0.625390 0.189935 
472 0.235022 0.295493 
473 0.588251 0.729098 
474 0.450889 0.690451 
475 0.878204 0.562657 
476 0.879795 0.521946 
477 0.868538 0.601962 
478 0.795049 0.590951 
479 0.633168 0.648450 
480 0.629971 0.703376 
481 0.716960 0.625586 
482 0.615857 0.454738 
483 0.706748 0.575913 
484 0.669461 0.561552 
485 0.736564 0.403057 
486 0.817973 0.719182 
487 0.779018 0.728629 
488 0.766473 0.653892 
489 0.733051 0.681386 
490 0.332161 0.462582 
491 0.431880 0.425416 
492 0.259223 0.617981 
493 0.417571 0.515772 
494 0.349388 0.559858 
495 0.313182 0.566980 
496 0.380312 0.532135 
497 0.414766 0.610451 
498 0.277978 0.447233 
499 0.244725 0.510541 
500 0.546730 0.563105 
501 0.336909 0.126307 
502 0.595554 0.267560 
503 0.399394 0.294787 
504 0.458323 0.214117 
505 0.592918 0.133290 
506 0.447002 0.110512 
507 0.406263 0.253918 
508 0.259381 0.136486 
509 0.308032 0.340321 
510 0.346694 0.217031 
511 0.301959 0.269745 
512 0.206453 0.253991 
513 0.416374 0.562002 
514 0.630572 0.327611 
515 0.704488 0.298909 
516 0.405013 0.706455 
517 0.900946 0.477162 
518 0.830114 0.607006 
519 0.593816 0.625119 
520 0.669484 0.735889 
521 0.603121 0.423532 
522 0.580318 0.484695 
523 0.750971 0.581964 
524 0.632297 0.595125 
525 0.788743 0.347697 
526 0.822400 0.382298 
527 0.711597 0.479565 
528 0.807915 0.462301 
529 0.863515 0.710523 
530 0.752033 0.750158 
531 0.678846 0.675332 
532 0.290516 0.650227 
533 0.270951 0.578141 
534 0.375934 0.626884 
535 0.595494 0.574803 
536 0.608158 0.224913 
537 0.524784 0.244437 
538 0.504225 0.171034 
539 0.614725 0.156948 
540 0.434175 0.147027 
541 0.272469 0.101125 
542 0.349717 0.340748 
543 0.371599 0.258504 
544 0.804765 0.630569 
545 0.550776 0.650595 
546 0.709981 0.770385 
547 0.606417 0.391160 
548 0.626501 0.498841 
549 0.777802 0.389524 
550 0.856961 0.410478 
551 0.862218 0.375039 
552 0.838121 0.340241 
553 0.708107 0.526185 
554 0.660395 0.464855 
555 0.772195 0.431680 
556 0.814147 0.420156 
557 0.851534 0.482946 
558 0.800396 0.502752 
559 0.675433 0.338370 
560 0.696074 0.429082 
561 0.732147 0.353579 
562 0.877958 0.673783 
563 0.750603 0.715521 
564 0.302051 0.609575 
565 0.334624 0.640045 
566 0.629681 0.545423 
567 0.586471 0.530084 
568 0.565552 0.224579 
569 0.514367 0.130527 
570 0.556153 0.134953 
571 0.469446 0.175080 
572 0.494872 0.209687 
573 0.328842 0.310937 
574 0.363644 0.301675 
575 0.336302 0.264068 
576 0.821624 0.674787 
577 0.843761 0.443332 
578 0.888247 0.440780 
579 0.735595 0.443683 
580 0.838895 0.532410 
581 0.741587 0.549807 
582 0.752186 0.513904 
583 0.789879 0.550083 
584 0.641039 0.368076 
585 0.687672 0.384688 
586 0.753874 0.313041 
587 0.848551 0.640164 
588 0.715666 0.721445 
589 0.342413 0.597430 
590 0.526264 0.204522 
591 0.476577 0.134829 
592 0.761546 0.475031 
593 0.644368 0.416590 
594 0.541820 0.174116 
595 0.586388 0.176962 
BC_Tag
1 5
2 2
3 16
4 18
5 23
6 23
7 23
8 23
9 23
10 23
11 23
12 23
13 23
14 23
15 23
16 23
17 23
18 23
19 23
20 23
21 23
22 23
23 23
24 6
25 6
26 6
27 6
28 6
29 6
30 6
31 6
32 6
33 6
34 6
35 6
36 6
37 6
38 6
39 6
40 6
41 6
42 6
43 24
44 24
45 24
46 24
47 24
48 24
49 24
50 24
51 24
52 24
53 24
54 24
55 24
56 24
57 24
58 24
59 24
60 24
61 24
62 14
63 14
64 14
65 14
66 14
67 14
68 14
69 14
70 14
71 14
72 14
73 14
74 14
75 14
76 14
77 14
78 14
79 14
80 14
81 26
82 26
83 26
84 26
85 26
86 26
87 26
88 26
89 26
90 26
91 26
92 26
93 26
94 26
95 26
96 26
97 26
98 26
99 26
100 26
101 26
102 26
103 26
104 26
105 26
106 26
107 26
108 26
109 26
110 26
111 26
112 26
113 26
114 26
115 26
116 26
117 26
118 26
119 26
120 26
121 26
122 26
123 26
124 26
125 26
126 26
127 26
128 26
129 26
130 26
131 26
132 26
133 26
134 26
135 26
136 26
137 26
138 26
139 26
140 26
141 26
142 26
143 26
144 26
145 26
146 26
147 26
148 26
149 26
150 26
151 26
152 26
153 26
154 26
155 26
156 26
157 26
158 26
159 26
160 26
161 26
162 26
163 26
164 26
165 26
166 26
167 26
168 26
169 26
170 26
171 26
172 26
173 26
174 26
175 26
176 26
177 26
178 26
179 26
180 26
181 26
182 26
183 26
184 26
185 26
186 26
187 26
188 26
189 26
190 26
191 26
192 26
193 26
194 26
195 26
196 26
197 26
198 26
199 26
200 26
201 26
202 26
203 26
204 26
205 26
206 26
207 26
208 26
209 26
210 26
211 26
212 26
213 26
214 26
215 26
216 26
217 26
218 26
219 26
220 26
221 26
222 26
223 26
224 26
225 26
226 26
227 26
228 26
229 26
230 26
231 26
232 26
233 26
234 26
235 26
236 26
237 26
238 26
239 26
240 26
241 26
242 26
243 26
244 26
245 26
246 26
247 26
248 26
249 26
250 26
251 26
252 26
253 26
254 26
255 26
256 26
257 26
258 26
259 26
260 26
261 26
262 26
263 26
264 26
265 26
266 26
267 26
268 26
269 26
270 26
271 26
272 26
273 26
274 26
275 26
276 26
277 26
278 26
279 26
280 26
281 26
282 26
283 26
284 26
285 26
286 26
287 26
288 26
289 26
290 26
291 26
292 26
293 26
294 26
295 26
296 26
297 26
298 26
299 26
300 26
301 26
302 26
303 26
304 26
305 26
306 26
307 26
308 26
309 26
310 26
311 26
312 26
313 26
314 26
315 26
316 26
317 26
318 26
319 26
320 26
321 26
322 26
323 26
324 26
325 26
326 26
327 26
328 26
329 26
330 26
331 26
332 26
333 26
334 26
335 26
336 26
337 26
338 26
339 26
340 26
341 26
342 26
343 26
344 26
345 26
346 26
347 26
348 26
349 26
350 26
351 26
352 26
353 26
354 26
355 26
356 26
357 26
358 26
359 26
360 26
361 26
362 26
363 26
364 26
365 26
366 26
367 26
368 26
369 26
370 26
371 26
372 26
373 26
374 26
375 26
376 26
377 26
378 26
379 26
380 26
381 26
382 26
383 26
384 26
385 26
386 26
387 26
388 26
389 26
390 26
391 26
392 26
393 26
394 26
395 26
396 26
397 26
398 26
399 26
400 26
401 26
402 26
403 26
404 26
405 26
406 26
407 26
408 26
409 26
410 26
411 26
412 26
413 26
414 26
415 26
416 26
417 26
418 26
419 26
420 26
421 26
422 26
423 26
424 26
425 26
426 26
427 26
428 26
429 26
430 26
431 26
432 26
433 26
434 26
435 26
436 26
437 26
438 26
439 26
440 26
441 26
442 26
443 26
444 26
445 26
446 26
447 26
448 26
449 26
450 26
451 26
452 26
453 26
454 26
455 26
456 26
457 26
458 26
459 26
460 26
461 26
462 26
463 26
464 26
465 26
466 26
467 26
468 26
469 26
470 26
471 26
472 26
473 26
474 26
475 26
476 26
477 26
478 26
479 26
480 26
481 26
482 26
483 26
484 26
485 26
486 26
487 26
488 26
489 26
490 26
491 26
492 26
493 26
494 26
495 26
496 26
497 26
498 26
499 26
500 26
501 26
502 26
503 26
504 26
505 26
506 26
507 26
508 26
509 26
510 26
511 26
512 26
513 26
514 26
515 26
516 26
517 26
518 26
519 26
520 26
521 26
522 26
523 26
524 26
525 26
526 26
527 26
528 26
529 26
530 26
531 26
532 26
533 26
534 26
535 26
536 26
537 26
538 26
539 26
540 26
541 26
542 26
543 26
544 26
545 26
546 26
547 26
548 26
549 26
550 26
551 26
552 26
553 26
554 26
555 26
556 26
557 26
558 26
559 26
560 26
561 26
562 26
563 26
564 26
565 26
566 26
567 26
568 26
569 26
570 26
571 26
572 26
573 26
574 26
575 26
576 26
577 26
578 26
579 26
580 26
581 26
582 26
583 26
584 26
585 26
586 26
587 26
588 26
589 26
590 26
591 26
592 26
593 26
594 26
595 26
BCelement14 20 
1 
4 
217 
84 
41 
36 
38 
82 
412 
560 
291 
161 
943 
319 
180 
56 
53 
16 
20 
5 
BCelement6 20 
9 
354 
212 
324 
183 
59 
181 
199 
975 
367 
99 
101 
104 
103 
114 
113 
443 
23 
27 
7 
BCelement24 20 
8 
21 
72 
135 
151 
148 
95 
91 
89 
241 
110 
112 
955 
74 
31 
32 
12 
927 
13 
2 
BCelement23 20 
6 
14 
70 
169 
289 
160 
49 
47 
283 
158 
286 
1033 
586 
949 
60 
209 
205 
28 
30 
10 
