Edge min = 0.058539, max=0.115942, average=0.104991;
Grid_size 42
Node_size 34
Total_DOF 109
maxDOF 6
Solution_Order
2 
 meshIEN 
25 7 3 
 25 6 8 
 27 1 7 
 27 9 1 
 7 25 27 
 26 16 14 
 27 2 9 
 27 8 2 
 27 25 8 
 28 14 15 
 28 26 14 
 19 26 28 
 28 21 19 
 21 28 29 
 29 18 21 
 29 15 10 
 29 28 15 
 30 10 13 
 30 29 10 
 18 29 30 
 30 23 18 
 23 30 31 
 31 22 23 
 31 13 11 
 31 30 13 
 32 4 17 
 32 12 4 
 32 5 24 
 32 17 5 
 6 25 33 
 33 25 3 
 33 20 6 
 33 26 20 
 16 26 33 
 33 3 16 
 12 32 34 
 34 11 12 
 34 31 11 
 34 32 24 
 19 20 26 
 22 31 34 
 34 24 22 
 solutionIEN 
25 7 3 60 35 59 
 25 6 8 62 38 61 
 27 1 7 64 36 63 
 27 9 1 69 39 64 
 7 25 27 60 72 63 
 26 16 14 68 47 67 
 27 2 9 70 40 69 
 27 8 2 71 37 70 
 27 25 8 72 61 71 
 28 14 15 75 46 73 
 28 26 14 76 67 75 
 19 26 28 66 76 77 
 28 21 19 74 53 77 
 21 28 29 74 81 80 
 29 18 21 78 54 80 
 29 15 10 82 45 79 
 29 28 15 81 73 82 
 30 10 13 85 44 83 
 30 29 10 86 79 85 
 18 29 30 78 86 87 
 30 23 18 84 55 87 
 23 30 31 84 91 90 
 31 22 23 89 56 90 
 31 13 11 92 43 88 
 31 30 13 91 83 92 
 32 4 17 93 50 97 
 32 12 4 94 41 93 
 32 5 24 96 58 95 
 32 17 5 97 49 96 
 6 25 33 62 99 98 
 33 25 3 99 59 100 
 33 20 6 101 51 98 
 33 26 20 102 65 101 
 16 26 33 68 102 103 
 33 3 16 100 48 103 
 12 32 34 94 105 104 
 34 11 12 106 42 104 
 34 31 11 107 88 106 
 34 32 24 105 95 108 
 19 20 26 52 65 66 
 22 31 34 89 107 109 
 34 24 22 108 57 109 
 solutionOrder
2 2 2 2 
 2 2 2 2 
 2 2 2 2 
 2 2 2 2 
 2 2 2 2 
 2 2 2 2 
 2 2 2 2 
 2 2 2 2 
 2 2 2 2 
 2 2 2 2 
 2 2 2 2 
 2 2 2 2 
 2 2 2 2 
 2 2 2 2 
 2 2 2 2 
 2 2 2 2 
 2 2 2 2 
 2 2 2 2 
 2 2 2 2 
 2 2 2 2 
 2 2 2 2 
 2 2 2 2 
 2 2 2 2 
 2 2 2 2 
 2 2 2 2 
 2 2 2 2 
 2 2 2 2 
 2 2 2 2 
 2 2 2 2 
 2 2 2 2 
 2 2 2 2 
 2 2 2 2 
 2 2 2 2 
 2 2 2 2 
 2 2 2 2 
 2 2 2 2 
 2 2 2 2 
 2 2 2 2 
 2 2 2 2 
 2 2 2 2 
 2 2 2 2 
 2 2 2 2 
 vertexCoord 
0.000000 0.000000 
 -0.000000 0.200000 
 0.200000 0.000000 
 1.000000 0.000000 
 1.000000 0.200000 
 0.200000 0.200000 
 0.100000 0.000000 
 0.100000 0.200000 
 -0.000000 0.100000 
 0.600000 0.000000 
 0.800000 0.000000 
 0.900000 0.000000 
 0.700000 0.000000 
 0.400000 0.000000 
 0.500000 0.000000 
 0.300000 0.000000 
 1.000000 0.100000 
 0.600000 0.200000 
 0.400000 0.200000 
 0.300000 0.200000 
 0.500000 0.200000 
 0.800000 0.200000 
 0.700000 0.200000 
 0.900000 0.200000 
 0.151536 0.100293 
 0.350187 0.100115 
 0.058589 0.100049 
 0.450322 0.100000 
 0.550102 0.099995 
 0.650017 0.099988 
 0.750000 0.099936 
 0.941461 0.099976 
 0.250287 0.100068 
 0.848577 0.099985 
 bc_tag 
184 
 110 
 15 
 10 
 5 
 2 
 190 
 117 
 185 
 16 
 16 
 16 
 16 
 16 
 16 
 16 
 11 
 6 
 6 
 6 
 6 
 6 
 6 
 6 
 120 
 120 
 120 
 120 
 120 
 120 
 120 
 120 
 120 
 120 
 190 
 190 
 117 
 117 
 185 
 185 
 16 
 16 
 16 
 16 
 16 
 16 
 16 
 16 
 11 
 11 
 6 
 6 
 6 
 6 
 6 
 6 
 6 
 6 
 120 
 120 
 120 
 120 
 120 
 120 
 120 
 120 
 120 
 120 
 120 
 120 
 120 
 120 
 120 
 120 
 120 
 120 
 120 
 120 
 120 
 120 
 120 
 120 
 120 
 120 
 120 
 120 
 120 
 120 
 120 
 120 
 120 
 120 
 120 
 120 
 120 
 120 
 120 
 120 
 120 
 120 
 120 
 120 
 120 
 120 
 120 
 120 
 120 
 120 
 120 
 edgeUsage
1 1 0 
 1 1 0 
 1 1 0 
 1 1 0 
 0 0 1 
 1 1 0 
 1 1 0 
 1 1 0 
 1 1 0 
 1 1 0 
 1 1 0 
 0 0 1 
 1 1 0 
 0 0 1 
 1 1 0 
 1 1 0 
 1 1 0 
 1 1 0 
 1 1 0 
 0 0 1 
 1 1 0 
 0 0 1 
 1 1 0 
 1 1 0 
 1 1 0 
 1 1 0 
 1 1 0 
 1 1 0 
 1 1 0 
 0 0 1 
 1 1 0 
 1 1 0 
 1 1 0 
 0 0 1 
 1 1 0 
 0 0 1 
 1 1 0 
 1 1 0 
 1 1 0 
 1 0 1 
 0 0 1 
 1 1 0 
 bcElement 24
1 190 1 
3 190 1 
4 185 1 
7 185 1 
8 117 1 
2 117 1 
32 6 1 
40 6 3 
13 6 1 
15 6 1 
21 6 1 
23 6 1 
42 6 1 
28 6 1 
29 11 1 
26 11 1 
27 16 1 
37 16 1 
24 16 1 
18 16 1 
16 16 1 
10 16 1 
6 16 1 
35 16 1 
