Edge min = 0.014635, max=0.028985, average=0.026418;
Grid_size 672
Node_size 385
Total_DOF 385
edge_Size 1056
maxDOF 3
Solution_Order
1 
 meshIEN 
158 107 160 
 159 108 158 
 160 97 159 
 160 159 158 
 161 8 10 
 162 107 161 
 10 3 162 
 10 162 161 
 163 108 164 
 11 8 163 
 164 7 11 
 164 11 163 
 158 108 163 
 161 107 158 
 163 8 161 
 163 161 158 
 165 109 167 
 166 110 165 
 167 97 166 
 167 166 165 
 168 16 19 
 169 109 168 
 19 14 169 
 19 169 168 
 170 110 171 
 20 16 170 
 171 6 20 
 171 20 170 
 165 110 170 
 168 109 165 
 170 16 168 
 170 168 165 
 172 111 174 
 173 112 172 
 174 99 173 
 174 173 172 
 175 9 12 
 176 111 175 
 12 7 176 
 12 176 175 
 177 112 178 
 13 9 177 
 178 1 13 
 178 13 177 
 172 112 177 
 175 111 172 
 177 9 175 
 177 175 172 
 179 112 173 
 180 113 179 
 173 99 180 
 173 180 179 
 181 22 24 
 178 112 181 
 24 1 178 
 24 178 181 
 182 113 183 
 25 22 182 
 183 21 25 
 183 25 182 
 179 113 182 
 181 112 179 
 182 22 181 
 182 181 179 
 184 111 176 
 164 108 184 
 176 7 164 
 176 164 184 
 185 114 186 
 174 111 185 
 186 99 174 
 186 174 185 
 187 108 159 
 188 114 187 
 159 97 188 
 159 188 187 
 184 108 187 
 185 111 184 
 187 114 185 
 187 185 184 
 189 115 191 
 190 116 189 
 191 98 190 
 191 190 189 
 192 41 55 
 193 115 192 
 55 32 193 
 55 193 192 
 194 116 195 
 56 41 194 
 195 34 56 
 195 56 194 
 189 116 194 
 192 115 189 
 194 41 192 
 194 192 189 
 196 113 180 
 197 117 196 
 180 99 197 
 180 197 196 
 198 23 26 
 183 113 198 
 26 21 183 
 26 183 198 
 199 117 200 
 27 23 199 
 200 2 27 
 200 27 199 
 196 117 199 
 198 113 196 
 199 23 198 
 199 198 196 
 201 117 197 
 202 118 201 
 197 99 202 
 197 202 201 
 203 15 17 
 200 117 203 
 17 2 200 
 17 200 203 
 204 118 205 
 18 15 204 
 205 14 18 
 205 18 204 
 201 118 204 
 203 117 201 
 204 15 203 
 204 203 201 
 206 118 202 
 186 114 206 
 202 99 186 
 202 186 206 
 207 109 169 
 205 118 207 
 169 14 205 
 169 205 207 
 208 114 188 
 167 109 208 
 188 97 167 
 188 167 208 
 206 114 208 
 207 118 206 
 208 109 207 
 208 207 206 
 209 119 211 
 210 120 209 
 211 100 210 
 211 210 209 
 212 40 53 
 213 119 212 
 53 33 213 
 53 213 212 
 214 120 215 
 54 40 214 
 215 32 54 
 215 54 214 
 209 120 214 
 212 119 209 
 214 40 212 
 214 212 209 
 216 120 210 
 217 121 216 
 210 100 217 
 210 217 216 
 218 115 193 
 215 120 218 
 193 32 215 
 193 215 218 
 219 121 220 
 191 115 219 
 220 98 191 
 220 191 219 
 216 121 219 
 218 120 216 
 219 115 218 
 219 218 216 
 221 122 223 
 222 123 221 
 223 67 222 
 223 222 221 
 224 121 217 
 225 122 224 
 217 100 225 
 217 225 224 
 226 123 227 
 220 121 226 
 227 98 220 
 227 220 226 
 221 123 226 
 224 122 221 
 226 121 224 
 226 224 221 
 228 122 225 
 229 124 228 
 225 100 229 
 225 229 228 
 230 75 85 
 223 122 230 
 85 67 223 
 85 223 230 
 231 124 232 
 86 75 231 
 232 69 86 
 232 86 231 
 228 124 231 
 230 122 228 
 231 75 230 
 231 230 228 
 233 125 234 
 232 124 233 
 234 69 232 
 234 232 233 
 235 126 237 
 236 125 235 
 237 101 236 
 237 236 235 
 238 124 229 
 239 126 238 
 229 100 239 
 229 239 238 
 233 124 238 
 235 125 233 
 238 126 235 
 238 235 233 
 240 125 236 
 241 127 240 
 236 101 241 
 236 241 240 
 242 76 87 
 234 125 242 
 87 69 234 
 87 234 242 
 243 127 244 
 88 76 243 
 244 66 88 
 244 88 243 
 240 127 243 
 242 125 240 
 243 76 242 
 243 242 240 
 245 128 247 
 246 129 245 
 247 101 246 
 247 246 245 
 248 39 51 
 249 128 248 
 51 28 249 
 51 249 248 
 250 129 251 
 52 39 250 
 251 33 52 
 251 52 250 
 245 129 250 
 248 128 245 
 250 39 248 
 250 248 245 
 252 129 246 
 237 126 252 
 246 101 237 
 246 237 252 
 253 119 213 
 251 129 253 
 213 33 251 
 213 251 253 
 254 126 239 
 211 119 254 
 239 100 211 
 239 211 254 
 252 126 254 
 253 129 252 
 254 119 253 
 254 253 252 
 255 130 257 
 256 131 255 
 257 102 256 
 257 256 255 
 258 38 49 
 259 130 258 
 49 31 259 
 49 259 258 
 260 131 261 
 50 38 260 
 261 28 50 
 261 50 260 
 255 131 260 
 258 130 255 
 260 38 258 
 260 258 255 
 262 131 256 
 263 132 262 
 256 102 263 
 256 263 262 
 264 128 249 
 261 131 264 
 249 28 261 
 249 261 264 
 265 132 266 
 247 128 265 
 266 101 247 
 266 247 265 
 262 132 265 
 264 131 262 
 265 128 264 
 265 264 262 
 267 133 268 
 244 127 267 
 268 66 244 
 268 244 267 
 269 132 263 
 270 133 269 
 263 102 270 
 263 270 269 
 271 127 241 
 266 132 271 
 241 101 266 
 241 266 271 
 267 127 271 
 269 133 267 
 271 132 269 
 271 269 267 
 272 133 270 
 273 134 272 
 270 102 273 
 270 273 272 
 274 77 89 
 268 133 274 
 89 66 268 
 89 268 274 
 275 134 276 
 90 77 275 
 276 71 90 
 276 90 275 
 272 134 275 
 274 133 272 
 275 77 274 
 275 274 272 
 277 135 278 
 276 134 277 
 278 71 276 
 278 276 277 
 279 136 281 
 280 135 279 
 281 103 280 
 281 280 279 
 282 134 273 
 283 136 282 
 273 102 283 
 273 283 282 
 277 134 282 
 279 135 277 
 282 136 279 
 282 279 277 
 284 135 280 
 285 137 284 
 280 103 285 
 280 285 284 
 286 78 91 
 278 135 286 
 91 71 278 
 91 278 286 
 287 137 288 
 92 78 287 
 288 70 92 
 288 92 287 
 284 137 287 
 286 135 284 
 287 78 286 
 287 286 284 
 289 138 291 
 290 139 289 
 291 103 290 
 291 290 289 
 292 37 47 
 293 138 292 
 47 29 293 
 47 293 292 
 294 139 295 
 48 37 294 
 295 31 48 
 295 48 294 
 289 139 294 
 292 138 289 
 294 37 292 
 294 292 289 
 296 139 290 
 281 136 296 
 290 103 281 
 290 281 296 
 297 130 259 
 295 139 297 
 259 31 295 
 259 295 297 
 298 136 283 
 257 130 298 
 283 102 257 
 283 257 298 
 296 136 298 
 297 139 296 
 298 130 297 
 298 297 296 
 299 140 301 
 300 141 299 
 301 104 300 
 301 300 299 
 302 61 64 
 303 140 302 
 64 59 303 
 64 303 302 
 304 141 305 
 65 61 304 
 305 4 65 
 305 65 304 
 299 141 304 
 302 140 299 
 304 61 302 
 304 302 299 
 306 141 300 
 307 142 306 
 300 104 307 
 300 307 306 
 308 35 43 
 305 141 308 
 43 4 305 
 43 305 308 
 309 142 310 
 44 35 309 
 310 30 44 
 310 44 309 
 306 142 309 
 308 141 306 
 309 35 308 
 309 308 306 
 311 143 313 
 312 144 311 
 313 104 312 
 313 312 311 
 314 80 95 
 315 143 314 
 95 72 315 
 95 315 314 
 316 144 317 
 96 80 316 
 317 5 96 
 317 96 316 
 311 144 316 
 314 143 311 
 316 80 314 
 316 314 311 
 318 144 312 
 301 140 318 
 312 104 301 
 312 301 318 
 319 60 62 
 317 144 319 
 62 5 317 
 62 317 319 
 320 140 303 
 63 60 320 
 303 59 63 
 303 63 320 
 318 140 320 
 319 144 318 
 320 60 319 
 320 319 318 
 321 145 322 
 171 110 321 
 322 6 171 
 322 171 321 
 323 146 325 
 324 145 323 
 325 105 324 
 325 324 323 
 326 110 166 
 327 146 326 
 166 97 327 
 166 327 326 
 321 110 326 
 323 145 321 
 326 146 323 
 326 323 321 
 328 147 329 
 325 146 328 
 329 105 325 
 329 325 328 
 330 107 162 
 331 147 330 
 162 3 331 
 162 331 330 
 332 146 327 
 160 107 332 
 327 97 160 
 327 160 332 
 328 146 332 
 330 147 328 
 332 107 330 
 332 330 328 
 333 145 324 
 334 148 333 
 324 105 334 
 324 334 333 
 335 73 81 
 322 145 335 
 81 6 322 
 81 322 335 
 336 148 337 
 82 73 336 
 337 68 82 
 337 82 336 
 333 148 336 
 335 145 333 
 336 73 335 
 336 335 333 
 338 148 334 
 339 150 338 
 334 105 339 
 334 339 338 
 340 149 341 
 337 148 340 
 341 68 337 
 341 337 340 
 342 150 344 
 343 149 342 
 344 98 343 
 344 343 342 
 338 150 342 
 340 148 338 
 342 149 340 
 342 340 338 
 345 151 346 
 195 116 345 
 346 34 195 
 346 195 345 
 347 150 339 
 348 151 347 
 339 105 348 
 339 348 347 
 349 116 190 
 344 150 349 
 190 98 344 
 190 344 349 
 345 116 349 
 347 151 345 
 349 150 347 
 349 347 345 
 350 151 348 
 329 147 350 
 348 105 329 
 348 329 350 
 351 42 57 
 346 151 351 
 57 34 346 
 57 346 351 
 352 147 331 
 58 42 352 
 331 3 58 
 331 58 352 
 350 147 352 
 351 151 350 
 352 42 351 
 352 351 350 
 353 152 354 
 310 142 353 
 354 30 310 
 354 310 353 
 355 153 357 
 356 152 355 
 357 106 356 
 357 356 355 
 358 142 307 
 359 153 358 
 307 104 359 
 307 359 358 
 353 142 358 
 355 152 353 
 358 153 355 
 358 355 353 
 360 152 356 
 361 154 360 
 356 106 361 
 356 361 360 
 362 36 45 
 354 152 362 
 45 30 354 
 45 354 362 
 363 154 364 
 46 36 363 
 364 29 46 
 364 46 363 
 360 154 363 
 362 152 360 
 363 36 362 
 363 362 360 
 365 154 361 
 366 155 365 
 361 106 366 
 361 366 365 
 367 138 293 
 364 154 367 
 293 29 364 
 293 364 367 
 368 155 369 
 291 138 368 
 369 103 291 
 369 291 368 
 365 155 368 
 367 154 365 
 368 138 367 
 368 367 365 
 370 156 371 
 357 153 370 
 371 106 357 
 371 357 370 
 372 143 315 
 373 156 372 
 315 72 373 
 315 373 372 
 374 153 359 
 313 143 374 
 359 104 313 
 359 313 374 
 370 153 374 
 372 156 370 
 374 143 372 
 374 372 370 
 375 123 222 
 84 74 375 
 222 67 84 
 222 84 375 
 376 149 343 
 227 123 376 
 343 98 227 
 343 227 376 
 377 74 83 
 341 149 377 
 83 68 341 
 83 341 377 
 375 74 377 
 376 123 375 
 377 149 376 
 377 376 375 
 378 157 379 
 288 137 378 
 379 70 288 
 379 288 378 
 380 155 366 
 381 157 380 
 366 106 381 
 366 381 380 
 382 137 285 
 369 155 382 
 285 103 369 
 285 369 382 
 378 137 382 
 380 157 378 
 382 155 380 
 382 380 378 
 383 157 381 
 371 156 383 
 381 106 371 
 381 371 383 
 384 79 93 
 379 157 384 
 93 70 379 
 93 379 384 
 385 156 373 
 94 79 385 
 373 72 94 
 373 94 385 
 383 156 385 
 384 157 383 
 385 79 384 
 385 384 383 
 solutionIEN 
158 107 160 
 159 108 158 
 160 97 159 
 160 159 158 
 161 8 10 
 162 107 161 
 10 3 162 
 10 162 161 
 163 108 164 
 11 8 163 
 164 7 11 
 164 11 163 
 158 108 163 
 161 107 158 
 163 8 161 
 163 161 158 
 165 109 167 
 166 110 165 
 167 97 166 
 167 166 165 
 168 16 19 
 169 109 168 
 19 14 169 
 19 169 168 
 170 110 171 
 20 16 170 
 171 6 20 
 171 20 170 
 165 110 170 
 168 109 165 
 170 16 168 
 170 168 165 
 172 111 174 
 173 112 172 
 174 99 173 
 174 173 172 
 175 9 12 
 176 111 175 
 12 7 176 
 12 176 175 
 177 112 178 
 13 9 177 
 178 1 13 
 178 13 177 
 172 112 177 
 175 111 172 
 177 9 175 
 177 175 172 
 179 112 173 
 180 113 179 
 173 99 180 
 173 180 179 
 181 22 24 
 178 112 181 
 24 1 178 
 24 178 181 
 182 113 183 
 25 22 182 
 183 21 25 
 183 25 182 
 179 113 182 
 181 112 179 
 182 22 181 
 182 181 179 
 184 111 176 
 164 108 184 
 176 7 164 
 176 164 184 
 185 114 186 
 174 111 185 
 186 99 174 
 186 174 185 
 187 108 159 
 188 114 187 
 159 97 188 
 159 188 187 
 184 108 187 
 185 111 184 
 187 114 185 
 187 185 184 
 189 115 191 
 190 116 189 
 191 98 190 
 191 190 189 
 192 41 55 
 193 115 192 
 55 32 193 
 55 193 192 
 194 116 195 
 56 41 194 
 195 34 56 
 195 56 194 
 189 116 194 
 192 115 189 
 194 41 192 
 194 192 189 
 196 113 180 
 197 117 196 
 180 99 197 
 180 197 196 
 198 23 26 
 183 113 198 
 26 21 183 
 26 183 198 
 199 117 200 
 27 23 199 
 200 2 27 
 200 27 199 
 196 117 199 
 198 113 196 
 199 23 198 
 199 198 196 
 201 117 197 
 202 118 201 
 197 99 202 
 197 202 201 
 203 15 17 
 200 117 203 
 17 2 200 
 17 200 203 
 204 118 205 
 18 15 204 
 205 14 18 
 205 18 204 
 201 118 204 
 203 117 201 
 204 15 203 
 204 203 201 
 206 118 202 
 186 114 206 
 202 99 186 
 202 186 206 
 207 109 169 
 205 118 207 
 169 14 205 
 169 205 207 
 208 114 188 
 167 109 208 
 188 97 167 
 188 167 208 
 206 114 208 
 207 118 206 
 208 109 207 
 208 207 206 
 209 119 211 
 210 120 209 
 211 100 210 
 211 210 209 
 212 40 53 
 213 119 212 
 53 33 213 
 53 213 212 
 214 120 215 
 54 40 214 
 215 32 54 
 215 54 214 
 209 120 214 
 212 119 209 
 214 40 212 
 214 212 209 
 216 120 210 
 217 121 216 
 210 100 217 
 210 217 216 
 218 115 193 
 215 120 218 
 193 32 215 
 193 215 218 
 219 121 220 
 191 115 219 
 220 98 191 
 220 191 219 
 216 121 219 
 218 120 216 
 219 115 218 
 219 218 216 
 221 122 223 
 222 123 221 
 223 67 222 
 223 222 221 
 224 121 217 
 225 122 224 
 217 100 225 
 217 225 224 
 226 123 227 
 220 121 226 
 227 98 220 
 227 220 226 
 221 123 226 
 224 122 221 
 226 121 224 
 226 224 221 
 228 122 225 
 229 124 228 
 225 100 229 
 225 229 228 
 230 75 85 
 223 122 230 
 85 67 223 
 85 223 230 
 231 124 232 
 86 75 231 
 232 69 86 
 232 86 231 
 228 124 231 
 230 122 228 
 231 75 230 
 231 230 228 
 233 125 234 
 232 124 233 
 234 69 232 
 234 232 233 
 235 126 237 
 236 125 235 
 237 101 236 
 237 236 235 
 238 124 229 
 239 126 238 
 229 100 239 
 229 239 238 
 233 124 238 
 235 125 233 
 238 126 235 
 238 235 233 
 240 125 236 
 241 127 240 
 236 101 241 
 236 241 240 
 242 76 87 
 234 125 242 
 87 69 234 
 87 234 242 
 243 127 244 
 88 76 243 
 244 66 88 
 244 88 243 
 240 127 243 
 242 125 240 
 243 76 242 
 243 242 240 
 245 128 247 
 246 129 245 
 247 101 246 
 247 246 245 
 248 39 51 
 249 128 248 
 51 28 249 
 51 249 248 
 250 129 251 
 52 39 250 
 251 33 52 
 251 52 250 
 245 129 250 
 248 128 245 
 250 39 248 
 250 248 245 
 252 129 246 
 237 126 252 
 246 101 237 
 246 237 252 
 253 119 213 
 251 129 253 
 213 33 251 
 213 251 253 
 254 126 239 
 211 119 254 
 239 100 211 
 239 211 254 
 252 126 254 
 253 129 252 
 254 119 253 
 254 253 252 
 255 130 257 
 256 131 255 
 257 102 256 
 257 256 255 
 258 38 49 
 259 130 258 
 49 31 259 
 49 259 258 
 260 131 261 
 50 38 260 
 261 28 50 
 261 50 260 
 255 131 260 
 258 130 255 
 260 38 258 
 260 258 255 
 262 131 256 
 263 132 262 
 256 102 263 
 256 263 262 
 264 128 249 
 261 131 264 
 249 28 261 
 249 261 264 
 265 132 266 
 247 128 265 
 266 101 247 
 266 247 265 
 262 132 265 
 264 131 262 
 265 128 264 
 265 264 262 
 267 133 268 
 244 127 267 
 268 66 244 
 268 244 267 
 269 132 263 
 270 133 269 
 263 102 270 
 263 270 269 
 271 127 241 
 266 132 271 
 241 101 266 
 241 266 271 
 267 127 271 
 269 133 267 
 271 132 269 
 271 269 267 
 272 133 270 
 273 134 272 
 270 102 273 
 270 273 272 
 274 77 89 
 268 133 274 
 89 66 268 
 89 268 274 
 275 134 276 
 90 77 275 
 276 71 90 
 276 90 275 
 272 134 275 
 274 133 272 
 275 77 274 
 275 274 272 
 277 135 278 
 276 134 277 
 278 71 276 
 278 276 277 
 279 136 281 
 280 135 279 
 281 103 280 
 281 280 279 
 282 134 273 
 283 136 282 
 273 102 283 
 273 283 282 
 277 134 282 
 279 135 277 
 282 136 279 
 282 279 277 
 284 135 280 
 285 137 284 
 280 103 285 
 280 285 284 
 286 78 91 
 278 135 286 
 91 71 278 
 91 278 286 
 287 137 288 
 92 78 287 
 288 70 92 
 288 92 287 
 284 137 287 
 286 135 284 
 287 78 286 
 287 286 284 
 289 138 291 
 290 139 289 
 291 103 290 
 291 290 289 
 292 37 47 
 293 138 292 
 47 29 293 
 47 293 292 
 294 139 295 
 48 37 294 
 295 31 48 
 295 48 294 
 289 139 294 
 292 138 289 
 294 37 292 
 294 292 289 
 296 139 290 
 281 136 296 
 290 103 281 
 290 281 296 
 297 130 259 
 295 139 297 
 259 31 295 
 259 295 297 
 298 136 283 
 257 130 298 
 283 102 257 
 283 257 298 
 296 136 298 
 297 139 296 
 298 130 297 
 298 297 296 
 299 140 301 
 300 141 299 
 301 104 300 
 301 300 299 
 302 61 64 
 303 140 302 
 64 59 303 
 64 303 302 
 304 141 305 
 65 61 304 
 305 4 65 
 305 65 304 
 299 141 304 
 302 140 299 
 304 61 302 
 304 302 299 
 306 141 300 
 307 142 306 
 300 104 307 
 300 307 306 
 308 35 43 
 305 141 308 
 43 4 305 
 43 305 308 
 309 142 310 
 44 35 309 
 310 30 44 
 310 44 309 
 306 142 309 
 308 141 306 
 309 35 308 
 309 308 306 
 311 143 313 
 312 144 311 
 313 104 312 
 313 312 311 
 314 80 95 
 315 143 314 
 95 72 315 
 95 315 314 
 316 144 317 
 96 80 316 
 317 5 96 
 317 96 316 
 311 144 316 
 314 143 311 
 316 80 314 
 316 314 311 
 318 144 312 
 301 140 318 
 312 104 301 
 312 301 318 
 319 60 62 
 317 144 319 
 62 5 317 
 62 317 319 
 320 140 303 
 63 60 320 
 303 59 63 
 303 63 320 
 318 140 320 
 319 144 318 
 320 60 319 
 320 319 318 
 321 145 322 
 171 110 321 
 322 6 171 
 322 171 321 
 323 146 325 
 324 145 323 
 325 105 324 
 325 324 323 
 326 110 166 
 327 146 326 
 166 97 327 
 166 327 326 
 321 110 326 
 323 145 321 
 326 146 323 
 326 323 321 
 328 147 329 
 325 146 328 
 329 105 325 
 329 325 328 
 330 107 162 
 331 147 330 
 162 3 331 
 162 331 330 
 332 146 327 
 160 107 332 
 327 97 160 
 327 160 332 
 328 146 332 
 330 147 328 
 332 107 330 
 332 330 328 
 333 145 324 
 334 148 333 
 324 105 334 
 324 334 333 
 335 73 81 
 322 145 335 
 81 6 322 
 81 322 335 
 336 148 337 
 82 73 336 
 337 68 82 
 337 82 336 
 333 148 336 
 335 145 333 
 336 73 335 
 336 335 333 
 338 148 334 
 339 150 338 
 334 105 339 
 334 339 338 
 340 149 341 
 337 148 340 
 341 68 337 
 341 337 340 
 342 150 344 
 343 149 342 
 344 98 343 
 344 343 342 
 338 150 342 
 340 148 338 
 342 149 340 
 342 340 338 
 345 151 346 
 195 116 345 
 346 34 195 
 346 195 345 
 347 150 339 
 348 151 347 
 339 105 348 
 339 348 347 
 349 116 190 
 344 150 349 
 190 98 344 
 190 344 349 
 345 116 349 
 347 151 345 
 349 150 347 
 349 347 345 
 350 151 348 
 329 147 350 
 348 105 329 
 348 329 350 
 351 42 57 
 346 151 351 
 57 34 346 
 57 346 351 
 352 147 331 
 58 42 352 
 331 3 58 
 331 58 352 
 350 147 352 
 351 151 350 
 352 42 351 
 352 351 350 
 353 152 354 
 310 142 353 
 354 30 310 
 354 310 353 
 355 153 357 
 356 152 355 
 357 106 356 
 357 356 355 
 358 142 307 
 359 153 358 
 307 104 359 
 307 359 358 
 353 142 358 
 355 152 353 
 358 153 355 
 358 355 353 
 360 152 356 
 361 154 360 
 356 106 361 
 356 361 360 
 362 36 45 
 354 152 362 
 45 30 354 
 45 354 362 
 363 154 364 
 46 36 363 
 364 29 46 
 364 46 363 
 360 154 363 
 362 152 360 
 363 36 362 
 363 362 360 
 365 154 361 
 366 155 365 
 361 106 366 
 361 366 365 
 367 138 293 
 364 154 367 
 293 29 364 
 293 364 367 
 368 155 369 
 291 138 368 
 369 103 291 
 369 291 368 
 365 155 368 
 367 154 365 
 368 138 367 
 368 367 365 
 370 156 371 
 357 153 370 
 371 106 357 
 371 357 370 
 372 143 315 
 373 156 372 
 315 72 373 
 315 373 372 
 374 153 359 
 313 143 374 
 359 104 313 
 359 313 374 
 370 153 374 
 372 156 370 
 374 143 372 
 374 372 370 
 375 123 222 
 84 74 375 
 222 67 84 
 222 84 375 
 376 149 343 
 227 123 376 
 343 98 227 
 343 227 376 
 377 74 83 
 341 149 377 
 83 68 341 
 83 341 377 
 375 74 377 
 376 123 375 
 377 149 376 
 377 376 375 
 378 157 379 
 288 137 378 
 379 70 288 
 379 288 378 
 380 155 366 
 381 157 380 
 366 106 381 
 366 381 380 
 382 137 285 
 369 155 382 
 285 103 369 
 285 369 382 
 378 137 382 
 380 157 378 
 382 155 380 
 382 380 378 
 383 157 381 
 371 156 383 
 381 106 371 
 381 371 383 
 384 79 93 
 379 157 384 
 93 70 379 
 93 379 384 
 385 156 373 
 94 79 385 
 373 72 94 
 373 94 385 
 383 156 385 
 384 157 383 
 385 79 384 
 385 384 383 
 solutionOrder
1 1 1 1 
 1 1 1 1 
 1 1 1 1 
 1 1 1 1 
 1 1 1 1 
 1 1 1 1 
 1 1 1 1 
 1 1 1 1 
 1 1 1 1 
 1 1 1 1 
 1 1 1 1 
 1 1 1 1 
 1 1 1 1 
 1 1 1 1 
 1 1 1 1 
 1 1 1 1 
 1 1 1 1 
 1 1 1 1 
 1 1 1 1 
 1 1 1 1 
 1 1 1 1 
 1 1 1 1 
 1 1 1 1 
 1 1 1 1 
 1 1 1 1 
 1 1 1 1 
 1 1 1 1 
 1 1 1 1 
 1 1 1 1 
 1 1 1 1 
 1 1 1 1 
 1 1 1 1 
 1 1 1 1 
 1 1 1 1 
 1 1 1 1 
 1 1 1 1 
 1 1 1 1 
 1 1 1 1 
 1 1 1 1 
 1 1 1 1 
 1 1 1 1 
 1 1 1 1 
 1 1 1 1 
 1 1 1 1 
 1 1 1 1 
 1 1 1 1 
 1 1 1 1 
 1 1 1 1 
 1 1 1 1 
 1 1 1 1 
 1 1 1 1 
 1 1 1 1 
 1 1 1 1 
 1 1 1 1 
 1 1 1 1 
 1 1 1 1 
 1 1 1 1 
 1 1 1 1 
 1 1 1 1 
 1 1 1 1 
 1 1 1 1 
 1 1 1 1 
 1 1 1 1 
 1 1 1 1 
 1 1 1 1 
 1 1 1 1 
 1 1 1 1 
 1 1 1 1 
 1 1 1 1 
 1 1 1 1 
 1 1 1 1 
 1 1 1 1 
 1 1 1 1 
 1 1 1 1 
 1 1 1 1 
 1 1 1 1 
 1 1 1 1 
 1 1 1 1 
 1 1 1 1 
 1 1 1 1 
 1 1 1 1 
 1 1 1 1 
 1 1 1 1 
 1 1 1 1 
 1 1 1 1 
 1 1 1 1 
 1 1 1 1 
 1 1 1 1 
 1 1 1 1 
 1 1 1 1 
 1 1 1 1 
 1 1 1 1 
 1 1 1 1 
 1 1 1 1 
 1 1 1 1 
 1 1 1 1 
 1 1 1 1 
 1 1 1 1 
 1 1 1 1 
 1 1 1 1 
 1 1 1 1 
 1 1 1 1 
 1 1 1 1 
 1 1 1 1 
 1 1 1 1 
 1 1 1 1 
 1 1 1 1 
 1 1 1 1 
 1 1 1 1 
 1 1 1 1 
 1 1 1 1 
 1 1 1 1 
 1 1 1 1 
 1 1 1 1 
 1 1 1 1 
 1 1 1 1 
 1 1 1 1 
 1 1 1 1 
 1 1 1 1 
 1 1 1 1 
 1 1 1 1 
 1 1 1 1 
 1 1 1 1 
 1 1 1 1 
 1 1 1 1 
 1 1 1 1 
 1 1 1 1 
 1 1 1 1 
 1 1 1 1 
 1 1 1 1 
 1 1 1 1 
 1 1 1 1 
 1 1 1 1 
 1 1 1 1 
 1 1 1 1 
 1 1 1 1 
 1 1 1 1 
 1 1 1 1 
 1 1 1 1 
 1 1 1 1 
 1 1 1 1 
 1 1 1 1 
 1 1 1 1 
 1 1 1 1 
 1 1 1 1 
 1 1 1 1 
 1 1 1 1 
 1 1 1 1 
 1 1 1 1 
 1 1 1 1 
 1 1 1 1 
 1 1 1 1 
 1 1 1 1 
 1 1 1 1 
 1 1 1 1 
 1 1 1 1 
 1 1 1 1 
 1 1 1 1 
 1 1 1 1 
 1 1 1 1 
 1 1 1 1 
 1 1 1 1 
 1 1 1 1 
 1 1 1 1 
 1 1 1 1 
 1 1 1 1 
 1 1 1 1 
 1 1 1 1 
 1 1 1 1 
 1 1 1 1 
 1 1 1 1 
 1 1 1 1 
 1 1 1 1 
 1 1 1 1 
 1 1 1 1 
 1 1 1 1 
 1 1 1 1 
 1 1 1 1 
 1 1 1 1 
 1 1 1 1 
 1 1 1 1 
 1 1 1 1 
 1 1 1 1 
 1 1 1 1 
 1 1 1 1 
 1 1 1 1 
 1 1 1 1 
 1 1 1 1 
 1 1 1 1 
 1 1 1 1 
 1 1 1 1 
 1 1 1 1 
 1 1 1 1 
 1 1 1 1 
 1 1 1 1 
 1 1 1 1 
 1 1 1 1 
 1 1 1 1 
 1 1 1 1 
 1 1 1 1 
 1 1 1 1 
 1 1 1 1 
 1 1 1 1 
 1 1 1 1 
 1 1 1 1 
 1 1 1 1 
 1 1 1 1 
 1 1 1 1 
 1 1 1 1 
 1 1 1 1 
 1 1 1 1 
 1 1 1 1 
 1 1 1 1 
 1 1 1 1 
 1 1 1 1 
 1 1 1 1 
 1 1 1 1 
 1 1 1 1 
 1 1 1 1 
 1 1 1 1 
 1 1 1 1 
 1 1 1 1 
 1 1 1 1 
 1 1 1 1 
 1 1 1 1 
 1 1 1 1 
 1 1 1 1 
 1 1 1 1 
 1 1 1 1 
 1 1 1 1 
 1 1 1 1 
 1 1 1 1 
 1 1 1 1 
 1 1 1 1 
 1 1 1 1 
 1 1 1 1 
 1 1 1 1 
 1 1 1 1 
 1 1 1 1 
 1 1 1 1 
 1 1 1 1 
 1 1 1 1 
 1 1 1 1 
 1 1 1 1 
 1 1 1 1 
 1 1 1 1 
 1 1 1 1 
 1 1 1 1 
 1 1 1 1 
 1 1 1 1 
 1 1 1 1 
 1 1 1 1 
 1 1 1 1 
 1 1 1 1 
 1 1 1 1 
 1 1 1 1 
 1 1 1 1 
 1 1 1 1 
 1 1 1 1 
 1 1 1 1 
 1 1 1 1 
 1 1 1 1 
 1 1 1 1 
 1 1 1 1 
 1 1 1 1 
 1 1 1 1 
 1 1 1 1 
 1 1 1 1 
 1 1 1 1 
 1 1 1 1 
 1 1 1 1 
 1 1 1 1 
 1 1 1 1 
 1 1 1 1 
 1 1 1 1 
 1 1 1 1 
 1 1 1 1 
 1 1 1 1 
 1 1 1 1 
 1 1 1 1 
 1 1 1 1 
 1 1 1 1 
 1 1 1 1 
 1 1 1 1 
 1 1 1 1 
 1 1 1 1 
 1 1 1 1 
 1 1 1 1 
 1 1 1 1 
 1 1 1 1 
 1 1 1 1 
 1 1 1 1 
 1 1 1 1 
 1 1 1 1 
 1 1 1 1 
 1 1 1 1 
 1 1 1 1 
 1 1 1 1 
 1 1 1 1 
 1 1 1 1 
 1 1 1 1 
 1 1 1 1 
 1 1 1 1 
 1 1 1 1 
 1 1 1 1 
 1 1 1 1 
 1 1 1 1 
 1 1 1 1 
 1 1 1 1 
 1 1 1 1 
 1 1 1 1 
 1 1 1 1 
 1 1 1 1 
 1 1 1 1 
 1 1 1 1 
 1 1 1 1 
 1 1 1 1 
 1 1 1 1 
 1 1 1 1 
 1 1 1 1 
 1 1 1 1 
 1 1 1 1 
 1 1 1 1 
 1 1 1 1 
 1 1 1 1 
 1 1 1 1 
 1 1 1 1 
 1 1 1 1 
 1 1 1 1 
 1 1 1 1 
 1 1 1 1 
 1 1 1 1 
 1 1 1 1 
 1 1 1 1 
 1 1 1 1 
 1 1 1 1 
 1 1 1 1 
 1 1 1 1 
 1 1 1 1 
 1 1 1 1 
 1 1 1 1 
 1 1 1 1 
 1 1 1 1 
 1 1 1 1 
 1 1 1 1 
 1 1 1 1 
 1 1 1 1 
 1 1 1 1 
 1 1 1 1 
 1 1 1 1 
 1 1 1 1 
 1 1 1 1 
 1 1 1 1 
 1 1 1 1 
 1 1 1 1 
 1 1 1 1 
 1 1 1 1 
 1 1 1 1 
 1 1 1 1 
 1 1 1 1 
 1 1 1 1 
 1 1 1 1 
 1 1 1 1 
 1 1 1 1 
 1 1 1 1 
 1 1 1 1 
 1 1 1 1 
 1 1 1 1 
 1 1 1 1 
 1 1 1 1 
 1 1 1 1 
 1 1 1 1 
 1 1 1 1 
 1 1 1 1 
 1 1 1 1 
 1 1 1 1 
 1 1 1 1 
 1 1 1 1 
 1 1 1 1 
 1 1 1 1 
 1 1 1 1 
 1 1 1 1 
 1 1 1 1 
 1 1 1 1 
 1 1 1 1 
 1 1 1 1 
 1 1 1 1 
 1 1 1 1 
 1 1 1 1 
 1 1 1 1 
 1 1 1 1 
 1 1 1 1 
 1 1 1 1 
 1 1 1 1 
 1 1 1 1 
 1 1 1 1 
 1 1 1 1 
 1 1 1 1 
 1 1 1 1 
 1 1 1 1 
 1 1 1 1 
 1 1 1 1 
 1 1 1 1 
 1 1 1 1 
 1 1 1 1 
 1 1 1 1 
 1 1 1 1 
 1 1 1 1 
 1 1 1 1 
 1 1 1 1 
 1 1 1 1 
 1 1 1 1 
 1 1 1 1 
 1 1 1 1 
 1 1 1 1 
 1 1 1 1 
 1 1 1 1 
 1 1 1 1 
 1 1 1 1 
 1 1 1 1 
 1 1 1 1 
 1 1 1 1 
 1 1 1 1 
 1 1 1 1 
 1 1 1 1 
 1 1 1 1 
 1 1 1 1 
 1 1 1 1 
 1 1 1 1 
 1 1 1 1 
 1 1 1 1 
 1 1 1 1 
 1 1 1 1 
 1 1 1 1 
 1 1 1 1 
 1 1 1 1 
 1 1 1 1 
 1 1 1 1 
 1 1 1 1 
 1 1 1 1 
 1 1 1 1 
 1 1 1 1 
 1 1 1 1 
 1 1 1 1 
 1 1 1 1 
 1 1 1 1 
 1 1 1 1 
 1 1 1 1 
 1 1 1 1 
 1 1 1 1 
 1 1 1 1 
 1 1 1 1 
 1 1 1 1 
 1 1 1 1 
 1 1 1 1 
 1 1 1 1 
 1 1 1 1 
 1 1 1 1 
 1 1 1 1 
 1 1 1 1 
 1 1 1 1 
 1 1 1 1 
 1 1 1 1 
 1 1 1 1 
 1 1 1 1 
 1 1 1 1 
 1 1 1 1 
 1 1 1 1 
 1 1 1 1 
 1 1 1 1 
 1 1 1 1 
 1 1 1 1 
 1 1 1 1 
 1 1 1 1 
 1 1 1 1 
 1 1 1 1 
 1 1 1 1 
 1 1 1 1 
 1 1 1 1 
 1 1 1 1 
 1 1 1 1 
 1 1 1 1 
 1 1 1 1 
 1 1 1 1 
 1 1 1 1 
 1 1 1 1 
 1 1 1 1 
 1 1 1 1 
 1 1 1 1 
 1 1 1 1 
 1 1 1 1 
 1 1 1 1 
 1 1 1 1 
 1 1 1 1 
 1 1 1 1 
 1 1 1 1 
 1 1 1 1 
 1 1 1 1 
 1 1 1 1 
 1 1 1 1 
 1 1 1 1 
 1 1 1 1 
 1 1 1 1 
 1 1 1 1 
 1 1 1 1 
 1 1 1 1 
 1 1 1 1 
 1 1 1 1 
 1 1 1 1 
 1 1 1 1 
 1 1 1 1 
 1 1 1 1 
 1 1 1 1 
 1 1 1 1 
 1 1 1 1 
 1 1 1 1 
 1 1 1 1 
 1 1 1 1 
 1 1 1 1 
 1 1 1 1 
 1 1 1 1 
 1 1 1 1 
 1 1 1 1 
 1 1 1 1 
 1 1 1 1 
 1 1 1 1 
 1 1 1 1 
 1 1 1 1 
 1 1 1 1 
 1 1 1 1 
 1 1 1 1 
 1 1 1 1 
 1 1 1 1 
 1 1 1 1 
 1 1 1 1 
 1 1 1 1 
 1 1 1 1 
 1 1 1 1 
 1 1 1 1 
 1 1 1 1 
 1 1 1 1 
 1 1 1 1 
 1 1 1 1 
 1 1 1 1 
 1 1 1 1 
 1 1 1 1 
 1 1 1 1 
 1 1 1 1 
 1 1 1 1 
 1 1 1 1 
 1 1 1 1 
 1 1 1 1 
 1 1 1 1 
 1 1 1 1 
 1 1 1 1 
 1 1 1 1 
 1 1 1 1 
 1 1 1 1 
 1 1 1 1 
 1 1 1 1 
 1 1 1 1 
 1 1 1 1 
 1 1 1 1 
 1 1 1 1 
 1 1 1 1 
 1 1 1 1 
 1 1 1 1 
 1 1 1 1 
 1 1 1 1 
 1 1 1 1 
 1 1 1 1 
 1 1 1 1 
 1 1 1 1 
 1 1 1 1 
 1 1 1 1 
 1 1 1 1 
 1 1 1 1 
 1 1 1 1 
 1 1 1 1 
 1 1 1 1 
 1 1 1 1 
 1 1 1 1 
 1 1 1 1 
 1 1 1 1 
 1 1 1 1 
 1 1 1 1 
 1 1 1 1 
 1 1 1 1 
 1 1 1 1 
 1 1 1 1 
 1 1 1 1 
 1 1 1 1 
 1 1 1 1 
 1 1 1 1 
 1 1 1 1 
 1 1 1 1 
 1 1 1 1 
 1 1 1 1 
 1 1 1 1 
 1 1 1 1 
 1 1 1 1 
 1 1 1 1 
 1 1 1 1 
 1 1 1 1 
 1 1 1 1 
 1 1 1 1 
 1 1 1 1 
 1 1 1 1 
 1 1 1 1 
 1 1 1 1 
 1 1 1 1 
 1 1 1 1 
 1 1 1 1 
 1 1 1 1 
 1 1 1 1 
 1 1 1 1 
 1 1 1 1 
 1 1 1 1 
 1 1 1 1 
 1 1 1 1 
 1 1 1 1 
 1 1 1 1 
 1 1 1 1 
 1 1 1 1 
 1 1 1 1 
 1 1 1 1 
 1 1 1 1 
 1 1 1 1 
 1 1 1 1 
 1 1 1 1 
 1 1 1 1 
 1 1 1 1 
 1 1 1 1 
 1 1 1 1 
 1 1 1 1 
 1 1 1 1 
 1 1 1 1 
 1 1 1 1 
 1 1 1 1 
 1 1 1 1 
 1 1 1 1 
 1 1 1 1 
 1 1 1 1 
 1 1 1 1 
 1 1 1 1 
 1 1 1 1 
 1 1 1 1 
 1 1 1 1 
 1 1 1 1 
 1 1 1 1 
 1 1 1 1 
 1 1 1 1 
 1 1 1 1 
 1 1 1 1 
 1 1 1 1 
 1 1 1 1 
 1 1 1 1 
 1 1 1 1 
 1 1 1 1 
 1 1 1 1 
 1 1 1 1 
 1 1 1 1 
 1 1 1 1 
 1 1 1 1 
 1 1 1 1 
 1 1 1 1 
 1 1 1 1 
 1 1 1 1 
 1 1 1 1 
 1 1 1 1 
 1 1 1 1 
 1 1 1 1 
 vertexCoord 
0.000000 0.000000 
 -0.000000 0.200000 
 0.200000 0.000000 
 1.000000 0.000000 
 1.000000 0.200000 
 0.200000 0.200000 
 0.100000 0.000000 
 0.150000 0.000000 
 0.050000 0.000000 
 0.175000 0.000000 
 0.125000 0.000000 
 0.075000 0.000000 
 0.025000 0.000000 
 0.100000 0.200000 
 0.050000 0.200000 
 0.150000 0.200000 
 0.025000 0.200000 
 0.075000 0.200000 
 0.125000 0.200000 
 0.175000 0.200000 
 -0.000000 0.100000 
 0.000000 0.050000 
 -0.000000 0.150000 
 0.000000 0.025000 
 -0.000000 0.075000 
 -0.000000 0.125000 
 -0.000000 0.175000 
 0.600000 0.000000 
 0.800000 0.000000 
 0.900000 0.000000 
 0.700000 0.000000 
 0.400000 0.000000 
 0.500000 0.000000 
 0.300000 0.000000 
 0.950000 0.000000 
 0.850000 0.000000 
 0.750000 0.000000 
 0.650000 0.000000 
 0.550000 0.000000 
 0.450000 0.000000 
 0.350000 0.000000 
 0.250000 0.000000 
 0.975000 0.000000 
 0.925000 0.000000 
 0.875000 0.000000 
 0.825000 0.000000 
 0.775000 0.000000 
 0.725000 0.000000 
 0.675000 0.000000 
 0.625000 0.000000 
 0.575000 0.000000 
 0.525000 0.000000 
 0.475000 0.000000 
 0.425000 0.000000 
 0.375000 0.000000 
 0.325000 0.000000 
 0.275000 0.000000 
 0.225000 0.000000 
 1.000000 0.100000 
 1.000000 0.150000 
 1.000000 0.050000 
 1.000000 0.175000 
 1.000000 0.125000 
 1.000000 0.075000 
 1.000000 0.025000 
 0.600000 0.200000 
 0.400000 0.200000 
 0.300000 0.200000 
 0.500000 0.200000 
 0.800000 0.200000 
 0.700000 0.200000 
 0.900000 0.200000 
 0.250000 0.200000 
 0.350000 0.200000 
 0.450000 0.200000 
 0.550000 0.200000 
 0.650000 0.200000 
 0.750000 0.200000 
 0.850000 0.200000 
 0.950000 0.200000 
 0.225000 0.200000 
 0.275000 0.200000 
 0.325000 0.200000 
 0.375000 0.200000 
 0.425000 0.200000 
 0.475000 0.200000 
 0.525000 0.200000 
 0.575000 0.200000 
 0.625000 0.200000 
 0.675000 0.200000 
 0.725000 0.200000 
 0.775000 0.200000 
 0.825000 0.200000 
 0.875000 0.200000 
 0.925000 0.200000 
 0.975000 0.200000 
 0.151536 0.100293 
 0.350187 0.100115 
 0.058589 0.100049 
 0.450322 0.100000 
 0.550102 0.099995 
 0.650017 0.099988 
 0.750000 0.099936 
 0.941461 0.099976 
 0.250287 0.100068 
 0.848577 0.099985 
 0.175768 0.050146 
 0.125768 0.050146 
 0.125768 0.150146 
 0.175768 0.150146 
 0.079295 0.050024 
 0.029295 0.050024 
 0.029295 0.100024 
 0.105063 0.100171 
 0.375093 0.050058 
 0.325093 0.050058 
 0.029295 0.150024 
 0.079295 0.150024 
 0.475161 0.050000 
 0.425161 0.050000 
 0.400254 0.100058 
 0.425161 0.150000 
 0.375093 0.150058 
 0.475161 0.150000 
 0.525051 0.149998 
 0.500212 0.099998 
 0.575051 0.149998 
 0.575051 0.049998 
 0.525051 0.049998 
 0.675009 0.049994 
 0.625009 0.049994 
 0.600060 0.099992 
 0.625009 0.149994 
 0.675009 0.149994 
 0.725000 0.149968 
 0.700009 0.099962 
 0.775000 0.149968 
 0.775000 0.049968 
 0.725000 0.049968 
 0.970731 0.099988 
 0.970731 0.049988 
 0.920731 0.049988 
 0.920731 0.149988 
 0.970731 0.149988 
 0.225144 0.150034 
 0.200912 0.100180 
 0.225144 0.050034 
 0.275144 0.150034 
 0.325093 0.150058 
 0.300237 0.100092 
 0.275144 0.050034 
 0.874288 0.049993 
 0.895019 0.099981 
 0.824288 0.049993 
 0.799289 0.099960 
 0.874288 0.149993 
 0.824288 0.149993 
 0.150768 0.050146 
 0.138652 0.075219 
 0.163652 0.075219 
 0.162884 0.025073 
 0.187884 0.025073 
 0.137884 0.025073 
 0.112884 0.025073 
 0.150768 0.150146 
 0.163652 0.125219 
 0.138652 0.125219 
 0.137884 0.175073 
 0.112884 0.175073 
 0.162884 0.175073 
 0.187884 0.175073 
 0.054295 0.050024 
 0.043942 0.075037 
 0.068942 0.075037 
 0.064647 0.025012 
 0.089647 0.025012 
 0.039647 0.025012 
 0.014647 0.025012 
 0.029295 0.075024 
 0.043942 0.100037 
 0.014647 0.050012 
 0.014647 0.075012 
 0.014647 0.100012 
 0.102531 0.050085 
 0.092179 0.075098 
 0.081826 0.100110 
 0.115415 0.075158 
 0.128299 0.100232 
 0.350093 0.050058 
 0.337640 0.075086 
 0.362640 0.075086 
 0.362547 0.025029 
 0.387547 0.025029 
 0.337547 0.025029 
 0.312547 0.025029 
 0.029295 0.125024 
 0.043942 0.125037 
 0.014647 0.125012 
 0.014647 0.150012 
 0.014647 0.175012 
 0.054295 0.150024 
 0.068942 0.125037 
 0.039647 0.175012 
 0.064647 0.175012 
 0.089647 0.175012 
 0.092179 0.125098 
 0.102531 0.150085 
 0.115415 0.125158 
 0.450161 0.050000 
 0.437741 0.075000 
 0.462741 0.075000 
 0.462580 0.025000 
 0.487580 0.025000 
 0.437580 0.025000 
 0.412580 0.025000 
 0.412708 0.075029 
 0.425288 0.100029 
 0.400127 0.050029 
 0.387674 0.075058 
 0.375221 0.100086 
 0.400127 0.150029 
 0.387547 0.175029 
 0.412580 0.175000 
 0.412708 0.125029 
 0.437741 0.125000 
 0.387674 0.125058 
 0.362640 0.125086 
 0.450161 0.150000 
 0.462741 0.125000 
 0.437580 0.175000 
 0.462580 0.175000 
 0.487580 0.175000 
 0.500106 0.149999 
 0.512526 0.174999 
 0.512632 0.124998 
 0.537577 0.124996 
 0.525157 0.099996 
 0.487687 0.124999 
 0.475267 0.099999 
 0.550051 0.149998 
 0.562577 0.124996 
 0.537526 0.174999 
 0.562526 0.174999 
 0.587526 0.174999 
 0.550051 0.049998 
 0.537577 0.074996 
 0.562577 0.074996 
 0.562526 0.024999 
 0.587526 0.024999 
 0.537526 0.024999 
 0.512526 0.024999 
 0.512632 0.074998 
 0.500106 0.049999 
 0.487687 0.074999 
 0.650009 0.049994 
 0.637513 0.074991 
 0.662513 0.074991 
 0.662504 0.024997 
 0.687504 0.024997 
 0.637504 0.024997 
 0.612504 0.024997 
 0.612534 0.074993 
 0.625038 0.099990 
 0.600030 0.049996 
 0.587555 0.074995 
 0.575081 0.099993 
 0.600030 0.149996 
 0.612504 0.174997 
 0.612534 0.124993 
 0.637513 0.124991 
 0.587555 0.124995 
 0.650009 0.149994 
 0.662513 0.124991 
 0.637504 0.174997 
 0.662504 0.174997 
 0.687504 0.174997 
 0.700004 0.149981 
 0.712500 0.174984 
 0.712504 0.124965 
 0.737500 0.124952 
 0.725004 0.099949 
 0.687509 0.124978 
 0.675013 0.099975 
 0.750000 0.149968 
 0.762500 0.124952 
 0.737500 0.174984 
 0.762500 0.174984 
 0.787500 0.174984 
 0.750000 0.049968 
 0.737500 0.074952 
 0.762500 0.074952 
 0.762500 0.024984 
 0.787500 0.024984 
 0.737500 0.024984 
 0.712500 0.024984 
 0.712504 0.074965 
 0.700004 0.049981 
 0.687509 0.074978 
 0.970731 0.074988 
 0.956096 0.074982 
 0.956096 0.099982 
 0.985365 0.074994 
 0.985365 0.099994 
 0.985365 0.049994 
 0.985365 0.024994 
 0.945731 0.049988 
 0.931096 0.074982 
 0.960365 0.024994 
 0.935365 0.024994 
 0.910365 0.024994 
 0.945731 0.149988 
 0.956096 0.124982 
 0.931096 0.124982 
 0.935365 0.174994 
 0.910365 0.174994 
 0.960365 0.174994 
 0.985365 0.174994 
 0.970731 0.124988 
 0.985365 0.149994 
 0.985365 0.124994 
 0.200456 0.150090 
 0.212572 0.175017 
 0.213028 0.125107 
 0.237715 0.125051 
 0.225599 0.100124 
 0.188340 0.125163 
 0.176224 0.100236 
 0.213028 0.075107 
 0.237715 0.075051 
 0.200456 0.050090 
 0.212572 0.025017 
 0.188340 0.075163 
 0.250144 0.150034 
 0.262715 0.125051 
 0.237572 0.175017 
 0.262572 0.175017 
 0.287572 0.175017 
 0.287690 0.125063 
 0.275262 0.100080 
 0.300119 0.150046 
 0.312547 0.175029 
 0.312665 0.125075 
 0.337640 0.125086 
 0.325212 0.100103 
 0.300119 0.050046 
 0.287572 0.025017 
 0.287690 0.075063 
 0.262715 0.075051 
 0.312665 0.075075 
 0.250144 0.050034 
 0.262572 0.025017 
 0.237572 0.025017 
 0.897509 0.049990 
 0.887144 0.024996 
 0.884654 0.074987 
 0.861433 0.074989 
 0.871798 0.099983 
 0.907875 0.074984 
 0.918240 0.099979 
 0.849288 0.049993 
 0.836433 0.074989 
 0.862144 0.024996 
 0.837144 0.024996 
 0.812144 0.024996 
 0.811788 0.074977 
 0.823933 0.099973 
 0.799644 0.049980 
 0.787144 0.074964 
 0.774644 0.099948 
 0.884654 0.124987 
 0.861433 0.124989 
 0.897509 0.149990 
 0.887144 0.174996 
 0.907875 0.124984 
 0.362547 0.175029 
 0.350093 0.150058 
 0.337547 0.175029 
 0.799644 0.149980 
 0.812144 0.174996 
 0.811788 0.124977 
 0.836433 0.124989 
 0.787144 0.124964 
 0.849288 0.149993 
 0.837144 0.174996 
 0.862144 0.174996 
 bc_tag 
184 
 110 
 15 
 10 
 5 
 2 
 190 
 190 
 190 
 190 
 190 
 190 
 190 
 117 
 117 
 117 
 117 
 117 
 117 
 117 
 185 
 185 
 185 
 185 
 185 
 185 
 185 
 16 
 16 
 16 
 16 
 16 
 16 
 16 
 16 
 16 
 16 
 16 
 16 
 16 
 16 
 16 
 16 
 16 
 16 
 16 
 16 
 16 
 16 
 16 
 16 
 16 
 16 
 16 
 16 
 16 
 16 
 16 
 11 
 11 
 11 
 11 
 11 
 11 
 11 
 6 
 6 
 6 
 6 
 6 
 6 
 6 
 6 
 6 
 6 
 6 
 6 
 6 
 6 
 6 
 6 
 6 
 6 
 6 
 6 
 6 
 6 
 6 
 6 
 6 
 6 
 6 
 6 
 6 
 6 
 6 
 120 
 120 
 120 
 120 
 120 
 120 
 120 
 120 
 120 
 120 
 120 
 120 
 120 
 120 
 120 
 120 
 120 
 120 
 120 
 120 
 120 
 120 
 120 
 120 
 120 
 120 
 120 
 120 
 120 
 120 
 120 
 120 
 120 
 120 
 120 
 120 
 120 
 120 
 120 
 120 
 120 
 120 
 120 
 120 
 120 
 120 
 120 
 120 
 120 
 120 
 120 
 120 
 120 
 120 
 120 
 120 
 120 
 120 
 120 
 120 
 120 
 120 
 120 
 120 
 120 
 120 
 120 
 120 
 120 
 120 
 120 
 120 
 120 
 120 
 120 
 120 
 120 
 120 
 120 
 120 
 120 
 120 
 120 
 120 
 120 
 120 
 120 
 120 
 120 
 120 
 120 
 120 
 120 
 120 
 120 
 120 
 120 
 120 
 120 
 120 
 120 
 120 
 120 
 120 
 120 
 120 
 120 
 120 
 120 
 120 
 120 
 120 
 120 
 120 
 120 
 120 
 120 
 120 
 120 
 120 
 120 
 120 
 120 
 120 
 120 
 120 
 120 
 120 
 120 
 120 
 120 
 120 
 120 
 120 
 120 
 120 
 120 
 120 
 120 
 120 
 120 
 120 
 120 
 120 
 120 
 120 
 120 
 120 
 120 
 120 
 120 
 120 
 120 
 120 
 120 
 120 
 120 
 120 
 120 
 120 
 120 
 120 
 120 
 120 
 120 
 120 
 120 
 120 
 120 
 120 
 120 
 120 
 120 
 120 
 120 
 120 
 120 
 120 
 120 
 120 
 120 
 120 
 120 
 120 
 120 
 120 
 120 
 120 
 120 
 120 
 120 
 120 
 120 
 120 
 120 
 120 
 120 
 120 
 120 
 120 
 120 
 120 
 120 
 120 
 120 
 120 
 120 
 120 
 120 
 120 
 120 
 120 
 120 
 120 
 120 
 120 
 120 
 120 
 120 
 120 
 120 
 120 
 120 
 120 
 120 
 120 
 120 
 120 
 120 
 120 
 120 
 120 
 120 
 120 
 120 
 120 
 120 
 120 
 120 
 120 
 120 
 120 
 120 
 120 
 120 
 120 
 120 
 120 
 120 
 120 
 120 
 120 
 120 
 120 
 120 
 120 
 120 
 120 
 120 
 120 
 120 
 120 
 120 
 120 
 120 
 120 
 120 
 120 
 120 
 120 
 120 
 120 
 120 
 120 
 120 
 120 
 120 
 120 
 120 
 120 
 120 
 120 
 120 
 120 
 120 
 120 
 120 
 120 
 120 
 edgeUsage
0 0 0 
 1 0 0 
 0 1 0 
 1 1 1 
 0 1 0 
 0 0 0 
 1 0 0 
 1 1 1 
 0 1 0 
 1 0 0 
 1 1 0 
 1 1 1 
 1 1 0 
 1 1 0 
 1 1 0 
 1 1 1 
 0 0 0 
 1 0 0 
 0 1 0 
 1 1 1 
 0 1 0 
 0 0 0 
 1 0 0 
 1 1 1 
 0 1 0 
 1 0 0 
 1 1 0 
 1 1 1 
 1 1 0 
 1 1 0 
 1 1 0 
 1 1 1 
 0 0 0 
 1 0 0 
 0 1 0 
 1 1 1 
 0 1 0 
 0 0 0 
 1 0 0 
 1 1 1 
 0 1 0 
 1 0 0 
 1 1 0 
 1 1 1 
 1 1 0 
 1 1 0 
 1 1 0 
 1 1 1 
 0 0 0 
 1 0 0 
 0 1 0 
 1 1 1 
 0 1 0 
 0 0 0 
 1 0 0 
 1 1 1 
 0 1 0 
 1 0 0 
 1 1 0 
 1 1 1 
 1 1 0 
 1 1 0 
 1 1 0 
 1 1 1 
 0 1 0 
 0 0 0 
 1 0 0 
 1 1 1 
 0 0 0 
 1 0 0 
 0 1 0 
 1 1 1 
 0 0 0 
 0 0 0 
 0 0 0 
 1 1 1 
 1 1 0 
 1 1 0 
 1 1 0 
 1 1 1 
 0 0 0 
 1 0 0 
 0 1 0 
 1 1 1 
 0 1 0 
 0 0 0 
 1 0 0 
 1 1 1 
 0 1 0 
 1 0 0 
 1 1 0 
 1 1 1 
 1 1 0 
 1 1 0 
 1 1 0 
 1 1 1 
 0 0 0 
 1 0 0 
 0 1 0 
 1 1 1 
 0 1 0 
 0 0 0 
 1 0 0 
 1 1 1 
 0 1 0 
 1 0 0 
 1 1 0 
 1 1 1 
 1 1 0 
 1 1 0 
 1 1 0 
 1 1 1 
 0 0 0 
 1 0 0 
 0 1 0 
 1 1 1 
 0 1 0 
 0 0 0 
 1 0 0 
 1 1 1 
 0 1 0 
 1 0 0 
 1 1 0 
 1 1 1 
 1 1 0 
 1 1 0 
 1 1 0 
 1 1 1 
 0 0 0 
 1 0 0 
 0 1 0 
 1 1 1 
 0 1 0 
 0 0 0 
 1 0 0 
 1 1 1 
 0 1 0 
 1 0 0 
 1 1 0 
 1 1 1 
 1 1 0 
 1 1 0 
 1 1 0 
 1 1 1 
 0 0 0 
 1 0 0 
 0 1 0 
 1 1 1 
 0 1 0 
 0 0 0 
 1 0 0 
 1 1 1 
 0 1 0 
 1 0 0 
 1 1 0 
 1 1 1 
 1 1 0 
 1 1 0 
 1 1 0 
 1 1 1 
 0 0 0 
 1 0 0 
 0 1 0 
 1 1 1 
 0 1 0 
 0 0 0 
 1 0 0 
 1 1 1 
 0 1 0 
 1 0 0 
 1 1 0 
 1 1 1 
 1 1 0 
 1 1 0 
 1 1 0 
 1 1 1 
 0 1 0 
 0 0 0 
 1 0 0 
 1 1 1 
 0 0 0 
 1 0 0 
 0 1 0 
 1 1 1 
 0 0 0 
 0 0 0 
 0 0 0 
 1 1 1 
 1 1 0 
 1 1 0 
 1 1 0 
 1 1 1 
 0 0 0 
 1 0 0 
 0 1 0 
 1 1 1 
 0 1 0 
 0 0 0 
 1 0 0 
 1 1 1 
 0 1 0 
 1 0 0 
 1 1 0 
 1 1 1 
 1 1 0 
 1 1 0 
 1 1 0 
 1 1 1 
 0 1 0 
 0 0 0 
 1 0 0 
 1 1 1 
 0 0 0 
 1 0 0 
 0 1 0 
 1 1 1 
 0 0 0 
 0 0 0 
 0 0 0 
 1 1 1 
 1 1 0 
 1 1 0 
 1 1 0 
 1 1 1 
 0 0 0 
 1 0 0 
 0 1 0 
 1 1 1 
 0 1 0 
 0 0 0 
 1 0 0 
 1 1 1 
 0 1 0 
 1 0 0 
 1 1 0 
 1 1 1 
 1 1 0 
 1 1 0 
 1 1 0 
 1 1 1 
 0 0 0 
 1 0 0 
 0 1 0 
 1 1 1 
 0 1 0 
 0 0 0 
 1 0 0 
 1 1 1 
 0 1 0 
 1 0 0 
 1 1 0 
 1 1 1 
 1 1 0 
 1 1 0 
 1 1 0 
 1 1 1 
 0 0 0 
 1 0 0 
 0 1 0 
 1 1 1 
 0 1 0 
 0 0 0 
 1 0 0 
 1 1 1 
 0 1 0 
 1 0 0 
 1 1 0 
 1 1 1 
 1 1 0 
 1 1 0 
 1 1 0 
 1 1 1 
 0 0 0 
 1 0 0 
 0 1 0 
 1 1 1 
 0 1 0 
 0 0 0 
 1 0 0 
 1 1 1 
 0 1 0 
 1 0 0 
 1 1 0 
 1 1 1 
 1 1 0 
 1 1 0 
 1 1 0 
 1 1 1 
 0 0 0 
 1 0 0 
 0 1 0 
 1 1 1 
 0 1 0 
 0 0 0 
 1 0 0 
 1 1 1 
 0 1 0 
 1 0 0 
 1 1 0 
 1 1 1 
 1 1 0 
 1 1 0 
 1 1 0 
 1 1 1 
 0 1 0 
 0 0 0 
 1 0 0 
 1 1 1 
 0 0 0 
 1 0 0 
 0 1 0 
 1 1 1 
 0 0 0 
 0 0 0 
 0 0 0 
 1 1 1 
 1 1 0 
 1 1 0 
 1 1 0 
 1 1 1 
 0 0 0 
 1 0 0 
 0 1 0 
 1 1 1 
 0 1 0 
 0 0 0 
 1 0 0 
 1 1 1 
 0 1 0 
 1 0 0 
 1 1 0 
 1 1 1 
 1 1 0 
 1 1 0 
 1 1 0 
 1 1 1 
 0 1 0 
 0 0 0 
 1 0 0 
 1 1 1 
 0 0 0 
 1 0 0 
 0 1 0 
 1 1 1 
 0 0 0 
 0 0 0 
 0 0 0 
 1 1 1 
 1 1 0 
 1 1 0 
 1 1 0 
 1 1 1 
 0 0 0 
 1 0 0 
 0 1 0 
 1 1 1 
 0 1 0 
 0 0 0 
 1 0 0 
 1 1 1 
 0 1 0 
 1 0 0 
 1 1 0 
 1 1 1 
 1 1 0 
 1 1 0 
 1 1 0 
 1 1 1 
 0 0 0 
 1 0 0 
 0 1 0 
 1 1 1 
 0 1 0 
 0 0 0 
 1 0 0 
 1 1 1 
 0 1 0 
 1 0 0 
 1 1 0 
 1 1 1 
 1 1 0 
 1 1 0 
 1 1 0 
 1 1 1 
 0 0 0 
 1 0 0 
 0 1 0 
 1 1 1 
 0 1 0 
 0 0 0 
 1 0 0 
 1 1 1 
 0 1 0 
 1 0 0 
 1 1 0 
 1 1 1 
 1 1 0 
 1 1 0 
 1 1 0 
 1 1 1 
 0 0 0 
 1 0 0 
 0 1 0 
 1 1 1 
 0 1 0 
 0 0 0 
 1 0 0 
 1 1 1 
 0 1 0 
 1 0 0 
 1 1 0 
 1 1 1 
 1 1 0 
 1 1 0 
 1 1 0 
 1 1 1 
 0 0 0 
 1 0 0 
 0 1 0 
 1 1 1 
 0 1 0 
 0 0 0 
 1 0 0 
 1 1 1 
 0 1 0 
 1 0 0 
 1 1 0 
 1 1 1 
 1 1 0 
 1 1 0 
 1 1 0 
 1 1 1 
 0 0 0 
 1 0 0 
 0 1 0 
 1 1 1 
 0 1 0 
 0 0 0 
 1 0 0 
 1 1 1 
 0 1 0 
 1 0 0 
 1 1 0 
 1 1 1 
 1 1 0 
 1 1 0 
 1 1 0 
 1 1 1 
 0 0 0 
 1 0 0 
 0 1 0 
 1 1 1 
 0 1 0 
 0 0 0 
 1 0 0 
 1 1 1 
 0 1 0 
 1 0 0 
 1 1 0 
 1 1 1 
 1 1 0 
 1 1 0 
 1 1 0 
 1 1 1 
 0 1 0 
 0 0 0 
 1 0 0 
 1 1 1 
 0 0 0 
 1 0 0 
 0 1 0 
 1 1 1 
 0 0 0 
 0 0 0 
 0 0 0 
 1 1 1 
 1 1 0 
 1 1 0 
 1 1 0 
 1 1 1 
 0 0 0 
 1 0 0 
 0 1 0 
 1 1 1 
 0 1 0 
 0 0 0 
 1 0 0 
 1 1 1 
 0 1 0 
 1 0 0 
 1 1 0 
 1 1 1 
 1 1 0 
 1 1 0 
 1 1 0 
 1 1 1 
 0 0 0 
 1 0 0 
 0 1 0 
 1 1 1 
 0 1 0 
 0 0 0 
 1 0 0 
 1 1 1 
 0 1 0 
 1 0 0 
 1 1 0 
 1 1 1 
 1 1 0 
 1 1 0 
 1 1 0 
 1 1 1 
 0 0 0 
 1 0 0 
 0 1 0 
 1 1 1 
 0 1 0 
 0 0 0 
 1 0 0 
 1 1 1 
 0 1 0 
 1 0 0 
 1 1 0 
 1 1 1 
 1 1 0 
 1 1 0 
 1 1 0 
 1 1 1 
 0 1 0 
 0 0 0 
 1 0 0 
 1 1 1 
 0 0 0 
 1 0 0 
 0 1 0 
 1 1 1 
 0 0 0 
 0 0 0 
 0 0 0 
 1 1 1 
 1 1 0 
 1 1 0 
 1 1 0 
 1 1 1 
 0 0 0 
 1 0 0 
 0 1 0 
 1 1 1 
 0 1 0 
 0 0 0 
 1 0 0 
 1 1 1 
 0 1 0 
 1 0 0 
 1 1 0 
 1 1 1 
 1 1 0 
 1 1 0 
 1 1 0 
 1 1 1 
 0 1 0 
 0 0 0 
 1 0 0 
 1 1 1 
 0 0 0 
 1 0 0 
 0 1 0 
 1 1 1 
 0 0 0 
 0 0 0 
 0 0 0 
 1 1 1 
 1 1 0 
 1 1 0 
 1 1 0 
 1 1 1 
 0 0 0 
 1 0 0 
 0 1 0 
 1 1 1 
 0 1 0 
 0 0 0 
 1 0 0 
 1 1 1 
 0 1 0 
 1 0 0 
 1 1 0 
 1 1 1 
 1 1 0 
 1 1 0 
 1 1 0 
 1 1 1 
 0 0 0 
 1 0 0 
 0 1 0 
 1 1 1 
 0 1 0 
 0 0 0 
 1 0 0 
 1 1 1 
 0 1 0 
 1 0 0 
 1 1 0 
 1 1 1 
 1 1 0 
 1 1 0 
 1 1 0 
 1 1 1 
 0 0 0 
 1 0 0 
 0 1 0 
 1 1 1 
 0 1 0 
 0 0 0 
 1 0 0 
 1 1 1 
 0 1 0 
 1 0 0 
 1 1 0 
 1 1 1 
 1 1 0 
 1 1 0 
 1 1 0 
 1 1 1 
 0 1 0 
 1 0 0 
 1 1 0 
 1 1 1 
 0 0 0 
 1 0 0 
 0 1 0 
 1 1 1 
 0 1 0 
 0 0 0 
 1 0 0 
 1 1 1 
 1 1 0 
 1 1 0 
 1 1 0 
 1 1 1 
 0 1 0 
 0 0 0 
 1 0 0 
 1 1 1 
 0 0 0 
 1 0 0 
 0 1 0 
 1 1 1 
 0 0 0 
 0 0 0 
 0 0 0 
 1 1 1 
 1 1 0 
 1 1 0 
 1 1 0 
 1 1 1 
 0 0 0 
 1 0 0 
 0 1 0 
 1 1 1 
 0 1 0 
 0 0 0 
 1 0 0 
 1 1 1 
 0 1 0 
 1 0 0 
 1 1 0 
 1 1 1 
 1 1 0 
 1 1 0 
 1 1 0 
 1 1 1 
 EdgeNode 
3 10 
 10 8 
 8 11 
 11 7 
 7 12 
 12 9 
 9 13 
 13 1 
 2 17 
 17 15 
 15 18 
 18 14 
 14 19 
 19 16 
 16 20 
 20 6 
 1 24 
 24 22 
 22 25 
 25 21 
 21 26 
 26 23 
 23 27 
 27 2 
 4 43 
 43 35 
 35 44 
 44 30 
 30 45 
 45 36 
 36 46 
 46 29 
 29 47 
 47 37 
 37 48 
 48 31 
 31 49 
 49 38 
 38 50 
 50 28 
 28 51 
 51 39 
 39 52 
 52 33 
 33 53 
 53 40 
 40 54 
 54 32 
 32 55 
 55 41 
 41 56 
 56 34 
 34 57 
 57 42 
 42 58 
 58 3 
 5 62 
 62 60 
 60 63 
 63 59 
 59 64 
 64 61 
 61 65 
 65 4 
 6 81 
 81 73 
 73 82 
 82 68 
 68 83 
 83 74 
 74 84 
 84 67 
 67 85 
 85 75 
 75 86 
 86 69 
 69 87 
 87 76 
 76 88 
 88 66 
 66 89 
 89 77 
 77 90 
 90 71 
 71 91 
 91 78 
 78 92 
 92 70 
 70 93 
 93 79 
 79 94 
 94 72 
 72 95 
 95 80 
 80 96 
 96 5 
 108 158 
 158 107 
 108 159 
 159 97 
 107 160 
 160 97 
 158 159 
 159 160 
 160 158 
 107 161 
 161 8 
 3 162 
 162 107 
 161 162 
 162 10 
 10 161 
 8 163 
 163 108 
 7 164 
 164 108 
 163 11 
 11 164 
 164 163 
 158 161 
 161 163 
 163 158 
 110 165 
 165 109 
 110 166 
 166 97 
 109 167 
 167 97 
 165 166 
 166 167 
 167 165 
 109 168 
 168 16 
 14 169 
 169 109 
 168 169 
 169 19 
 19 168 
 16 170 
 170 110 
 6 171 
 171 110 
 170 20 
 20 171 
 171 170 
 165 168 
 168 170 
 170 165 
 112 172 
 172 111 
 112 173 
 173 99 
 111 174 
 174 99 
 172 173 
 173 174 
 174 172 
 111 175 
 175 9 
 7 176 
 176 111 
 175 176 
 176 12 
 12 175 
 9 177 
 177 112 
 1 178 
 178 112 
 177 13 
 13 178 
 178 177 
 172 175 
 175 177 
 177 172 
 113 179 
 179 112 
 113 180 
 180 99 
 179 180 
 180 173 
 173 179 
 112 181 
 181 22 
 181 178 
 178 24 
 24 181 
 22 182 
 182 113 
 21 183 
 183 113 
 182 25 
 25 183 
 183 182 
 179 181 
 181 182 
 182 179 
 108 184 
 184 111 
 184 164 
 164 176 
 176 184 
 111 185 
 185 114 
 114 186 
 186 99 
 185 174 
 174 186 
 186 185 
 114 187 
 187 108 
 97 188 
 188 114 
 187 188 
 188 159 
 159 187 
 184 185 
 185 187 
 187 184 
 116 189 
 189 115 
 116 190 
 190 98 
 115 191 
 191 98 
 189 190 
 190 191 
 191 189 
 115 192 
 192 41 
 32 193 
 193 115 
 192 193 
 193 55 
 55 192 
 41 194 
 194 116 
 34 195 
 195 116 
 194 56 
 56 195 
 195 194 
 189 192 
 192 194 
 194 189 
 117 196 
 196 113 
 117 197 
 197 99 
 196 197 
 197 180 
 180 196 
 113 198 
 198 23 
 198 183 
 183 26 
 26 198 
 23 199 
 199 117 
 2 200 
 200 117 
 199 27 
 27 200 
 200 199 
 196 198 
 198 199 
 199 196 
 118 201 
 201 117 
 118 202 
 202 99 
 201 202 
 202 197 
 197 201 
 117 203 
 203 15 
 203 200 
 200 17 
 17 203 
 15 204 
 204 118 
 14 205 
 205 118 
 204 18 
 18 205 
 205 204 
 201 203 
 203 204 
 204 201 
 114 206 
 206 118 
 206 186 
 186 202 
 202 206 
 118 207 
 207 109 
 207 205 
 205 169 
 169 207 
 109 208 
 208 114 
 208 167 
 167 188 
 188 208 
 206 207 
 207 208 
 208 206 
 120 209 
 209 119 
 120 210 
 210 100 
 119 211 
 211 100 
 209 210 
 210 211 
 211 209 
 119 212 
 212 40 
 33 213 
 213 119 
 212 213 
 213 53 
 53 212 
 40 214 
 214 120 
 32 215 
 215 120 
 214 54 
 54 215 
 215 214 
 209 212 
 212 214 
 214 209 
 121 216 
 216 120 
 121 217 
 217 100 
 216 217 
 217 210 
 210 216 
 120 218 
 218 115 
 218 215 
 215 193 
 193 218 
 115 219 
 219 121 
 98 220 
 220 121 
 219 191 
 191 220 
 220 219 
 216 218 
 218 219 
 219 216 
 123 221 
 221 122 
 67 222 
 222 123 
 67 223 
 223 122 
 221 222 
 222 223 
 223 221 
 122 224 
 224 121 
 122 225 
 225 100 
 224 225 
 225 217 
 217 224 
 121 226 
 226 123 
 123 227 
 227 98 
 226 220 
 220 227 
 227 226 
 221 224 
 224 226 
 226 221 
 124 228 
 228 122 
 124 229 
 229 100 
 228 229 
 229 225 
 225 228 
 122 230 
 230 75 
 230 223 
 223 85 
 85 230 
 75 231 
 231 124 
 69 232 
 232 124 
 231 86 
 86 232 
 232 231 
 228 230 
 230 231 
 231 228 
 124 233 
 233 125 
 69 234 
 234 125 
 233 232 
 232 234 
 234 233 
 125 235 
 235 126 
 125 236 
 236 101 
 126 237 
 237 101 
 235 236 
 236 237 
 237 235 
 126 238 
 238 124 
 100 239 
 239 126 
 238 239 
 239 229 
 229 238 
 233 235 
 235 238 
 238 233 
 127 240 
 240 125 
 127 241 
 241 101 
 240 241 
 241 236 
 236 240 
 125 242 
 242 76 
 242 234 
 234 87 
 87 242 
 76 243 
 243 127 
 66 244 
 244 127 
 243 88 
 88 244 
 244 243 
 240 242 
 242 243 
 243 240 
 129 245 
 245 128 
 129 246 
 246 101 
 128 247 
 247 101 
 245 246 
 246 247 
 247 245 
 128 248 
 248 39 
 28 249 
 249 128 
 248 249 
 249 51 
 51 248 
 39 250 
 250 129 
 33 251 
 251 129 
 250 52 
 52 251 
 251 250 
 245 248 
 248 250 
 250 245 
 126 252 
 252 129 
 252 237 
 237 246 
 246 252 
 129 253 
 253 119 
 253 251 
 251 213 
 213 253 
 119 254 
 254 126 
 254 211 
 211 239 
 239 254 
 252 253 
 253 254 
 254 252 
 131 255 
 255 130 
 131 256 
 256 102 
 130 257 
 257 102 
 255 256 
 256 257 
 257 255 
 130 258 
 258 38 
 31 259 
 259 130 
 258 259 
 259 49 
 49 258 
 38 260 
 260 131 
 28 261 
 261 131 
 260 50 
 50 261 
 261 260 
 255 258 
 258 260 
 260 255 
 132 262 
 262 131 
 132 263 
 263 102 
 262 263 
 263 256 
 256 262 
 131 264 
 264 128 
 264 261 
 261 249 
 249 264 
 128 265 
 265 132 
 101 266 
 266 132 
 265 247 
 247 266 
 266 265 
 262 264 
 264 265 
 265 262 
 127 267 
 267 133 
 66 268 
 268 133 
 267 244 
 244 268 
 268 267 
 133 269 
 269 132 
 133 270 
 270 102 
 269 270 
 270 263 
 263 269 
 132 271 
 271 127 
 271 266 
 266 241 
 241 271 
 267 269 
 269 271 
 271 267 
 134 272 
 272 133 
 134 273 
 273 102 
 272 273 
 273 270 
 270 272 
 133 274 
 274 77 
 274 268 
 268 89 
 89 274 
 77 275 
 275 134 
 71 276 
 276 134 
 275 90 
 90 276 
 276 275 
 272 274 
 274 275 
 275 272 
 134 277 
 277 135 
 71 278 
 278 135 
 277 276 
 276 278 
 278 277 
 135 279 
 279 136 
 135 280 
 280 103 
 136 281 
 281 103 
 279 280 
 280 281 
 281 279 
 136 282 
 282 134 
 102 283 
 283 136 
 282 283 
 283 273 
 273 282 
 277 279 
 279 282 
 282 277 
 137 284 
 284 135 
 137 285 
 285 103 
 284 285 
 285 280 
 280 284 
 135 286 
 286 78 
 286 278 
 278 91 
 91 286 
 78 287 
 287 137 
 70 288 
 288 137 
 287 92 
 92 288 
 288 287 
 284 286 
 286 287 
 287 284 
 139 289 
 289 138 
 139 290 
 290 103 
 138 291 
 291 103 
 289 290 
 290 291 
 291 289 
 138 292 
 292 37 
 29 293 
 293 138 
 292 293 
 293 47 
 47 292 
 37 294 
 294 139 
 31 295 
 295 139 
 294 48 
 48 295 
 295 294 
 289 292 
 292 294 
 294 289 
 136 296 
 296 139 
 296 281 
 281 290 
 290 296 
 139 297 
 297 130 
 297 295 
 295 259 
 259 297 
 130 298 
 298 136 
 298 257 
 257 283 
 283 298 
 296 297 
 297 298 
 298 296 
 141 299 
 299 140 
 141 300 
 300 104 
 140 301 
 301 104 
 299 300 
 300 301 
 301 299 
 140 302 
 302 61 
 59 303 
 303 140 
 302 303 
 303 64 
 64 302 
 61 304 
 304 141 
 4 305 
 305 141 
 304 65 
 65 305 
 305 304 
 299 302 
 302 304 
 304 299 
 142 306 
 306 141 
 142 307 
 307 104 
 306 307 
 307 300 
 300 306 
 141 308 
 308 35 
 308 305 
 305 43 
 43 308 
 35 309 
 309 142 
 30 310 
 310 142 
 309 44 
 44 310 
 310 309 
 306 308 
 308 309 
 309 306 
 144 311 
 311 143 
 144 312 
 312 104 
 143 313 
 313 104 
 311 312 
 312 313 
 313 311 
 143 314 
 314 80 
 72 315 
 315 143 
 314 315 
 315 95 
 95 314 
 80 316 
 316 144 
 5 317 
 317 144 
 316 96 
 96 317 
 317 316 
 311 314 
 314 316 
 316 311 
 140 318 
 318 144 
 318 301 
 301 312 
 312 318 
 144 319 
 319 60 
 319 317 
 317 62 
 62 319 
 60 320 
 320 140 
 320 63 
 63 303 
 303 320 
 318 319 
 319 320 
 320 318 
 110 321 
 321 145 
 6 322 
 322 145 
 321 171 
 171 322 
 322 321 
 145 323 
 323 146 
 145 324 
 324 105 
 146 325 
 325 105 
 323 324 
 324 325 
 325 323 
 146 326 
 326 110 
 97 327 
 327 146 
 326 327 
 327 166 
 166 326 
 321 323 
 323 326 
 326 321 
 146 328 
 328 147 
 147 329 
 329 105 
 328 325 
 325 329 
 329 328 
 147 330 
 330 107 
 3 331 
 331 147 
 330 331 
 331 162 
 162 330 
 107 332 
 332 146 
 332 160 
 160 327 
 327 332 
 328 330 
 330 332 
 332 328 
 148 333 
 333 145 
 148 334 
 334 105 
 333 334 
 334 324 
 324 333 
 145 335 
 335 73 
 335 322 
 322 81 
 81 335 
 73 336 
 336 148 
 68 337 
 337 148 
 336 82 
 82 337 
 337 336 
 333 335 
 335 336 
 336 333 
 150 338 
 338 148 
 150 339 
 339 105 
 338 339 
 339 334 
 334 338 
 148 340 
 340 149 
 68 341 
 341 149 
 340 337 
 337 341 
 341 340 
 149 342 
 342 150 
 149 343 
 343 98 
 98 344 
 344 150 
 342 343 
 343 344 
 344 342 
 338 340 
 340 342 
 342 338 
 116 345 
 345 151 
 34 346 
 346 151 
 345 195 
 195 346 
 346 345 
 151 347 
 347 150 
 151 348 
 348 105 
 347 348 
 348 339 
 339 347 
 150 349 
 349 116 
 349 344 
 344 190 
 190 349 
 345 347 
 347 349 
 349 345 
 147 350 
 350 151 
 350 329 
 329 348 
 348 350 
 151 351 
 351 42 
 351 346 
 346 57 
 57 351 
 42 352 
 352 147 
 352 58 
 58 331 
 331 352 
 350 351 
 351 352 
 352 350 
 142 353 
 353 152 
 30 354 
 354 152 
 353 310 
 310 354 
 354 353 
 152 355 
 355 153 
 152 356 
 356 106 
 153 357 
 357 106 
 355 356 
 356 357 
 357 355 
 153 358 
 358 142 
 104 359 
 359 153 
 358 359 
 359 307 
 307 358 
 353 355 
 355 358 
 358 353 
 154 360 
 360 152 
 154 361 
 361 106 
 360 361 
 361 356 
 356 360 
 152 362 
 362 36 
 362 354 
 354 45 
 45 362 
 36 363 
 363 154 
 29 364 
 364 154 
 363 46 
 46 364 
 364 363 
 360 362 
 362 363 
 363 360 
 155 365 
 365 154 
 155 366 
 366 106 
 365 366 
 366 361 
 361 365 
 154 367 
 367 138 
 367 364 
 364 293 
 293 367 
 138 368 
 368 155 
 103 369 
 369 155 
 368 291 
 291 369 
 369 368 
 365 367 
 367 368 
 368 365 
 153 370 
 370 156 
 156 371 
 371 106 
 370 357 
 357 371 
 371 370 
 156 372 
 372 143 
 72 373 
 373 156 
 372 373 
 373 315 
 315 372 
 143 374 
 374 153 
 374 313 
 313 359 
 359 374 
 370 372 
 372 374 
 374 370 
 74 375 
 375 123 
 375 84 
 84 222 
 222 375 
 123 376 
 376 149 
 376 227 
 227 343 
 343 376 
 149 377 
 377 74 
 377 341 
 341 83 
 83 377 
 375 376 
 376 377 
 377 375 
 137 378 
 378 157 
 70 379 
 379 157 
 378 288 
 288 379 
 379 378 
 157 380 
 380 155 
 157 381 
 381 106 
 380 381 
 381 366 
 366 380 
 155 382 
 382 137 
 382 369 
 369 285 
 285 382 
 378 380 
 380 382 
 382 378 
 156 383 
 383 157 
 383 371 
 371 381 
 381 383 
 157 384 
 384 79 
 384 379 
 379 93 
 93 384 
 79 385 
 385 156 
 385 94 
 94 373 
 373 385 
 383 384 
 384 385 
 385 383 
 bcElement 96
7 190 3 
5 190 1 
10 190 3 
11 190 1 
39 190 3 
37 190 1 
42 190 3 
43 190 1 
55 185 3 
53 185 1 
58 185 3 
59 185 1 
103 185 3 
101 185 1 
106 185 3 
107 185 1 
119 117 3 
117 117 1 
122 117 3 
123 117 1 
23 117 3 
21 117 1 
26 117 3 
27 117 1 
503 6 3 
501 6 1 
506 6 3 
507 6 1 
635 6 3 
633 6 1 
626 6 3 
627 6 1 
199 6 3 
197 6 1 
202 6 3 
203 6 1 
231 6 3 
229 6 1 
234 6 3 
235 6 1 
327 6 3 
325 6 1 
330 6 3 
331 6 1 
359 6 3 
357 6 1 
362 6 3 
363 6 1 
663 6 3 
661 6 1 
666 6 3 
667 6 1 
439 6 3 
437 6 1 
442 6 3 
443 6 1 
455 11 3 
453 11 1 
458 11 3 
459 11 1 
407 11 3 
405 11 1 
410 11 3 
411 11 1 
423 16 3 
421 16 1 
426 16 3 
427 16 1 
583 16 3 
581 16 1 
586 16 3 
587 16 1 
375 16 3 
373 16 1 
378 16 3 
379 16 1 
279 16 3 
277 16 1 
282 16 3 
283 16 1 
247 16 3 
245 16 1 
250 16 3 
251 16 1 
151 16 3 
149 16 1 
154 16 3 
155 16 1 
87 16 3 
85 16 1 
90 16 3 
91 16 1 
551 16 3 
549 16 1 
554 16 3 
555 16 1 
