Edge min = 0.058539, max=0.115942, average=0.104991;
Grid_size 42
Node_size 34
Total_DOF 586
edge_Size 75
maxDOF 21
Solution_Order
5 
 meshIEN 
25 7 3 
 25 6 8 
 27 1 7 
 27 9 1 
 7 25 27 
 26 16 14 
 27 2 9 
 27 8 2 
 27 25 8 
 28 14 15 
 28 26 14 
 19 26 28 
 28 21 19 
 21 28 29 
 29 18 21 
 29 15 10 
 29 28 15 
 30 10 13 
 30 29 10 
 18 29 30 
 30 23 18 
 23 30 31 
 31 22 23 
 31 13 11 
 31 30 13 
 32 4 17 
 32 12 4 
 32 5 24 
 32 17 5 
 6 25 33 
 33 25 3 
 33 20 6 
 33 26 20 
 16 26 33 
 33 3 16 
 12 32 34 
 34 11 12 
 34 31 11 
 34 32 24 
 19 20 26 
 22 31 34 
 34 24 22 
 solutionIEN 
25 7 3 138 137 136 135 38 37 36 35 131 132 133 134 335 336 337 338 339 340 
 25 6 8 146 145 144 143 50 49 48 47 139 140 141 142 341 342 343 344 345 346 
 27 1 7 154 153 152 151 42 41 40 39 147 148 149 150 347 348 349 350 351 352 
 27 9 1 174 173 172 171 54 53 52 51 151 152 153 154 353 354 355 356 357 358 
 7 25 27 135 136 137 138 183 184 185 186 150 149 148 147 359 360 361 362 363 364 
 26 16 14 170 169 168 167 86 85 84 83 163 164 165 166 365 366 367 368 369 370 
 27 2 9 178 177 176 175 58 57 56 55 171 172 173 174 371 372 373 374 375 376 
 27 8 2 182 181 180 179 46 45 44 43 175 176 177 178 377 378 379 380 381 382 
 27 25 8 186 185 184 183 142 141 140 139 179 180 181 182 383 384 385 386 387 388 
 28 14 15 198 197 196 195 82 81 80 79 187 188 189 190 389 390 391 392 393 394 
 28 26 14 202 201 200 199 166 165 164 163 195 196 197 198 395 396 397 398 399 400 
 19 26 28 159 160 161 162 199 200 201 202 206 205 204 203 401 402 403 404 405 406 
 28 21 19 194 193 192 191 110 109 108 107 203 204 205 206 407 408 409 410 411 412 
 21 28 29 191 192 193 194 219 220 221 222 218 217 216 215 413 414 415 416 417 418 
 29 18 21 210 209 208 207 114 113 112 111 215 216 217 218 419 420 421 422 423 424 
 29 15 10 226 225 224 223 78 77 76 75 211 212 213 214 425 426 427 428 429 430 
 29 28 15 222 221 220 219 190 189 188 187 223 224 225 226 431 432 433 434 435 436 
 30 10 13 238 237 236 235 74 73 72 71 227 228 229 230 437 438 439 440 441 442 
 30 29 10 242 241 240 239 214 213 212 211 235 236 237 238 443 444 445 446 447 448 
 18 29 30 207 208 209 210 239 240 241 242 246 245 244 243 449 450 451 452 453 454 
 30 23 18 234 233 232 231 118 117 116 115 243 244 245 246 455 456 457 458 459 460 
 23 30 31 231 232 233 234 259 260 261 262 258 257 256 255 461 462 463 464 465 466 
 31 22 23 254 253 252 251 122 121 120 119 255 256 257 258 467 468 469 470 471 472 
 31 13 11 266 265 264 263 70 69 68 67 247 248 249 250 473 474 475 476 477 478 
 31 30 13 262 261 260 259 230 229 228 227 263 264 265 266 479 480 481 482 483 484 
 32 4 17 270 269 268 267 98 97 96 95 283 284 285 286 485 486 487 488 489 490 
 32 12 4 274 273 272 271 62 61 60 59 267 268 269 270 491 492 493 494 495 496 
 32 5 24 282 281 280 279 130 129 128 127 275 276 277 278 497 498 499 500 501 502 
 32 17 5 286 285 284 283 94 93 92 91 279 280 281 282 503 504 505 506 507 508 
 6 25 33 143 144 145 146 291 292 293 294 290 289 288 287 509 510 511 512 513 514 
 33 25 3 294 293 292 291 134 133 132 131 295 296 297 298 515 516 517 518 519 520 
 33 20 6 302 301 300 299 102 101 100 99 287 288 289 290 521 522 523 524 525 526 
 33 26 20 306 305 304 303 158 157 156 155 299 300 301 302 527 528 529 530 531 532 
 16 26 33 167 168 169 170 303 304 305 306 310 309 308 307 533 534 535 536 537 538 
 33 3 16 298 297 296 295 90 89 88 87 307 308 309 310 539 540 541 542 543 544 
 12 32 34 271 272 273 274 315 316 317 318 314 313 312 311 545 546 547 548 549 550 
 34 11 12 322 321 320 319 66 65 64 63 311 312 313 314 551 552 553 554 555 556 
 34 31 11 326 325 324 323 250 249 248 247 319 320 321 322 557 558 559 560 561 562 
 34 32 24 318 317 316 315 278 277 276 275 327 328 329 330 563 564 565 566 567 568 
 19 20 26 106 105 104 103 155 156 157 158 162 161 160 159 569 570 571 572 573 574 
 22 31 34 251 252 253 254 323 324 325 326 334 333 332 331 575 576 577 578 579 580 
 34 24 22 330 329 328 327 126 125 124 123 331 332 333 334 581 582 583 584 585 586 
 solutionOrder
5 5 5 5 
 5 5 5 5 
 5 5 5 5 
 5 5 5 5 
 5 5 5 5 
 5 5 5 5 
 5 5 5 5 
 5 5 5 5 
 5 5 5 5 
 5 5 5 5 
 5 5 5 5 
 5 5 5 5 
 5 5 5 5 
 5 5 5 5 
 5 5 5 5 
 5 5 5 5 
 5 5 5 5 
 5 5 5 5 
 5 5 5 5 
 5 5 5 5 
 5 5 5 5 
 5 5 5 5 
 5 5 5 5 
 5 5 5 5 
 5 5 5 5 
 5 5 5 5 
 5 5 5 5 
 5 5 5 5 
 5 5 5 5 
 5 5 5 5 
 5 5 5 5 
 5 5 5 5 
 5 5 5 5 
 5 5 5 5 
 5 5 5 5 
 5 5 5 5 
 5 5 5 5 
 5 5 5 5 
 5 5 5 5 
 5 5 5 5 
 5 5 5 5 
 5 5 5 5 
 vertexCoord 
0.000000 0.000000 
 -0.000000 0.200000 
 0.200000 0.000000 
 1.000000 0.000000 
 1.000000 0.200000 
 0.200000 0.200000 
 0.100000 0.000000 
 0.100000 0.200000 
 -0.000000 0.100000 
 0.600000 0.000000 
 0.800000 0.000000 
 0.900000 0.000000 
 0.700000 0.000000 
 0.400000 0.000000 
 0.500000 0.000000 
 0.300000 0.000000 
 1.000000 0.100000 
 0.600000 0.200000 
 0.400000 0.200000 
 0.300000 0.200000 
 0.500000 0.200000 
 0.800000 0.200000 
 0.700000 0.200000 
 0.900000 0.200000 
 0.151536 0.100293 
 0.350187 0.100115 
 0.058589 0.100049 
 0.450322 0.100000 
 0.550102 0.099995 
 0.650017 0.099988 
 0.750000 0.099936 
 0.941461 0.099976 
 0.250287 0.100068 
 0.848577 0.099985 
 bc_tag 
184 
 110 
 15 
 10 
 5 
 2 
 190 
 117 
 185 
 16 
 16 
 16 
 16 
 16 
 16 
 16 
 11 
 6 
 6 
 6 
 6 
 6 
 6 
 6 
 120 
 120 
 120 
 120 
 120 
 120 
 120 
 120 
 120 
 120 
 190 
 190 
 190 
 190 
 190 
 190 
 190 
 190 
 117 
 117 
 117 
 117 
 117 
 117 
 117 
 117 
 185 
 185 
 185 
 185 
 185 
 185 
 185 
 185 
 16 
 16 
 16 
 16 
 16 
 16 
 16 
 16 
 16 
 16 
 16 
 16 
 16 
 16 
 16 
 16 
 16 
 16 
 16 
 16 
 16 
 16 
 16 
 16 
 16 
 16 
 16 
 16 
 16 
 16 
 16 
 16 
 11 
 11 
 11 
 11 
 11 
 11 
 11 
 11 
 6 
 6 
 6 
 6 
 6 
 6 
 6 
 6 
 6 
 6 
 6 
 6 
 6 
 6 
 6 
 6 
 6 
 6 
 6 
 6 
 6 
 6 
 6 
 6 
 6 
 6 
 6 
 6 
 6 
 6 
 6 
 6 
 120 
 120 
 120 
 120 
 120 
 120 
 120 
 120 
 120 
 120 
 120 
 120 
 120 
 120 
 120 
 120 
 120 
 120 
 120 
 120 
 120 
 120 
 120 
 120 
 120 
 120 
 120 
 120 
 120 
 120 
 120 
 120 
 120 
 120 
 120 
 120 
 120 
 120 
 120 
 120 
 120 
 120 
 120 
 120 
 120 
 120 
 120 
 120 
 120 
 120 
 120 
 120 
 120 
 120 
 120 
 120 
 120 
 120 
 120 
 120 
 120 
 120 
 120 
 120 
 120 
 120 
 120 
 120 
 120 
 120 
 120 
 120 
 120 
 120 
 120 
 120 
 120 
 120 
 120 
 120 
 120 
 120 
 120 
 120 
 120 
 120 
 120 
 120 
 120 
 120 
 120 
 120 
 120 
 120 
 120 
 120 
 120 
 120 
 120 
 120 
 120 
 120 
 120 
 120 
 120 
 120 
 120 
 120 
 120 
 120 
 120 
 120 
 120 
 120 
 120 
 120 
 120 
 120 
 120 
 120 
 120 
 120 
 120 
 120 
 120 
 120 
 120 
 120 
 120 
 120 
 120 
 120 
 120 
 120 
 120 
 120 
 120 
 120 
 120 
 120 
 120 
 120 
 120 
 120 
 120 
 120 
 120 
 120 
 120 
 120 
 120 
 120 
 120 
 120 
 120 
 120 
 120 
 120 
 120 
 120 
 120 
 120 
 120 
 120 
 120 
 120 
 120 
 120 
 120 
 120 
 120 
 120 
 120 
 120 
 120 
 120 
 120 
 120 
 120 
 120 
 120 
 120 
 120 
 120 
 120 
 120 
 120 
 120 
 120 
 120 
 120 
 120 
 120 
 120 
 120 
 120 
 120 
 120 
 120 
 120 
 120 
 120 
 120 
 120 
 120 
 120 
 120 
 120 
 120 
 120 
 120 
 120 
 120 
 120 
 120 
 120 
 120 
 120 
 120 
 120 
 120 
 120 
 120 
 120 
 120 
 120 
 120 
 120 
 120 
 120 
 120 
 120 
 120 
 120 
 120 
 120 
 120 
 120 
 120 
 120 
 120 
 120 
 120 
 120 
 120 
 120 
 120 
 120 
 120 
 120 
 120 
 120 
 120 
 120 
 120 
 120 
 120 
 120 
 120 
 120 
 120 
 120 
 120 
 120 
 120 
 120 
 120 
 120 
 120 
 120 
 120 
 120 
 120 
 120 
 120 
 120 
 120 
 120 
 120 
 120 
 120 
 120 
 120 
 120 
 120 
 120 
 120 
 120 
 120 
 120 
 120 
 120 
 120 
 120 
 120 
 120 
 120 
 120 
 120 
 120 
 120 
 120 
 120 
 120 
 120 
 120 
 120 
 120 
 120 
 120 
 120 
 120 
 120 
 120 
 120 
 120 
 120 
 120 
 120 
 120 
 120 
 120 
 120 
 120 
 120 
 120 
 120 
 120 
 120 
 120 
 120 
 120 
 120 
 120 
 120 
 120 
 120 
 120 
 120 
 120 
 120 
 120 
 120 
 120 
 120 
 120 
 120 
 120 
 120 
 120 
 120 
 120 
 120 
 120 
 120 
 120 
 120 
 120 
 120 
 120 
 120 
 120 
 120 
 120 
 120 
 120 
 120 
 120 
 120 
 120 
 120 
 120 
 120 
 120 
 120 
 120 
 120 
 120 
 120 
 120 
 120 
 120 
 120 
 120 
 120 
 120 
 120 
 120 
 120 
 120 
 120 
 120 
 120 
 120 
 120 
 120 
 120 
 120 
 120 
 120 
 120 
 120 
 120 
 120 
 120 
 120 
 120 
 120 
 120 
 120 
 120 
 120 
 120 
 120 
 120 
 120 
 120 
 120 
 120 
 120 
 120 
 120 
 120 
 120 
 120 
 120 
 120 
 120 
 120 
 120 
 120 
 120 
 120 
 120 
 120 
 120 
 120 
 120 
 120 
 120 
 120 
 120 
 120 
 120 
 120 
 120 
 120 
 120 
 120 
 120 
 120 
 120 
 120 
 120 
 120 
 120 
 edgeUsage
1 1 0 
 1 1 0 
 1 1 0 
 1 1 0 
 0 0 1 
 1 1 0 
 1 1 0 
 1 1 0 
 1 1 0 
 1 1 0 
 1 1 0 
 0 0 1 
 1 1 0 
 0 0 1 
 1 1 0 
 1 1 0 
 1 1 0 
 1 1 0 
 1 1 0 
 0 0 1 
 1 1 0 
 0 0 1 
 1 1 0 
 1 1 0 
 1 1 0 
 1 1 0 
 1 1 0 
 1 1 0 
 1 1 0 
 0 0 1 
 1 1 0 
 1 1 0 
 1 1 0 
 0 0 1 
 1 1 0 
 0 0 1 
 1 1 0 
 1 1 0 
 1 1 0 
 1 0 1 
 0 0 1 
 1 1 0 
 EdgeNode 
3 7 35 36 37 38 
 7 1 39 40 41 42 
 2 8 43 44 45 46 
 8 6 47 48 49 50 
 1 9 51 52 53 54 
 9 2 55 56 57 58 
 4 12 59 60 61 62 
 12 11 63 64 65 66 
 11 13 67 68 69 70 
 13 10 71 72 73 74 
 10 15 75 76 77 78 
 15 14 79 80 81 82 
 14 16 83 84 85 86 
 16 3 87 88 89 90 
 5 17 91 92 93 94 
 17 4 95 96 97 98 
 6 20 99 100 101 102 
 20 19 103 104 105 106 
 19 21 107 108 109 110 
 21 18 111 112 113 114 
 18 23 115 116 117 118 
 23 22 119 120 121 122 
 22 24 123 124 125 126 
 24 5 127 128 129 130 
 3 25 131 132 133 134 
 7 25 135 136 137 138 
 8 25 139 140 141 142 
 6 25 143 144 145 146 
 7 27 147 148 149 150 
 1 27 151 152 153 154 
 20 26 155 156 157 158 
 19 26 159 160 161 162 
 14 26 163 164 165 166 
 16 26 167 168 169 170 
 9 27 171 172 173 174 
 2 27 175 176 177 178 
 8 27 179 180 181 182 
 25 27 183 184 185 186 
 15 28 187 188 189 190 
 21 28 191 192 193 194 
 14 28 195 196 197 198 
 26 28 199 200 201 202 
 19 28 203 204 205 206 
 18 29 207 208 209 210 
 10 29 211 212 213 214 
 21 29 215 216 217 218 
 28 29 219 220 221 222 
 15 29 223 224 225 226 
 13 30 227 228 229 230 
 23 30 231 232 233 234 
 10 30 235 236 237 238 
 29 30 239 240 241 242 
 18 30 243 244 245 246 
 11 31 247 248 249 250 
 22 31 251 252 253 254 
 23 31 255 256 257 258 
 30 31 259 260 261 262 
 13 31 263 264 265 266 
 4 32 267 268 269 270 
 12 32 271 272 273 274 
 24 32 275 276 277 278 
 5 32 279 280 281 282 
 17 32 283 284 285 286 
 6 33 287 288 289 290 
 25 33 291 292 293 294 
 3 33 295 296 297 298 
 20 33 299 300 301 302 
 26 33 303 304 305 306 
 16 33 307 308 309 310 
 12 34 311 312 313 314 
 32 34 315 316 317 318 
 11 34 319 320 321 322 
 31 34 323 324 325 326 
 24 34 327 328 329 330 
 22 34 331 332 333 334 
 bcElement 24
1 190 1 
3 190 1 
4 185 1 
7 185 1 
8 117 1 
2 117 1 
32 6 1 
40 6 3 
13 6 1 
15 6 1 
21 6 1 
23 6 1 
42 6 1 
28 6 1 
29 11 1 
26 11 1 
27 16 1 
37 16 1 
24 16 1 
18 16 1 
16 16 1 
10 16 1 
6 16 1 
35 16 1 
