Edge min = 0.049974, max=0.070745, average=0.056681;
Grid_size 800
Node_size 441
Total_DOF 1681
maxDOF 6
Solution_Order
2 
 meshIEN 
4 423 80 
 423 4 46 
 80 404 79 
 404 80 423 
 79 385 78 
 385 79 404 
 78 366 77 
 366 78 385 
 77 347 76 
 347 77 366 
 76 328 75 
 328 76 347 
 75 309 74 
 309 75 328 
 74 290 73 
 290 74 309 
 73 271 72 
 271 73 290 
 72 252 71 
 252 72 271 
 71 233 70 
 233 71 252 
 70 214 69 
 214 70 233 
 69 195 68 
 195 69 214 
 68 176 67 
 176 68 195 
 67 157 66 
 157 67 176 
 66 138 65 
 138 66 157 
 65 119 64 
 119 65 138 
 64 100 63 
 100 64 119 
 63 81 62 
 81 63 100 
 62 23 3 
 23 62 81 
 423 45 424 
 45 423 46 
 423 405 404 
 405 423 424 
 404 386 385 
 386 404 405 
 385 367 366 
 367 385 386 
 366 348 347 
 348 366 367 
 347 329 328 
 329 347 348 
 328 310 309 
 310 328 329 
 309 291 290 
 291 309 310 
 290 272 271 
 272 290 291 
 271 253 252 
 253 271 272 
 252 234 233 
 234 252 253 
 233 215 214 
 215 233 234 
 214 196 195 
 196 214 215 
 195 177 176 
 177 195 196 
 176 158 157 
 158 176 177 
 157 139 138 
 139 157 158 
 138 120 119 
 120 138 139 
 119 101 100 
 101 119 120 
 100 82 81 
 82 100 101 
 81 22 23 
 22 81 82 
 45 425 424 
 425 45 47 
 424 406 405 
 406 424 425 
 405 387 386 
 387 405 406 
 386 368 367 
 368 386 387 
 367 349 348 
 349 367 368 
 348 330 329 
 330 348 349 
 329 311 310 
 311 329 330 
 310 292 291 
 292 310 311 
 291 273 272 
 273 291 292 
 272 254 253 
 254 272 273 
 253 235 234 
 235 253 254 
 234 216 215 
 216 234 235 
 215 197 196 
 197 215 216 
 196 178 177 
 178 196 197 
 177 159 158 
 159 177 178 
 158 140 139 
 140 158 159 
 139 121 120 
 121 139 140 
 120 102 101 
 102 120 121 
 101 83 82 
 83 101 102 
 82 21 22 
 21 82 83 
 47 426 425 
 426 47 48 
 425 407 406 
 407 425 426 
 406 388 387 
 388 406 407 
 387 369 368 
 369 387 388 
 368 350 349 
 350 368 369 
 349 331 330 
 331 349 350 
 330 312 311 
 312 330 331 
 311 293 292 
 293 311 312 
 292 274 273 
 274 292 293 
 273 255 254 
 255 273 274 
 254 236 235 
 236 254 255 
 235 217 216 
 217 235 236 
 216 198 197 
 198 216 217 
 197 179 178 
 179 197 198 
 178 160 159 
 160 178 179 
 159 141 140 
 141 159 160 
 140 122 121 
 122 140 141 
 121 103 102 
 103 121 122 
 102 84 83 
 84 102 103 
 83 20 21 
 20 83 84 
 426 44 427 
 44 426 48 
 426 408 407 
 408 426 427 
 407 389 388 
 389 407 408 
 388 370 369 
 370 388 389 
 369 351 350 
 351 369 370 
 350 332 331 
 332 350 351 
 331 313 312 
 313 331 332 
 312 294 293 
 294 312 313 
 293 275 274 
 275 293 294 
 274 256 255 
 256 274 275 
 255 237 236 
 237 255 256 
 236 218 217 
 218 236 237 
 217 199 198 
 199 217 218 
 198 180 179 
 180 198 199 
 179 161 160 
 161 179 180 
 160 142 141 
 142 160 161 
 141 123 122 
 123 141 142 
 122 104 103 
 104 122 123 
 103 85 84 
 85 103 104 
 84 19 20 
 19 84 85 
 44 428 427 
 428 44 50 
 427 409 408 
 409 427 428 
 408 390 389 
 390 408 409 
 389 371 370 
 371 389 390 
 370 352 351 
 352 370 371 
 351 333 332 
 333 351 352 
 332 314 313 
 314 332 333 
 313 295 294 
 295 313 314 
 294 276 275 
 276 294 295 
 275 257 256 
 257 275 276 
 256 238 237 
 238 256 257 
 237 219 218 
 219 237 238 
 218 200 199 
 200 218 219 
 199 181 180 
 181 199 200 
 180 162 161 
 162 180 181 
 161 143 142 
 143 161 162 
 142 124 123 
 124 142 143 
 123 105 104 
 105 123 124 
 104 86 85 
 86 104 105 
 85 18 19 
 18 85 86 
 428 49 429 
 49 428 50 
 428 410 409 
 410 428 429 
 409 391 390 
 391 409 410 
 390 372 371 
 372 390 391 
 371 353 352 
 353 371 372 
 352 334 333 
 334 352 353 
 333 315 314 
 315 333 334 
 314 296 295 
 296 314 315 
 295 277 276 
 277 295 296 
 276 258 257 
 258 276 277 
 257 239 238 
 239 257 258 
 238 220 219 
 220 238 239 
 219 201 200 
 201 219 220 
 200 182 181 
 182 200 201 
 181 163 162 
 163 181 182 
 162 144 143 
 144 162 163 
 143 125 124 
 125 143 144 
 124 106 105 
 106 124 125 
 105 87 86 
 87 105 106 
 86 17 18 
 17 86 87 
 49 430 429 
 430 49 51 
 429 411 410 
 411 429 430 
 410 392 391 
 392 410 411 
 391 373 372 
 373 391 392 
 372 354 353 
 354 372 373 
 353 335 334 
 335 353 354 
 334 316 315 
 316 334 335 
 315 297 296 
 297 315 316 
 296 278 277 
 278 296 297 
 277 259 258 
 259 277 278 
 258 240 239 
 240 258 259 
 239 221 220 
 221 239 240 
 220 202 201 
 202 220 221 
 201 183 182 
 183 201 202 
 182 164 163 
 164 182 183 
 163 145 144 
 145 163 164 
 144 126 125 
 126 144 145 
 125 107 106 
 107 125 126 
 106 88 87 
 88 106 107 
 87 16 17 
 16 87 88 
 51 431 430 
 431 51 52 
 430 412 411 
 412 430 431 
 411 393 392 
 393 411 412 
 392 374 373 
 374 392 393 
 373 355 354 
 355 373 374 
 354 336 335 
 336 354 355 
 335 317 316 
 317 335 336 
 316 298 297 
 298 316 317 
 297 279 278 
 279 297 298 
 278 260 259 
 260 278 279 
 259 241 240 
 241 259 260 
 240 222 221 
 222 240 241 
 221 203 202 
 203 221 222 
 202 184 183 
 184 202 203 
 183 165 164 
 165 183 184 
 164 146 145 
 146 164 165 
 145 127 126 
 127 145 146 
 126 108 107 
 108 126 127 
 107 89 88 
 89 107 108 
 88 15 16 
 15 88 89 
 431 43 432 
 43 431 52 
 431 413 412 
 413 431 432 
 412 394 393 
 394 412 413 
 393 375 374 
 375 393 394 
 374 356 355 
 356 374 375 
 355 337 336 
 337 355 356 
 336 318 317 
 318 336 337 
 317 299 298 
 299 317 318 
 298 280 279 
 280 298 299 
 279 261 260 
 261 279 280 
 260 242 241 
 242 260 261 
 241 223 222 
 223 241 242 
 222 204 203 
 204 222 223 
 203 185 184 
 185 203 204 
 184 166 165 
 166 184 185 
 165 147 146 
 147 165 166 
 146 128 127 
 128 146 147 
 127 109 108 
 109 127 128 
 108 90 89 
 90 108 109 
 89 14 15 
 14 89 90 
 43 433 432 
 433 43 55 
 432 414 413 
 414 432 433 
 413 395 394 
 395 413 414 
 394 376 375 
 376 394 395 
 375 357 356 
 357 375 376 
 356 338 337 
 338 356 357 
 337 319 318 
 319 337 338 
 318 300 299 
 300 318 319 
 299 281 280 
 281 299 300 
 280 262 261 
 262 280 281 
 261 243 242 
 243 261 262 
 242 224 223 
 224 242 243 
 223 205 204 
 205 223 224 
 204 186 185 
 186 204 205 
 185 167 166 
 167 185 186 
 166 148 147 
 148 166 167 
 147 129 128 
 129 147 148 
 128 110 109 
 110 128 129 
 109 91 90 
 91 109 110 
 90 13 14 
 13 90 91 
 433 54 434 
 54 433 55 
 433 415 414 
 415 433 434 
 414 396 395 
 396 414 415 
 395 377 376 
 377 395 396 
 376 358 357 
 358 376 377 
 357 339 338 
 339 357 358 
 338 320 319 
 320 338 339 
 319 301 300 
 301 319 320 
 300 282 281 
 282 300 301 
 281 263 262 
 263 281 282 
 262 244 243 
 244 262 263 
 243 225 224 
 225 243 244 
 224 206 205 
 206 224 225 
 205 187 186 
 187 205 206 
 186 168 167 
 168 186 187 
 167 149 148 
 149 167 168 
 148 130 129 
 130 148 149 
 129 111 110 
 111 129 130 
 110 92 91 
 92 110 111 
 91 12 13 
 12 91 92 
 54 435 434 
 435 54 56 
 434 416 415 
 416 434 435 
 415 397 396 
 397 415 416 
 396 378 377 
 378 396 397 
 377 359 358 
 359 377 378 
 358 340 339 
 340 358 359 
 339 321 320 
 321 339 340 
 320 302 301 
 302 320 321 
 301 283 282 
 283 301 302 
 282 264 263 
 264 282 283 
 263 245 244 
 245 263 264 
 244 226 225 
 226 244 245 
 225 207 206 
 207 225 226 
 206 188 187 
 188 206 207 
 187 169 168 
 169 187 188 
 168 150 149 
 150 168 169 
 149 131 130 
 131 149 150 
 130 112 111 
 112 130 131 
 111 93 92 
 93 111 112 
 92 11 12 
 11 92 93 
 56 436 435 
 436 56 57 
 435 417 416 
 417 435 436 
 416 398 397 
 398 416 417 
 397 379 378 
 379 397 398 
 378 360 359 
 360 378 379 
 359 341 340 
 341 359 360 
 340 322 321 
 322 340 341 
 321 303 302 
 303 321 322 
 302 284 283 
 284 302 303 
 283 265 264 
 265 283 284 
 264 246 245 
 246 264 265 
 245 227 226 
 227 245 246 
 226 208 207 
 208 226 227 
 207 189 188 
 189 207 208 
 188 170 169 
 170 188 189 
 169 151 150 
 151 169 170 
 150 132 131 
 132 150 151 
 131 113 112 
 113 131 132 
 112 94 93 
 94 112 113 
 93 10 11 
 10 93 94 
 436 53 437 
 53 436 57 
 436 418 417 
 418 436 437 
 417 399 398 
 399 417 418 
 398 380 379 
 380 398 399 
 379 361 360 
 361 379 380 
 360 342 341 
 342 360 361 
 341 323 322 
 323 341 342 
 322 304 303 
 304 322 323 
 303 285 284 
 285 303 304 
 284 266 265 
 266 284 285 
 265 247 246 
 247 265 266 
 246 228 227 
 228 246 247 
 227 209 208 
 209 227 228 
 208 190 189 
 190 208 209 
 189 171 170 
 171 189 190 
 170 152 151 
 152 170 171 
 151 133 132 
 133 151 152 
 132 114 113 
 114 132 133 
 113 95 94 
 95 113 114 
 94 9 10 
 9 94 95 
 53 438 437 
 438 53 59 
 437 419 418 
 419 437 438 
 418 400 399 
 400 418 419 
 399 381 380 
 381 399 400 
 380 362 361 
 362 380 381 
 361 343 342 
 343 361 362 
 342 324 323 
 324 342 343 
 323 305 304 
 305 323 324 
 304 286 285 
 286 304 305 
 285 267 266 
 267 285 286 
 266 248 247 
 248 266 267 
 247 229 228 
 229 247 248 
 228 210 209 
 210 228 229 
 209 191 190 
 191 209 210 
 190 172 171 
 172 190 191 
 171 153 152 
 153 171 172 
 152 134 133 
 134 152 153 
 133 115 114 
 115 133 134 
 114 96 95 
 96 114 115 
 95 8 9 
 8 95 96 
 438 58 439 
 58 438 59 
 438 420 419 
 420 438 439 
 419 401 400 
 401 419 420 
 400 382 381 
 382 400 401 
 381 363 362 
 363 381 382 
 362 344 343 
 344 362 363 
 343 325 324 
 325 343 344 
 324 306 305 
 306 324 325 
 305 287 286 
 287 305 306 
 286 268 267 
 268 286 287 
 267 249 248 
 249 267 268 
 248 230 229 
 230 248 249 
 229 211 210 
 211 229 230 
 210 192 191 
 192 210 211 
 191 173 172 
 173 191 192 
 172 154 153 
 154 172 173 
 153 135 134 
 135 153 154 
 134 116 115 
 116 134 135 
 115 97 96 
 97 115 116 
 96 7 8 
 7 96 97 
 58 440 439 
 440 58 60 
 439 421 420 
 421 439 440 
 420 402 401 
 402 420 421 
 401 383 382 
 383 401 402 
 382 364 363 
 364 382 383 
 363 345 344 
 345 363 364 
 344 326 325 
 326 344 345 
 325 307 306 
 307 325 326 
 306 288 287 
 288 306 307 
 287 269 268 
 269 287 288 
 268 250 249 
 250 268 269 
 249 231 230 
 231 249 250 
 230 212 211 
 212 230 231 
 211 193 192 
 193 211 212 
 192 174 173 
 174 192 193 
 173 155 154 
 155 173 174 
 154 136 135 
 136 154 155 
 135 117 116 
 117 135 136 
 116 98 97 
 98 116 117 
 97 6 7 
 6 97 98 
 60 441 440 
 441 60 61 
 440 422 421 
 422 440 441 
 421 403 402 
 403 421 422 
 402 384 383 
 384 402 403 
 383 365 364 
 365 383 384 
 364 346 345 
 346 364 365 
 345 327 326 
 327 345 346 
 326 308 307 
 308 326 327 
 307 289 288 
 289 307 308 
 288 270 269 
 270 288 289 
 269 251 250 
 251 269 270 
 250 232 231 
 232 250 251 
 231 213 212 
 213 231 232 
 212 194 193 
 194 212 213 
 193 175 174 
 175 193 194 
 174 156 155 
 156 174 175 
 155 137 136 
 137 155 156 
 136 118 117 
 118 136 137 
 117 99 98 
 99 117 118 
 98 5 6 
 5 98 99 
 441 2 24 
 2 441 61 
 422 24 25 
 24 422 441 
 403 25 26 
 25 403 422 
 384 26 27 
 26 384 403 
 365 27 28 
 27 365 384 
 346 28 29 
 28 346 365 
 327 29 30 
 29 327 346 
 308 30 31 
 30 308 327 
 289 31 32 
 31 289 308 
 270 32 33 
 32 270 289 
 251 33 34 
 33 251 270 
 232 34 35 
 34 232 251 
 213 35 36 
 35 213 232 
 194 36 37 
 36 194 213 
 175 37 38 
 37 175 194 
 156 38 39 
 38 156 175 
 137 39 40 
 39 137 156 
 118 40 41 
 40 118 137 
 99 41 42 
 41 99 118 
 5 42 1 
 42 5 99 
 solutionIEN 
4 423 80 1282 1262 521 
 423 4 46 1282 482 883 
 80 404 79 1283 1242 520 
 404 80 423 1283 1262 864 
 79 385 78 1284 1222 519 
 385 79 404 1284 1242 845 
 78 366 77 1285 1202 518 
 366 78 385 1285 1222 826 
 77 347 76 1286 1182 517 
 347 77 366 1286 1202 807 
 76 328 75 1287 1162 516 
 328 76 347 1287 1182 788 
 75 309 74 1288 1142 515 
 309 75 328 1288 1162 769 
 74 290 73 1289 1122 514 
 290 74 309 1289 1142 750 
 73 271 72 1290 1102 513 
 271 73 290 1290 1122 731 
 72 252 71 1291 1082 512 
 252 72 271 1291 1102 712 
 71 233 70 1292 1062 511 
 233 71 252 1292 1082 693 
 70 214 69 1293 1042 510 
 214 70 233 1293 1062 674 
 69 195 68 1294 1022 509 
 195 69 214 1294 1042 655 
 68 176 67 1295 1002 508 
 176 68 195 1295 1022 636 
 67 157 66 1296 982 507 
 157 67 176 1296 1002 617 
 66 138 65 1297 962 506 
 138 66 157 1297 982 598 
 65 119 64 1298 942 505 
 119 65 138 1298 962 579 
 64 100 63 1299 922 504 
 100 64 119 1299 942 560 
 63 81 62 1300 902 503 
 81 63 100 1300 922 541 
 62 23 3 1301 461 502 
 23 62 81 1301 902 522 
 423 45 424 1302 884 1263 
 45 423 46 1302 883 483 
 423 405 404 1303 1243 864 
 405 423 424 1303 1263 865 
 404 386 385 1304 1223 845 
 386 404 405 1304 1243 846 
 385 367 366 1305 1203 826 
 367 385 386 1305 1223 827 
 366 348 347 1306 1183 807 
 348 366 367 1306 1203 808 
 347 329 328 1307 1163 788 
 329 347 348 1307 1183 789 
 328 310 309 1308 1143 769 
 310 328 329 1308 1163 770 
 309 291 290 1309 1123 750 
 291 309 310 1309 1143 751 
 290 272 271 1310 1103 731 
 272 290 291 1310 1123 732 
 271 253 252 1311 1083 712 
 253 271 272 1311 1103 713 
 252 234 233 1312 1063 693 
 234 252 253 1312 1083 694 
 233 215 214 1313 1043 674 
 215 233 234 1313 1063 675 
 214 196 195 1314 1023 655 
 196 214 215 1314 1043 656 
 195 177 176 1315 1003 636 
 177 195 196 1315 1023 637 
 176 158 157 1316 983 617 
 158 176 177 1316 1003 618 
 157 139 138 1317 963 598 
 139 157 158 1317 983 599 
 138 120 119 1318 943 579 
 120 138 139 1318 963 580 
 119 101 100 1319 923 560 
 101 119 120 1319 943 561 
 100 82 81 1320 903 541 
 82 100 101 1320 923 542 
 81 22 23 1321 460 522 
 22 81 82 1321 903 523 
 45 425 424 1322 1264 884 
 425 45 47 1322 484 885 
 424 406 405 1323 1244 865 
 406 424 425 1323 1264 866 
 405 387 386 1324 1224 846 
 387 405 406 1324 1244 847 
 386 368 367 1325 1204 827 
 368 386 387 1325 1224 828 
 367 349 348 1326 1184 808 
 349 367 368 1326 1204 809 
 348 330 329 1327 1164 789 
 330 348 349 1327 1184 790 
 329 311 310 1328 1144 770 
 311 329 330 1328 1164 771 
 310 292 291 1329 1124 751 
 292 310 311 1329 1144 752 
 291 273 272 1330 1104 732 
 273 291 292 1330 1124 733 
 272 254 253 1331 1084 713 
 254 272 273 1331 1104 714 
 253 235 234 1332 1064 694 
 235 253 254 1332 1084 695 
 234 216 215 1333 1044 675 
 216 234 235 1333 1064 676 
 215 197 196 1334 1024 656 
 197 215 216 1334 1044 657 
 196 178 177 1335 1004 637 
 178 196 197 1335 1024 638 
 177 159 158 1336 984 618 
 159 177 178 1336 1004 619 
 158 140 139 1337 964 599 
 140 158 159 1337 984 600 
 139 121 120 1338 944 580 
 121 139 140 1338 964 581 
 120 102 101 1339 924 561 
 102 120 121 1339 944 562 
 101 83 82 1340 904 542 
 83 101 102 1340 924 543 
 82 21 22 1341 459 523 
 21 82 83 1341 904 524 
 47 426 425 1342 1265 885 
 426 47 48 1342 485 886 
 425 407 406 1343 1245 866 
 407 425 426 1343 1265 867 
 406 388 387 1344 1225 847 
 388 406 407 1344 1245 848 
 387 369 368 1345 1205 828 
 369 387 388 1345 1225 829 
 368 350 349 1346 1185 809 
 350 368 369 1346 1205 810 
 349 331 330 1347 1165 790 
 331 349 350 1347 1185 791 
 330 312 311 1348 1145 771 
 312 330 331 1348 1165 772 
 311 293 292 1349 1125 752 
 293 311 312 1349 1145 753 
 292 274 273 1350 1105 733 
 274 292 293 1350 1125 734 
 273 255 254 1351 1085 714 
 255 273 274 1351 1105 715 
 254 236 235 1352 1065 695 
 236 254 255 1352 1085 696 
 235 217 216 1353 1045 676 
 217 235 236 1353 1065 677 
 216 198 197 1354 1025 657 
 198 216 217 1354 1045 658 
 197 179 178 1355 1005 638 
 179 197 198 1355 1025 639 
 178 160 159 1356 985 619 
 160 178 179 1356 1005 620 
 159 141 140 1357 965 600 
 141 159 160 1357 985 601 
 140 122 121 1358 945 581 
 122 140 141 1358 965 582 
 121 103 102 1359 925 562 
 103 121 122 1359 945 563 
 102 84 83 1360 905 543 
 84 102 103 1360 925 544 
 83 20 21 1361 458 524 
 20 83 84 1361 905 525 
 426 44 427 1362 887 1266 
 44 426 48 1362 886 486 
 426 408 407 1363 1246 867 
 408 426 427 1363 1266 868 
 407 389 388 1364 1226 848 
 389 407 408 1364 1246 849 
 388 370 369 1365 1206 829 
 370 388 389 1365 1226 830 
 369 351 350 1366 1186 810 
 351 369 370 1366 1206 811 
 350 332 331 1367 1166 791 
 332 350 351 1367 1186 792 
 331 313 312 1368 1146 772 
 313 331 332 1368 1166 773 
 312 294 293 1369 1126 753 
 294 312 313 1369 1146 754 
 293 275 274 1370 1106 734 
 275 293 294 1370 1126 735 
 274 256 255 1371 1086 715 
 256 274 275 1371 1106 716 
 255 237 236 1372 1066 696 
 237 255 256 1372 1086 697 
 236 218 217 1373 1046 677 
 218 236 237 1373 1066 678 
 217 199 198 1374 1026 658 
 199 217 218 1374 1046 659 
 198 180 179 1375 1006 639 
 180 198 199 1375 1026 640 
 179 161 160 1376 986 620 
 161 179 180 1376 1006 621 
 160 142 141 1377 966 601 
 142 160 161 1377 986 602 
 141 123 122 1378 946 582 
 123 141 142 1378 966 583 
 122 104 103 1379 926 563 
 104 122 123 1379 946 564 
 103 85 84 1380 906 544 
 85 103 104 1380 926 545 
 84 19 20 1381 457 525 
 19 84 85 1381 906 526 
 44 428 427 1382 1267 887 
 428 44 50 1382 487 888 
 427 409 408 1383 1247 868 
 409 427 428 1383 1267 869 
 408 390 389 1384 1227 849 
 390 408 409 1384 1247 850 
 389 371 370 1385 1207 830 
 371 389 390 1385 1227 831 
 370 352 351 1386 1187 811 
 352 370 371 1386 1207 812 
 351 333 332 1387 1167 792 
 333 351 352 1387 1187 793 
 332 314 313 1388 1147 773 
 314 332 333 1388 1167 774 
 313 295 294 1389 1127 754 
 295 313 314 1389 1147 755 
 294 276 275 1390 1107 735 
 276 294 295 1390 1127 736 
 275 257 256 1391 1087 716 
 257 275 276 1391 1107 717 
 256 238 237 1392 1067 697 
 238 256 257 1392 1087 698 
 237 219 218 1393 1047 678 
 219 237 238 1393 1067 679 
 218 200 199 1394 1027 659 
 200 218 219 1394 1047 660 
 199 181 180 1395 1007 640 
 181 199 200 1395 1027 641 
 180 162 161 1396 987 621 
 162 180 181 1396 1007 622 
 161 143 142 1397 967 602 
 143 161 162 1397 987 603 
 142 124 123 1398 947 583 
 124 142 143 1398 967 584 
 123 105 104 1399 927 564 
 105 123 124 1399 947 565 
 104 86 85 1400 907 545 
 86 104 105 1400 927 546 
 85 18 19 1401 456 526 
 18 85 86 1401 907 527 
 428 49 429 1402 889 1268 
 49 428 50 1402 888 488 
 428 410 409 1403 1248 869 
 410 428 429 1403 1268 870 
 409 391 390 1404 1228 850 
 391 409 410 1404 1248 851 
 390 372 371 1405 1208 831 
 372 390 391 1405 1228 832 
 371 353 352 1406 1188 812 
 353 371 372 1406 1208 813 
 352 334 333 1407 1168 793 
 334 352 353 1407 1188 794 
 333 315 314 1408 1148 774 
 315 333 334 1408 1168 775 
 314 296 295 1409 1128 755 
 296 314 315 1409 1148 756 
 295 277 276 1410 1108 736 
 277 295 296 1410 1128 737 
 276 258 257 1411 1088 717 
 258 276 277 1411 1108 718 
 257 239 238 1412 1068 698 
 239 257 258 1412 1088 699 
 238 220 219 1413 1048 679 
 220 238 239 1413 1068 680 
 219 201 200 1414 1028 660 
 201 219 220 1414 1048 661 
 200 182 181 1415 1008 641 
 182 200 201 1415 1028 642 
 181 163 162 1416 988 622 
 163 181 182 1416 1008 623 
 162 144 143 1417 968 603 
 144 162 163 1417 988 604 
 143 125 124 1418 948 584 
 125 143 144 1418 968 585 
 124 106 105 1419 928 565 
 106 124 125 1419 948 566 
 105 87 86 1420 908 546 
 87 105 106 1420 928 547 
 86 17 18 1421 455 527 
 17 86 87 1421 908 528 
 49 430 429 1422 1269 889 
 430 49 51 1422 489 890 
 429 411 410 1423 1249 870 
 411 429 430 1423 1269 871 
 410 392 391 1424 1229 851 
 392 410 411 1424 1249 852 
 391 373 372 1425 1209 832 
 373 391 392 1425 1229 833 
 372 354 353 1426 1189 813 
 354 372 373 1426 1209 814 
 353 335 334 1427 1169 794 
 335 353 354 1427 1189 795 
 334 316 315 1428 1149 775 
 316 334 335 1428 1169 776 
 315 297 296 1429 1129 756 
 297 315 316 1429 1149 757 
 296 278 277 1430 1109 737 
 278 296 297 1430 1129 738 
 277 259 258 1431 1089 718 
 259 277 278 1431 1109 719 
 258 240 239 1432 1069 699 
 240 258 259 1432 1089 700 
 239 221 220 1433 1049 680 
 221 239 240 1433 1069 681 
 220 202 201 1434 1029 661 
 202 220 221 1434 1049 662 
 201 183 182 1435 1009 642 
 183 201 202 1435 1029 643 
 182 164 163 1436 989 623 
 164 182 183 1436 1009 624 
 163 145 144 1437 969 604 
 145 163 164 1437 989 605 
 144 126 125 1438 949 585 
 126 144 145 1438 969 586 
 125 107 106 1439 929 566 
 107 125 126 1439 949 567 
 106 88 87 1440 909 547 
 88 106 107 1440 929 548 
 87 16 17 1441 454 528 
 16 87 88 1441 909 529 
 51 431 430 1442 1270 890 
 431 51 52 1442 490 891 
 430 412 411 1443 1250 871 
 412 430 431 1443 1270 872 
 411 393 392 1444 1230 852 
 393 411 412 1444 1250 853 
 392 374 373 1445 1210 833 
 374 392 393 1445 1230 834 
 373 355 354 1446 1190 814 
 355 373 374 1446 1210 815 
 354 336 335 1447 1170 795 
 336 354 355 1447 1190 796 
 335 317 316 1448 1150 776 
 317 335 336 1448 1170 777 
 316 298 297 1449 1130 757 
 298 316 317 1449 1150 758 
 297 279 278 1450 1110 738 
 279 297 298 1450 1130 739 
 278 260 259 1451 1090 719 
 260 278 279 1451 1110 720 
 259 241 240 1452 1070 700 
 241 259 260 1452 1090 701 
 240 222 221 1453 1050 681 
 222 240 241 1453 1070 682 
 221 203 202 1454 1030 662 
 203 221 222 1454 1050 663 
 202 184 183 1455 1010 643 
 184 202 203 1455 1030 644 
 183 165 164 1456 990 624 
 165 183 184 1456 1010 625 
 164 146 145 1457 970 605 
 146 164 165 1457 990 606 
 145 127 126 1458 950 586 
 127 145 146 1458 970 587 
 126 108 107 1459 930 567 
 108 126 127 1459 950 568 
 107 89 88 1460 910 548 
 89 107 108 1460 930 549 
 88 15 16 1461 453 529 
 15 88 89 1461 910 530 
 431 43 432 1462 892 1271 
 43 431 52 1462 891 491 
 431 413 412 1463 1251 872 
 413 431 432 1463 1271 873 
 412 394 393 1464 1231 853 
 394 412 413 1464 1251 854 
 393 375 374 1465 1211 834 
 375 393 394 1465 1231 835 
 374 356 355 1466 1191 815 
 356 374 375 1466 1211 816 
 355 337 336 1467 1171 796 
 337 355 356 1467 1191 797 
 336 318 317 1468 1151 777 
 318 336 337 1468 1171 778 
 317 299 298 1469 1131 758 
 299 317 318 1469 1151 759 
 298 280 279 1470 1111 739 
 280 298 299 1470 1131 740 
 279 261 260 1471 1091 720 
 261 279 280 1471 1111 721 
 260 242 241 1472 1071 701 
 242 260 261 1472 1091 702 
 241 223 222 1473 1051 682 
 223 241 242 1473 1071 683 
 222 204 203 1474 1031 663 
 204 222 223 1474 1051 664 
 203 185 184 1475 1011 644 
 185 203 204 1475 1031 645 
 184 166 165 1476 991 625 
 166 184 185 1476 1011 626 
 165 147 146 1477 971 606 
 147 165 166 1477 991 607 
 146 128 127 1478 951 587 
 128 146 147 1478 971 588 
 127 109 108 1479 931 568 
 109 127 128 1479 951 569 
 108 90 89 1480 911 549 
 90 108 109 1480 931 550 
 89 14 15 1481 452 530 
 14 89 90 1481 911 531 
 43 433 432 1482 1272 892 
 433 43 55 1482 492 893 
 432 414 413 1483 1252 873 
 414 432 433 1483 1272 874 
 413 395 394 1484 1232 854 
 395 413 414 1484 1252 855 
 394 376 375 1485 1212 835 
 376 394 395 1485 1232 836 
 375 357 356 1486 1192 816 
 357 375 376 1486 1212 817 
 356 338 337 1487 1172 797 
 338 356 357 1487 1192 798 
 337 319 318 1488 1152 778 
 319 337 338 1488 1172 779 
 318 300 299 1489 1132 759 
 300 318 319 1489 1152 760 
 299 281 280 1490 1112 740 
 281 299 300 1490 1132 741 
 280 262 261 1491 1092 721 
 262 280 281 1491 1112 722 
 261 243 242 1492 1072 702 
 243 261 262 1492 1092 703 
 242 224 223 1493 1052 683 
 224 242 243 1493 1072 684 
 223 205 204 1494 1032 664 
 205 223 224 1494 1052 665 
 204 186 185 1495 1012 645 
 186 204 205 1495 1032 646 
 185 167 166 1496 992 626 
 167 185 186 1496 1012 627 
 166 148 147 1497 972 607 
 148 166 167 1497 992 608 
 147 129 128 1498 952 588 
 129 147 148 1498 972 589 
 128 110 109 1499 932 569 
 110 128 129 1499 952 570 
 109 91 90 1500 912 550 
 91 109 110 1500 932 551 
 90 13 14 1501 451 531 
 13 90 91 1501 912 532 
 433 54 434 1502 894 1273 
 54 433 55 1502 893 493 
 433 415 414 1503 1253 874 
 415 433 434 1503 1273 875 
 414 396 395 1504 1233 855 
 396 414 415 1504 1253 856 
 395 377 376 1505 1213 836 
 377 395 396 1505 1233 837 
 376 358 357 1506 1193 817 
 358 376 377 1506 1213 818 
 357 339 338 1507 1173 798 
 339 357 358 1507 1193 799 
 338 320 319 1508 1153 779 
 320 338 339 1508 1173 780 
 319 301 300 1509 1133 760 
 301 319 320 1509 1153 761 
 300 282 281 1510 1113 741 
 282 300 301 1510 1133 742 
 281 263 262 1511 1093 722 
 263 281 282 1511 1113 723 
 262 244 243 1512 1073 703 
 244 262 263 1512 1093 704 
 243 225 224 1513 1053 684 
 225 243 244 1513 1073 685 
 224 206 205 1514 1033 665 
 206 224 225 1514 1053 666 
 205 187 186 1515 1013 646 
 187 205 206 1515 1033 647 
 186 168 167 1516 993 627 
 168 186 187 1516 1013 628 
 167 149 148 1517 973 608 
 149 167 168 1517 993 609 
 148 130 129 1518 953 589 
 130 148 149 1518 973 590 
 129 111 110 1519 933 570 
 111 129 130 1519 953 571 
 110 92 91 1520 913 551 
 92 110 111 1520 933 552 
 91 12 13 1521 450 532 
 12 91 92 1521 913 533 
 54 435 434 1522 1274 894 
 435 54 56 1522 494 895 
 434 416 415 1523 1254 875 
 416 434 435 1523 1274 876 
 415 397 396 1524 1234 856 
 397 415 416 1524 1254 857 
 396 378 377 1525 1214 837 
 378 396 397 1525 1234 838 
 377 359 358 1526 1194 818 
 359 377 378 1526 1214 819 
 358 340 339 1527 1174 799 
 340 358 359 1527 1194 800 
 339 321 320 1528 1154 780 
 321 339 340 1528 1174 781 
 320 302 301 1529 1134 761 
 302 320 321 1529 1154 762 
 301 283 282 1530 1114 742 
 283 301 302 1530 1134 743 
 282 264 263 1531 1094 723 
 264 282 283 1531 1114 724 
 263 245 244 1532 1074 704 
 245 263 264 1532 1094 705 
 244 226 225 1533 1054 685 
 226 244 245 1533 1074 686 
 225 207 206 1534 1034 666 
 207 225 226 1534 1054 667 
 206 188 187 1535 1014 647 
 188 206 207 1535 1034 648 
 187 169 168 1536 994 628 
 169 187 188 1536 1014 629 
 168 150 149 1537 974 609 
 150 168 169 1537 994 610 
 149 131 130 1538 954 590 
 131 149 150 1538 974 591 
 130 112 111 1539 934 571 
 112 130 131 1539 954 572 
 111 93 92 1540 914 552 
 93 111 112 1540 934 553 
 92 11 12 1541 449 533 
 11 92 93 1541 914 534 
 56 436 435 1542 1275 895 
 436 56 57 1542 495 896 
 435 417 416 1543 1255 876 
 417 435 436 1543 1275 877 
 416 398 397 1544 1235 857 
 398 416 417 1544 1255 858 
 397 379 378 1545 1215 838 
 379 397 398 1545 1235 839 
 378 360 359 1546 1195 819 
 360 378 379 1546 1215 820 
 359 341 340 1547 1175 800 
 341 359 360 1547 1195 801 
 340 322 321 1548 1155 781 
 322 340 341 1548 1175 782 
 321 303 302 1549 1135 762 
 303 321 322 1549 1155 763 
 302 284 283 1550 1115 743 
 284 302 303 1550 1135 744 
 283 265 264 1551 1095 724 
 265 283 284 1551 1115 725 
 264 246 245 1552 1075 705 
 246 264 265 1552 1095 706 
 245 227 226 1553 1055 686 
 227 245 246 1553 1075 687 
 226 208 207 1554 1035 667 
 208 226 227 1554 1055 668 
 207 189 188 1555 1015 648 
 189 207 208 1555 1035 649 
 188 170 169 1556 995 629 
 170 188 189 1556 1015 630 
 169 151 150 1557 975 610 
 151 169 170 1557 995 611 
 150 132 131 1558 955 591 
 132 150 151 1558 975 592 
 131 113 112 1559 935 572 
 113 131 132 1559 955 573 
 112 94 93 1560 915 553 
 94 112 113 1560 935 554 
 93 10 11 1561 448 534 
 10 93 94 1561 915 535 
 436 53 437 1562 897 1276 
 53 436 57 1562 896 496 
 436 418 417 1563 1256 877 
 418 436 437 1563 1276 878 
 417 399 398 1564 1236 858 
 399 417 418 1564 1256 859 
 398 380 379 1565 1216 839 
 380 398 399 1565 1236 840 
 379 361 360 1566 1196 820 
 361 379 380 1566 1216 821 
 360 342 341 1567 1176 801 
 342 360 361 1567 1196 802 
 341 323 322 1568 1156 782 
 323 341 342 1568 1176 783 
 322 304 303 1569 1136 763 
 304 322 323 1569 1156 764 
 303 285 284 1570 1116 744 
 285 303 304 1570 1136 745 
 284 266 265 1571 1096 725 
 266 284 285 1571 1116 726 
 265 247 246 1572 1076 706 
 247 265 266 1572 1096 707 
 246 228 227 1573 1056 687 
 228 246 247 1573 1076 688 
 227 209 208 1574 1036 668 
 209 227 228 1574 1056 669 
 208 190 189 1575 1016 649 
 190 208 209 1575 1036 650 
 189 171 170 1576 996 630 
 171 189 190 1576 1016 631 
 170 152 151 1577 976 611 
 152 170 171 1577 996 612 
 151 133 132 1578 956 592 
 133 151 152 1578 976 593 
 132 114 113 1579 936 573 
 114 132 133 1579 956 574 
 113 95 94 1580 916 554 
 95 113 114 1580 936 555 
 94 9 10 1581 447 535 
 9 94 95 1581 916 536 
 53 438 437 1582 1277 897 
 438 53 59 1582 497 898 
 437 419 418 1583 1257 878 
 419 437 438 1583 1277 879 
 418 400 399 1584 1237 859 
 400 418 419 1584 1257 860 
 399 381 380 1585 1217 840 
 381 399 400 1585 1237 841 
 380 362 361 1586 1197 821 
 362 380 381 1586 1217 822 
 361 343 342 1587 1177 802 
 343 361 362 1587 1197 803 
 342 324 323 1588 1157 783 
 324 342 343 1588 1177 784 
 323 305 304 1589 1137 764 
 305 323 324 1589 1157 765 
 304 286 285 1590 1117 745 
 286 304 305 1590 1137 746 
 285 267 266 1591 1097 726 
 267 285 286 1591 1117 727 
 266 248 247 1592 1077 707 
 248 266 267 1592 1097 708 
 247 229 228 1593 1057 688 
 229 247 248 1593 1077 689 
 228 210 209 1594 1037 669 
 210 228 229 1594 1057 670 
 209 191 190 1595 1017 650 
 191 209 210 1595 1037 651 
 190 172 171 1596 997 631 
 172 190 191 1596 1017 632 
 171 153 152 1597 977 612 
 153 171 172 1597 997 613 
 152 134 133 1598 957 593 
 134 152 153 1598 977 594 
 133 115 114 1599 937 574 
 115 133 134 1599 957 575 
 114 96 95 1600 917 555 
 96 114 115 1600 937 556 
 95 8 9 1601 446 536 
 8 95 96 1601 917 537 
 438 58 439 1602 899 1278 
 58 438 59 1602 898 498 
 438 420 419 1603 1258 879 
 420 438 439 1603 1278 880 
 419 401 400 1604 1238 860 
 401 419 420 1604 1258 861 
 400 382 381 1605 1218 841 
 382 400 401 1605 1238 842 
 381 363 362 1606 1198 822 
 363 381 382 1606 1218 823 
 362 344 343 1607 1178 803 
 344 362 363 1607 1198 804 
 343 325 324 1608 1158 784 
 325 343 344 1608 1178 785 
 324 306 305 1609 1138 765 
 306 324 325 1609 1158 766 
 305 287 286 1610 1118 746 
 287 305 306 1610 1138 747 
 286 268 267 1611 1098 727 
 268 286 287 1611 1118 728 
 267 249 248 1612 1078 708 
 249 267 268 1612 1098 709 
 248 230 229 1613 1058 689 
 230 248 249 1613 1078 690 
 229 211 210 1614 1038 670 
 211 229 230 1614 1058 671 
 210 192 191 1615 1018 651 
 192 210 211 1615 1038 652 
 191 173 172 1616 998 632 
 173 191 192 1616 1018 633 
 172 154 153 1617 978 613 
 154 172 173 1617 998 614 
 153 135 134 1618 958 594 
 135 153 154 1618 978 595 
 134 116 115 1619 938 575 
 116 134 135 1619 958 576 
 115 97 96 1620 918 556 
 97 115 116 1620 938 557 
 96 7 8 1621 445 537 
 7 96 97 1621 918 538 
 58 440 439 1622 1279 899 
 440 58 60 1622 499 900 
 439 421 420 1623 1259 880 
 421 439 440 1623 1279 881 
 420 402 401 1624 1239 861 
 402 420 421 1624 1259 862 
 401 383 382 1625 1219 842 
 383 401 402 1625 1239 843 
 382 364 363 1626 1199 823 
 364 382 383 1626 1219 824 
 363 345 344 1627 1179 804 
 345 363 364 1627 1199 805 
 344 326 325 1628 1159 785 
 326 344 345 1628 1179 786 
 325 307 306 1629 1139 766 
 307 325 326 1629 1159 767 
 306 288 287 1630 1119 747 
 288 306 307 1630 1139 748 
 287 269 268 1631 1099 728 
 269 287 288 1631 1119 729 
 268 250 249 1632 1079 709 
 250 268 269 1632 1099 710 
 249 231 230 1633 1059 690 
 231 249 250 1633 1079 691 
 230 212 211 1634 1039 671 
 212 230 231 1634 1059 672 
 211 193 192 1635 1019 652 
 193 211 212 1635 1039 653 
 192 174 173 1636 999 633 
 174 192 193 1636 1019 634 
 173 155 154 1637 979 614 
 155 173 174 1637 999 615 
 154 136 135 1638 959 595 
 136 154 155 1638 979 596 
 135 117 116 1639 939 576 
 117 135 136 1639 959 577 
 116 98 97 1640 919 557 
 98 116 117 1640 939 558 
 97 6 7 1641 444 538 
 6 97 98 1641 919 539 
 60 441 440 1642 1280 900 
 441 60 61 1642 500 901 
 440 422 421 1643 1260 881 
 422 440 441 1643 1280 882 
 421 403 402 1644 1240 862 
 403 421 422 1644 1260 863 
 402 384 383 1645 1220 843 
 384 402 403 1645 1240 844 
 383 365 364 1646 1200 824 
 365 383 384 1646 1220 825 
 364 346 345 1647 1180 805 
 346 364 365 1647 1200 806 
 345 327 326 1648 1160 786 
 327 345 346 1648 1180 787 
 326 308 307 1649 1140 767 
 308 326 327 1649 1160 768 
 307 289 288 1650 1120 748 
 289 307 308 1650 1140 749 
 288 270 269 1651 1100 729 
 270 288 289 1651 1120 730 
 269 251 250 1652 1080 710 
 251 269 270 1652 1100 711 
 250 232 231 1653 1060 691 
 232 250 251 1653 1080 692 
 231 213 212 1654 1040 672 
 213 231 232 1654 1060 673 
 212 194 193 1655 1020 653 
 194 212 213 1655 1040 654 
 193 175 174 1656 1000 634 
 175 193 194 1656 1020 635 
 174 156 155 1657 980 615 
 156 174 175 1657 1000 616 
 155 137 136 1658 960 596 
 137 155 156 1658 980 597 
 136 118 117 1659 940 577 
 118 136 137 1659 960 578 
 117 99 98 1660 920 558 
 99 117 118 1660 940 559 
 98 5 6 1661 443 539 
 5 98 99 1661 920 540 
 441 2 24 1662 462 1281 
 2 441 61 1662 901 501 
 422 24 25 1663 463 1261 
 24 422 441 1663 882 1281 
 403 25 26 1664 464 1241 
 25 403 422 1664 863 1261 
 384 26 27 1665 465 1221 
 26 384 403 1665 844 1241 
 365 27 28 1666 466 1201 
 27 365 384 1666 825 1221 
 346 28 29 1667 467 1181 
 28 346 365 1667 806 1201 
 327 29 30 1668 468 1161 
 29 327 346 1668 787 1181 
 308 30 31 1669 469 1141 
 30 308 327 1669 768 1161 
 289 31 32 1670 470 1121 
 31 289 308 1670 749 1141 
 270 32 33 1671 471 1101 
 32 270 289 1671 730 1121 
 251 33 34 1672 472 1081 
 33 251 270 1672 711 1101 
 232 34 35 1673 473 1061 
 34 232 251 1673 692 1081 
 213 35 36 1674 474 1041 
 35 213 232 1674 673 1061 
 194 36 37 1675 475 1021 
 36 194 213 1675 654 1041 
 175 37 38 1676 476 1001 
 37 175 194 1676 635 1021 
 156 38 39 1677 477 981 
 38 156 175 1677 616 1001 
 137 39 40 1678 478 961 
 39 137 156 1678 597 981 
 118 40 41 1679 479 941 
 40 118 137 1679 578 961 
 99 41 42 1680 480 921 
 41 99 118 1680 559 941 
 5 42 1 1681 481 442 
 42 5 99 1681 540 921 
 solutionOrder
2 2 2 2 
 2 2 2 2 
 2 2 2 2 
 2 2 2 2 
 2 2 2 2 
 2 2 2 2 
 2 2 2 2 
 2 2 2 2 
 2 2 2 2 
 2 2 2 2 
 2 2 2 2 
 2 2 2 2 
 2 2 2 2 
 2 2 2 2 
 2 2 2 2 
 2 2 2 2 
 2 2 2 2 
 2 2 2 2 
 2 2 2 2 
 2 2 2 2 
 2 2 2 2 
 2 2 2 2 
 2 2 2 2 
 2 2 2 2 
 2 2 2 2 
 2 2 2 2 
 2 2 2 2 
 2 2 2 2 
 2 2 2 2 
 2 2 2 2 
 2 2 2 2 
 2 2 2 2 
 2 2 2 2 
 2 2 2 2 
 2 2 2 2 
 2 2 2 2 
 2 2 2 2 
 2 2 2 2 
 2 2 2 2 
 2 2 2 2 
 2 2 2 2 
 2 2 2 2 
 2 2 2 2 
 2 2 2 2 
 2 2 2 2 
 2 2 2 2 
 2 2 2 2 
 2 2 2 2 
 2 2 2 2 
 2 2 2 2 
 2 2 2 2 
 2 2 2 2 
 2 2 2 2 
 2 2 2 2 
 2 2 2 2 
 2 2 2 2 
 2 2 2 2 
 2 2 2 2 
 2 2 2 2 
 2 2 2 2 
 2 2 2 2 
 2 2 2 2 
 2 2 2 2 
 2 2 2 2 
 2 2 2 2 
 2 2 2 2 
 2 2 2 2 
 2 2 2 2 
 2 2 2 2 
 2 2 2 2 
 2 2 2 2 
 2 2 2 2 
 2 2 2 2 
 2 2 2 2 
 2 2 2 2 
 2 2 2 2 
 2 2 2 2 
 2 2 2 2 
 2 2 2 2 
 2 2 2 2 
 2 2 2 2 
 2 2 2 2 
 2 2 2 2 
 2 2 2 2 
 2 2 2 2 
 2 2 2 2 
 2 2 2 2 
 2 2 2 2 
 2 2 2 2 
 2 2 2 2 
 2 2 2 2 
 2 2 2 2 
 2 2 2 2 
 2 2 2 2 
 2 2 2 2 
 2 2 2 2 
 2 2 2 2 
 2 2 2 2 
 2 2 2 2 
 2 2 2 2 
 2 2 2 2 
 2 2 2 2 
 2 2 2 2 
 2 2 2 2 
 2 2 2 2 
 2 2 2 2 
 2 2 2 2 
 2 2 2 2 
 2 2 2 2 
 2 2 2 2 
 2 2 2 2 
 2 2 2 2 
 2 2 2 2 
 2 2 2 2 
 2 2 2 2 
 2 2 2 2 
 2 2 2 2 
 2 2 2 2 
 2 2 2 2 
 2 2 2 2 
 2 2 2 2 
 2 2 2 2 
 2 2 2 2 
 2 2 2 2 
 2 2 2 2 
 2 2 2 2 
 2 2 2 2 
 2 2 2 2 
 2 2 2 2 
 2 2 2 2 
 2 2 2 2 
 2 2 2 2 
 2 2 2 2 
 2 2 2 2 
 2 2 2 2 
 2 2 2 2 
 2 2 2 2 
 2 2 2 2 
 2 2 2 2 
 2 2 2 2 
 2 2 2 2 
 2 2 2 2 
 2 2 2 2 
 2 2 2 2 
 2 2 2 2 
 2 2 2 2 
 2 2 2 2 
 2 2 2 2 
 2 2 2 2 
 2 2 2 2 
 2 2 2 2 
 2 2 2 2 
 2 2 2 2 
 2 2 2 2 
 2 2 2 2 
 2 2 2 2 
 2 2 2 2 
 2 2 2 2 
 2 2 2 2 
 2 2 2 2 
 2 2 2 2 
 2 2 2 2 
 2 2 2 2 
 2 2 2 2 
 2 2 2 2 
 2 2 2 2 
 2 2 2 2 
 2 2 2 2 
 2 2 2 2 
 2 2 2 2 
 2 2 2 2 
 2 2 2 2 
 2 2 2 2 
 2 2 2 2 
 2 2 2 2 
 2 2 2 2 
 2 2 2 2 
 2 2 2 2 
 2 2 2 2 
 2 2 2 2 
 2 2 2 2 
 2 2 2 2 
 2 2 2 2 
 2 2 2 2 
 2 2 2 2 
 2 2 2 2 
 2 2 2 2 
 2 2 2 2 
 2 2 2 2 
 2 2 2 2 
 2 2 2 2 
 2 2 2 2 
 2 2 2 2 
 2 2 2 2 
 2 2 2 2 
 2 2 2 2 
 2 2 2 2 
 2 2 2 2 
 2 2 2 2 
 2 2 2 2 
 2 2 2 2 
 2 2 2 2 
 2 2 2 2 
 2 2 2 2 
 2 2 2 2 
 2 2 2 2 
 2 2 2 2 
 2 2 2 2 
 2 2 2 2 
 2 2 2 2 
 2 2 2 2 
 2 2 2 2 
 2 2 2 2 
 2 2 2 2 
 2 2 2 2 
 2 2 2 2 
 2 2 2 2 
 2 2 2 2 
 2 2 2 2 
 2 2 2 2 
 2 2 2 2 
 2 2 2 2 
 2 2 2 2 
 2 2 2 2 
 2 2 2 2 
 2 2 2 2 
 2 2 2 2 
 2 2 2 2 
 2 2 2 2 
 2 2 2 2 
 2 2 2 2 
 2 2 2 2 
 2 2 2 2 
 2 2 2 2 
 2 2 2 2 
 2 2 2 2 
 2 2 2 2 
 2 2 2 2 
 2 2 2 2 
 2 2 2 2 
 2 2 2 2 
 2 2 2 2 
 2 2 2 2 
 2 2 2 2 
 2 2 2 2 
 2 2 2 2 
 2 2 2 2 
 2 2 2 2 
 2 2 2 2 
 2 2 2 2 
 2 2 2 2 
 2 2 2 2 
 2 2 2 2 
 2 2 2 2 
 2 2 2 2 
 2 2 2 2 
 2 2 2 2 
 2 2 2 2 
 2 2 2 2 
 2 2 2 2 
 2 2 2 2 
 2 2 2 2 
 2 2 2 2 
 2 2 2 2 
 2 2 2 2 
 2 2 2 2 
 2 2 2 2 
 2 2 2 2 
 2 2 2 2 
 2 2 2 2 
 2 2 2 2 
 2 2 2 2 
 2 2 2 2 
 2 2 2 2 
 2 2 2 2 
 2 2 2 2 
 2 2 2 2 
 2 2 2 2 
 2 2 2 2 
 2 2 2 2 
 2 2 2 2 
 2 2 2 2 
 2 2 2 2 
 2 2 2 2 
 2 2 2 2 
 2 2 2 2 
 2 2 2 2 
 2 2 2 2 
 2 2 2 2 
 2 2 2 2 
 2 2 2 2 
 2 2 2 2 
 2 2 2 2 
 2 2 2 2 
 2 2 2 2 
 2 2 2 2 
 2 2 2 2 
 2 2 2 2 
 2 2 2 2 
 2 2 2 2 
 2 2 2 2 
 2 2 2 2 
 2 2 2 2 
 2 2 2 2 
 2 2 2 2 
 2 2 2 2 
 2 2 2 2 
 2 2 2 2 
 2 2 2 2 
 2 2 2 2 
 2 2 2 2 
 2 2 2 2 
 2 2 2 2 
 2 2 2 2 
 2 2 2 2 
 2 2 2 2 
 2 2 2 2 
 2 2 2 2 
 2 2 2 2 
 2 2 2 2 
 2 2 2 2 
 2 2 2 2 
 2 2 2 2 
 2 2 2 2 
 2 2 2 2 
 2 2 2 2 
 2 2 2 2 
 2 2 2 2 
 2 2 2 2 
 2 2 2 2 
 2 2 2 2 
 2 2 2 2 
 2 2 2 2 
 2 2 2 2 
 2 2 2 2 
 2 2 2 2 
 2 2 2 2 
 2 2 2 2 
 2 2 2 2 
 2 2 2 2 
 2 2 2 2 
 2 2 2 2 
 2 2 2 2 
 2 2 2 2 
 2 2 2 2 
 2 2 2 2 
 2 2 2 2 
 2 2 2 2 
 2 2 2 2 
 2 2 2 2 
 2 2 2 2 
 2 2 2 2 
 2 2 2 2 
 2 2 2 2 
 2 2 2 2 
 2 2 2 2 
 2 2 2 2 
 2 2 2 2 
 2 2 2 2 
 2 2 2 2 
 2 2 2 2 
 2 2 2 2 
 2 2 2 2 
 2 2 2 2 
 2 2 2 2 
 2 2 2 2 
 2 2 2 2 
 2 2 2 2 
 2 2 2 2 
 2 2 2 2 
 2 2 2 2 
 2 2 2 2 
 2 2 2 2 
 2 2 2 2 
 2 2 2 2 
 2 2 2 2 
 2 2 2 2 
 2 2 2 2 
 2 2 2 2 
 2 2 2 2 
 2 2 2 2 
 2 2 2 2 
 2 2 2 2 
 2 2 2 2 
 2 2 2 2 
 2 2 2 2 
 2 2 2 2 
 2 2 2 2 
 2 2 2 2 
 2 2 2 2 
 2 2 2 2 
 2 2 2 2 
 2 2 2 2 
 2 2 2 2 
 2 2 2 2 
 2 2 2 2 
 2 2 2 2 
 2 2 2 2 
 2 2 2 2 
 2 2 2 2 
 2 2 2 2 
 2 2 2 2 
 2 2 2 2 
 2 2 2 2 
 2 2 2 2 
 2 2 2 2 
 2 2 2 2 
 2 2 2 2 
 2 2 2 2 
 2 2 2 2 
 2 2 2 2 
 2 2 2 2 
 2 2 2 2 
 2 2 2 2 
 2 2 2 2 
 2 2 2 2 
 2 2 2 2 
 2 2 2 2 
 2 2 2 2 
 2 2 2 2 
 2 2 2 2 
 2 2 2 2 
 2 2 2 2 
 2 2 2 2 
 2 2 2 2 
 2 2 2 2 
 2 2 2 2 
 2 2 2 2 
 2 2 2 2 
 2 2 2 2 
 2 2 2 2 
 2 2 2 2 
 2 2 2 2 
 2 2 2 2 
 2 2 2 2 
 2 2 2 2 
 2 2 2 2 
 2 2 2 2 
 2 2 2 2 
 2 2 2 2 
 2 2 2 2 
 2 2 2 2 
 2 2 2 2 
 2 2 2 2 
 2 2 2 2 
 2 2 2 2 
 2 2 2 2 
 2 2 2 2 
 2 2 2 2 
 2 2 2 2 
 2 2 2 2 
 2 2 2 2 
 2 2 2 2 
 2 2 2 2 
 2 2 2 2 
 2 2 2 2 
 2 2 2 2 
 2 2 2 2 
 2 2 2 2 
 2 2 2 2 
 2 2 2 2 
 2 2 2 2 
 2 2 2 2 
 2 2 2 2 
 2 2 2 2 
 2 2 2 2 
 2 2 2 2 
 2 2 2 2 
 2 2 2 2 
 2 2 2 2 
 2 2 2 2 
 2 2 2 2 
 2 2 2 2 
 2 2 2 2 
 2 2 2 2 
 2 2 2 2 
 2 2 2 2 
 2 2 2 2 
 2 2 2 2 
 2 2 2 2 
 2 2 2 2 
 2 2 2 2 
 2 2 2 2 
 2 2 2 2 
 2 2 2 2 
 2 2 2 2 
 2 2 2 2 
 2 2 2 2 
 2 2 2 2 
 2 2 2 2 
 2 2 2 2 
 2 2 2 2 
 2 2 2 2 
 2 2 2 2 
 2 2 2 2 
 2 2 2 2 
 2 2 2 2 
 2 2 2 2 
 2 2 2 2 
 2 2 2 2 
 2 2 2 2 
 2 2 2 2 
 2 2 2 2 
 2 2 2 2 
 2 2 2 2 
 2 2 2 2 
 2 2 2 2 
 2 2 2 2 
 2 2 2 2 
 2 2 2 2 
 2 2 2 2 
 2 2 2 2 
 2 2 2 2 
 2 2 2 2 
 2 2 2 2 
 2 2 2 2 
 2 2 2 2 
 2 2 2 2 
 2 2 2 2 
 2 2 2 2 
 2 2 2 2 
 2 2 2 2 
 2 2 2 2 
 2 2 2 2 
 2 2 2 2 
 2 2 2 2 
 2 2 2 2 
 2 2 2 2 
 2 2 2 2 
 2 2 2 2 
 2 2 2 2 
 2 2 2 2 
 2 2 2 2 
 2 2 2 2 
 2 2 2 2 
 2 2 2 2 
 2 2 2 2 
 2 2 2 2 
 2 2 2 2 
 2 2 2 2 
 2 2 2 2 
 2 2 2 2 
 2 2 2 2 
 2 2 2 2 
 2 2 2 2 
 2 2 2 2 
 2 2 2 2 
 2 2 2 2 
 2 2 2 2 
 2 2 2 2 
 2 2 2 2 
 2 2 2 2 
 2 2 2 2 
 2 2 2 2 
 2 2 2 2 
 2 2 2 2 
 2 2 2 2 
 2 2 2 2 
 2 2 2 2 
 2 2 2 2 
 2 2 2 2 
 2 2 2 2 
 2 2 2 2 
 2 2 2 2 
 2 2 2 2 
 2 2 2 2 
 2 2 2 2 
 2 2 2 2 
 2 2 2 2 
 2 2 2 2 
 2 2 2 2 
 2 2 2 2 
 2 2 2 2 
 2 2 2 2 
 2 2 2 2 
 2 2 2 2 
 2 2 2 2 
 2 2 2 2 
 2 2 2 2 
 2 2 2 2 
 2 2 2 2 
 2 2 2 2 
 2 2 2 2 
 2 2 2 2 
 2 2 2 2 
 2 2 2 2 
 2 2 2 2 
 2 2 2 2 
 2 2 2 2 
 2 2 2 2 
 2 2 2 2 
 2 2 2 2 
 2 2 2 2 
 2 2 2 2 
 2 2 2 2 
 2 2 2 2 
 2 2 2 2 
 2 2 2 2 
 2 2 2 2 
 2 2 2 2 
 2 2 2 2 
 2 2 2 2 
 2 2 2 2 
 2 2 2 2 
 2 2 2 2 
 2 2 2 2 
 2 2 2 2 
 2 2 2 2 
 2 2 2 2 
 2 2 2 2 
 2 2 2 2 
 2 2 2 2 
 2 2 2 2 
 2 2 2 2 
 2 2 2 2 
 2 2 2 2 
 2 2 2 2 
 2 2 2 2 
 2 2 2 2 
 2 2 2 2 
 2 2 2 2 
 2 2 2 2 
 2 2 2 2 
 2 2 2 2 
 2 2 2 2 
 2 2 2 2 
 2 2 2 2 
 2 2 2 2 
 2 2 2 2 
 2 2 2 2 
 2 2 2 2 
 2 2 2 2 
 2 2 2 2 
 2 2 2 2 
 2 2 2 2 
 2 2 2 2 
 2 2 2 2 
 2 2 2 2 
 2 2 2 2 
 2 2 2 2 
 2 2 2 2 
 2 2 2 2 
 2 2 2 2 
 2 2 2 2 
 2 2 2 2 
 2 2 2 2 
 2 2 2 2 
 2 2 2 2 
 2 2 2 2 
 2 2 2 2 
 2 2 2 2 
 2 2 2 2 
 2 2 2 2 
 2 2 2 2 
 2 2 2 2 
 2 2 2 2 
 2 2 2 2 
 2 2 2 2 
 2 2 2 2 
 2 2 2 2 
 2 2 2 2 
 2 2 2 2 
 2 2 2 2 
 2 2 2 2 
 2 2 2 2 
 2 2 2 2 
 2 2 2 2 
 2 2 2 2 
 2 2 2 2 
 2 2 2 2 
 2 2 2 2 
 2 2 2 2 
 2 2 2 2 
 2 2 2 2 
 2 2 2 2 
 2 2 2 2 
 2 2 2 2 
 2 2 2 2 
 2 2 2 2 
 2 2 2 2 
 2 2 2 2 
 2 2 2 2 
 2 2 2 2 
 2 2 2 2 
 2 2 2 2 
 2 2 2 2 
 2 2 2 2 
 2 2 2 2 
 2 2 2 2 
 2 2 2 2 
 2 2 2 2 
 2 2 2 2 
 2 2 2 2 
 2 2 2 2 
 2 2 2 2 
 2 2 2 2 
 2 2 2 2 
 2 2 2 2 
 2 2 2 2 
 2 2 2 2 
 2 2 2 2 
 2 2 2 2 
 2 2 2 2 
 2 2 2 2 
 2 2 2 2 
 2 2 2 2 
 2 2 2 2 
 2 2 2 2 
 2 2 2 2 
 2 2 2 2 
 2 2 2 2 
 2 2 2 2 
 2 2 2 2 
 2 2 2 2 
 2 2 2 2 
 2 2 2 2 
 2 2 2 2 
 2 2 2 2 
 2 2 2 2 
 2 2 2 2 
 2 2 2 2 
 2 2 2 2 
 2 2 2 2 
 2 2 2 2 
 2 2 2 2 
 2 2 2 2 
 2 2 2 2 
 2 2 2 2 
 2 2 2 2 
 2 2 2 2 
 2 2 2 2 
 2 2 2 2 
 2 2 2 2 
 2 2 2 2 
 2 2 2 2 
 2 2 2 2 
 2 2 2 2 
 2 2 2 2 
 2 2 2 2 
 2 2 2 2 
 2 2 2 2 
 2 2 2 2 
 2 2 2 2 
 2 2 2 2 
 2 2 2 2 
 2 2 2 2 
 2 2 2 2 
 2 2 2 2 
 2 2 2 2 
 2 2 2 2 
 2 2 2 2 
 2 2 2 2 
 2 2 2 2 
 2 2 2 2 
 2 2 2 2 
 2 2 2 2 
 2 2 2 2 
 2 2 2 2 
 2 2 2 2 
 2 2 2 2 
 2 2 2 2 
 2 2 2 2 
 2 2 2 2 
 2 2 2 2 
 2 2 2 2 
 2 2 2 2 
 2 2 2 2 
 2 2 2 2 
 2 2 2 2 
 2 2 2 2 
 2 2 2 2 
 2 2 2 2 
 2 2 2 2 
 2 2 2 2 
 2 2 2 2 
 2 2 2 2 
 2 2 2 2 
 2 2 2 2 
 2 2 2 2 
 2 2 2 2 
 2 2 2 2 
 2 2 2 2 
 2 2 2 2 
 2 2 2 2 
 2 2 2 2 
 2 2 2 2 
 2 2 2 2 
 2 2 2 2 
 2 2 2 2 
 2 2 2 2 
 2 2 2 2 
 2 2 2 2 
 2 2 2 2 
 2 2 2 2 
 2 2 2 2 
 2 2 2 2 
 2 2 2 2 
 2 2 2 2 
 2 2 2 2 
 2 2 2 2 
 vertexCoord 
0.000000 0.000000 
 -0.707107 0.707107 
 0.707107 0.707107 
 -0.000000 1.414214 
 0.035337 0.035337 
 0.070674 0.070674 
 0.106037 0.106037 
 0.141387 0.141387 
 0.176777 0.176777 
 0.212114 0.212114 
 0.247451 0.247451 
 0.282814 0.282814 
 0.318164 0.318164 
 0.353553 0.353553 
 0.388891 0.388891 
 0.424228 0.424228 
 0.459591 0.459591 
 0.494940 0.494940 
 0.530330 0.530330 
 0.565667 0.565667 
 0.601004 0.601004 
 0.636367 0.636367 
 0.671717 0.671717 
 -0.671751 0.671751 
 -0.636396 0.636396 
 -0.601041 0.601041 
 -0.565685 0.565685 
 -0.530330 0.530330 
 -0.494975 0.494975 
 -0.459619 0.459619 
 -0.424264 0.424264 
 -0.388909 0.388909 
 -0.353553 0.353553 
 -0.318198 0.318198 
 -0.282843 0.282843 
 -0.247487 0.247487 
 -0.212132 0.212132 
 -0.176777 0.176777 
 -0.141421 0.141421 
 -0.106066 0.106066 
 -0.070711 0.070711 
 -0.035355 0.035355 
 -0.353553 1.060660 
 -0.176777 1.237437 
 -0.070739 1.343474 
 -0.035390 1.378824 
 -0.106102 1.308111 
 -0.141440 1.272774 
 -0.247516 1.166697 
 -0.212167 1.202047 
 -0.282879 1.131334 
 -0.318216 1.095997 
 -0.530330 0.883883 
 -0.424293 0.989921 
 -0.388943 1.025270 
 -0.459656 0.954558 
 -0.494993 0.919221 
 -0.601070 0.813144 
 -0.565720 0.848494 
 -0.636433 0.777781 
 -0.671770 0.742444 
 0.671751 0.742462 
 0.636396 0.777817 
 0.601041 0.813173 
 0.565685 0.848528 
 0.530330 0.883883 
 0.494975 0.919239 
 0.459619 0.954594 
 0.424264 0.989949 
 0.388909 1.025305 
 0.353553 1.060660 
 0.318198 1.096016 
 0.282843 1.131371 
 0.247487 1.166726 
 0.212132 1.202082 
 0.176777 1.237437 
 0.141421 1.272792 
 0.106066 1.308148 
 0.070711 1.343503 
 0.035355 1.378858 
 0.636362 0.707072 
 0.601012 0.671723 
 0.565649 0.636360 
 0.530312 0.601023 
 0.494975 0.565685 
 0.459585 0.530296 
 0.424235 0.494946 
 0.388872 0.459583 
 0.353535 0.424246 
 0.318198 0.388909 
 0.282808 0.353519 
 0.247459 0.318169 
 0.212096 0.282806 
 0.176758 0.247469 
 0.141421 0.212132 
 0.106031 0.176742 
 0.070682 0.141393 
 0.035319 0.106030 
 -0.000018 0.070692 
 0.601006 0.742428 
 0.565657 0.707078 
 0.530294 0.671715 
 0.494957 0.636378 
 0.459619 0.601041 
 0.424230 0.565651 
 0.388880 0.530301 
 0.353517 0.494938 
 0.318180 0.459601 
 0.282843 0.424264 
 0.247453 0.388874 
 0.212103 0.353525 
 0.176740 0.318162 
 0.141403 0.282824 
 0.106066 0.247487 
 0.070676 0.212098 
 0.035327 0.176748 
 -0.000036 0.141385 
 -0.035374 0.106048 
 0.565651 0.777783 
 0.530301 0.742433 
 0.494938 0.707070 
 0.459601 0.671733 
 0.424264 0.636396 
 0.388874 0.601006 
 0.353525 0.565657 
 0.318162 0.530294 
 0.282824 0.494957 
 0.247487 0.459619 
 0.212098 0.424230 
 0.176748 0.388880 
 0.141385 0.353517 
 0.106048 0.318180 
 0.070711 0.282843 
 0.035321 0.247453 
 -0.000029 0.212103 
 -0.035392 0.176740 
 -0.070729 0.141403 
 0.530296 0.813138 
 0.494946 0.777789 
 0.459583 0.742426 
 0.424246 0.707089 
 0.388909 0.671751 
 0.353519 0.636362 
 0.318169 0.601012 
 0.282806 0.565649 
 0.247469 0.530312 
 0.212132 0.494975 
 0.176742 0.459585 
 0.141393 0.424235 
 0.106030 0.388872 
 0.070692 0.353535 
 0.035355 0.318198 
 -0.000035 0.282808 
 -0.035384 0.247459 
 -0.070747 0.212096 
 -0.106084 0.176758 
 0.494940 0.848494 
 0.459591 0.813144 
 0.424228 0.777781 
 0.388891 0.742444 
 0.353553 0.707107 
 0.318164 0.671717 
 0.282814 0.636367 
 0.247451 0.601004 
 0.212114 0.565667 
 0.176777 0.530330 
 0.141387 0.494940 
 0.106037 0.459591 
 0.070674 0.424228 
 0.035337 0.388891 
 -0.000000 0.353553 
 -0.035390 0.318164 
 -0.070739 0.282814 
 -0.106102 0.247451 
 -0.141440 0.212114 
 0.459585 0.883849 
 0.424235 0.848499 
 0.388872 0.813136 
 0.353535 0.777799 
 0.318198 0.742462 
 0.282808 0.707072 
 0.247459 0.671723 
 0.212096 0.636360 
 0.176758 0.601023 
 0.141421 0.565685 
 0.106031 0.530296 
 0.070682 0.494946 
 0.035319 0.459583 
 -0.000018 0.424246 
 -0.035355 0.388909 
 -0.070745 0.353519 
 -0.106095 0.318169 
 -0.141458 0.282806 
 -0.176795 0.247469 
 0.424230 0.919204 
 0.388880 0.883855 
 0.353517 0.848492 
 0.318180 0.813155 
 0.282843 0.777817 
 0.247453 0.742428 
 0.212103 0.707078 
 0.176740 0.671715 
 0.141403 0.636378 
 0.106066 0.601041 
 0.070676 0.565651 
 0.035327 0.530301 
 -0.000036 0.494938 
 -0.035374 0.459601 
 -0.070711 0.424264 
 -0.106101 0.388874 
 -0.141450 0.353525 
 -0.176813 0.318162 
 -0.212150 0.282824 
 0.388874 0.954560 
 0.353525 0.919210 
 0.318162 0.883847 
 0.282824 0.848510 
 0.247487 0.813173 
 0.212098 0.777783 
 0.176748 0.742433 
 0.141385 0.707070 
 0.106048 0.671733 
 0.070711 0.636396 
 0.035321 0.601006 
 -0.000029 0.565657 
 -0.035392 0.530294 
 -0.070729 0.494957 
 -0.106066 0.459619 
 -0.141456 0.424230 
 -0.176805 0.388880 
 -0.212168 0.353517 
 -0.247506 0.318180 
 0.353519 0.989915 
 0.318169 0.954565 
 0.282806 0.919202 
 0.247469 0.883865 
 0.212132 0.848528 
 0.176742 0.813138 
 0.141393 0.777789 
 0.106030 0.742426 
 0.070692 0.707089 
 0.035355 0.671751 
 -0.000035 0.636362 
 -0.035384 0.601012 
 -0.070747 0.565649 
 -0.106084 0.530312 
 -0.141421 0.494975 
 -0.176811 0.459585 
 -0.212161 0.424235 
 -0.247524 0.388872 
 -0.282861 0.353535 
 0.318164 1.025270 
 0.282814 0.989921 
 0.247451 0.954558 
 0.212114 0.919221 
 0.176777 0.883883 
 0.141387 0.848494 
 0.106037 0.813144 
 0.070674 0.777781 
 0.035337 0.742444 
 0.000000 0.707107 
 -0.035390 0.671717 
 -0.070739 0.636367 
 -0.106102 0.601004 
 -0.141440 0.565667 
 -0.176777 0.530330 
 -0.212167 0.494940 
 -0.247516 0.459591 
 -0.282879 0.424228 
 -0.318216 0.388891 
 0.282808 1.060626 
 0.247459 1.025276 
 0.212096 0.989913 
 0.176758 0.954576 
 0.141421 0.919239 
 0.106031 0.883849 
 0.070682 0.848499 
 0.035319 0.813136 
 -0.000018 0.777799 
 -0.035355 0.742462 
 -0.070745 0.707072 
 -0.106095 0.671723 
 -0.141458 0.636360 
 -0.176795 0.601023 
 -0.212132 0.565685 
 -0.247522 0.530296 
 -0.282871 0.494946 
 -0.318234 0.459583 
 -0.353572 0.424246 
 0.247453 1.095981 
 0.212103 1.060631 
 0.176740 1.025268 
 0.141403 0.989931 
 0.106066 0.954594 
 0.070676 0.919204 
 0.035327 0.883855 
 -0.000036 0.848492 
 -0.035374 0.813155 
 -0.070711 0.777817 
 -0.106101 0.742428 
 -0.141450 0.707078 
 -0.176813 0.671715 
 -0.212150 0.636378 
 -0.247487 0.601041 
 -0.282877 0.565651 
 -0.318227 0.530301 
 -0.353590 0.494938 
 -0.388927 0.459601 
 0.212098 1.131336 
 0.176748 1.095987 
 0.141385 1.060624 
 0.106048 1.025287 
 0.070711 0.989949 
 0.035321 0.954560 
 -0.000029 0.919210 
 -0.035392 0.883847 
 -0.070729 0.848510 
 -0.106066 0.813173 
 -0.141456 0.777783 
 -0.176805 0.742433 
 -0.212168 0.707070 
 -0.247506 0.671733 
 -0.282843 0.636396 
 -0.318233 0.601006 
 -0.353582 0.565657 
 -0.388945 0.530294 
 -0.424282 0.494957 
 0.176742 1.166692 
 0.141393 1.131342 
 0.106030 1.095979 
 0.070692 1.060642 
 0.035355 1.025305 
 -0.000035 0.989915 
 -0.035384 0.954565 
 -0.070747 0.919202 
 -0.106084 0.883865 
 -0.141421 0.848528 
 -0.176811 0.813138 
 -0.212161 0.777789 
 -0.247524 0.742426 
 -0.282861 0.707089 
 -0.318198 0.671751 
 -0.353588 0.636362 
 -0.388937 0.601012 
 -0.424301 0.565649 
 -0.459638 0.530312 
 0.141387 1.202047 
 0.106037 1.166697 
 0.070674 1.131334 
 0.035337 1.095997 
 0.000000 1.060660 
 -0.035390 1.025270 
 -0.070739 0.989921 
 -0.106102 0.954558 
 -0.141440 0.919221 
 -0.176777 0.883883 
 -0.212167 0.848494 
 -0.247516 0.813144 
 -0.282879 0.777781 
 -0.318216 0.742444 
 -0.353553 0.707107 
 -0.388943 0.671717 
 -0.424293 0.636367 
 -0.459656 0.601004 
 -0.494993 0.565667 
 0.106031 1.237402 
 0.070682 1.202053 
 0.035319 1.166690 
 -0.000018 1.131353 
 -0.035355 1.096016 
 -0.070745 1.060626 
 -0.106095 1.025276 
 -0.141458 0.989913 
 -0.176795 0.954576 
 -0.212132 0.919239 
 -0.247522 0.883849 
 -0.282871 0.848499 
 -0.318234 0.813136 
 -0.353572 0.777799 
 -0.388909 0.742462 
 -0.424299 0.707072 
 -0.459648 0.671723 
 -0.495011 0.636360 
 -0.530348 0.601023 
 0.070676 1.272758 
 0.035327 1.237408 
 -0.000036 1.202045 
 -0.035374 1.166708 
 -0.070711 1.131371 
 -0.106101 1.095981 
 -0.141450 1.060631 
 -0.176813 1.025268 
 -0.212150 0.989931 
 -0.247487 0.954594 
 -0.282877 0.919204 
 -0.318227 0.883855 
 -0.353590 0.848492 
 -0.388927 0.813155 
 -0.424264 0.777817 
 -0.459654 0.742428 
 -0.495004 0.707078 
 -0.530367 0.671715 
 -0.565704 0.636378 
 0.035321 1.308113 
 -0.000029 1.272763 
 -0.035392 1.237400 
 -0.070729 1.202063 
 -0.106066 1.166726 
 -0.141456 1.131336 
 -0.176805 1.095987 
 -0.212168 1.060624 
 -0.247506 1.025287 
 -0.282843 0.989949 
 -0.318233 0.954560 
 -0.353582 0.919210 
 -0.388945 0.883847 
 -0.424282 0.848510 
 -0.459619 0.813173 
 -0.495009 0.777783 
 -0.530359 0.742433 
 -0.565722 0.707070 
 -0.601059 0.671733 
 -0.000035 1.343468 
 -0.035384 1.308119 
 -0.070747 1.272756 
 -0.106084 1.237419 
 -0.141421 1.202082 
 -0.176811 1.166692 
 -0.212161 1.131342 
 -0.247524 1.095979 
 -0.282861 1.060642 
 -0.318198 1.025305 
 -0.353588 0.989915 
 -0.388937 0.954565 
 -0.424301 0.919202 
 -0.459638 0.883865 
 -0.494975 0.848528 
 -0.530365 0.813138 
 -0.565714 0.777789 
 -0.601077 0.742426 
 -0.636414 0.707089 
 bc_tag 
5 
 2 
 16 
 18 
 23 
 23 
 23 
 23 
 23 
 23 
 23 
 23 
 23 
 23 
 23 
 23 
 23 
 23 
 23 
 23 
 23 
 23 
 23 
 6 
 6 
 6 
 6 
 6 
 6 
 6 
 6 
 6 
 6 
 6 
 6 
 6 
 6 
 6 
 6 
 6 
 6 
 6 
 24 
 24 
 24 
 24 
 24 
 24 
 24 
 24 
 24 
 24 
 24 
 24 
 24 
 24 
 24 
 24 
 24 
 24 
 24 
 14 
 14 
 14 
 14 
 14 
 14 
 14 
 14 
 14 
 14 
 14 
 14 
 14 
 14 
 14 
 14 
 14 
 14 
 14 
 26 
 26 
 26 
 26 
 26 
 26 
 26 
 26 
 26 
 26 
 26 
 26 
 26 
 26 
 26 
 26 
 26 
 26 
 26 
 26 
 26 
 26 
 26 
 26 
 26 
 26 
 26 
 26 
 26 
 26 
 26 
 26 
 26 
 26 
 26 
 26 
 26 
 26 
 26 
 26 
 26 
 26 
 26 
 26 
 26 
 26 
 26 
 26 
 26 
 26 
 26 
 26 
 26 
 26 
 26 
 26 
 26 
 26 
 26 
 26 
 26 
 26 
 26 
 26 
 26 
 26 
 26 
 26 
 26 
 26 
 26 
 26 
 26 
 26 
 26 
 26 
 26 
 26 
 26 
 26 
 26 
 26 
 26 
 26 
 26 
 26 
 26 
 26 
 26 
 26 
 26 
 26 
 26 
 26 
 26 
 26 
 26 
 26 
 26 
 26 
 26 
 26 
 26 
 26 
 26 
 26 
 26 
 26 
 26 
 26 
 26 
 26 
 26 
 26 
 26 
 26 
 26 
 26 
 26 
 26 
 26 
 26 
 26 
 26 
 26 
 26 
 26 
 26 
 26 
 26 
 26 
 26 
 26 
 26 
 26 
 26 
 26 
 26 
 26 
 26 
 26 
 26 
 26 
 26 
 26 
 26 
 26 
 26 
 26 
 26 
 26 
 26 
 26 
 26 
 26 
 26 
 26 
 26 
 26 
 26 
 26 
 26 
 26 
 26 
 26 
 26 
 26 
 26 
 26 
 26 
 26 
 26 
 26 
 26 
 26 
 26 
 26 
 26 
 26 
 26 
 26 
 26 
 26 
 26 
 26 
 26 
 26 
 26 
 26 
 26 
 26 
 26 
 26 
 26 
 26 
 26 
 26 
 26 
 26 
 26 
 26 
 26 
 26 
 26 
 26 
 26 
 26 
 26 
 26 
 26 
 26 
 26 
 26 
 26 
 26 
 26 
 26 
 26 
 26 
 26 
 26 
 26 
 26 
 26 
 26 
 26 
 26 
 26 
 26 
 26 
 26 
 26 
 26 
 26 
 26 
 26 
 26 
 26 
 26 
 26 
 26 
 26 
 26 
 26 
 26 
 26 
 26 
 26 
 26 
 26 
 26 
 26 
 26 
 26 
 26 
 26 
 26 
 26 
 26 
 26 
 26 
 26 
 26 
 26 
 26 
 26 
 26 
 26 
 26 
 26 
 26 
 26 
 26 
 26 
 26 
 26 
 26 
 26 
 26 
 26 
 26 
 26 
 26 
 26 
 26 
 26 
 26 
 26 
 26 
 26 
 26 
 26 
 26 
 26 
 26 
 26 
 26 
 26 
 26 
 26 
 26 
 26 
 26 
 26 
 26 
 26 
 26 
 26 
 26 
 26 
 26 
 26 
 26 
 26 
 26 
 26 
 26 
 26 
 26 
 26 
 26 
 26 
 26 
 26 
 26 
 26 
 26 
 26 
 26 
 26 
 26 
 26 
 26 
 26 
 26 
 26 
 26 
 26 
 26 
 26 
 26 
 26 
 26 
 26 
 26 
 26 
 26 
 26 
 26 
 26 
 26 
 26 
 26 
 26 
 26 
 26 
 26 
 26 
 26 
 26 
 26 
 23 
 23 
 23 
 23 
 23 
 23 
 23 
 23 
 23 
 23 
 23 
 23 
 23 
 23 
 23 
 23 
 23 
 23 
 23 
 23 
 6 
 6 
 6 
 6 
 6 
 6 
 6 
 6 
 6 
 6 
 6 
 6 
 6 
 6 
 6 
 6 
 6 
 6 
 6 
 6 
 24 
 24 
 24 
 24 
 24 
 24 
 24 
 24 
 24 
 24 
 24 
 24 
 24 
 24 
 24 
 24 
 24 
 24 
 24 
 24 
 14 
 14 
 14 
 14 
 14 
 14 
 14 
 14 
 14 
 14 
 14 
 14 
 14 
 14 
 14 
 14 
 14 
 14 
 14 
 14 
 26 
 26 
 26 
 26 
 26 
 26 
 26 
 26 
 26 
 26 
 26 
 26 
 26 
 26 
 26 
 26 
 26 
 26 
 26 
 26 
 26 
 26 
 26 
 26 
 26 
 26 
 26 
 26 
 26 
 26 
 26 
 26 
 26 
 26 
 26 
 26 
 26 
 26 
 26 
 26 
 26 
 26 
 26 
 26 
 26 
 26 
 26 
 26 
 26 
 26 
 26 
 26 
 26 
 26 
 26 
 26 
 26 
 26 
 26 
 26 
 26 
 26 
 26 
 26 
 26 
 26 
 26 
 26 
 26 
 26 
 26 
 26 
 26 
 26 
 26 
 26 
 26 
 26 
 26 
 26 
 26 
 26 
 26 
 26 
 26 
 26 
 26 
 26 
 26 
 26 
 26 
 26 
 26 
 26 
 26 
 26 
 26 
 26 
 26 
 26 
 26 
 26 
 26 
 26 
 26 
 26 
 26 
 26 
 26 
 26 
 26 
 26 
 26 
 26 
 26 
 26 
 26 
 26 
 26 
 26 
 26 
 26 
 26 
 26 
 26 
 26 
 26 
 26 
 26 
 26 
 26 
 26 
 26 
 26 
 26 
 26 
 26 
 26 
 26 
 26 
 26 
 26 
 26 
 26 
 26 
 26 
 26 
 26 
 26 
 26 
 26 
 26 
 26 
 26 
 26 
 26 
 26 
 26 
 26 
 26 
 26 
 26 
 26 
 26 
 26 
 26 
 26 
 26 
 26 
 26 
 26 
 26 
 26 
 26 
 26 
 26 
 26 
 26 
 26 
 26 
 26 
 26 
 26 
 26 
 26 
 26 
 26 
 26 
 26 
 26 
 26 
 26 
 26 
 26 
 26 
 26 
 26 
 26 
 26 
 26 
 26 
 26 
 26 
 26 
 26 
 26 
 26 
 26 
 26 
 26 
 26 
 26 
 26 
 26 
 26 
 26 
 26 
 26 
 26 
 26 
 26 
 26 
 26 
 26 
 26 
 26 
 26 
 26 
 26 
 26 
 26 
 26 
 26 
 26 
 26 
 26 
 26 
 26 
 26 
 26 
 26 
 26 
 26 
 26 
 26 
 26 
 26 
 26 
 26 
 26 
 26 
 26 
 26 
 26 
 26 
 26 
 26 
 26 
 26 
 26 
 26 
 26 
 26 
 26 
 26 
 26 
 26 
 26 
 26 
 26 
 26 
 26 
 26 
 26 
 26 
 26 
 26 
 26 
 26 
 26 
 26 
 26 
 26 
 26 
 26 
 26 
 26 
 26 
 26 
 26 
 26 
 26 
 26 
 26 
 26 
 26 
 26 
 26 
 26 
 26 
 26 
 26 
 26 
 26 
 26 
 26 
 26 
 26 
 26 
 26 
 26 
 26 
 26 
 26 
 26 
 26 
 26 
 26 
 26 
 26 
 26 
 26 
 26 
 26 
 26 
 26 
 26 
 26 
 26 
 26 
 26 
 26 
 26 
 26 
 26 
 26 
 26 
 26 
 26 
 26 
 26 
 26 
 26 
 26 
 26 
 26 
 26 
 26 
 26 
 26 
 26 
 26 
 26 
 26 
 26 
 26 
 26 
 26 
 26 
 26 
 26 
 26 
 26 
 26 
 26 
 26 
 26 
 26 
 26 
 26 
 26 
 26 
 26 
 26 
 26 
 26 
 26 
 26 
 26 
 26 
 26 
 26 
 26 
 26 
 26 
 26 
 26 
 26 
 26 
 26 
 26 
 26 
 26 
 26 
 26 
 26 
 26 
 26 
 26 
 26 
 26 
 26 
 26 
 26 
 26 
 26 
 26 
 26 
 26 
 26 
 26 
 26 
 26 
 26 
 26 
 26 
 26 
 26 
 26 
 26 
 26 
 26 
 26 
 26 
 26 
 26 
 26 
 26 
 26 
 26 
 26 
 26 
 26 
 26 
 26 
 26 
 26 
 26 
 26 
 26 
 26 
 26 
 26 
 26 
 26 
 26 
 26 
 26 
 26 
 26 
 26 
 26 
 26 
 26 
 26 
 26 
 26 
 26 
 26 
 26 
 26 
 26 
 26 
 26 
 26 
 26 
 26 
 26 
 26 
 26 
 26 
 26 
 26 
 26 
 26 
 26 
 26 
 26 
 26 
 26 
 26 
 26 
 26 
 26 
 26 
 26 
 26 
 26 
 26 
 26 
 26 
 26 
 26 
 26 
 26 
 26 
 26 
 26 
 26 
 26 
 26 
 26 
 26 
 26 
 26 
 26 
 26 
 26 
 26 
 26 
 26 
 26 
 26 
 26 
 26 
 26 
 26 
 26 
 26 
 26 
 26 
 26 
 26 
 26 
 26 
 26 
 26 
 26 
 26 
 26 
 26 
 26 
 26 
 26 
 26 
 26 
 26 
 26 
 26 
 26 
 26 
 26 
 26 
 26 
 26 
 26 
 26 
 26 
 26 
 26 
 26 
 26 
 26 
 26 
 26 
 26 
 26 
 26 
 26 
 26 
 26 
 26 
 26 
 26 
 26 
 26 
 26 
 26 
 26 
 26 
 26 
 26 
 26 
 26 
 26 
 26 
 26 
 26 
 26 
 26 
 26 
 26 
 26 
 26 
 26 
 26 
 26 
 26 
 26 
 26 
 26 
 26 
 26 
 26 
 26 
 26 
 26 
 26 
 26 
 26 
 26 
 26 
 26 
 26 
 26 
 26 
 26 
 26 
 26 
 26 
 26 
 26 
 26 
 26 
 26 
 26 
 26 
 26 
 26 
 26 
 26 
 26 
 26 
 26 
 26 
 26 
 26 
 26 
 26 
 26 
 26 
 26 
 26 
 26 
 26 
 26 
 26 
 26 
 26 
 26 
 26 
 26 
 26 
 26 
 26 
 26 
 26 
 26 
 26 
 26 
 26 
 26 
 26 
 26 
 26 
 26 
 26 
 26 
 26 
 26 
 26 
 26 
 26 
 26 
 26 
 26 
 26 
 26 
 26 
 26 
 26 
 26 
 26 
 26 
 26 
 26 
 26 
 26 
 26 
 26 
 26 
 26 
 26 
 26 
 26 
 26 
 26 
 26 
 26 
 26 
 26 
 26 
 26 
 26 
 26 
 26 
 26 
 26 
 26 
 26 
 26 
 26 
 26 
 26 
 26 
 26 
 26 
 26 
 26 
 26 
 26 
 26 
 26 
 26 
 26 
 26 
 26 
 26 
 26 
 26 
 26 
 26 
 26 
 26 
 26 
 26 
 26 
 26 
 26 
 26 
 26 
 26 
 26 
 26 
 26 
 26 
 26 
 26 
 26 
 26 
 26 
 26 
 26 
 26 
 26 
 26 
 26 
 26 
 26 
 26 
 26 
 26 
 26 
 26 
 26 
 26 
 26 
 26 
 26 
 26 
 26 
 26 
 26 
 26 
 26 
 26 
 26 
 26 
 26 
 26 
 26 
 26 
 26 
 26 
 26 
 26 
 26 
 26 
 26 
 26 
 26 
 26 
 26 
 26 
 26 
 26 
 26 
 26 
 26 
 26 
 26 
 26 
 26 
 26 
 26 
 26 
 26 
 26 
 26 
 26 
 26 
 26 
 26 
 26 
 26 
 26 
 26 
 26 
 26 
 26 
 26 
 26 
 26 
 26 
 26 
 26 
 26 
 26 
 26 
 26 
 26 
 26 
 26 
 26 
 26 
 26 
 26 
 26 
 26 
 26 
 26 
 26 
 26 
 26 
 26 
 26 
 26 
 26 
 26 
 26 
 26 
 26 
 26 
 26 
 26 
 26 
 26 
 26 
 26 
 26 
 26 
 26 
 26 
 26 
 26 
 26 
 26 
 26 
 26 
 26 
 26 
 26 
 26 
 26 
 26 
 26 
 26 
 26 
 26 
 26 
 26 
 26 
 26 
 26 
 26 
 26 
 26 
 26 
 26 
 26 
 26 
 26 
 26 
 26 
 26 
 26 
 26 
 26 
 26 
 26 
 26 
 26 
 26 
 26 
 26 
 26 
 26 
 26 
 26 
 26 
 26 
 26 
 26 
 26 
 26 
 26 
 26 
 26 
 26 
 26 
 26 
 26 
 26 
 26 
 26 
 26 
 26 
 26 
 26 
 26 
 26 
 26 
 26 
 26 
 26 
 26 
 26 
 26 
 26 
 26 
 26 
 26 
 26 
 26 
 26 
 26 
 26 
 26 
 26 
 26 
 26 
 26 
 26 
 26 
 26 
 26 
 26 
 26 
 26 
 26 
 26 
 26 
 26 
 26 
 26 
 26 
 26 
 26 
 26 
 26 
 26 
 26 
 26 
 26 
 26 
 26 
 26 
 26 
 26 
 26 
 26 
 26 
 26 
 26 
 26 
 26 
 26 
 26 
 26 
 26 
 26 
 26 
 26 
 26 
 26 
 26 
 26 
 26 
 26 
 26 
 26 
 26 
 26 
 26 
 26 
 26 
 26 
 26 
 26 
 26 
 26 
 26 
 26 
 26 
 26 
 26 
 26 
 26 
 26 
 26 
 26 
 26 
 26 
 26 
 26 
 26 
 26 
 26 
 26 
 26 
 26 
 26 
 26 
 26 
 26 
 26 
 26 
 26 
 26 
 26 
 26 
 26 
 26 
 26 
 26 
 26 
 26 
 26 
 26 
 26 
 26 
 26 
 26 
 26 
 26 
 26 
 26 
 26 
 26 
 26 
 26 
 26 
 26 
 26 
 26 
 26 
 26 
 26 
 26 
 26 
 26 
 26 
 26 
 26 
 26 
 26 
 26 
 26 
 26 
 26 
 26 
 26 
 26 
 26 
 26 
 26 
 26 
 26 
 26 
 26 
 26 
 26 
 26 
 26 
 26 
 26 
 26 
 26 
 26 
 26 
 26 
 26 
 26 
 26 
 26 
 26 
 26 
 26 
 26 
 26 
 26 
 26 
 26 
 26 
 26 
 26 
 26 
 26 
 26 
 26 
 26 
 26 
 26 
 26 
 26 
 26 
 26 
 26 
 26 
 26 
 26 
 26 
 26 
 26 
 26 
 26 
 26 
 26 
 26 
 26 
 26 
 26 
 26 
 26 
 26 
 26 
 26 
 26 
 26 
 26 
 26 
 26 
 26 
 26 
 26 
 26 
 26 
 26 
 26 
 26 
 26 
 26 
 26 
 26 
 26 
 26 
 26 
 26 
 26 
 26 
 edgeUsage
1 0 1 
 0 1 0 
 1 0 1 
 0 1 0 
 1 0 1 
 0 1 0 
 1 0 1 
 0 1 0 
 1 0 1 
 0 1 0 
 1 0 1 
 0 1 0 
 1 0 1 
 0 1 0 
 1 0 1 
 0 1 0 
 1 0 1 
 0 1 0 
 1 0 1 
 0 1 0 
 1 0 1 
 0 1 0 
 1 0 1 
 0 1 0 
 1 0 1 
 0 1 0 
 1 0 1 
 0 1 0 
 1 0 1 
 0 1 0 
 1 0 1 
 0 1 0 
 1 0 1 
 0 1 0 
 1 0 1 
 0 1 0 
 1 0 1 
 0 1 0 
 1 1 1 
 0 1 0 
 0 0 0 
 1 1 1 
 1 0 1 
 0 1 0 
 1 0 1 
 0 1 0 
 1 0 1 
 0 1 0 
 1 0 1 
 0 1 0 
 1 0 1 
 0 1 0 
 1 0 1 
 0 1 0 
 1 0 1 
 0 1 0 
 1 0 1 
 0 1 0 
 1 0 1 
 0 1 0 
 1 0 1 
 0 1 0 
 1 0 1 
 0 1 0 
 1 0 1 
 0 1 0 
 1 0 1 
 0 1 0 
 1 0 1 
 0 1 0 
 1 0 1 
 0 1 0 
 1 0 1 
 0 1 0 
 1 0 1 
 0 1 0 
 1 0 1 
 0 1 0 
 1 1 1 
 0 1 0 
 1 0 1 
 0 1 0 
 1 0 1 
 0 1 0 
 1 0 1 
 0 1 0 
 1 0 1 
 0 1 0 
 1 0 1 
 0 1 0 
 1 0 1 
 0 1 0 
 1 0 1 
 0 1 0 
 1 0 1 
 0 1 0 
 1 0 1 
 0 1 0 
 1 0 1 
 0 1 0 
 1 0 1 
 0 1 0 
 1 0 1 
 0 1 0 
 1 0 1 
 0 1 0 
 1 0 1 
 0 1 0 
 1 0 1 
 0 1 0 
 1 0 1 
 0 1 0 
 1 0 1 
 0 1 0 
 1 0 1 
 0 1 0 
 1 0 1 
 0 1 0 
 1 1 1 
 0 1 0 
 1 0 1 
 0 1 0 
 1 0 1 
 0 1 0 
 1 0 1 
 0 1 0 
 1 0 1 
 0 1 0 
 1 0 1 
 0 1 0 
 1 0 1 
 0 1 0 
 1 0 1 
 0 1 0 
 1 0 1 
 0 1 0 
 1 0 1 
 0 1 0 
 1 0 1 
 0 1 0 
 1 0 1 
 0 1 0 
 1 0 1 
 0 1 0 
 1 0 1 
 0 1 0 
 1 0 1 
 0 1 0 
 1 0 1 
 0 1 0 
 1 0 1 
 0 1 0 
 1 0 1 
 0 1 0 
 1 0 1 
 0 1 0 
 1 0 1 
 0 1 0 
 1 1 1 
 0 1 0 
 0 0 0 
 1 1 1 
 1 0 1 
 0 1 0 
 1 0 1 
 0 1 0 
 1 0 1 
 0 1 0 
 1 0 1 
 0 1 0 
 1 0 1 
 0 1 0 
 1 0 1 
 0 1 0 
 1 0 1 
 0 1 0 
 1 0 1 
 0 1 0 
 1 0 1 
 0 1 0 
 1 0 1 
 0 1 0 
 1 0 1 
 0 1 0 
 1 0 1 
 0 1 0 
 1 0 1 
 0 1 0 
 1 0 1 
 0 1 0 
 1 0 1 
 0 1 0 
 1 0 1 
 0 1 0 
 1 0 1 
 0 1 0 
 1 0 1 
 0 1 0 
 1 1 1 
 0 1 0 
 1 0 1 
 0 1 0 
 1 0 1 
 0 1 0 
 1 0 1 
 0 1 0 
 1 0 1 
 0 1 0 
 1 0 1 
 0 1 0 
 1 0 1 
 0 1 0 
 1 0 1 
 0 1 0 
 1 0 1 
 0 1 0 
 1 0 1 
 0 1 0 
 1 0 1 
 0 1 0 
 1 0 1 
 0 1 0 
 1 0 1 
 0 1 0 
 1 0 1 
 0 1 0 
 1 0 1 
 0 1 0 
 1 0 1 
 0 1 0 
 1 0 1 
 0 1 0 
 1 0 1 
 0 1 0 
 1 0 1 
 0 1 0 
 1 0 1 
 0 1 0 
 1 1 1 
 0 1 0 
 0 0 0 
 1 1 1 
 1 0 1 
 0 1 0 
 1 0 1 
 0 1 0 
 1 0 1 
 0 1 0 
 1 0 1 
 0 1 0 
 1 0 1 
 0 1 0 
 1 0 1 
 0 1 0 
 1 0 1 
 0 1 0 
 1 0 1 
 0 1 0 
 1 0 1 
 0 1 0 
 1 0 1 
 0 1 0 
 1 0 1 
 0 1 0 
 1 0 1 
 0 1 0 
 1 0 1 
 0 1 0 
 1 0 1 
 0 1 0 
 1 0 1 
 0 1 0 
 1 0 1 
 0 1 0 
 1 0 1 
 0 1 0 
 1 0 1 
 0 1 0 
 1 1 1 
 0 1 0 
 1 0 1 
 0 1 0 
 1 0 1 
 0 1 0 
 1 0 1 
 0 1 0 
 1 0 1 
 0 1 0 
 1 0 1 
 0 1 0 
 1 0 1 
 0 1 0 
 1 0 1 
 0 1 0 
 1 0 1 
 0 1 0 
 1 0 1 
 0 1 0 
 1 0 1 
 0 1 0 
 1 0 1 
 0 1 0 
 1 0 1 
 0 1 0 
 1 0 1 
 0 1 0 
 1 0 1 
 0 1 0 
 1 0 1 
 0 1 0 
 1 0 1 
 0 1 0 
 1 0 1 
 0 1 0 
 1 0 1 
 0 1 0 
 1 0 1 
 0 1 0 
 1 1 1 
 0 1 0 
 1 0 1 
 0 1 0 
 1 0 1 
 0 1 0 
 1 0 1 
 0 1 0 
 1 0 1 
 0 1 0 
 1 0 1 
 0 1 0 
 1 0 1 
 0 1 0 
 1 0 1 
 0 1 0 
 1 0 1 
 0 1 0 
 1 0 1 
 0 1 0 
 1 0 1 
 0 1 0 
 1 0 1 
 0 1 0 
 1 0 1 
 0 1 0 
 1 0 1 
 0 1 0 
 1 0 1 
 0 1 0 
 1 0 1 
 0 1 0 
 1 0 1 
 0 1 0 
 1 0 1 
 0 1 0 
 1 0 1 
 0 1 0 
 1 0 1 
 0 1 0 
 1 1 1 
 0 1 0 
 0 0 0 
 1 1 1 
 1 0 1 
 0 1 0 
 1 0 1 
 0 1 0 
 1 0 1 
 0 1 0 
 1 0 1 
 0 1 0 
 1 0 1 
 0 1 0 
 1 0 1 
 0 1 0 
 1 0 1 
 0 1 0 
 1 0 1 
 0 1 0 
 1 0 1 
 0 1 0 
 1 0 1 
 0 1 0 
 1 0 1 
 0 1 0 
 1 0 1 
 0 1 0 
 1 0 1 
 0 1 0 
 1 0 1 
 0 1 0 
 1 0 1 
 0 1 0 
 1 0 1 
 0 1 0 
 1 0 1 
 0 1 0 
 1 0 1 
 0 1 0 
 1 1 1 
 0 1 0 
 1 0 1 
 0 1 0 
 1 0 1 
 0 1 0 
 1 0 1 
 0 1 0 
 1 0 1 
 0 1 0 
 1 0 1 
 0 1 0 
 1 0 1 
 0 1 0 
 1 0 1 
 0 1 0 
 1 0 1 
 0 1 0 
 1 0 1 
 0 1 0 
 1 0 1 
 0 1 0 
 1 0 1 
 0 1 0 
 1 0 1 
 0 1 0 
 1 0 1 
 0 1 0 
 1 0 1 
 0 1 0 
 1 0 1 
 0 1 0 
 1 0 1 
 0 1 0 
 1 0 1 
 0 1 0 
 1 0 1 
 0 1 0 
 1 0 1 
 0 1 0 
 1 1 1 
 0 1 0 
 0 0 0 
 1 1 1 
 1 0 1 
 0 1 0 
 1 0 1 
 0 1 0 
 1 0 1 
 0 1 0 
 1 0 1 
 0 1 0 
 1 0 1 
 0 1 0 
 1 0 1 
 0 1 0 
 1 0 1 
 0 1 0 
 1 0 1 
 0 1 0 
 1 0 1 
 0 1 0 
 1 0 1 
 0 1 0 
 1 0 1 
 0 1 0 
 1 0 1 
 0 1 0 
 1 0 1 
 0 1 0 
 1 0 1 
 0 1 0 
 1 0 1 
 0 1 0 
 1 0 1 
 0 1 0 
 1 0 1 
 0 1 0 
 1 0 1 
 0 1 0 
 1 1 1 
 0 1 0 
 1 0 1 
 0 1 0 
 1 0 1 
 0 1 0 
 1 0 1 
 0 1 0 
 1 0 1 
 0 1 0 
 1 0 1 
 0 1 0 
 1 0 1 
 0 1 0 
 1 0 1 
 0 1 0 
 1 0 1 
 0 1 0 
 1 0 1 
 0 1 0 
 1 0 1 
 0 1 0 
 1 0 1 
 0 1 0 
 1 0 1 
 0 1 0 
 1 0 1 
 0 1 0 
 1 0 1 
 0 1 0 
 1 0 1 
 0 1 0 
 1 0 1 
 0 1 0 
 1 0 1 
 0 1 0 
 1 0 1 
 0 1 0 
 1 0 1 
 0 1 0 
 1 1 1 
 0 1 0 
 1 0 1 
 0 1 0 
 1 0 1 
 0 1 0 
 1 0 1 
 0 1 0 
 1 0 1 
 0 1 0 
 1 0 1 
 0 1 0 
 1 0 1 
 0 1 0 
 1 0 1 
 0 1 0 
 1 0 1 
 0 1 0 
 1 0 1 
 0 1 0 
 1 0 1 
 0 1 0 
 1 0 1 
 0 1 0 
 1 0 1 
 0 1 0 
 1 0 1 
 0 1 0 
 1 0 1 
 0 1 0 
 1 0 1 
 0 1 0 
 1 0 1 
 0 1 0 
 1 0 1 
 0 1 0 
 1 0 1 
 0 1 0 
 1 0 1 
 0 1 0 
 1 1 1 
 0 1 0 
 0 0 0 
 1 1 1 
 1 0 1 
 0 1 0 
 1 0 1 
 0 1 0 
 1 0 1 
 0 1 0 
 1 0 1 
 0 1 0 
 1 0 1 
 0 1 0 
 1 0 1 
 0 1 0 
 1 0 1 
 0 1 0 
 1 0 1 
 0 1 0 
 1 0 1 
 0 1 0 
 1 0 1 
 0 1 0 
 1 0 1 
 0 1 0 
 1 0 1 
 0 1 0 
 1 0 1 
 0 1 0 
 1 0 1 
 0 1 0 
 1 0 1 
 0 1 0 
 1 0 1 
 0 1 0 
 1 0 1 
 0 1 0 
 1 0 1 
 0 1 0 
 1 1 1 
 0 1 0 
 1 0 1 
 0 1 0 
 1 0 1 
 0 1 0 
 1 0 1 
 0 1 0 
 1 0 1 
 0 1 0 
 1 0 1 
 0 1 0 
 1 0 1 
 0 1 0 
 1 0 1 
 0 1 0 
 1 0 1 
 0 1 0 
 1 0 1 
 0 1 0 
 1 0 1 
 0 1 0 
 1 0 1 
 0 1 0 
 1 0 1 
 0 1 0 
 1 0 1 
 0 1 0 
 1 0 1 
 0 1 0 
 1 0 1 
 0 1 0 
 1 0 1 
 0 1 0 
 1 0 1 
 0 1 0 
 1 0 1 
 0 1 0 
 1 0 1 
 0 1 0 
 1 1 1 
 0 1 0 
 0 0 0 
 1 1 1 
 1 0 1 
 0 1 0 
 1 0 1 
 0 1 0 
 1 0 1 
 0 1 0 
 1 0 1 
 0 1 0 
 1 0 1 
 0 1 0 
 1 0 1 
 0 1 0 
 1 0 1 
 0 1 0 
 1 0 1 
 0 1 0 
 1 0 1 
 0 1 0 
 1 0 1 
 0 1 0 
 1 0 1 
 0 1 0 
 1 0 1 
 0 1 0 
 1 0 1 
 0 1 0 
 1 0 1 
 0 1 0 
 1 0 1 
 0 1 0 
 1 0 1 
 0 1 0 
 1 0 1 
 0 1 0 
 1 0 1 
 0 1 0 
 1 1 1 
 0 1 0 
 1 0 1 
 0 1 0 
 1 0 1 
 0 1 0 
 1 0 1 
 0 1 0 
 1 0 1 
 0 1 0 
 1 0 1 
 0 1 0 
 1 0 1 
 0 1 0 
 1 0 1 
 0 1 0 
 1 0 1 
 0 1 0 
 1 0 1 
 0 1 0 
 1 0 1 
 0 1 0 
 1 0 1 
 0 1 0 
 1 0 1 
 0 1 0 
 1 0 1 
 0 1 0 
 1 0 1 
 0 1 0 
 1 0 1 
 0 1 0 
 1 0 1 
 0 1 0 
 1 0 1 
 0 1 0 
 1 0 1 
 0 1 0 
 1 0 1 
 0 1 0 
 1 1 1 
 0 1 0 
 1 0 1 
 0 1 0 
 1 0 1 
 0 1 0 
 1 0 1 
 0 1 0 
 1 0 1 
 0 1 0 
 1 0 1 
 0 1 0 
 1 0 1 
 0 1 0 
 1 0 1 
 0 1 0 
 1 0 1 
 0 1 0 
 1 0 1 
 0 1 0 
 1 0 1 
 0 1 0 
 1 0 1 
 0 1 0 
 1 0 1 
 0 1 0 
 1 0 1 
 0 1 0 
 1 0 1 
 0 1 0 
 1 0 1 
 0 1 0 
 1 0 1 
 0 1 0 
 1 0 1 
 0 1 0 
 1 0 1 
 0 1 0 
 1 0 1 
 0 1 0 
 1 1 1 
 0 1 0 
 0 1 0 
 1 1 1 
 0 1 0 
 1 1 1 
 0 1 0 
 1 1 1 
 0 1 0 
 1 1 1 
 0 1 0 
 1 1 1 
 0 1 0 
 1 1 1 
 0 1 0 
 1 1 1 
 0 1 0 
 1 1 1 
 0 1 0 
 1 1 1 
 0 1 0 
 1 1 1 
 0 1 0 
 1 1 1 
 0 1 0 
 1 1 1 
 0 1 0 
 1 1 1 
 0 1 0 
 1 1 1 
 0 1 0 
 1 1 1 
 0 1 0 
 1 1 1 
 0 1 0 
 1 1 1 
 0 1 0 
 1 1 1 
 0 1 0 
 1 1 1 
 0 1 1 
 1 1 1 
 bcElement 80
39 14 2 
37 14 2 
35 14 2 
33 14 2 
31 14 2 
29 14 2 
27 14 2 
25 14 2 
23 14 2 
21 14 2 
19 14 2 
17 14 2 
15 14 2 
13 14 2 
11 14 2 
9 14 2 
7 14 2 
5 14 2 
3 14 2 
1 14 2 
2 24 1 
42 24 2 
82 24 1 
122 24 1 
162 24 2 
202 24 1 
242 24 2 
282 24 1 
322 24 1 
362 24 2 
402 24 1 
442 24 2 
482 24 1 
522 24 1 
562 24 2 
602 24 1 
642 24 2 
682 24 1 
722 24 1 
762 24 2 
761 6 1 
763 6 1 
765 6 1 
767 6 1 
769 6 1 
771 6 1 
773 6 1 
775 6 1 
777 6 1 
779 6 1 
781 6 1 
783 6 1 
785 6 1 
787 6 1 
789 6 1 
791 6 1 
793 6 1 
795 6 1 
797 6 1 
799 6 1 
799 23 2 
759 23 1 
719 23 1 
679 23 1 
639 23 1 
599 23 1 
559 23 1 
519 23 1 
479 23 1 
439 23 1 
399 23 1 
359 23 1 
319 23 1 
279 23 1 
239 23 1 
199 23 1 
159 23 1 
119 23 1 
79 23 1 
39 23 1 
