Edge min = 0.125000, max=0.176777, average=0.140931;
Grid_size 128
Node_size 81
Total_DOF 1681
edge_Size 208
maxDOF 21
Solution_Order
5 
 meshIEN 
81 2 14 
 2 81 25 
 80 25 81 
 25 80 24 
 79 24 80 
 24 79 23 
 78 23 79 
 23 78 22 
 77 22 78 
 22 77 21 
 76 21 77 
 21 76 20 
 75 20 76 
 20 75 19 
 32 19 75 
 19 32 4 
 81 13 74 
 13 81 14 
 80 74 73 
 74 80 81 
 79 73 72 
 73 79 80 
 78 72 71 
 72 78 79 
 77 71 70 
 71 77 78 
 76 70 69 
 70 76 77 
 75 69 68 
 69 75 76 
 32 68 31 
 68 32 75 
 67 13 15 
 13 67 74 
 73 67 66 
 67 73 74 
 72 66 65 
 66 72 73 
 71 65 64 
 65 71 72 
 70 64 63 
 64 70 71 
 69 63 62 
 63 69 70 
 68 62 61 
 62 68 69 
 31 61 30 
 61 31 68 
 67 12 60 
 12 67 15 
 66 60 59 
 60 66 67 
 65 59 58 
 59 65 66 
 64 58 57 
 58 64 65 
 63 57 56 
 57 63 64 
 62 56 55 
 56 62 63 
 61 55 54 
 55 61 62 
 30 54 29 
 54 30 61 
 53 12 17 
 12 53 60 
 59 53 52 
 53 59 60 
 58 52 51 
 52 58 59 
 57 51 50 
 51 57 58 
 56 50 49 
 50 56 57 
 55 49 48 
 49 55 56 
 54 48 47 
 48 54 55 
 29 47 28 
 47 29 54 
 53 16 46 
 16 53 17 
 52 46 45 
 46 52 53 
 51 45 44 
 45 51 52 
 50 44 43 
 44 50 51 
 49 43 42 
 43 49 50 
 48 42 41 
 42 48 49 
 47 41 40 
 41 47 48 
 28 40 27 
 40 28 47 
 39 16 18 
 16 39 46 
 45 39 38 
 39 45 46 
 44 38 37 
 38 44 45 
 43 37 36 
 37 43 44 
 42 36 35 
 36 42 43 
 41 35 34 
 35 41 42 
 40 34 33 
 34 40 41 
 27 33 26 
 33 27 40 
 39 1 5 
 1 39 18 
 38 5 6 
 5 38 39 
 37 6 7 
 6 37 38 
 36 7 8 
 7 36 37 
 35 8 9 
 8 35 36 
 34 9 10 
 9 34 35 
 33 10 11 
 10 33 34 
 26 11 3 
 11 26 33 
 solutionIEN 
81 2 14 658 659 660 661 117 116 115 114 654 655 656 657 914 915 916 917 918 919 
 2 81 25 661 660 659 658 433 432 431 430 177 176 175 174 920 921 922 923 924 925 
 80 25 81 662 663 664 665 430 431 432 433 650 651 652 653 926 927 928 929 930 931 
 25 80 24 665 664 663 662 429 428 427 426 173 172 171 170 932 933 934 935 936 937 
 79 24 80 666 667 668 669 426 427 428 429 646 647 648 649 938 939 940 941 942 943 
 24 79 23 669 668 667 666 425 424 423 422 169 168 167 166 944 945 946 947 948 949 
 78 23 79 670 671 672 673 422 423 424 425 642 643 644 645 950 951 952 953 954 955 
 23 78 22 673 672 671 670 421 420 419 418 165 164 163 162 956 957 958 959 960 961 
 77 22 78 674 675 676 677 418 419 420 421 638 639 640 641 962 963 964 965 966 967 
 22 77 21 677 676 675 674 417 416 415 414 161 160 159 158 968 969 970 971 972 973 
 76 21 77 678 679 680 681 414 415 416 417 634 635 636 637 974 975 976 977 978 979 
 21 76 20 681 680 679 678 413 412 411 410 157 156 155 154 980 981 982 983 984 985 
 75 20 76 682 683 684 685 410 411 412 413 630 631 632 633 986 987 988 989 990 991 
 20 75 19 685 684 683 682 409 408 407 406 153 152 151 150 992 993 994 995 996 997 
 32 19 75 686 687 688 689 406 407 408 409 626 627 628 629 998 999 1000 1001 1002 1003 
 19 32 4 689 688 687 686 209 208 207 206 149 148 147 146 1004 1005 1006 1007 1008 1009 
 81 13 74 690 691 692 693 622 623 624 625 405 404 403 402 1010 1011 1012 1013 1014 1015 
 13 81 14 693 692 691 690 657 656 655 654 121 120 119 118 1016 1017 1018 1019 1020 1021 
 80 74 73 694 695 696 697 618 619 620 621 401 400 399 398 1022 1023 1024 1025 1026 1027 
 74 80 81 697 696 695 694 653 652 651 650 402 403 404 405 1028 1029 1030 1031 1032 1033 
 79 73 72 698 699 700 701 614 615 616 617 397 396 395 394 1034 1035 1036 1037 1038 1039 
 73 79 80 701 700 699 698 649 648 647 646 398 399 400 401 1040 1041 1042 1043 1044 1045 
 78 72 71 702 703 704 705 610 611 612 613 393 392 391 390 1046 1047 1048 1049 1050 1051 
 72 78 79 705 704 703 702 645 644 643 642 394 395 396 397 1052 1053 1054 1055 1056 1057 
 77 71 70 706 707 708 709 606 607 608 609 389 388 387 386 1058 1059 1060 1061 1062 1063 
 71 77 78 709 708 707 706 641 640 639 638 390 391 392 393 1064 1065 1066 1067 1068 1069 
 76 70 69 710 711 712 713 602 603 604 605 385 384 383 382 1070 1071 1072 1073 1074 1075 
 70 76 77 713 712 711 710 637 636 635 634 386 387 388 389 1076 1077 1078 1079 1080 1081 
 75 69 68 714 715 716 717 598 599 600 601 381 380 379 378 1082 1083 1084 1085 1086 1087 
 69 75 76 717 716 715 714 633 632 631 630 382 383 384 385 1088 1089 1090 1091 1092 1093 
 32 68 31 718 719 720 721 594 595 596 597 205 204 203 202 1094 1095 1096 1097 1098 1099 
 68 32 75 721 720 719 718 629 628 627 626 378 379 380 381 1100 1101 1102 1103 1104 1105 
 67 13 15 722 723 724 725 125 124 123 122 590 591 592 593 1106 1107 1108 1109 1110 1111 
 13 67 74 725 724 723 722 377 376 375 374 625 624 623 622 1112 1113 1114 1115 1116 1117 
 73 67 66 726 727 728 729 586 587 588 589 373 372 371 370 1118 1119 1120 1121 1122 1123 
 67 73 74 729 728 727 726 621 620 619 618 374 375 376 377 1124 1125 1126 1127 1128 1129 
 72 66 65 730 731 732 733 582 583 584 585 369 368 367 366 1130 1131 1132 1133 1134 1135 
 66 72 73 733 732 731 730 617 616 615 614 370 371 372 373 1136 1137 1138 1139 1140 1141 
 71 65 64 734 735 736 737 578 579 580 581 365 364 363 362 1142 1143 1144 1145 1146 1147 
 65 71 72 737 736 735 734 613 612 611 610 366 367 368 369 1148 1149 1150 1151 1152 1153 
 70 64 63 738 739 740 741 574 575 576 577 361 360 359 358 1154 1155 1156 1157 1158 1159 
 64 70 71 741 740 739 738 609 608 607 606 362 363 364 365 1160 1161 1162 1163 1164 1165 
 69 63 62 742 743 744 745 570 571 572 573 357 356 355 354 1166 1167 1168 1169 1170 1171 
 63 69 70 745 744 743 742 605 604 603 602 358 359 360 361 1172 1173 1174 1175 1176 1177 
 68 62 61 746 747 748 749 566 567 568 569 353 352 351 350 1178 1179 1180 1181 1182 1183 
 62 68 69 749 748 747 746 601 600 599 598 354 355 356 357 1184 1185 1186 1187 1188 1189 
 31 61 30 750 751 752 753 562 563 564 565 201 200 199 198 1190 1191 1192 1193 1194 1195 
 61 31 68 753 752 751 750 597 596 595 594 350 351 352 353 1196 1197 1198 1199 1200 1201 
 67 12 60 754 755 756 757 558 559 560 561 349 348 347 346 1202 1203 1204 1205 1206 1207 
 12 67 15 757 756 755 754 593 592 591 590 129 128 127 126 1208 1209 1210 1211 1212 1213 
 66 60 59 758 759 760 761 554 555 556 557 345 344 343 342 1214 1215 1216 1217 1218 1219 
 60 66 67 761 760 759 758 589 588 587 586 346 347 348 349 1220 1221 1222 1223 1224 1225 
 65 59 58 762 763 764 765 550 551 552 553 341 340 339 338 1226 1227 1228 1229 1230 1231 
 59 65 66 765 764 763 762 585 584 583 582 342 343 344 345 1232 1233 1234 1235 1236 1237 
 64 58 57 766 767 768 769 546 547 548 549 337 336 335 334 1238 1239 1240 1241 1242 1243 
 58 64 65 769 768 767 766 581 580 579 578 338 339 340 341 1244 1245 1246 1247 1248 1249 
 63 57 56 770 771 772 773 542 543 544 545 333 332 331 330 1250 1251 1252 1253 1254 1255 
 57 63 64 773 772 771 770 577 576 575 574 334 335 336 337 1256 1257 1258 1259 1260 1261 
 62 56 55 774 775 776 777 538 539 540 541 329 328 327 326 1262 1263 1264 1265 1266 1267 
 56 62 63 777 776 775 774 573 572 571 570 330 331 332 333 1268 1269 1270 1271 1272 1273 
 61 55 54 778 779 780 781 534 535 536 537 325 324 323 322 1274 1275 1276 1277 1278 1279 
 55 61 62 781 780 779 778 569 568 567 566 326 327 328 329 1280 1281 1282 1283 1284 1285 
 30 54 29 782 783 784 785 530 531 532 533 197 196 195 194 1286 1287 1288 1289 1290 1291 
 54 30 61 785 784 783 782 565 564 563 562 322 323 324 325 1292 1293 1294 1295 1296 1297 
 53 12 17 786 787 788 789 133 132 131 130 526 527 528 529 1298 1299 1300 1301 1302 1303 
 12 53 60 789 788 787 786 321 320 319 318 561 560 559 558 1304 1305 1306 1307 1308 1309 
 59 53 52 790 791 792 793 522 523 524 525 317 316 315 314 1310 1311 1312 1313 1314 1315 
 53 59 60 793 792 791 790 557 556 555 554 318 319 320 321 1316 1317 1318 1319 1320 1321 
 58 52 51 794 795 796 797 518 519 520 521 313 312 311 310 1322 1323 1324 1325 1326 1327 
 52 58 59 797 796 795 794 553 552 551 550 314 315 316 317 1328 1329 1330 1331 1332 1333 
 57 51 50 798 799 800 801 514 515 516 517 309 308 307 306 1334 1335 1336 1337 1338 1339 
 51 57 58 801 800 799 798 549 548 547 546 310 311 312 313 1340 1341 1342 1343 1344 1345 
 56 50 49 802 803 804 805 510 511 512 513 305 304 303 302 1346 1347 1348 1349 1350 1351 
 50 56 57 805 804 803 802 545 544 543 542 306 307 308 309 1352 1353 1354 1355 1356 1357 
 55 49 48 806 807 808 809 506 507 508 509 301 300 299 298 1358 1359 1360 1361 1362 1363 
 49 55 56 809 808 807 806 541 540 539 538 302 303 304 305 1364 1365 1366 1367 1368 1369 
 54 48 47 810 811 812 813 502 503 504 505 297 296 295 294 1370 1371 1372 1373 1374 1375 
 48 54 55 813 812 811 810 537 536 535 534 298 299 300 301 1376 1377 1378 1379 1380 1381 
 29 47 28 814 815 816 817 498 499 500 501 193 192 191 190 1382 1383 1384 1385 1386 1387 
 47 29 54 817 816 815 814 533 532 531 530 294 295 296 297 1388 1389 1390 1391 1392 1393 
 53 16 46 818 819 820 821 494 495 496 497 293 292 291 290 1394 1395 1396 1397 1398 1399 
 16 53 17 821 820 819 818 529 528 527 526 137 136 135 134 1400 1401 1402 1403 1404 1405 
 52 46 45 822 823 824 825 490 491 492 493 289 288 287 286 1406 1407 1408 1409 1410 1411 
 46 52 53 825 824 823 822 525 524 523 522 290 291 292 293 1412 1413 1414 1415 1416 1417 
 51 45 44 826 827 828 829 486 487 488 489 285 284 283 282 1418 1419 1420 1421 1422 1423 
 45 51 52 829 828 827 826 521 520 519 518 286 287 288 289 1424 1425 1426 1427 1428 1429 
 50 44 43 830 831 832 833 482 483 484 485 281 280 279 278 1430 1431 1432 1433 1434 1435 
 44 50 51 833 832 831 830 517 516 515 514 282 283 284 285 1436 1437 1438 1439 1440 1441 
 49 43 42 834 835 836 837 478 479 480 481 277 276 275 274 1442 1443 1444 1445 1446 1447 
 43 49 50 837 836 835 834 513 512 511 510 278 279 280 281 1448 1449 1450 1451 1452 1453 
 48 42 41 838 839 840 841 474 475 476 477 273 272 271 270 1454 1455 1456 1457 1458 1459 
 42 48 49 841 840 839 838 509 508 507 506 274 275 276 277 1460 1461 1462 1463 1464 1465 
 47 41 40 842 843 844 845 470 471 472 473 269 268 267 266 1466 1467 1468 1469 1470 1471 
 41 47 48 845 844 843 842 505 504 503 502 270 271 272 273 1472 1473 1474 1475 1476 1477 
 28 40 27 846 847 848 849 466 467 468 469 189 188 187 186 1478 1479 1480 1481 1482 1483 
 40 28 47 849 848 847 846 501 500 499 498 266 267 268 269 1484 1485 1486 1487 1488 1489 
 39 16 18 850 851 852 853 141 140 139 138 462 463 464 465 1490 1491 1492 1493 1494 1495 
 16 39 46 853 852 851 850 265 264 263 262 497 496 495 494 1496 1497 1498 1499 1500 1501 
 45 39 38 854 855 856 857 458 459 460 461 261 260 259 258 1502 1503 1504 1505 1506 1507 
 39 45 46 857 856 855 854 493 492 491 490 262 263 264 265 1508 1509 1510 1511 1512 1513 
 44 38 37 858 859 860 861 454 455 456 457 257 256 255 254 1514 1515 1516 1517 1518 1519 
 38 44 45 861 860 859 858 489 488 487 486 258 259 260 261 1520 1521 1522 1523 1524 1525 
 43 37 36 862 863 864 865 450 451 452 453 253 252 251 250 1526 1527 1528 1529 1530 1531 
 37 43 44 865 864 863 862 485 484 483 482 254 255 256 257 1532 1533 1534 1535 1536 1537 
 42 36 35 866 867 868 869 446 447 448 449 249 248 247 246 1538 1539 1540 1541 1542 1543 
 36 42 43 869 868 867 866 481 480 479 478 250 251 252 253 1544 1545 1546 1547 1548 1549 
 41 35 34 870 871 872 873 442 443 444 445 245 244 243 242 1550 1551 1552 1553 1554 1555 
 35 41 42 873 872 871 870 477 476 475 474 246 247 248 249 1556 1557 1558 1559 1560 1561 
 40 34 33 874 875 876 877 438 439 440 441 241 240 239 238 1562 1563 1564 1565 1566 1567 
 34 40 41 877 876 875 874 473 472 471 470 242 243 244 245 1568 1569 1570 1571 1572 1573 
 27 33 26 878 879 880 881 434 435 436 437 185 184 183 182 1574 1575 1576 1577 1578 1579 
 33 27 40 881 880 879 878 469 468 467 466 238 239 240 241 1580 1581 1582 1583 1584 1585 
 39 1 5 882 883 884 885 85 84 83 82 237 236 235 234 1586 1587 1588 1589 1590 1591 
 1 39 18 885 884 883 882 465 464 463 462 145 144 143 142 1592 1593 1594 1595 1596 1597 
 38 5 6 886 887 888 889 89 88 87 86 233 232 231 230 1598 1599 1600 1601 1602 1603 
 5 38 39 889 888 887 886 461 460 459 458 234 235 236 237 1604 1605 1606 1607 1608 1609 
 37 6 7 890 891 892 893 93 92 91 90 229 228 227 226 1610 1611 1612 1613 1614 1615 
 6 37 38 893 892 891 890 457 456 455 454 230 231 232 233 1616 1617 1618 1619 1620 1621 
 36 7 8 894 895 896 897 97 96 95 94 225 224 223 222 1622 1623 1624 1625 1626 1627 
 7 36 37 897 896 895 894 453 452 451 450 226 227 228 229 1628 1629 1630 1631 1632 1633 
 35 8 9 898 899 900 901 101 100 99 98 221 220 219 218 1634 1635 1636 1637 1638 1639 
 8 35 36 901 900 899 898 449 448 447 446 222 223 224 225 1640 1641 1642 1643 1644 1645 
 34 9 10 902 903 904 905 105 104 103 102 217 216 215 214 1646 1647 1648 1649 1650 1651 
 9 34 35 905 904 903 902 445 444 443 442 218 219 220 221 1652 1653 1654 1655 1656 1657 
 33 10 11 906 907 908 909 109 108 107 106 213 212 211 210 1658 1659 1660 1661 1662 1663 
 10 33 34 909 908 907 906 441 440 439 438 214 215 216 217 1664 1665 1666 1667 1668 1669 
 26 11 3 910 911 912 913 113 112 111 110 181 180 179 178 1670 1671 1672 1673 1674 1675 
 11 26 33 913 912 911 910 437 436 435 434 210 211 212 213 1676 1677 1678 1679 1680 1681 
 solutionOrder
5 5 5 5 
 5 5 5 5 
 5 5 5 5 
 5 5 5 5 
 5 5 5 5 
 5 5 5 5 
 5 5 5 5 
 5 5 5 5 
 5 5 5 5 
 5 5 5 5 
 5 5 5 5 
 5 5 5 5 
 5 5 5 5 
 5 5 5 5 
 5 5 5 5 
 5 5 5 5 
 5 5 5 5 
 5 5 5 5 
 5 5 5 5 
 5 5 5 5 
 5 5 5 5 
 5 5 5 5 
 5 5 5 5 
 5 5 5 5 
 5 5 5 5 
 5 5 5 5 
 5 5 5 5 
 5 5 5 5 
 5 5 5 5 
 5 5 5 5 
 5 5 5 5 
 5 5 5 5 
 5 5 5 5 
 5 5 5 5 
 5 5 5 5 
 5 5 5 5 
 5 5 5 5 
 5 5 5 5 
 5 5 5 5 
 5 5 5 5 
 5 5 5 5 
 5 5 5 5 
 5 5 5 5 
 5 5 5 5 
 5 5 5 5 
 5 5 5 5 
 5 5 5 5 
 5 5 5 5 
 5 5 5 5 
 5 5 5 5 
 5 5 5 5 
 5 5 5 5 
 5 5 5 5 
 5 5 5 5 
 5 5 5 5 
 5 5 5 5 
 5 5 5 5 
 5 5 5 5 
 5 5 5 5 
 5 5 5 5 
 5 5 5 5 
 5 5 5 5 
 5 5 5 5 
 5 5 5 5 
 5 5 5 5 
 5 5 5 5 
 5 5 5 5 
 5 5 5 5 
 5 5 5 5 
 5 5 5 5 
 5 5 5 5 
 5 5 5 5 
 5 5 5 5 
 5 5 5 5 
 5 5 5 5 
 5 5 5 5 
 5 5 5 5 
 5 5 5 5 
 5 5 5 5 
 5 5 5 5 
 5 5 5 5 
 5 5 5 5 
 5 5 5 5 
 5 5 5 5 
 5 5 5 5 
 5 5 5 5 
 5 5 5 5 
 5 5 5 5 
 5 5 5 5 
 5 5 5 5 
 5 5 5 5 
 5 5 5 5 
 5 5 5 5 
 5 5 5 5 
 5 5 5 5 
 5 5 5 5 
 5 5 5 5 
 5 5 5 5 
 5 5 5 5 
 5 5 5 5 
 5 5 5 5 
 5 5 5 5 
 5 5 5 5 
 5 5 5 5 
 5 5 5 5 
 5 5 5 5 
 5 5 5 5 
 5 5 5 5 
 5 5 5 5 
 5 5 5 5 
 5 5 5 5 
 5 5 5 5 
 5 5 5 5 
 5 5 5 5 
 5 5 5 5 
 5 5 5 5 
 5 5 5 5 
 5 5 5 5 
 5 5 5 5 
 5 5 5 5 
 5 5 5 5 
 5 5 5 5 
 5 5 5 5 
 5 5 5 5 
 5 5 5 5 
 5 5 5 5 
 5 5 5 5 
 5 5 5 5 
 vertexCoord 
0.000000 0.000000 
 -0.707107 0.707107 
 0.707107 0.707107 
 -0.000000 1.414214 
 0.088388 0.088388 
 0.176777 0.176777 
 0.265165 0.265165 
 0.353553 0.353553 
 0.441942 0.441942 
 0.530330 0.530330 
 0.618718 0.618718 
 -0.353553 0.353553 
 -0.530330 0.530330 
 -0.618718 0.618718 
 -0.441942 0.441942 
 -0.176777 0.176777 
 -0.265165 0.265165 
 -0.088388 0.088388 
 -0.088388 1.325825 
 -0.176777 1.237437 
 -0.265165 1.149049 
 -0.353553 1.060660 
 -0.441942 0.972272 
 -0.530330 0.883883 
 -0.618718 0.795495 
 0.618718 0.795495 
 0.530330 0.883883 
 0.441942 0.972272 
 0.353553 1.060660 
 0.265165 1.149049 
 0.176777 1.237437 
 0.088388 1.325825 
 0.530330 0.707107 
 0.441942 0.618718 
 0.353553 0.530330 
 0.265165 0.441942 
 0.176777 0.353553 
 0.088388 0.265165 
 0.000000 0.176777 
 0.441942 0.795495 
 0.353553 0.707107 
 0.265165 0.618718 
 0.176777 0.530330 
 0.088388 0.441942 
 0.000000 0.353553 
 -0.088388 0.265165 
 0.353553 0.883883 
 0.265165 0.795495 
 0.176777 0.707107 
 0.088388 0.618718 
 -0.000000 0.530330 
 -0.088388 0.441942 
 -0.176777 0.353553 
 0.265165 0.972272 
 0.176777 0.883883 
 0.088388 0.795495 
 -0.000000 0.707107 
 -0.088388 0.618718 
 -0.176777 0.530330 
 -0.265165 0.441942 
 0.176777 1.060660 
 0.088388 0.972272 
 -0.000000 0.883883 
 -0.088388 0.795495 
 -0.176777 0.707107 
 -0.265165 0.618718 
 -0.353553 0.530330 
 0.088388 1.149049 
 -0.000000 1.060660 
 -0.088388 0.972272 
 -0.176777 0.883883 
 -0.265165 0.795495 
 -0.353553 0.707107 
 -0.441942 0.618718 
 0.000000 1.237437 
 -0.088388 1.149049 
 -0.176777 1.060660 
 -0.265165 0.972272 
 -0.353553 0.883883 
 -0.441942 0.795495 
 -0.530330 0.707107 
 bc_tag 
5 
 2 
 16 
 18 
 23 
 23 
 23 
 23 
 23 
 23 
 23 
 6 
 6 
 6 
 6 
 6 
 6 
 6 
 24 
 24 
 24 
 24 
 24 
 24 
 24 
 14 
 14 
 14 
 14 
 14 
 14 
 14 
 26 
 26 
 26 
 26 
 26 
 26 
 26 
 26 
 26 
 26 
 26 
 26 
 26 
 26 
 26 
 26 
 26 
 26 
 26 
 26 
 26 
 26 
 26 
 26 
 26 
 26 
 26 
 26 
 26 
 26 
 26 
 26 
 26 
 26 
 26 
 26 
 26 
 26 
 26 
 26 
 26 
 26 
 26 
 26 
 26 
 26 
 26 
 26 
 26 
 23 
 23 
 23 
 23 
 23 
 23 
 23 
 23 
 23 
 23 
 23 
 23 
 23 
 23 
 23 
 23 
 23 
 23 
 23 
 23 
 23 
 23 
 23 
 23 
 23 
 23 
 23 
 23 
 23 
 23 
 23 
 23 
 6 
 6 
 6 
 6 
 6 
 6 
 6 
 6 
 6 
 6 
 6 
 6 
 6 
 6 
 6 
 6 
 6 
 6 
 6 
 6 
 6 
 6 
 6 
 6 
 6 
 6 
 6 
 6 
 6 
 6 
 6 
 6 
 24 
 24 
 24 
 24 
 24 
 24 
 24 
 24 
 24 
 24 
 24 
 24 
 24 
 24 
 24 
 24 
 24 
 24 
 24 
 24 
 24 
 24 
 24 
 24 
 24 
 24 
 24 
 24 
 24 
 24 
 24 
 24 
 14 
 14 
 14 
 14 
 14 
 14 
 14 
 14 
 14 
 14 
 14 
 14 
 14 
 14 
 14 
 14 
 14 
 14 
 14 
 14 
 14 
 14 
 14 
 14 
 14 
 14 
 14 
 14 
 14 
 14 
 14 
 14 
 26 
 26 
 26 
 26 
 26 
 26 
 26 
 26 
 26 
 26 
 26 
 26 
 26 
 26 
 26 
 26 
 26 
 26 
 26 
 26 
 26 
 26 
 26 
 26 
 26 
 26 
 26 
 26 
 26 
 26 
 26 
 26 
 26 
 26 
 26 
 26 
 26 
 26 
 26 
 26 
 26 
 26 
 26 
 26 
 26 
 26 
 26 
 26 
 26 
 26 
 26 
 26 
 26 
 26 
 26 
 26 
 26 
 26 
 26 
 26 
 26 
 26 
 26 
 26 
 26 
 26 
 26 
 26 
 26 
 26 
 26 
 26 
 26 
 26 
 26 
 26 
 26 
 26 
 26 
 26 
 26 
 26 
 26 
 26 
 26 
 26 
 26 
 26 
 26 
 26 
 26 
 26 
 26 
 26 
 26 
 26 
 26 
 26 
 26 
 26 
 26 
 26 
 26 
 26 
 26 
 26 
 26 
 26 
 26 
 26 
 26 
 26 
 26 
 26 
 26 
 26 
 26 
 26 
 26 
 26 
 26 
 26 
 26 
 26 
 26 
 26 
 26 
 26 
 26 
 26 
 26 
 26 
 26 
 26 
 26 
 26 
 26 
 26 
 26 
 26 
 26 
 26 
 26 
 26 
 26 
 26 
 26 
 26 
 26 
 26 
 26 
 26 
 26 
 26 
 26 
 26 
 26 
 26 
 26 
 26 
 26 
 26 
 26 
 26 
 26 
 26 
 26 
 26 
 26 
 26 
 26 
 26 
 26 
 26 
 26 
 26 
 26 
 26 
 26 
 26 
 26 
 26 
 26 
 26 
 26 
 26 
 26 
 26 
 26 
 26 
 26 
 26 
 26 
 26 
 26 
 26 
 26 
 26 
 26 
 26 
 26 
 26 
 26 
 26 
 26 
 26 
 26 
 26 
 26 
 26 
 26 
 26 
 26 
 26 
 26 
 26 
 26 
 26 
 26 
 26 
 26 
 26 
 26 
 26 
 26 
 26 
 26 
 26 
 26 
 26 
 26 
 26 
 26 
 26 
 26 
 26 
 26 
 26 
 26 
 26 
 26 
 26 
 26 
 26 
 26 
 26 
 26 
 26 
 26 
 26 
 26 
 26 
 26 
 26 
 26 
 26 
 26 
 26 
 26 
 26 
 26 
 26 
 26 
 26 
 26 
 26 
 26 
 26 
 26 
 26 
 26 
 26 
 26 
 26 
 26 
 26 
 26 
 26 
 26 
 26 
 26 
 26 
 26 
 26 
 26 
 26 
 26 
 26 
 26 
 26 
 26 
 26 
 26 
 26 
 26 
 26 
 26 
 26 
 26 
 26 
 26 
 26 
 26 
 26 
 26 
 26 
 26 
 26 
 26 
 26 
 26 
 26 
 26 
 26 
 26 
 26 
 26 
 26 
 26 
 26 
 26 
 26 
 26 
 26 
 26 
 26 
 26 
 26 
 26 
 26 
 26 
 26 
 26 
 26 
 26 
 26 
 26 
 26 
 26 
 26 
 26 
 26 
 26 
 26 
 26 
 26 
 26 
 26 
 26 
 26 
 26 
 26 
 26 
 26 
 26 
 26 
 26 
 26 
 26 
 26 
 26 
 26 
 26 
 26 
 26 
 26 
 26 
 26 
 26 
 26 
 26 
 26 
 26 
 26 
 26 
 26 
 26 
 26 
 26 
 26 
 26 
 26 
 26 
 26 
 26 
 26 
 26 
 26 
 26 
 26 
 26 
 26 
 26 
 26 
 26 
 26 
 26 
 26 
 26 
 26 
 26 
 26 
 26 
 26 
 26 
 26 
 26 
 26 
 26 
 26 
 26 
 26 
 26 
 26 
 26 
 26 
 26 
 26 
 26 
 26 
 26 
 26 
 26 
 26 
 26 
 26 
 26 
 26 
 26 
 26 
 26 
 26 
 26 
 26 
 26 
 26 
 26 
 26 
 26 
 26 
 26 
 26 
 26 
 26 
 26 
 26 
 26 
 26 
 26 
 26 
 26 
 26 
 26 
 26 
 26 
 26 
 26 
 26 
 26 
 26 
 26 
 26 
 26 
 26 
 26 
 26 
 26 
 26 
 26 
 26 
 26 
 26 
 26 
 26 
 26 
 26 
 26 
 26 
 26 
 26 
 26 
 26 
 26 
 26 
 26 
 26 
 26 
 26 
 26 
 26 
 26 
 26 
 26 
 26 
 26 
 26 
 26 
 26 
 26 
 26 
 26 
 26 
 26 
 26 
 26 
 26 
 26 
 26 
 26 
 26 
 26 
 26 
 26 
 26 
 26 
 26 
 26 
 26 
 26 
 26 
 26 
 26 
 26 
 26 
 26 
 26 
 26 
 26 
 26 
 26 
 26 
 26 
 26 
 26 
 26 
 26 
 26 
 26 
 26 
 26 
 26 
 26 
 26 
 26 
 26 
 26 
 26 
 26 
 26 
 26 
 26 
 26 
 26 
 26 
 26 
 26 
 26 
 26 
 26 
 26 
 26 
 26 
 26 
 26 
 26 
 26 
 26 
 26 
 26 
 26 
 26 
 26 
 26 
 26 
 26 
 26 
 26 
 26 
 26 
 26 
 26 
 26 
 26 
 26 
 26 
 26 
 26 
 26 
 26 
 26 
 26 
 26 
 26 
 26 
 26 
 26 
 26 
 26 
 26 
 26 
 26 
 26 
 26 
 26 
 26 
 26 
 26 
 26 
 26 
 26 
 26 
 26 
 26 
 26 
 26 
 26 
 26 
 26 
 26 
 26 
 26 
 26 
 26 
 26 
 26 
 26 
 26 
 26 
 26 
 26 
 26 
 26 
 26 
 26 
 26 
 26 
 26 
 26 
 26 
 26 
 26 
 26 
 26 
 26 
 26 
 26 
 26 
 26 
 26 
 26 
 26 
 26 
 26 
 26 
 26 
 26 
 26 
 26 
 26 
 26 
 26 
 26 
 26 
 26 
 26 
 26 
 26 
 26 
 26 
 26 
 26 
 26 
 26 
 26 
 26 
 26 
 26 
 26 
 26 
 26 
 26 
 26 
 26 
 26 
 26 
 26 
 26 
 26 
 26 
 26 
 26 
 26 
 26 
 26 
 26 
 26 
 26 
 26 
 26 
 26 
 26 
 26 
 26 
 26 
 26 
 26 
 26 
 26 
 26 
 26 
 26 
 26 
 26 
 26 
 26 
 26 
 26 
 26 
 26 
 26 
 26 
 26 
 26 
 26 
 26 
 26 
 26 
 26 
 26 
 26 
 26 
 26 
 26 
 26 
 26 
 26 
 26 
 26 
 26 
 26 
 26 
 26 
 26 
 26 
 26 
 26 
 26 
 26 
 26 
 26 
 26 
 26 
 26 
 26 
 26 
 26 
 26 
 26 
 26 
 26 
 26 
 26 
 26 
 26 
 26 
 26 
 26 
 26 
 26 
 26 
 26 
 26 
 26 
 26 
 26 
 26 
 26 
 26 
 26 
 26 
 26 
 26 
 26 
 26 
 26 
 26 
 26 
 26 
 26 
 26 
 26 
 26 
 26 
 26 
 26 
 26 
 26 
 26 
 26 
 26 
 26 
 26 
 26 
 26 
 26 
 26 
 26 
 26 
 26 
 26 
 26 
 26 
 26 
 26 
 26 
 26 
 26 
 26 
 26 
 26 
 26 
 26 
 26 
 26 
 26 
 26 
 26 
 26 
 26 
 26 
 26 
 26 
 26 
 26 
 26 
 26 
 26 
 26 
 26 
 26 
 26 
 26 
 26 
 26 
 26 
 26 
 26 
 26 
 26 
 26 
 26 
 26 
 26 
 26 
 26 
 26 
 26 
 26 
 26 
 26 
 26 
 26 
 26 
 26 
 26 
 26 
 26 
 26 
 26 
 26 
 26 
 26 
 26 
 26 
 26 
 26 
 26 
 26 
 26 
 26 
 26 
 26 
 26 
 26 
 26 
 26 
 26 
 26 
 26 
 26 
 26 
 26 
 26 
 26 
 26 
 26 
 26 
 26 
 26 
 26 
 26 
 26 
 26 
 26 
 26 
 26 
 26 
 26 
 26 
 26 
 26 
 26 
 26 
 26 
 26 
 26 
 26 
 26 
 26 
 26 
 26 
 26 
 26 
 26 
 26 
 26 
 26 
 26 
 26 
 26 
 26 
 26 
 26 
 26 
 26 
 26 
 26 
 26 
 26 
 26 
 26 
 26 
 26 
 26 
 26 
 26 
 26 
 26 
 26 
 26 
 26 
 26 
 26 
 26 
 26 
 26 
 26 
 26 
 26 
 26 
 26 
 26 
 26 
 26 
 26 
 26 
 26 
 26 
 26 
 26 
 26 
 26 
 26 
 26 
 26 
 26 
 26 
 26 
 26 
 26 
 26 
 26 
 26 
 26 
 26 
 26 
 26 
 26 
 26 
 26 
 26 
 26 
 26 
 26 
 26 
 26 
 26 
 26 
 26 
 26 
 26 
 26 
 26 
 26 
 26 
 26 
 26 
 26 
 26 
 26 
 26 
 26 
 26 
 26 
 26 
 26 
 26 
 26 
 26 
 26 
 26 
 26 
 26 
 26 
 26 
 26 
 26 
 26 
 26 
 26 
 26 
 26 
 26 
 26 
 26 
 26 
 26 
 26 
 26 
 26 
 26 
 26 
 26 
 26 
 26 
 26 
 26 
 26 
 26 
 26 
 26 
 26 
 26 
 26 
 26 
 26 
 26 
 26 
 26 
 26 
 26 
 26 
 26 
 26 
 26 
 26 
 26 
 26 
 26 
 26 
 26 
 26 
 26 
 26 
 26 
 26 
 26 
 26 
 26 
 26 
 26 
 26 
 26 
 26 
 26 
 26 
 26 
 26 
 26 
 26 
 26 
 26 
 26 
 26 
 26 
 26 
 26 
 26 
 26 
 26 
 26 
 26 
 26 
 26 
 26 
 26 
 26 
 26 
 26 
 26 
 26 
 26 
 26 
 26 
 26 
 26 
 26 
 26 
 26 
 26 
 26 
 26 
 26 
 26 
 26 
 26 
 26 
 26 
 26 
 26 
 26 
 26 
 26 
 26 
 26 
 26 
 26 
 26 
 26 
 26 
 26 
 26 
 26 
 26 
 26 
 26 
 26 
 26 
 26 
 26 
 26 
 26 
 26 
 26 
 26 
 26 
 26 
 26 
 26 
 26 
 26 
 26 
 26 
 26 
 26 
 26 
 26 
 26 
 26 
 26 
 26 
 26 
 26 
 26 
 26 
 26 
 26 
 26 
 26 
 26 
 26 
 26 
 26 
 26 
 26 
 26 
 26 
 26 
 26 
 26 
 26 
 26 
 26 
 26 
 26 
 26 
 26 
 26 
 26 
 26 
 26 
 26 
 26 
 26 
 26 
 26 
 26 
 26 
 26 
 26 
 26 
 26 
 26 
 26 
 26 
 26 
 26 
 26 
 26 
 26 
 26 
 26 
 26 
 26 
 26 
 26 
 26 
 26 
 26 
 26 
 26 
 26 
 26 
 26 
 26 
 26 
 26 
 26 
 26 
 26 
 26 
 26 
 26 
 26 
 26 
 26 
 26 
 26 
 26 
 26 
 26 
 26 
 26 
 26 
 26 
 26 
 26 
 26 
 26 
 26 
 26 
 26 
 26 
 26 
 26 
 26 
 26 
 26 
 26 
 26 
 26 
 26 
 26 
 26 
 26 
 26 
 26 
 26 
 26 
 26 
 26 
 26 
 26 
 26 
 26 
 26 
 26 
 26 
 26 
 26 
 26 
 26 
 26 
 26 
 26 
 26 
 26 
 26 
 26 
 26 
 26 
 26 
 26 
 26 
 26 
 26 
 26 
 26 
 26 
 26 
 26 
 26 
 26 
 26 
 26 
 26 
 26 
 26 
 26 
 26 
 26 
 26 
 26 
 26 
 26 
 26 
 26 
 26 
 26 
 26 
 26 
 26 
 26 
 26 
 26 
 26 
 26 
 26 
 26 
 26 
 26 
 26 
 26 
 26 
 26 
 26 
 26 
 26 
 26 
 26 
 26 
 26 
 26 
 26 
 26 
 26 
 26 
 26 
 26 
 26 
 26 
 26 
 26 
 26 
 26 
 26 
 26 
 26 
 26 
 26 
 26 
 26 
 26 
 26 
 26 
 26 
 26 
 26 
 26 
 26 
 26 
 26 
 26 
 26 
 26 
 26 
 26 
 26 
 26 
 26 
 26 
 26 
 26 
 26 
 26 
 26 
 26 
 26 
 26 
 26 
 26 
 26 
 26 
 26 
 26 
 26 
 26 
 26 
 26 
 26 
 26 
 26 
 26 
 26 
 26 
 26 
 26 
 26 
 26 
 26 
 26 
 26 
 26 
 26 
 26 
 26 
 26 
 26 
 26 
 26 
 26 
 26 
 26 
 26 
 26 
 26 
 26 
 26 
 26 
 26 
 26 
 26 
 26 
 26 
 26 
 26 
 26 
 26 
 26 
 26 
 26 
 26 
 26 
 26 
 26 
 26 
 26 
 26 
 26 
 26 
 26 
 26 
 26 
 26 
 26 
 26 
 26 
 26 
 26 
 26 
 26 
 26 
 edgeUsage
0 1 0 
 1 1 1 
 0 0 0 
 1 1 1 
 0 0 0 
 1 1 1 
 0 0 0 
 1 1 1 
 0 0 0 
 1 1 1 
 0 0 0 
 1 1 1 
 0 0 0 
 1 1 1 
 0 0 0 
 1 1 1 
 0 0 1 
 1 1 1 
 0 0 1 
 1 1 0 
 0 0 1 
 1 1 0 
 0 0 1 
 1 1 0 
 0 0 1 
 1 1 0 
 0 0 1 
 1 1 0 
 0 0 1 
 1 1 0 
 0 0 1 
 1 1 0 
 0 1 0 
 1 1 1 
 0 0 1 
 1 1 0 
 0 0 1 
 1 1 0 
 0 0 1 
 1 1 0 
 0 0 1 
 1 1 0 
 0 0 1 
 1 1 0 
 0 0 1 
 1 1 0 
 0 0 1 
 1 1 0 
 0 0 1 
 1 1 1 
 0 0 1 
 1 1 0 
 0 0 1 
 1 1 0 
 0 0 1 
 1 1 0 
 0 0 1 
 1 1 0 
 0 0 1 
 1 1 0 
 0 0 1 
 1 1 0 
 0 0 1 
 1 1 0 
 0 1 0 
 1 1 1 
 0 0 1 
 1 1 0 
 0 0 1 
 1 1 0 
 0 0 1 
 1 1 0 
 0 0 1 
 1 1 0 
 0 0 1 
 1 1 0 
 0 0 1 
 1 1 0 
 0 0 1 
 1 1 0 
 0 0 1 
 1 1 1 
 0 0 1 
 1 1 0 
 0 0 1 
 1 1 0 
 0 0 1 
 1 1 0 
 0 0 1 
 1 1 0 
 0 0 1 
 1 1 0 
 0 0 1 
 1 1 0 
 0 0 1 
 1 1 0 
 0 1 0 
 1 1 1 
 0 0 1 
 1 1 0 
 0 0 1 
 1 1 0 
 0 0 1 
 1 1 0 
 0 0 1 
 1 1 0 
 0 0 1 
 1 1 0 
 0 0 1 
 1 1 0 
 0 0 1 
 1 1 0 
 0 1 1 
 1 1 1 
 0 1 1 
 1 1 0 
 0 1 1 
 1 1 0 
 0 1 1 
 1 1 0 
 0 1 1 
 1 1 0 
 0 1 1 
 1 1 0 
 0 1 1 
 1 1 0 
 0 1 1 
 1 1 0 
 EdgeNode 
1 5 82 83 84 85 
 5 6 86 87 88 89 
 6 7 90 91 92 93 
 7 8 94 95 96 97 
 8 9 98 99 100 101 
 9 10 102 103 104 105 
 10 11 106 107 108 109 
 11 3 110 111 112 113 
 2 14 114 115 116 117 
 14 13 118 119 120 121 
 13 15 122 123 124 125 
 15 12 126 127 128 129 
 12 17 130 131 132 133 
 17 16 134 135 136 137 
 16 18 138 139 140 141 
 18 1 142 143 144 145 
 4 19 146 147 148 149 
 19 20 150 151 152 153 
 20 21 154 155 156 157 
 21 22 158 159 160 161 
 22 23 162 163 164 165 
 23 24 166 167 168 169 
 24 25 170 171 172 173 
 25 2 174 175 176 177 
 3 26 178 179 180 181 
 26 27 182 183 184 185 
 27 28 186 187 188 189 
 28 29 190 191 192 193 
 29 30 194 195 196 197 
 30 31 198 199 200 201 
 31 32 202 203 204 205 
 32 4 206 207 208 209 
 11 33 210 211 212 213 
 10 34 214 215 216 217 
 9 35 218 219 220 221 
 8 36 222 223 224 225 
 7 37 226 227 228 229 
 6 38 230 231 232 233 
 5 39 234 235 236 237 
 33 40 238 239 240 241 
 34 41 242 243 244 245 
 35 42 246 247 248 249 
 36 43 250 251 252 253 
 37 44 254 255 256 257 
 38 45 258 259 260 261 
 39 46 262 263 264 265 
 40 47 266 267 268 269 
 41 48 270 271 272 273 
 42 49 274 275 276 277 
 43 50 278 279 280 281 
 44 51 282 283 284 285 
 45 52 286 287 288 289 
 46 53 290 291 292 293 
 47 54 294 295 296 297 
 48 55 298 299 300 301 
 49 56 302 303 304 305 
 50 57 306 307 308 309 
 51 58 310 311 312 313 
 52 59 314 315 316 317 
 53 60 318 319 320 321 
 54 61 322 323 324 325 
 55 62 326 327 328 329 
 56 63 330 331 332 333 
 57 64 334 335 336 337 
 58 65 338 339 340 341 
 59 66 342 343 344 345 
 60 67 346 347 348 349 
 61 68 350 351 352 353 
 62 69 354 355 356 357 
 63 70 358 359 360 361 
 64 71 362 363 364 365 
 65 72 366 367 368 369 
 66 73 370 371 372 373 
 67 74 374 375 376 377 
 68 75 378 379 380 381 
 69 76 382 383 384 385 
 70 77 386 387 388 389 
 71 78 390 391 392 393 
 72 79 394 395 396 397 
 73 80 398 399 400 401 
 74 81 402 403 404 405 
 75 19 406 407 408 409 
 76 20 410 411 412 413 
 77 21 414 415 416 417 
 78 22 418 419 420 421 
 79 23 422 423 424 425 
 80 24 426 427 428 429 
 81 25 430 431 432 433 
 26 33 434 435 436 437 
 33 34 438 439 440 441 
 34 35 442 443 444 445 
 35 36 446 447 448 449 
 36 37 450 451 452 453 
 37 38 454 455 456 457 
 38 39 458 459 460 461 
 39 18 462 463 464 465 
 27 40 466 467 468 469 
 40 41 470 471 472 473 
 41 42 474 475 476 477 
 42 43 478 479 480 481 
 43 44 482 483 484 485 
 44 45 486 487 488 489 
 45 46 490 491 492 493 
 46 16 494 495 496 497 
 28 47 498 499 500 501 
 47 48 502 503 504 505 
 48 49 506 507 508 509 
 49 50 510 511 512 513 
 50 51 514 515 516 517 
 51 52 518 519 520 521 
 52 53 522 523 524 525 
 53 17 526 527 528 529 
 29 54 530 531 532 533 
 54 55 534 535 536 537 
 55 56 538 539 540 541 
 56 57 542 543 544 545 
 57 58 546 547 548 549 
 58 59 550 551 552 553 
 59 60 554 555 556 557 
 60 12 558 559 560 561 
 30 61 562 563 564 565 
 61 62 566 567 568 569 
 62 63 570 571 572 573 
 63 64 574 575 576 577 
 64 65 578 579 580 581 
 65 66 582 583 584 585 
 66 67 586 587 588 589 
 67 15 590 591 592 593 
 31 68 594 595 596 597 
 68 69 598 599 600 601 
 69 70 602 603 604 605 
 70 71 606 607 608 609 
 71 72 610 611 612 613 
 72 73 614 615 616 617 
 73 74 618 619 620 621 
 74 13 622 623 624 625 
 32 75 626 627 628 629 
 75 76 630 631 632 633 
 76 77 634 635 636 637 
 77 78 638 639 640 641 
 78 79 642 643 644 645 
 79 80 646 647 648 649 
 80 81 650 651 652 653 
 81 14 654 655 656 657 
 2 81 658 659 660 661 
 25 80 662 663 664 665 
 24 79 666 667 668 669 
 23 78 670 671 672 673 
 22 77 674 675 676 677 
 21 76 678 679 680 681 
 20 75 682 683 684 685 
 19 32 686 687 688 689 
 13 81 690 691 692 693 
 74 80 694 695 696 697 
 73 79 698 699 700 701 
 72 78 702 703 704 705 
 71 77 706 707 708 709 
 70 76 710 711 712 713 
 69 75 714 715 716 717 
 68 32 718 719 720 721 
 13 67 722 723 724 725 
 67 73 726 727 728 729 
 66 72 730 731 732 733 
 65 71 734 735 736 737 
 64 70 738 739 740 741 
 63 69 742 743 744 745 
 62 68 746 747 748 749 
 61 31 750 751 752 753 
 12 67 754 755 756 757 
 60 66 758 759 760 761 
 59 65 762 763 764 765 
 58 64 766 767 768 769 
 57 63 770 771 772 773 
 56 62 774 775 776 777 
 55 61 778 779 780 781 
 54 30 782 783 784 785 
 12 53 786 787 788 789 
 53 59 790 791 792 793 
 52 58 794 795 796 797 
 51 57 798 799 800 801 
 50 56 802 803 804 805 
 49 55 806 807 808 809 
 48 54 810 811 812 813 
 47 29 814 815 816 817 
 16 53 818 819 820 821 
 46 52 822 823 824 825 
 45 51 826 827 828 829 
 44 50 830 831 832 833 
 43 49 834 835 836 837 
 42 48 838 839 840 841 
 41 47 842 843 844 845 
 40 28 846 847 848 849 
 16 39 850 851 852 853 
 39 45 854 855 856 857 
 38 44 858 859 860 861 
 37 43 862 863 864 865 
 36 42 866 867 868 869 
 35 41 870 871 872 873 
 34 40 874 875 876 877 
 33 27 878 879 880 881 
 1 39 882 883 884 885 
 5 38 886 887 888 889 
 6 37 890 891 892 893 
 7 36 894 895 896 897 
 8 35 898 899 900 901 
 9 34 902 903 904 905 
 10 33 906 907 908 909 
 11 26 910 911 912 913 
 bcElement 32
127 14 2 
111 14 2 
95 14 2 
79 14 2 
63 14 2 
47 14 2 
31 14 2 
16 14 1 
16 24 2 
14 24 2 
12 24 2 
10 24 2 
8 24 2 
6 24 2 
4 24 2 
2 24 2 
1 6 1 
18 6 2 
33 6 1 
50 6 2 
65 6 1 
82 6 2 
97 6 1 
114 6 2 
113 23 1 
115 23 1 
117 23 1 
119 23 1 
121 23 1 
123 23 1 
125 23 1 
127 23 1 
