Edge min = 0.125000, max=0.176777, average=0.140931;
Grid_size 128
Node_size 81
Total_DOF 81
edge_Size 208
maxDOF 3
Solution_Order
1 
 meshIEN 
81 2 14 
 2 81 25 
 80 25 81 
 25 80 24 
 79 24 80 
 24 79 23 
 78 23 79 
 23 78 22 
 77 22 78 
 22 77 21 
 76 21 77 
 21 76 20 
 75 20 76 
 20 75 19 
 32 19 75 
 19 32 4 
 81 13 74 
 13 81 14 
 80 74 73 
 74 80 81 
 79 73 72 
 73 79 80 
 78 72 71 
 72 78 79 
 77 71 70 
 71 77 78 
 76 70 69 
 70 76 77 
 75 69 68 
 69 75 76 
 32 68 31 
 68 32 75 
 67 13 15 
 13 67 74 
 73 67 66 
 67 73 74 
 72 66 65 
 66 72 73 
 71 65 64 
 65 71 72 
 70 64 63 
 64 70 71 
 69 63 62 
 63 69 70 
 68 62 61 
 62 68 69 
 31 61 30 
 61 31 68 
 67 12 60 
 12 67 15 
 66 60 59 
 60 66 67 
 65 59 58 
 59 65 66 
 64 58 57 
 58 64 65 
 63 57 56 
 57 63 64 
 62 56 55 
 56 62 63 
 61 55 54 
 55 61 62 
 30 54 29 
 54 30 61 
 53 12 17 
 12 53 60 
 59 53 52 
 53 59 60 
 58 52 51 
 52 58 59 
 57 51 50 
 51 57 58 
 56 50 49 
 50 56 57 
 55 49 48 
 49 55 56 
 54 48 47 
 48 54 55 
 29 47 28 
 47 29 54 
 53 16 46 
 16 53 17 
 52 46 45 
 46 52 53 
 51 45 44 
 45 51 52 
 50 44 43 
 44 50 51 
 49 43 42 
 43 49 50 
 48 42 41 
 42 48 49 
 47 41 40 
 41 47 48 
 28 40 27 
 40 28 47 
 39 16 18 
 16 39 46 
 45 39 38 
 39 45 46 
 44 38 37 
 38 44 45 
 43 37 36 
 37 43 44 
 42 36 35 
 36 42 43 
 41 35 34 
 35 41 42 
 40 34 33 
 34 40 41 
 27 33 26 
 33 27 40 
 39 1 5 
 1 39 18 
 38 5 6 
 5 38 39 
 37 6 7 
 6 37 38 
 36 7 8 
 7 36 37 
 35 8 9 
 8 35 36 
 34 9 10 
 9 34 35 
 33 10 11 
 10 33 34 
 26 11 3 
 11 26 33 
 solutionIEN 
81 2 14 
 2 81 25 
 80 25 81 
 25 80 24 
 79 24 80 
 24 79 23 
 78 23 79 
 23 78 22 
 77 22 78 
 22 77 21 
 76 21 77 
 21 76 20 
 75 20 76 
 20 75 19 
 32 19 75 
 19 32 4 
 81 13 74 
 13 81 14 
 80 74 73 
 74 80 81 
 79 73 72 
 73 79 80 
 78 72 71 
 72 78 79 
 77 71 70 
 71 77 78 
 76 70 69 
 70 76 77 
 75 69 68 
 69 75 76 
 32 68 31 
 68 32 75 
 67 13 15 
 13 67 74 
 73 67 66 
 67 73 74 
 72 66 65 
 66 72 73 
 71 65 64 
 65 71 72 
 70 64 63 
 64 70 71 
 69 63 62 
 63 69 70 
 68 62 61 
 62 68 69 
 31 61 30 
 61 31 68 
 67 12 60 
 12 67 15 
 66 60 59 
 60 66 67 
 65 59 58 
 59 65 66 
 64 58 57 
 58 64 65 
 63 57 56 
 57 63 64 
 62 56 55 
 56 62 63 
 61 55 54 
 55 61 62 
 30 54 29 
 54 30 61 
 53 12 17 
 12 53 60 
 59 53 52 
 53 59 60 
 58 52 51 
 52 58 59 
 57 51 50 
 51 57 58 
 56 50 49 
 50 56 57 
 55 49 48 
 49 55 56 
 54 48 47 
 48 54 55 
 29 47 28 
 47 29 54 
 53 16 46 
 16 53 17 
 52 46 45 
 46 52 53 
 51 45 44 
 45 51 52 
 50 44 43 
 44 50 51 
 49 43 42 
 43 49 50 
 48 42 41 
 42 48 49 
 47 41 40 
 41 47 48 
 28 40 27 
 40 28 47 
 39 16 18 
 16 39 46 
 45 39 38 
 39 45 46 
 44 38 37 
 38 44 45 
 43 37 36 
 37 43 44 
 42 36 35 
 36 42 43 
 41 35 34 
 35 41 42 
 40 34 33 
 34 40 41 
 27 33 26 
 33 27 40 
 39 1 5 
 1 39 18 
 38 5 6 
 5 38 39 
 37 6 7 
 6 37 38 
 36 7 8 
 7 36 37 
 35 8 9 
 8 35 36 
 34 9 10 
 9 34 35 
 33 10 11 
 10 33 34 
 26 11 3 
 11 26 33 
 solutionOrder
1 1 1 1 
 1 1 1 1 
 1 1 1 1 
 1 1 1 1 
 1 1 1 1 
 1 1 1 1 
 1 1 1 1 
 1 1 1 1 
 1 1 1 1 
 1 1 1 1 
 1 1 1 1 
 1 1 1 1 
 1 1 1 1 
 1 1 1 1 
 1 1 1 1 
 1 1 1 1 
 1 1 1 1 
 1 1 1 1 
 1 1 1 1 
 1 1 1 1 
 1 1 1 1 
 1 1 1 1 
 1 1 1 1 
 1 1 1 1 
 1 1 1 1 
 1 1 1 1 
 1 1 1 1 
 1 1 1 1 
 1 1 1 1 
 1 1 1 1 
 1 1 1 1 
 1 1 1 1 
 1 1 1 1 
 1 1 1 1 
 1 1 1 1 
 1 1 1 1 
 1 1 1 1 
 1 1 1 1 
 1 1 1 1 
 1 1 1 1 
 1 1 1 1 
 1 1 1 1 
 1 1 1 1 
 1 1 1 1 
 1 1 1 1 
 1 1 1 1 
 1 1 1 1 
 1 1 1 1 
 1 1 1 1 
 1 1 1 1 
 1 1 1 1 
 1 1 1 1 
 1 1 1 1 
 1 1 1 1 
 1 1 1 1 
 1 1 1 1 
 1 1 1 1 
 1 1 1 1 
 1 1 1 1 
 1 1 1 1 
 1 1 1 1 
 1 1 1 1 
 1 1 1 1 
 1 1 1 1 
 1 1 1 1 
 1 1 1 1 
 1 1 1 1 
 1 1 1 1 
 1 1 1 1 
 1 1 1 1 
 1 1 1 1 
 1 1 1 1 
 1 1 1 1 
 1 1 1 1 
 1 1 1 1 
 1 1 1 1 
 1 1 1 1 
 1 1 1 1 
 1 1 1 1 
 1 1 1 1 
 1 1 1 1 
 1 1 1 1 
 1 1 1 1 
 1 1 1 1 
 1 1 1 1 
 1 1 1 1 
 1 1 1 1 
 1 1 1 1 
 1 1 1 1 
 1 1 1 1 
 1 1 1 1 
 1 1 1 1 
 1 1 1 1 
 1 1 1 1 
 1 1 1 1 
 1 1 1 1 
 1 1 1 1 
 1 1 1 1 
 1 1 1 1 
 1 1 1 1 
 1 1 1 1 
 1 1 1 1 
 1 1 1 1 
 1 1 1 1 
 1 1 1 1 
 1 1 1 1 
 1 1 1 1 
 1 1 1 1 
 1 1 1 1 
 1 1 1 1 
 1 1 1 1 
 1 1 1 1 
 1 1 1 1 
 1 1 1 1 
 1 1 1 1 
 1 1 1 1 
 1 1 1 1 
 1 1 1 1 
 1 1 1 1 
 1 1 1 1 
 1 1 1 1 
 1 1 1 1 
 1 1 1 1 
 1 1 1 1 
 1 1 1 1 
 1 1 1 1 
 1 1 1 1 
 1 1 1 1 
 vertexCoord 
0.000000 0.000000 
 -0.707107 0.707107 
 0.707107 0.707107 
 -0.000000 1.414214 
 0.088388 0.088388 
 0.176777 0.176777 
 0.265165 0.265165 
 0.353553 0.353553 
 0.441942 0.441942 
 0.530330 0.530330 
 0.618718 0.618718 
 -0.353553 0.353553 
 -0.530330 0.530330 
 -0.618718 0.618718 
 -0.441942 0.441942 
 -0.176777 0.176777 
 -0.265165 0.265165 
 -0.088388 0.088388 
 -0.088388 1.325825 
 -0.176777 1.237437 
 -0.265165 1.149049 
 -0.353553 1.060660 
 -0.441942 0.972272 
 -0.530330 0.883883 
 -0.618718 0.795495 
 0.618718 0.795495 
 0.530330 0.883883 
 0.441942 0.972272 
 0.353553 1.060660 
 0.265165 1.149049 
 0.176777 1.237437 
 0.088388 1.325825 
 0.530330 0.707107 
 0.441942 0.618718 
 0.353553 0.530330 
 0.265165 0.441942 
 0.176777 0.353553 
 0.088388 0.265165 
 0.000000 0.176777 
 0.441942 0.795495 
 0.353553 0.707107 
 0.265165 0.618718 
 0.176777 0.530330 
 0.088388 0.441942 
 0.000000 0.353553 
 -0.088388 0.265165 
 0.353553 0.883883 
 0.265165 0.795495 
 0.176777 0.707107 
 0.088388 0.618718 
 -0.000000 0.530330 
 -0.088388 0.441942 
 -0.176777 0.353553 
 0.265165 0.972272 
 0.176777 0.883883 
 0.088388 0.795495 
 -0.000000 0.707107 
 -0.088388 0.618718 
 -0.176777 0.530330 
 -0.265165 0.441942 
 0.176777 1.060660 
 0.088388 0.972272 
 -0.000000 0.883883 
 -0.088388 0.795495 
 -0.176777 0.707107 
 -0.265165 0.618718 
 -0.353553 0.530330 
 0.088388 1.149049 
 -0.000000 1.060660 
 -0.088388 0.972272 
 -0.176777 0.883883 
 -0.265165 0.795495 
 -0.353553 0.707107 
 -0.441942 0.618718 
 0.000000 1.237437 
 -0.088388 1.149049 
 -0.176777 1.060660 
 -0.265165 0.972272 
 -0.353553 0.883883 
 -0.441942 0.795495 
 -0.530330 0.707107 
 bc_tag 
5 
 2 
 16 
 18 
 23 
 23 
 23 
 23 
 23 
 23 
 23 
 6 
 6 
 6 
 6 
 6 
 6 
 6 
 24 
 24 
 24 
 24 
 24 
 24 
 24 
 14 
 14 
 14 
 14 
 14 
 14 
 14 
 26 
 26 
 26 
 26 
 26 
 26 
 26 
 26 
 26 
 26 
 26 
 26 
 26 
 26 
 26 
 26 
 26 
 26 
 26 
 26 
 26 
 26 
 26 
 26 
 26 
 26 
 26 
 26 
 26 
 26 
 26 
 26 
 26 
 26 
 26 
 26 
 26 
 26 
 26 
 26 
 26 
 26 
 26 
 26 
 26 
 26 
 26 
 26 
 26 
 edgeUsage
0 1 0 
 1 1 1 
 0 0 0 
 1 1 1 
 0 0 0 
 1 1 1 
 0 0 0 
 1 1 1 
 0 0 0 
 1 1 1 
 0 0 0 
 1 1 1 
 0 0 0 
 1 1 1 
 0 0 0 
 1 1 1 
 0 0 1 
 1 1 1 
 0 0 1 
 1 1 0 
 0 0 1 
 1 1 0 
 0 0 1 
 1 1 0 
 0 0 1 
 1 1 0 
 0 0 1 
 1 1 0 
 0 0 1 
 1 1 0 
 0 0 1 
 1 1 0 
 0 1 0 
 1 1 1 
 0 0 1 
 1 1 0 
 0 0 1 
 1 1 0 
 0 0 1 
 1 1 0 
 0 0 1 
 1 1 0 
 0 0 1 
 1 1 0 
 0 0 1 
 1 1 0 
 0 0 1 
 1 1 0 
 0 0 1 
 1 1 1 
 0 0 1 
 1 1 0 
 0 0 1 
 1 1 0 
 0 0 1 
 1 1 0 
 0 0 1 
 1 1 0 
 0 0 1 
 1 1 0 
 0 0 1 
 1 1 0 
 0 0 1 
 1 1 0 
 0 1 0 
 1 1 1 
 0 0 1 
 1 1 0 
 0 0 1 
 1 1 0 
 0 0 1 
 1 1 0 
 0 0 1 
 1 1 0 
 0 0 1 
 1 1 0 
 0 0 1 
 1 1 0 
 0 0 1 
 1 1 0 
 0 0 1 
 1 1 1 
 0 0 1 
 1 1 0 
 0 0 1 
 1 1 0 
 0 0 1 
 1 1 0 
 0 0 1 
 1 1 0 
 0 0 1 
 1 1 0 
 0 0 1 
 1 1 0 
 0 0 1 
 1 1 0 
 0 1 0 
 1 1 1 
 0 0 1 
 1 1 0 
 0 0 1 
 1 1 0 
 0 0 1 
 1 1 0 
 0 0 1 
 1 1 0 
 0 0 1 
 1 1 0 
 0 0 1 
 1 1 0 
 0 0 1 
 1 1 0 
 0 1 1 
 1 1 1 
 0 1 1 
 1 1 0 
 0 1 1 
 1 1 0 
 0 1 1 
 1 1 0 
 0 1 1 
 1 1 0 
 0 1 1 
 1 1 0 
 0 1 1 
 1 1 0 
 0 1 1 
 1 1 0 
 EdgeNode 
1 5 
 5 6 
 6 7 
 7 8 
 8 9 
 9 10 
 10 11 
 11 3 
 2 14 
 14 13 
 13 15 
 15 12 
 12 17 
 17 16 
 16 18 
 18 1 
 4 19 
 19 20 
 20 21 
 21 22 
 22 23 
 23 24 
 24 25 
 25 2 
 3 26 
 26 27 
 27 28 
 28 29 
 29 30 
 30 31 
 31 32 
 32 4 
 11 33 
 10 34 
 9 35 
 8 36 
 7 37 
 6 38 
 5 39 
 33 40 
 34 41 
 35 42 
 36 43 
 37 44 
 38 45 
 39 46 
 40 47 
 41 48 
 42 49 
 43 50 
 44 51 
 45 52 
 46 53 
 47 54 
 48 55 
 49 56 
 50 57 
 51 58 
 52 59 
 53 60 
 54 61 
 55 62 
 56 63 
 57 64 
 58 65 
 59 66 
 60 67 
 61 68 
 62 69 
 63 70 
 64 71 
 65 72 
 66 73 
 67 74 
 68 75 
 69 76 
 70 77 
 71 78 
 72 79 
 73 80 
 74 81 
 75 19 
 76 20 
 77 21 
 78 22 
 79 23 
 80 24 
 81 25 
 26 33 
 33 34 
 34 35 
 35 36 
 36 37 
 37 38 
 38 39 
 39 18 
 27 40 
 40 41 
 41 42 
 42 43 
 43 44 
 44 45 
 45 46 
 46 16 
 28 47 
 47 48 
 48 49 
 49 50 
 50 51 
 51 52 
 52 53 
 53 17 
 29 54 
 54 55 
 55 56 
 56 57 
 57 58 
 58 59 
 59 60 
 60 12 
 30 61 
 61 62 
 62 63 
 63 64 
 64 65 
 65 66 
 66 67 
 67 15 
 31 68 
 68 69 
 69 70 
 70 71 
 71 72 
 72 73 
 73 74 
 74 13 
 32 75 
 75 76 
 76 77 
 77 78 
 78 79 
 79 80 
 80 81 
 81 14 
 2 81 
 25 80 
 24 79 
 23 78 
 22 77 
 21 76 
 20 75 
 19 32 
 13 81 
 74 80 
 73 79 
 72 78 
 71 77 
 70 76 
 69 75 
 68 32 
 13 67 
 67 73 
 66 72 
 65 71 
 64 70 
 63 69 
 62 68 
 61 31 
 12 67 
 60 66 
 59 65 
 58 64 
 57 63 
 56 62 
 55 61 
 54 30 
 12 53 
 53 59 
 52 58 
 51 57 
 50 56 
 49 55 
 48 54 
 47 29 
 16 53 
 46 52 
 45 51 
 44 50 
 43 49 
 42 48 
 41 47 
 40 28 
 16 39 
 39 45 
 38 44 
 37 43 
 36 42 
 35 41 
 34 40 
 33 27 
 1 39 
 5 38 
 6 37 
 7 36 
 8 35 
 9 34 
 10 33 
 11 26 
 bcElement 32
127 14 2 
111 14 2 
95 14 2 
79 14 2 
63 14 2 
47 14 2 
31 14 2 
16 14 1 
16 24 2 
14 24 2 
12 24 2 
10 24 2 
8 24 2 
6 24 2 
4 24 2 
2 24 2 
1 6 1 
18 6 2 
33 6 1 
50 6 2 
65 6 1 
82 6 2 
97 6 1 
114 6 2 
113 23 1 
115 23 1 
117 23 1 
119 23 1 
121 23 1 
123 23 1 
125 23 1 
127 23 1 
