Edge min = 0.125000, max=0.176777, average=0.140931;
Grid_size 128
Node_size 81
Total_DOF 81
edge_Size 208
maxDOF 3
Solution_Order
1 
 meshIEN 
4 33 25 
 33 4 28 
 25 34 24 
 34 25 33 
 24 35 23 
 35 24 34 
 23 36 22 
 36 23 35 
 22 37 21 
 37 22 36 
 21 38 20 
 38 21 37 
 20 39 19 
 39 20 38 
 19 18 2 
 18 19 39 
 27 33 28 
 33 27 40 
 33 41 34 
 41 33 40 
 34 42 35 
 42 34 41 
 35 43 36 
 43 35 42 
 36 44 37 
 44 36 43 
 37 45 38 
 45 37 44 
 38 46 39 
 46 38 45 
 39 17 18 
 17 39 46 
 27 47 40 
 47 27 29 
 40 48 41 
 48 40 47 
 41 49 42 
 49 41 48 
 42 50 43 
 50 42 49 
 43 51 44 
 51 43 50 
 44 52 45 
 52 44 51 
 45 53 46 
 53 45 52 
 46 16 17 
 16 46 53 
 26 47 29 
 47 26 54 
 47 55 48 
 55 47 54 
 48 56 49 
 56 48 55 
 49 57 50 
 57 49 56 
 50 58 51 
 58 50 57 
 51 59 52 
 59 51 58 
 52 60 53 
 60 52 59 
 53 15 16 
 15 53 60 
 26 61 54 
 61 26 31 
 54 62 55 
 62 54 61 
 55 63 56 
 63 55 62 
 56 64 57 
 64 56 63 
 57 65 58 
 65 57 64 
 58 66 59 
 66 58 65 
 59 67 60 
 67 59 66 
 60 14 15 
 14 60 67 
 30 61 31 
 61 30 68 
 61 69 62 
 69 61 68 
 62 70 63 
 70 62 69 
 63 71 64 
 71 63 70 
 64 72 65 
 72 64 71 
 65 73 66 
 73 65 72 
 66 74 67 
 74 66 73 
 67 13 14 
 13 67 74 
 30 75 68 
 75 30 32 
 68 76 69 
 76 68 75 
 69 77 70 
 77 69 76 
 70 78 71 
 78 70 77 
 71 79 72 
 79 71 78 
 72 80 73 
 80 72 79 
 73 81 74 
 81 73 80 
 74 12 13 
 12 74 81 
 3 75 32 
 75 3 5 
 5 76 75 
 76 5 6 
 6 77 76 
 77 6 7 
 7 78 77 
 78 7 8 
 8 79 78 
 79 8 9 
 9 80 79 
 80 9 10 
 10 81 80 
 81 10 11 
 11 12 81 
 12 11 1 
 solutionIEN 
4 33 25 
 33 4 28 
 25 34 24 
 34 25 33 
 24 35 23 
 35 24 34 
 23 36 22 
 36 23 35 
 22 37 21 
 37 22 36 
 21 38 20 
 38 21 37 
 20 39 19 
 39 20 38 
 19 18 2 
 18 19 39 
 27 33 28 
 33 27 40 
 33 41 34 
 41 33 40 
 34 42 35 
 42 34 41 
 35 43 36 
 43 35 42 
 36 44 37 
 44 36 43 
 37 45 38 
 45 37 44 
 38 46 39 
 46 38 45 
 39 17 18 
 17 39 46 
 27 47 40 
 47 27 29 
 40 48 41 
 48 40 47 
 41 49 42 
 49 41 48 
 42 50 43 
 50 42 49 
 43 51 44 
 51 43 50 
 44 52 45 
 52 44 51 
 45 53 46 
 53 45 52 
 46 16 17 
 16 46 53 
 26 47 29 
 47 26 54 
 47 55 48 
 55 47 54 
 48 56 49 
 56 48 55 
 49 57 50 
 57 49 56 
 50 58 51 
 58 50 57 
 51 59 52 
 59 51 58 
 52 60 53 
 60 52 59 
 53 15 16 
 15 53 60 
 26 61 54 
 61 26 31 
 54 62 55 
 62 54 61 
 55 63 56 
 63 55 62 
 56 64 57 
 64 56 63 
 57 65 58 
 65 57 64 
 58 66 59 
 66 58 65 
 59 67 60 
 67 59 66 
 60 14 15 
 14 60 67 
 30 61 31 
 61 30 68 
 61 69 62 
 69 61 68 
 62 70 63 
 70 62 69 
 63 71 64 
 71 63 70 
 64 72 65 
 72 64 71 
 65 73 66 
 73 65 72 
 66 74 67 
 74 66 73 
 67 13 14 
 13 67 74 
 30 75 68 
 75 30 32 
 68 76 69 
 76 68 75 
 69 77 70 
 77 69 76 
 70 78 71 
 78 70 77 
 71 79 72 
 79 71 78 
 72 80 73 
 80 72 79 
 73 81 74 
 81 73 80 
 74 12 13 
 12 74 81 
 3 75 32 
 75 3 5 
 5 76 75 
 76 5 6 
 6 77 76 
 77 6 7 
 7 78 77 
 78 7 8 
 8 79 78 
 79 8 9 
 9 80 79 
 80 9 10 
 10 81 80 
 81 10 11 
 11 12 81 
 12 11 1 
 solutionOrder
1 1 1 1 
 1 1 1 1 
 1 1 1 1 
 1 1 1 1 
 1 1 1 1 
 1 1 1 1 
 1 1 1 1 
 1 1 1 1 
 1 1 1 1 
 1 1 1 1 
 1 1 1 1 
 1 1 1 1 
 1 1 1 1 
 1 1 1 1 
 1 1 1 1 
 1 1 1 1 
 1 1 1 1 
 1 1 1 1 
 1 1 1 1 
 1 1 1 1 
 1 1 1 1 
 1 1 1 1 
 1 1 1 1 
 1 1 1 1 
 1 1 1 1 
 1 1 1 1 
 1 1 1 1 
 1 1 1 1 
 1 1 1 1 
 1 1 1 1 
 1 1 1 1 
 1 1 1 1 
 1 1 1 1 
 1 1 1 1 
 1 1 1 1 
 1 1 1 1 
 1 1 1 1 
 1 1 1 1 
 1 1 1 1 
 1 1 1 1 
 1 1 1 1 
 1 1 1 1 
 1 1 1 1 
 1 1 1 1 
 1 1 1 1 
 1 1 1 1 
 1 1 1 1 
 1 1 1 1 
 1 1 1 1 
 1 1 1 1 
 1 1 1 1 
 1 1 1 1 
 1 1 1 1 
 1 1 1 1 
 1 1 1 1 
 1 1 1 1 
 1 1 1 1 
 1 1 1 1 
 1 1 1 1 
 1 1 1 1 
 1 1 1 1 
 1 1 1 1 
 1 1 1 1 
 1 1 1 1 
 1 1 1 1 
 1 1 1 1 
 1 1 1 1 
 1 1 1 1 
 1 1 1 1 
 1 1 1 1 
 1 1 1 1 
 1 1 1 1 
 1 1 1 1 
 1 1 1 1 
 1 1 1 1 
 1 1 1 1 
 1 1 1 1 
 1 1 1 1 
 1 1 1 1 
 1 1 1 1 
 1 1 1 1 
 1 1 1 1 
 1 1 1 1 
 1 1 1 1 
 1 1 1 1 
 1 1 1 1 
 1 1 1 1 
 1 1 1 1 
 1 1 1 1 
 1 1 1 1 
 1 1 1 1 
 1 1 1 1 
 1 1 1 1 
 1 1 1 1 
 1 1 1 1 
 1 1 1 1 
 1 1 1 1 
 1 1 1 1 
 1 1 1 1 
 1 1 1 1 
 1 1 1 1 
 1 1 1 1 
 1 1 1 1 
 1 1 1 1 
 1 1 1 1 
 1 1 1 1 
 1 1 1 1 
 1 1 1 1 
 1 1 1 1 
 1 1 1 1 
 1 1 1 1 
 1 1 1 1 
 1 1 1 1 
 1 1 1 1 
 1 1 1 1 
 1 1 1 1 
 1 1 1 1 
 1 1 1 1 
 1 1 1 1 
 1 1 1 1 
 1 1 1 1 
 1 1 1 1 
 1 1 1 1 
 1 1 1 1 
 1 1 1 1 
 1 1 1 1 
 1 1 1 1 
 1 1 1 1 
 vertexCoord 
1.000000 1.000000 
 0.000000 1.000000 
 1.000000 0.000000 
 0.000000 0.000000 
 1.000000 0.125000 
 1.000000 0.250000 
 1.000000 0.375000 
 1.000000 0.500000 
 1.000000 0.625000 
 1.000000 0.750000 
 1.000000 0.875000 
 0.875000 1.000000 
 0.750000 1.000000 
 0.625000 1.000000 
 0.500000 1.000000 
 0.375000 1.000000 
 0.250000 1.000000 
 0.125000 1.000000 
 0.000000 0.875000 
 0.000000 0.750000 
 0.000000 0.625000 
 0.000000 0.500000 
 0.000000 0.375000 
 0.000000 0.250000 
 0.000000 0.125000 
 0.500000 0.000000 
 0.250000 0.000000 
 0.125000 0.000000 
 0.375000 0.000000 
 0.750000 0.000000 
 0.625000 0.000000 
 0.875000 0.000000 
 0.125000 0.125000 
 0.125000 0.250000 
 0.125000 0.375000 
 0.125000 0.500000 
 0.125000 0.625000 
 0.125000 0.750000 
 0.125000 0.875000 
 0.250000 0.125000 
 0.250000 0.250000 
 0.250000 0.375000 
 0.250000 0.500000 
 0.250000 0.625000 
 0.250000 0.750000 
 0.250000 0.875000 
 0.375000 0.125000 
 0.375000 0.250000 
 0.375000 0.375000 
 0.375000 0.500000 
 0.375000 0.625000 
 0.375000 0.750000 
 0.375000 0.875000 
 0.500000 0.125000 
 0.500000 0.250000 
 0.500000 0.375000 
 0.500000 0.500000 
 0.500000 0.625000 
 0.500000 0.750000 
 0.500000 0.875000 
 0.625000 0.125000 
 0.625000 0.250000 
 0.625000 0.375000 
 0.625000 0.500000 
 0.625000 0.625000 
 0.625000 0.750000 
 0.625000 0.875000 
 0.750000 0.125000 
 0.750000 0.250000 
 0.750000 0.375000 
 0.750000 0.500000 
 0.750000 0.625000 
 0.750000 0.750000 
 0.750000 0.875000 
 0.875000 0.125000 
 0.875000 0.250000 
 0.875000 0.375000 
 0.875000 0.500000 
 0.875000 0.625000 
 0.875000 0.750000 
 0.875000 0.875000 
 bc_tag 
5 
 2 
 16 
 18 
 23 
 23 
 23 
 23 
 23 
 23 
 23 
 6 
 6 
 6 
 6 
 6 
 6 
 6 
 24 
 24 
 24 
 24 
 24 
 24 
 24 
 14 
 14 
 14 
 14 
 14 
 14 
 14 
 26 
 26 
 26 
 26 
 26 
 26 
 26 
 26 
 26 
 26 
 26 
 26 
 26 
 26 
 26 
 26 
 26 
 26 
 26 
 26 
 26 
 26 
 26 
 26 
 26 
 26 
 26 
 26 
 26 
 26 
 26 
 26 
 26 
 26 
 26 
 26 
 26 
 26 
 26 
 26 
 26 
 26 
 26 
 26 
 26 
 26 
 26 
 26 
 26 
 edgeUsage
1 0 1 
 0 1 1 
 1 0 1 
 0 1 1 
 1 0 1 
 0 1 1 
 1 0 1 
 0 1 1 
 1 0 1 
 0 1 1 
 1 0 1 
 0 1 1 
 1 0 1 
 0 1 1 
 1 1 1 
 0 1 1 
 1 0 1 
 0 1 0 
 1 0 0 
 0 1 1 
 1 0 0 
 0 1 1 
 1 0 0 
 0 1 1 
 1 0 0 
 0 1 1 
 1 0 0 
 0 1 1 
 1 0 0 
 0 1 1 
 1 1 0 
 0 1 1 
 1 0 0 
 0 1 1 
 1 0 0 
 0 1 1 
 1 0 0 
 0 1 1 
 1 0 0 
 0 1 1 
 1 0 0 
 0 1 1 
 1 0 0 
 0 1 1 
 1 0 0 
 0 1 1 
 1 1 0 
 0 1 1 
 1 0 1 
 0 1 0 
 1 0 0 
 0 1 1 
 1 0 0 
 0 1 1 
 1 0 0 
 0 1 1 
 1 0 0 
 0 1 1 
 1 0 0 
 0 1 1 
 1 0 0 
 0 1 1 
 1 1 0 
 0 1 1 
 1 0 0 
 0 1 1 
 1 0 0 
 0 1 1 
 1 0 0 
 0 1 1 
 1 0 0 
 0 1 1 
 1 0 0 
 0 1 1 
 1 0 0 
 0 1 1 
 1 0 0 
 0 1 1 
 1 1 0 
 0 1 1 
 1 0 1 
 0 1 0 
 1 0 0 
 0 1 1 
 1 0 0 
 0 1 1 
 1 0 0 
 0 1 1 
 1 0 0 
 0 1 1 
 1 0 0 
 0 1 1 
 1 0 0 
 0 1 1 
 1 1 0 
 0 1 1 
 1 0 0 
 0 1 1 
 1 0 0 
 0 1 1 
 1 0 0 
 0 1 1 
 1 0 0 
 0 1 1 
 1 0 0 
 0 1 1 
 1 0 0 
 0 1 1 
 1 0 0 
 0 1 1 
 1 1 0 
 0 1 1 
 1 0 1 
 0 1 0 
 1 0 1 
 0 1 0 
 1 0 1 
 0 1 0 
 1 0 1 
 0 1 0 
 1 0 1 
 0 1 0 
 1 0 1 
 0 1 0 
 1 0 1 
 0 1 0 
 1 0 1 
 0 1 1 
 EdgeNode 
3 5 
 5 6 
 6 7 
 7 8 
 8 9 
 9 10 
 10 11 
 11 1 
 1 12 
 12 13 
 13 14 
 14 15 
 15 16 
 16 17 
 17 18 
 18 2 
 2 19 
 19 20 
 20 21 
 21 22 
 22 23 
 23 24 
 24 25 
 25 4 
 4 28 
 28 27 
 27 29 
 29 26 
 26 31 
 31 30 
 30 32 
 32 3 
 25 33 
 24 34 
 23 35 
 22 36 
 21 37 
 20 38 
 19 39 
 33 40 
 34 41 
 35 42 
 36 43 
 37 44 
 38 45 
 39 46 
 40 47 
 41 48 
 42 49 
 43 50 
 44 51 
 45 52 
 46 53 
 47 54 
 48 55 
 49 56 
 50 57 
 51 58 
 52 59 
 53 60 
 54 61 
 55 62 
 56 63 
 57 64 
 58 65 
 59 66 
 60 67 
 61 68 
 62 69 
 63 70 
 64 71 
 65 72 
 66 73 
 67 74 
 68 75 
 69 76 
 70 77 
 71 78 
 72 79 
 73 80 
 74 81 
 75 5 
 76 6 
 77 7 
 78 8 
 79 9 
 80 10 
 81 11 
 28 33 
 33 34 
 34 35 
 35 36 
 36 37 
 37 38 
 38 39 
 39 18 
 27 40 
 40 41 
 41 42 
 42 43 
 43 44 
 44 45 
 45 46 
 46 17 
 29 47 
 47 48 
 48 49 
 49 50 
 50 51 
 51 52 
 52 53 
 53 16 
 26 54 
 54 55 
 55 56 
 56 57 
 57 58 
 58 59 
 59 60 
 60 15 
 31 61 
 61 62 
 62 63 
 63 64 
 64 65 
 65 66 
 66 67 
 67 14 
 30 68 
 68 69 
 69 70 
 70 71 
 71 72 
 72 73 
 73 74 
 74 13 
 32 75 
 75 76 
 76 77 
 77 78 
 78 79 
 79 80 
 80 81 
 81 12 
 4 33 
 25 34 
 24 35 
 23 36 
 22 37 
 21 38 
 20 39 
 19 18 
 27 33 
 33 41 
 34 42 
 35 43 
 36 44 
 37 45 
 38 46 
 39 17 
 27 47 
 40 48 
 41 49 
 42 50 
 43 51 
 44 52 
 45 53 
 46 16 
 26 47 
 47 55 
 48 56 
 49 57 
 50 58 
 51 59 
 52 60 
 53 15 
 26 61 
 54 62 
 55 63 
 56 64 
 57 65 
 58 66 
 59 67 
 60 14 
 30 61 
 61 69 
 62 70 
 63 71 
 64 72 
 65 73 
 66 74 
 67 13 
 30 75 
 68 76 
 69 77 
 70 78 
 71 79 
 72 80 
 73 81 
 74 12 
 3 75 
 5 76 
 6 77 
 7 78 
 8 79 
 9 80 
 10 81 
 11 12 
 bcElement 32
2 14 1 
17 14 2 
34 14 1 
49 14 2 
66 14 1 
81 14 2 
98 14 1 
113 14 2 
114 23 1 
116 23 1 
118 23 1 
120 23 1 
122 23 1 
124 23 1 
126 23 1 
128 23 1 
128 6 2 
111 6 1 
95 6 1 
79 6 1 
63 6 1 
47 6 1 
31 6 1 
15 6 1 
15 24 2 
13 24 2 
11 24 2 
9 24 2 
7 24 2 
5 24 2 
3 24 2 
1 24 2 
