Edge min = 0.125000, max=0.125000, average=0.125000;
Grid_size 64
Node_size 81
Total_DOF 433
edge_Size 144
maxDOF 10
Solution_Order
3 
 meshIEN 
3 26 33 
 11 33 34 
 10 34 35 
 9 35 36 
 8 36 37 
 7 37 38 
 6 38 39 
 5 39 18 
 26 27 40 
 33 40 41 
 34 41 42 
 35 42 43 
 36 43 44 
 37 44 45 
 38 45 46 
 39 46 16 
 27 28 47 
 40 47 48 
 41 48 49 
 42 49 50 
 43 50 51 
 44 51 52 
 45 52 53 
 46 53 17 
 28 29 54 
 47 54 55 
 48 55 56 
 49 56 57 
 50 57 58 
 51 58 59 
 52 59 60 
 53 60 12 
 29 30 61 
 54 61 62 
 55 62 63 
 56 63 64 
 57 64 65 
 58 65 66 
 59 66 67 
 60 67 15 
 30 31 68 
 61 68 69 
 62 69 70 
 63 70 71 
 64 71 72 
 65 72 73 
 66 73 74 
 67 74 13 
 31 32 75 
 68 75 76 
 69 76 77 
 70 77 78 
 71 78 79 
 72 79 80 
 73 80 81 
 74 81 14 
 32 4 19 
 75 19 20 
 76 20 21 
 77 21 22 
 78 22 23 
 79 23 24 
 80 24 25 
 81 25 2 
 solutionIEN 
3 26 33 131 130 259 258 146 147 97 
 11 33 34 147 146 261 260 148 149 95 
 10 34 35 149 148 263 262 150 151 93 
 9 35 36 151 150 265 264 152 153 91 
 8 36 37 153 152 267 266 154 155 89 
 7 37 38 155 154 269 268 156 157 87 
 6 38 39 157 156 271 270 158 159 85 
 5 39 18 159 158 273 272 113 112 83 
 26 27 40 133 132 275 274 160 161 258 
 33 40 41 161 160 277 276 162 163 260 
 34 41 42 163 162 279 278 164 165 262 
 35 42 43 165 164 281 280 166 167 264 
 36 43 44 167 166 283 282 168 169 266 
 37 44 45 169 168 285 284 170 171 268 
 38 45 46 171 170 287 286 172 173 270 
 39 46 16 173 172 289 288 111 110 272 
 27 28 47 135 134 291 290 174 175 274 
 40 47 48 175 174 293 292 176 177 276 
 41 48 49 177 176 295 294 178 179 278 
 42 49 50 179 178 297 296 180 181 280 
 43 50 51 181 180 299 298 182 183 282 
 44 51 52 183 182 301 300 184 185 284 
 45 52 53 185 184 303 302 186 187 286 
 46 53 17 187 186 305 304 109 108 288 
 28 29 54 137 136 307 306 188 189 290 
 47 54 55 189 188 309 308 190 191 292 
 48 55 56 191 190 311 310 192 193 294 
 49 56 57 193 192 313 312 194 195 296 
 50 57 58 195 194 315 314 196 197 298 
 51 58 59 197 196 317 316 198 199 300 
 52 59 60 199 198 319 318 200 201 302 
 53 60 12 201 200 321 320 107 106 304 
 29 30 61 139 138 323 322 202 203 306 
 54 61 62 203 202 325 324 204 205 308 
 55 62 63 205 204 327 326 206 207 310 
 56 63 64 207 206 329 328 208 209 312 
 57 64 65 209 208 331 330 210 211 314 
 58 65 66 211 210 333 332 212 213 316 
 59 66 67 213 212 335 334 214 215 318 
 60 67 15 215 214 337 336 105 104 320 
 30 31 68 141 140 339 338 216 217 322 
 61 68 69 217 216 341 340 218 219 324 
 62 69 70 219 218 343 342 220 221 326 
 63 70 71 221 220 345 344 222 223 328 
 64 71 72 223 222 347 346 224 225 330 
 65 72 73 225 224 349 348 226 227 332 
 66 73 74 227 226 351 350 228 229 334 
 67 74 13 229 228 353 352 103 102 336 
 31 32 75 143 142 355 354 230 231 338 
 68 75 76 231 230 357 356 232 233 340 
 69 76 77 233 232 359 358 234 235 342 
 70 77 78 235 234 361 360 236 237 344 
 71 78 79 237 236 363 362 238 239 346 
 72 79 80 239 238 365 364 240 241 348 
 73 80 81 241 240 367 366 242 243 350 
 74 81 14 243 242 369 368 101 100 352 
 32 4 19 145 144 115 114 244 245 354 
 75 19 20 245 244 117 116 246 247 356 
 76 20 21 247 246 119 118 248 249 358 
 77 21 22 249 248 121 120 250 251 360 
 78 22 23 251 250 123 122 252 253 362 
 79 23 24 253 252 125 124 254 255 364 
 80 24 25 255 254 127 126 256 257 366 
 81 25 2 257 256 129 128 99 98 368 
 solutionOrder
3 3 3 3 
 3 3 3 3 
 3 3 3 3 
 3 3 3 3 
 3 3 3 3 
 3 3 3 3 
 3 3 3 3 
 3 3 3 3 
 3 3 3 3 
 3 3 3 3 
 3 3 3 3 
 3 3 3 3 
 3 3 3 3 
 3 3 3 3 
 3 3 3 3 
 3 3 3 3 
 3 3 3 3 
 3 3 3 3 
 3 3 3 3 
 3 3 3 3 
 3 3 3 3 
 3 3 3 3 
 3 3 3 3 
 3 3 3 3 
 3 3 3 3 
 3 3 3 3 
 3 3 3 3 
 3 3 3 3 
 3 3 3 3 
 3 3 3 3 
 3 3 3 3 
 3 3 3 3 
 3 3 3 3 
 3 3 3 3 
 3 3 3 3 
 3 3 3 3 
 3 3 3 3 
 3 3 3 3 
 3 3 3 3 
 3 3 3 3 
 3 3 3 3 
 3 3 3 3 
 3 3 3 3 
 3 3 3 3 
 3 3 3 3 
 3 3 3 3 
 3 3 3 3 
 3 3 3 3 
 3 3 3 3 
 3 3 3 3 
 3 3 3 3 
 3 3 3 3 
 3 3 3 3 
 3 3 3 3 
 3 3 3 3 
 3 3 3 3 
 3 3 3 3 
 3 3 3 3 
 3 3 3 3 
 3 3 3 3 
 3 3 3 3 
 3 3 3 3 
 3 3 3 3 
 3 3 3 3 
 vertexCoord 
0.000000 0.000000 
 -0.707107 0.707107 
 0.707107 0.707107 
 -0.000000 1.414214 
 0.088388 0.088388 
 0.176777 0.176777 
 0.265165 0.265165 
 0.353553 0.353553 
 0.441942 0.441942 
 0.530330 0.530330 
 0.618718 0.618718 
 -0.353553 0.353553 
 -0.530330 0.530330 
 -0.618718 0.618718 
 -0.441942 0.441942 
 -0.176777 0.176777 
 -0.265165 0.265165 
 -0.088388 0.088388 
 -0.088388 1.325825 
 -0.176777 1.237437 
 -0.265165 1.149049 
 -0.353553 1.060660 
 -0.441942 0.972272 
 -0.530330 0.883883 
 -0.618718 0.795495 
 0.618718 0.795495 
 0.530330 0.883883 
 0.441942 0.972272 
 0.353553 1.060660 
 0.265165 1.149049 
 0.176777 1.237437 
 0.088388 1.325825 
 0.530330 0.707107 
 0.441942 0.618718 
 0.353553 0.530330 
 0.265165 0.441942 
 0.176777 0.353553 
 0.088388 0.265165 
 0.000000 0.176777 
 0.441942 0.795495 
 0.353553 0.707107 
 0.265165 0.618718 
 0.176777 0.530330 
 0.088388 0.441942 
 0.000000 0.353553 
 -0.088388 0.265165 
 0.353553 0.883883 
 0.265165 0.795495 
 0.176777 0.707107 
 0.088388 0.618718 
 -0.000000 0.530330 
 -0.088388 0.441942 
 -0.176777 0.353553 
 0.265165 0.972272 
 0.176777 0.883883 
 0.088388 0.795495 
 -0.000000 0.707107 
 -0.088388 0.618718 
 -0.176777 0.530330 
 -0.265165 0.441942 
 0.176777 1.060660 
 0.088388 0.972272 
 -0.000000 0.883883 
 -0.088388 0.795495 
 -0.176777 0.707107 
 -0.265165 0.618718 
 -0.353553 0.530330 
 0.088388 1.149049 
 -0.000000 1.060660 
 -0.088388 0.972272 
 -0.176777 0.883883 
 -0.265165 0.795495 
 -0.353553 0.707107 
 -0.441942 0.618718 
 0.000000 1.237437 
 -0.088388 1.149049 
 -0.176777 1.060660 
 -0.265165 0.972272 
 -0.353553 0.883883 
 -0.441942 0.795495 
 -0.530330 0.707107 
 bc_tag 
5 
 2 
 16 
 18 
 23 
 23 
 23 
 23 
 23 
 23 
 23 
 6 
 6 
 6 
 6 
 6 
 6 
 6 
 24 
 24 
 24 
 24 
 24 
 24 
 24 
 14 
 14 
 14 
 14 
 14 
 14 
 14 
 26 
 26 
 26 
 26 
 26 
 26 
 26 
 26 
 26 
 26 
 26 
 26 
 26 
 26 
 26 
 26 
 26 
 26 
 26 
 26 
 26 
 26 
 26 
 26 
 26 
 26 
 26 
 26 
 26 
 26 
 26 
 26 
 26 
 26 
 26 
 26 
 26 
 26 
 26 
 26 
 26 
 26 
 26 
 26 
 26 
 26 
 26 
 26 
 26 
 23 
 23 
 23 
 23 
 23 
 23 
 23 
 23 
 23 
 23 
 23 
 23 
 23 
 23 
 23 
 23 
 6 
 6 
 6 
 6 
 6 
 6 
 6 
 6 
 6 
 6 
 6 
 6 
 6 
 6 
 6 
 6 
 24 
 24 
 24 
 24 
 24 
 24 
 24 
 24 
 24 
 24 
 24 
 24 
 24 
 24 
 24 
 24 
 14 
 14 
 14 
 14 
 14 
 14 
 14 
 14 
 14 
 14 
 14 
 14 
 14 
 14 
 14 
 14 
 26 
 26 
 26 
 26 
 26 
 26 
 26 
 26 
 26 
 26 
 26 
 26 
 26 
 26 
 26 
 26 
 26 
 26 
 26 
 26 
 26 
 26 
 26 
 26 
 26 
 26 
 26 
 26 
 26 
 26 
 26 
 26 
 26 
 26 
 26 
 26 
 26 
 26 
 26 
 26 
 26 
 26 
 26 
 26 
 26 
 26 
 26 
 26 
 26 
 26 
 26 
 26 
 26 
 26 
 26 
 26 
 26 
 26 
 26 
 26 
 26 
 26 
 26 
 26 
 26 
 26 
 26 
 26 
 26 
 26 
 26 
 26 
 26 
 26 
 26 
 26 
 26 
 26 
 26 
 26 
 26 
 26 
 26 
 26 
 26 
 26 
 26 
 26 
 26 
 26 
 26 
 26 
 26 
 26 
 26 
 26 
 26 
 26 
 26 
 26 
 26 
 26 
 26 
 26 
 26 
 26 
 26 
 26 
 26 
 26 
 26 
 26 
 26 
 26 
 26 
 26 
 26 
 26 
 26 
 26 
 26 
 26 
 26 
 26 
 26 
 26 
 26 
 26 
 26 
 26 
 26 
 26 
 26 
 26 
 26 
 26 
 26 
 26 
 26 
 26 
 26 
 26 
 26 
 26 
 26 
 26 
 26 
 26 
 26 
 26 
 26 
 26 
 26 
 26 
 26 
 26 
 26 
 26 
 26 
 26 
 26 
 26 
 26 
 26 
 26 
 26 
 26 
 26 
 26 
 26 
 26 
 26 
 26 
 26 
 26 
 26 
 26 
 26 
 26 
 26 
 26 
 26 
 26 
 26 
 26 
 26 
 26 
 26 
 26 
 26 
 26 
 26 
 26 
 26 
 26 
 26 
 26 
 26 
 26 
 26 
 26 
 26 
 26 
 26 
 26 
 26 
 26 
 26 
 26 
 26 
 26 
 26 
 26 
 26 
 26 
 26 
 26 
 26 
 26 
 26 
 26 
 26 
 26 
 26 
 26 
 26 
 26 
 26 
 26 
 26 
 26 
 26 
 26 
 26 
 26 
 26 
 26 
 26 
 26 
 26 
 26 
 26 
 26 
 26 
 26 
 26 
 26 
 26 
 26 
 26 
 26 
 26 
 26 
 26 
 26 
 26 
 26 
 26 
 26 
 26 
 26 
 26 
 26 
 26 
 26 
 26 
 26 
 26 
 26 
 26 
 26 
 26 
 26 
 26 
 26 
 26 
 26 
 26 
 26 
 26 
 26 
 26 
 26 
 26 
 26 
 26 
 26 
 26 
 edgeUsage
1 1 0 
 1 1 0 
 1 1 0 
 1 1 0 
 1 1 0 
 1 1 0 
 1 1 0 
 1 1 1 
 1 1 0 
 1 1 0 
 1 1 0 
 1 1 0 
 1 1 0 
 1 1 0 
 1 1 0 
 1 1 1 
 1 1 0 
 1 1 0 
 1 1 0 
 1 1 0 
 1 1 0 
 1 1 0 
 1 1 0 
 1 1 1 
 1 1 0 
 1 1 0 
 1 1 0 
 1 1 0 
 1 1 0 
 1 1 0 
 1 1 0 
 1 1 1 
 1 1 0 
 1 1 0 
 1 1 0 
 1 1 0 
 1 1 0 
 1 1 0 
 1 1 0 
 1 1 1 
 1 1 0 
 1 1 0 
 1 1 0 
 1 1 0 
 1 1 0 
 1 1 0 
 1 1 0 
 1 1 1 
 1 1 0 
 1 1 0 
 1 1 0 
 1 1 0 
 1 1 0 
 1 1 0 
 1 1 0 
 1 1 1 
 1 1 0 
 1 1 0 
 1 1 0 
 1 1 0 
 1 1 0 
 1 1 0 
 1 1 0 
 1 1 1 
 EdgeNode 
1 5 82 83 
 5 6 84 85 
 6 7 86 87 
 7 8 88 89 
 8 9 90 91 
 9 10 92 93 
 10 11 94 95 
 11 3 96 97 
 2 14 98 99 
 14 13 100 101 
 13 15 102 103 
 15 12 104 105 
 12 17 106 107 
 17 16 108 109 
 16 18 110 111 
 18 1 112 113 
 4 19 114 115 
 19 20 116 117 
 20 21 118 119 
 21 22 120 121 
 22 23 122 123 
 23 24 124 125 
 24 25 126 127 
 25 2 128 129 
 3 26 130 131 
 26 27 132 133 
 27 28 134 135 
 28 29 136 137 
 29 30 138 139 
 30 31 140 141 
 31 32 142 143 
 32 4 144 145 
 11 33 146 147 
 10 34 148 149 
 9 35 150 151 
 8 36 152 153 
 7 37 154 155 
 6 38 156 157 
 5 39 158 159 
 33 40 160 161 
 34 41 162 163 
 35 42 164 165 
 36 43 166 167 
 37 44 168 169 
 38 45 170 171 
 39 46 172 173 
 40 47 174 175 
 41 48 176 177 
 42 49 178 179 
 43 50 180 181 
 44 51 182 183 
 45 52 184 185 
 46 53 186 187 
 47 54 188 189 
 48 55 190 191 
 49 56 192 193 
 50 57 194 195 
 51 58 196 197 
 52 59 198 199 
 53 60 200 201 
 54 61 202 203 
 55 62 204 205 
 56 63 206 207 
 57 64 208 209 
 58 65 210 211 
 59 66 212 213 
 60 67 214 215 
 61 68 216 217 
 62 69 218 219 
 63 70 220 221 
 64 71 222 223 
 65 72 224 225 
 66 73 226 227 
 67 74 228 229 
 68 75 230 231 
 69 76 232 233 
 70 77 234 235 
 71 78 236 237 
 72 79 238 239 
 73 80 240 241 
 74 81 242 243 
 75 19 244 245 
 76 20 246 247 
 77 21 248 249 
 78 22 250 251 
 79 23 252 253 
 80 24 254 255 
 81 25 256 257 
 26 33 258 259 
 33 34 260 261 
 34 35 262 263 
 35 36 264 265 
 36 37 266 267 
 37 38 268 269 
 38 39 270 271 
 39 18 272 273 
 27 40 274 275 
 40 41 276 277 
 41 42 278 279 
 42 43 280 281 
 43 44 282 283 
 44 45 284 285 
 45 46 286 287 
 46 16 288 289 
 28 47 290 291 
 47 48 292 293 
 48 49 294 295 
 49 50 296 297 
 50 51 298 299 
 51 52 300 301 
 52 53 302 303 
 53 17 304 305 
 29 54 306 307 
 54 55 308 309 
 55 56 310 311 
 56 57 312 313 
 57 58 314 315 
 58 59 316 317 
 59 60 318 319 
 60 12 320 321 
 30 61 322 323 
 61 62 324 325 
 62 63 326 327 
 63 64 328 329 
 64 65 330 331 
 65 66 332 333 
 66 67 334 335 
 67 15 336 337 
 31 68 338 339 
 68 69 340 341 
 69 70 342 343 
 70 71 344 345 
 71 72 346 347 
 72 73 348 349 
 73 74 350 351 
 74 13 352 353 
 32 75 354 355 
 75 76 356 357 
 76 77 358 359 
 77 78 360 361 
 78 79 362 363 
 79 80 364 365 
 80 81 366 367 
 81 14 368 369 
 bcElement 32
1 14 3 
9 14 3 
17 14 3 
25 14 3 
33 14 3 
41 14 3 
49 14 3 
57 14 3 
57 24 1 
58 24 1 
59 24 1 
60 24 1 
61 24 1 
62 24 1 
63 24 1 
64 24 1 
64 6 0 
56 6 0 
48 6 0 
40 6 0 
32 6 0 
24 6 0 
16 6 0 
8 6 0 
8 23 0 
7 23 0 
6 23 0 
5 23 0 
4 23 0 
3 23 0 
2 23 0 
1 23 0 
