Edge min = 0.125000, max=0.176777, average=0.140931;
Grid_size 128
Node_size 81
Total_DOF 625
edge_Size 208
maxDOF 10
Solution_Order
3 
 meshIEN 
4 33 25 
 33 4 28 
 25 34 24 
 34 25 33 
 24 35 23 
 35 24 34 
 23 36 22 
 36 23 35 
 22 37 21 
 37 22 36 
 21 38 20 
 38 21 37 
 20 39 19 
 39 20 38 
 19 18 2 
 18 19 39 
 27 33 28 
 33 27 40 
 33 41 34 
 41 33 40 
 34 42 35 
 42 34 41 
 35 43 36 
 43 35 42 
 36 44 37 
 44 36 43 
 37 45 38 
 45 37 44 
 38 46 39 
 46 38 45 
 39 17 18 
 17 39 46 
 27 47 40 
 47 27 29 
 40 48 41 
 48 40 47 
 41 49 42 
 49 41 48 
 42 50 43 
 50 42 49 
 43 51 44 
 51 43 50 
 44 52 45 
 52 44 51 
 45 53 46 
 53 45 52 
 46 16 17 
 16 46 53 
 26 47 29 
 47 26 54 
 47 55 48 
 55 47 54 
 48 56 49 
 56 48 55 
 49 57 50 
 57 49 56 
 50 58 51 
 58 50 57 
 51 59 52 
 59 51 58 
 52 60 53 
 60 52 59 
 53 15 16 
 15 53 60 
 26 61 54 
 61 26 31 
 54 62 55 
 62 54 61 
 55 63 56 
 63 55 62 
 56 64 57 
 64 56 63 
 57 65 58 
 65 57 64 
 58 66 59 
 66 58 65 
 59 67 60 
 67 59 66 
 60 14 15 
 14 60 67 
 30 61 31 
 61 30 68 
 61 69 62 
 69 61 68 
 62 70 63 
 70 62 69 
 63 71 64 
 71 63 70 
 64 72 65 
 72 64 71 
 65 73 66 
 73 65 72 
 66 74 67 
 74 66 73 
 67 13 14 
 13 67 74 
 30 75 68 
 75 30 32 
 68 76 69 
 76 68 75 
 69 77 70 
 77 69 76 
 70 78 71 
 78 70 77 
 71 79 72 
 79 71 78 
 72 80 73 
 80 72 79 
 73 81 74 
 81 73 80 
 74 12 13 
 12 74 81 
 3 75 32 
 75 3 5 
 5 76 75 
 76 5 6 
 6 77 76 
 77 6 7 
 7 78 77 
 78 7 8 
 8 79 78 
 79 8 9 
 9 80 79 
 80 9 10 
 10 81 80 
 81 10 11 
 11 12 81 
 12 11 1 
 solutionIEN 
4 33 25 371 370 146 147 129 128 498 
 33 4 28 370 371 131 130 259 258 499 
 25 34 24 373 372 148 149 127 126 500 
 34 25 33 372 373 147 146 261 260 501 
 24 35 23 375 374 150 151 125 124 502 
 35 24 34 374 375 149 148 263 262 503 
 23 36 22 377 376 152 153 123 122 504 
 36 23 35 376 377 151 150 265 264 505 
 22 37 21 379 378 154 155 121 120 506 
 37 22 36 378 379 153 152 267 266 507 
 21 38 20 381 380 156 157 119 118 508 
 38 21 37 380 381 155 154 269 268 509 
 20 39 19 383 382 158 159 117 116 510 
 39 20 38 382 383 157 156 271 270 511 
 19 18 2 385 384 113 112 115 114 512 
 18 19 39 384 385 159 158 273 272 513 
 27 33 28 387 386 258 259 133 132 514 
 33 27 40 386 387 275 274 160 161 515 
 33 41 34 389 388 162 163 260 261 516 
 41 33 40 388 389 161 160 277 276 517 
 34 42 35 391 390 164 165 262 263 518 
 42 34 41 390 391 163 162 279 278 519 
 35 43 36 393 392 166 167 264 265 520 
 43 35 42 392 393 165 164 281 280 521 
 36 44 37 395 394 168 169 266 267 522 
 44 36 43 394 395 167 166 283 282 523 
 37 45 38 397 396 170 171 268 269 524 
 45 37 44 396 397 169 168 285 284 525 
 38 46 39 399 398 172 173 270 271 526 
 46 38 45 398 399 171 170 287 286 527 
 39 17 18 401 400 111 110 272 273 528 
 17 39 46 400 401 173 172 289 288 529 
 27 47 40 403 402 174 175 274 275 530 
 47 27 29 402 403 135 134 291 290 531 
 40 48 41 405 404 176 177 276 277 532 
 48 40 47 404 405 175 174 293 292 533 
 41 49 42 407 406 178 179 278 279 534 
 49 41 48 406 407 177 176 295 294 535 
 42 50 43 409 408 180 181 280 281 536 
 50 42 49 408 409 179 178 297 296 537 
 43 51 44 411 410 182 183 282 283 538 
 51 43 50 410 411 181 180 299 298 539 
 44 52 45 413 412 184 185 284 285 540 
 52 44 51 412 413 183 182 301 300 541 
 45 53 46 415 414 186 187 286 287 542 
 53 45 52 414 415 185 184 303 302 543 
 46 16 17 417 416 109 108 288 289 544 
 16 46 53 416 417 187 186 305 304 545 
 26 47 29 419 418 290 291 137 136 546 
 47 26 54 418 419 307 306 188 189 547 
 47 55 48 421 420 190 191 292 293 548 
 55 47 54 420 421 189 188 309 308 549 
 48 56 49 423 422 192 193 294 295 550 
 56 48 55 422 423 191 190 311 310 551 
 49 57 50 425 424 194 195 296 297 552 
 57 49 56 424 425 193 192 313 312 553 
 50 58 51 427 426 196 197 298 299 554 
 58 50 57 426 427 195 194 315 314 555 
 51 59 52 429 428 198 199 300 301 556 
 59 51 58 428 429 197 196 317 316 557 
 52 60 53 431 430 200 201 302 303 558 
 60 52 59 430 431 199 198 319 318 559 
 53 15 16 433 432 107 106 304 305 560 
 15 53 60 432 433 201 200 321 320 561 
 26 61 54 435 434 202 203 306 307 562 
 61 26 31 434 435 139 138 323 322 563 
 54 62 55 437 436 204 205 308 309 564 
 62 54 61 436 437 203 202 325 324 565 
 55 63 56 439 438 206 207 310 311 566 
 63 55 62 438 439 205 204 327 326 567 
 56 64 57 441 440 208 209 312 313 568 
 64 56 63 440 441 207 206 329 328 569 
 57 65 58 443 442 210 211 314 315 570 
 65 57 64 442 443 209 208 331 330 571 
 58 66 59 445 444 212 213 316 317 572 
 66 58 65 444 445 211 210 333 332 573 
 59 67 60 447 446 214 215 318 319 574 
 67 59 66 446 447 213 212 335 334 575 
 60 14 15 449 448 105 104 320 321 576 
 14 60 67 448 449 215 214 337 336 577 
 30 61 31 451 450 322 323 141 140 578 
 61 30 68 450 451 339 338 216 217 579 
 61 69 62 453 452 218 219 324 325 580 
 69 61 68 452 453 217 216 341 340 581 
 62 70 63 455 454 220 221 326 327 582 
 70 62 69 454 455 219 218 343 342 583 
 63 71 64 457 456 222 223 328 329 584 
 71 63 70 456 457 221 220 345 344 585 
 64 72 65 459 458 224 225 330 331 586 
 72 64 71 458 459 223 222 347 346 587 
 65 73 66 461 460 226 227 332 333 588 
 73 65 72 460 461 225 224 349 348 589 
 66 74 67 463 462 228 229 334 335 590 
 74 66 73 462 463 227 226 351 350 591 
 67 13 14 465 464 103 102 336 337 592 
 13 67 74 464 465 229 228 353 352 593 
 30 75 68 467 466 230 231 338 339 594 
 75 30 32 466 467 143 142 355 354 595 
 68 76 69 469 468 232 233 340 341 596 
 76 68 75 468 469 231 230 357 356 597 
 69 77 70 471 470 234 235 342 343 598 
 77 69 76 470 471 233 232 359 358 599 
 70 78 71 473 472 236 237 344 345 600 
 78 70 77 472 473 235 234 361 360 601 
 71 79 72 475 474 238 239 346 347 602 
 79 71 78 474 475 237 236 363 362 603 
 72 80 73 477 476 240 241 348 349 604 
 80 72 79 476 477 239 238 365 364 605 
 73 81 74 479 478 242 243 350 351 606 
 81 73 80 478 479 241 240 367 366 607 
 74 12 13 481 480 101 100 352 353 608 
 12 74 81 480 481 243 242 369 368 609 
 3 75 32 483 482 354 355 145 144 610 
 75 3 5 482 483 83 82 244 245 611 
 5 76 75 485 484 356 357 245 244 612 
 76 5 6 484 485 85 84 246 247 613 
 6 77 76 487 486 358 359 247 246 614 
 77 6 7 486 487 87 86 248 249 615 
 7 78 77 489 488 360 361 249 248 616 
 78 7 8 488 489 89 88 250 251 617 
 8 79 78 491 490 362 363 251 250 618 
 79 8 9 490 491 91 90 252 253 619 
 9 80 79 493 492 364 365 253 252 620 
 80 9 10 492 493 93 92 254 255 621 
 10 81 80 495 494 366 367 255 254 622 
 81 10 11 494 495 95 94 256 257 623 
 11 12 81 497 496 368 369 257 256 624 
 12 11 1 496 497 97 96 99 98 625 
 solutionOrder
3 3 3 3 
 3 3 3 3 
 3 3 3 3 
 3 3 3 3 
 3 3 3 3 
 3 3 3 3 
 3 3 3 3 
 3 3 3 3 
 3 3 3 3 
 3 3 3 3 
 3 3 3 3 
 3 3 3 3 
 3 3 3 3 
 3 3 3 3 
 3 3 3 3 
 3 3 3 3 
 3 3 3 3 
 3 3 3 3 
 3 3 3 3 
 3 3 3 3 
 3 3 3 3 
 3 3 3 3 
 3 3 3 3 
 3 3 3 3 
 3 3 3 3 
 3 3 3 3 
 3 3 3 3 
 3 3 3 3 
 3 3 3 3 
 3 3 3 3 
 3 3 3 3 
 3 3 3 3 
 3 3 3 3 
 3 3 3 3 
 3 3 3 3 
 3 3 3 3 
 3 3 3 3 
 3 3 3 3 
 3 3 3 3 
 3 3 3 3 
 3 3 3 3 
 3 3 3 3 
 3 3 3 3 
 3 3 3 3 
 3 3 3 3 
 3 3 3 3 
 3 3 3 3 
 3 3 3 3 
 3 3 3 3 
 3 3 3 3 
 3 3 3 3 
 3 3 3 3 
 3 3 3 3 
 3 3 3 3 
 3 3 3 3 
 3 3 3 3 
 3 3 3 3 
 3 3 3 3 
 3 3 3 3 
 3 3 3 3 
 3 3 3 3 
 3 3 3 3 
 3 3 3 3 
 3 3 3 3 
 3 3 3 3 
 3 3 3 3 
 3 3 3 3 
 3 3 3 3 
 3 3 3 3 
 3 3 3 3 
 3 3 3 3 
 3 3 3 3 
 3 3 3 3 
 3 3 3 3 
 3 3 3 3 
 3 3 3 3 
 3 3 3 3 
 3 3 3 3 
 3 3 3 3 
 3 3 3 3 
 3 3 3 3 
 3 3 3 3 
 3 3 3 3 
 3 3 3 3 
 3 3 3 3 
 3 3 3 3 
 3 3 3 3 
 3 3 3 3 
 3 3 3 3 
 3 3 3 3 
 3 3 3 3 
 3 3 3 3 
 3 3 3 3 
 3 3 3 3 
 3 3 3 3 
 3 3 3 3 
 3 3 3 3 
 3 3 3 3 
 3 3 3 3 
 3 3 3 3 
 3 3 3 3 
 3 3 3 3 
 3 3 3 3 
 3 3 3 3 
 3 3 3 3 
 3 3 3 3 
 3 3 3 3 
 3 3 3 3 
 3 3 3 3 
 3 3 3 3 
 3 3 3 3 
 3 3 3 3 
 3 3 3 3 
 3 3 3 3 
 3 3 3 3 
 3 3 3 3 
 3 3 3 3 
 3 3 3 3 
 3 3 3 3 
 3 3 3 3 
 3 3 3 3 
 3 3 3 3 
 3 3 3 3 
 3 3 3 3 
 3 3 3 3 
 3 3 3 3 
 3 3 3 3 
 3 3 3 3 
 vertexCoord 
1.000000 1.000000 
 0.000000 1.000000 
 1.000000 0.000000 
 0.000000 0.000000 
 1.000000 0.125000 
 1.000000 0.250000 
 1.000000 0.375000 
 1.000000 0.500000 
 1.000000 0.625000 
 1.000000 0.750000 
 1.000000 0.875000 
 0.875000 1.000000 
 0.750000 1.000000 
 0.625000 1.000000 
 0.500000 1.000000 
 0.375000 1.000000 
 0.250000 1.000000 
 0.125000 1.000000 
 0.000000 0.875000 
 0.000000 0.750000 
 0.000000 0.625000 
 0.000000 0.500000 
 0.000000 0.375000 
 0.000000 0.250000 
 0.000000 0.125000 
 0.500000 0.000000 
 0.250000 0.000000 
 0.125000 0.000000 
 0.375000 0.000000 
 0.750000 0.000000 
 0.625000 0.000000 
 0.875000 0.000000 
 0.125000 0.125000 
 0.125000 0.250000 
 0.125000 0.375000 
 0.125000 0.500000 
 0.125000 0.625000 
 0.125000 0.750000 
 0.125000 0.875000 
 0.250000 0.125000 
 0.250000 0.250000 
 0.250000 0.375000 
 0.250000 0.500000 
 0.250000 0.625000 
 0.250000 0.750000 
 0.250000 0.875000 
 0.375000 0.125000 
 0.375000 0.250000 
 0.375000 0.375000 
 0.375000 0.500000 
 0.375000 0.625000 
 0.375000 0.750000 
 0.375000 0.875000 
 0.500000 0.125000 
 0.500000 0.250000 
 0.500000 0.375000 
 0.500000 0.500000 
 0.500000 0.625000 
 0.500000 0.750000 
 0.500000 0.875000 
 0.625000 0.125000 
 0.625000 0.250000 
 0.625000 0.375000 
 0.625000 0.500000 
 0.625000 0.625000 
 0.625000 0.750000 
 0.625000 0.875000 
 0.750000 0.125000 
 0.750000 0.250000 
 0.750000 0.375000 
 0.750000 0.500000 
 0.750000 0.625000 
 0.750000 0.750000 
 0.750000 0.875000 
 0.875000 0.125000 
 0.875000 0.250000 
 0.875000 0.375000 
 0.875000 0.500000 
 0.875000 0.625000 
 0.875000 0.750000 
 0.875000 0.875000 
 bc_tag 
5 
 2 
 16 
 18 
 23 
 23 
 23 
 23 
 23 
 23 
 23 
 6 
 6 
 6 
 6 
 6 
 6 
 6 
 24 
 24 
 24 
 24 
 24 
 24 
 24 
 14 
 14 
 14 
 14 
 14 
 14 
 14 
 26 
 26 
 26 
 26 
 26 
 26 
 26 
 26 
 26 
 26 
 26 
 26 
 26 
 26 
 26 
 26 
 26 
 26 
 26 
 26 
 26 
 26 
 26 
 26 
 26 
 26 
 26 
 26 
 26 
 26 
 26 
 26 
 26 
 26 
 26 
 26 
 26 
 26 
 26 
 26 
 26 
 26 
 26 
 26 
 26 
 26 
 26 
 26 
 26 
 23 
 23 
 23 
 23 
 23 
 23 
 23 
 23 
 23 
 23 
 23 
 23 
 23 
 23 
 23 
 23 
 6 
 6 
 6 
 6 
 6 
 6 
 6 
 6 
 6 
 6 
 6 
 6 
 6 
 6 
 6 
 6 
 24 
 24 
 24 
 24 
 24 
 24 
 24 
 24 
 24 
 24 
 24 
 24 
 24 
 24 
 24 
 24 
 14 
 14 
 14 
 14 
 14 
 14 
 14 
 14 
 14 
 14 
 14 
 14 
 14 
 14 
 14 
 14 
 26 
 26 
 26 
 26 
 26 
 26 
 26 
 26 
 26 
 26 
 26 
 26 
 26 
 26 
 26 
 26 
 26 
 26 
 26 
 26 
 26 
 26 
 26 
 26 
 26 
 26 
 26 
 26 
 26 
 26 
 26 
 26 
 26 
 26 
 26 
 26 
 26 
 26 
 26 
 26 
 26 
 26 
 26 
 26 
 26 
 26 
 26 
 26 
 26 
 26 
 26 
 26 
 26 
 26 
 26 
 26 
 26 
 26 
 26 
 26 
 26 
 26 
 26 
 26 
 26 
 26 
 26 
 26 
 26 
 26 
 26 
 26 
 26 
 26 
 26 
 26 
 26 
 26 
 26 
 26 
 26 
 26 
 26 
 26 
 26 
 26 
 26 
 26 
 26 
 26 
 26 
 26 
 26 
 26 
 26 
 26 
 26 
 26 
 26 
 26 
 26 
 26 
 26 
 26 
 26 
 26 
 26 
 26 
 26 
 26 
 26 
 26 
 26 
 26 
 26 
 26 
 26 
 26 
 26 
 26 
 26 
 26 
 26 
 26 
 26 
 26 
 26 
 26 
 26 
 26 
 26 
 26 
 26 
 26 
 26 
 26 
 26 
 26 
 26 
 26 
 26 
 26 
 26 
 26 
 26 
 26 
 26 
 26 
 26 
 26 
 26 
 26 
 26 
 26 
 26 
 26 
 26 
 26 
 26 
 26 
 26 
 26 
 26 
 26 
 26 
 26 
 26 
 26 
 26 
 26 
 26 
 26 
 26 
 26 
 26 
 26 
 26 
 26 
 26 
 26 
 26 
 26 
 26 
 26 
 26 
 26 
 26 
 26 
 26 
 26 
 26 
 26 
 26 
 26 
 26 
 26 
 26 
 26 
 26 
 26 
 26 
 26 
 26 
 26 
 26 
 26 
 26 
 26 
 26 
 26 
 26 
 26 
 26 
 26 
 26 
 26 
 26 
 26 
 26 
 26 
 26 
 26 
 26 
 26 
 26 
 26 
 26 
 26 
 26 
 26 
 26 
 26 
 26 
 26 
 26 
 26 
 26 
 26 
 26 
 26 
 26 
 26 
 26 
 26 
 26 
 26 
 26 
 26 
 26 
 26 
 26 
 26 
 26 
 26 
 26 
 26 
 26 
 26 
 26 
 26 
 26 
 26 
 26 
 26 
 26 
 26 
 26 
 26 
 26 
 26 
 26 
 26 
 26 
 26 
 26 
 26 
 26 
 26 
 26 
 26 
 26 
 26 
 26 
 26 
 26 
 26 
 26 
 26 
 26 
 26 
 26 
 26 
 26 
 26 
 26 
 26 
 26 
 26 
 26 
 26 
 26 
 26 
 26 
 26 
 26 
 26 
 26 
 26 
 26 
 26 
 26 
 26 
 26 
 26 
 26 
 26 
 26 
 26 
 26 
 26 
 26 
 26 
 26 
 26 
 26 
 26 
 26 
 26 
 26 
 26 
 26 
 26 
 26 
 26 
 26 
 26 
 26 
 26 
 26 
 26 
 26 
 26 
 26 
 26 
 26 
 26 
 26 
 26 
 26 
 26 
 26 
 26 
 26 
 26 
 26 
 26 
 26 
 26 
 26 
 26 
 26 
 26 
 26 
 26 
 26 
 26 
 26 
 26 
 26 
 26 
 26 
 26 
 26 
 26 
 26 
 26 
 26 
 26 
 26 
 26 
 26 
 26 
 26 
 26 
 26 
 26 
 26 
 26 
 26 
 26 
 26 
 26 
 26 
 26 
 26 
 26 
 26 
 26 
 26 
 26 
 26 
 26 
 26 
 26 
 26 
 26 
 26 
 26 
 26 
 26 
 26 
 26 
 26 
 26 
 26 
 26 
 26 
 26 
 26 
 26 
 26 
 26 
 26 
 26 
 26 
 26 
 26 
 26 
 26 
 26 
 26 
 26 
 26 
 26 
 26 
 26 
 26 
 26 
 26 
 26 
 26 
 26 
 26 
 26 
 26 
 26 
 26 
 26 
 26 
 26 
 26 
 26 
 26 
 26 
 26 
 26 
 26 
 26 
 26 
 26 
 26 
 26 
 26 
 26 
 26 
 26 
 26 
 26 
 26 
 26 
 26 
 26 
 26 
 26 
 26 
 26 
 26 
 26 
 26 
 26 
 edgeUsage
1 0 1 
 0 1 1 
 1 0 1 
 0 1 1 
 1 0 1 
 0 1 1 
 1 0 1 
 0 1 1 
 1 0 1 
 0 1 1 
 1 0 1 
 0 1 1 
 1 0 1 
 0 1 1 
 1 1 1 
 0 1 1 
 1 0 1 
 0 1 0 
 1 0 0 
 0 1 1 
 1 0 0 
 0 1 1 
 1 0 0 
 0 1 1 
 1 0 0 
 0 1 1 
 1 0 0 
 0 1 1 
 1 0 0 
 0 1 1 
 1 1 0 
 0 1 1 
 1 0 0 
 0 1 1 
 1 0 0 
 0 1 1 
 1 0 0 
 0 1 1 
 1 0 0 
 0 1 1 
 1 0 0 
 0 1 1 
 1 0 0 
 0 1 1 
 1 0 0 
 0 1 1 
 1 1 0 
 0 1 1 
 1 0 1 
 0 1 0 
 1 0 0 
 0 1 1 
 1 0 0 
 0 1 1 
 1 0 0 
 0 1 1 
 1 0 0 
 0 1 1 
 1 0 0 
 0 1 1 
 1 0 0 
 0 1 1 
 1 1 0 
 0 1 1 
 1 0 0 
 0 1 1 
 1 0 0 
 0 1 1 
 1 0 0 
 0 1 1 
 1 0 0 
 0 1 1 
 1 0 0 
 0 1 1 
 1 0 0 
 0 1 1 
 1 0 0 
 0 1 1 
 1 1 0 
 0 1 1 
 1 0 1 
 0 1 0 
 1 0 0 
 0 1 1 
 1 0 0 
 0 1 1 
 1 0 0 
 0 1 1 
 1 0 0 
 0 1 1 
 1 0 0 
 0 1 1 
 1 0 0 
 0 1 1 
 1 1 0 
 0 1 1 
 1 0 0 
 0 1 1 
 1 0 0 
 0 1 1 
 1 0 0 
 0 1 1 
 1 0 0 
 0 1 1 
 1 0 0 
 0 1 1 
 1 0 0 
 0 1 1 
 1 0 0 
 0 1 1 
 1 1 0 
 0 1 1 
 1 0 1 
 0 1 0 
 1 0 1 
 0 1 0 
 1 0 1 
 0 1 0 
 1 0 1 
 0 1 0 
 1 0 1 
 0 1 0 
 1 0 1 
 0 1 0 
 1 0 1 
 0 1 0 
 1 0 1 
 0 1 1 
 EdgeNode 
3 5 82 83 
 5 6 84 85 
 6 7 86 87 
 7 8 88 89 
 8 9 90 91 
 9 10 92 93 
 10 11 94 95 
 11 1 96 97 
 1 12 98 99 
 12 13 100 101 
 13 14 102 103 
 14 15 104 105 
 15 16 106 107 
 16 17 108 109 
 17 18 110 111 
 18 2 112 113 
 2 19 114 115 
 19 20 116 117 
 20 21 118 119 
 21 22 120 121 
 22 23 122 123 
 23 24 124 125 
 24 25 126 127 
 25 4 128 129 
 4 28 130 131 
 28 27 132 133 
 27 29 134 135 
 29 26 136 137 
 26 31 138 139 
 31 30 140 141 
 30 32 142 143 
 32 3 144 145 
 25 33 146 147 
 24 34 148 149 
 23 35 150 151 
 22 36 152 153 
 21 37 154 155 
 20 38 156 157 
 19 39 158 159 
 33 40 160 161 
 34 41 162 163 
 35 42 164 165 
 36 43 166 167 
 37 44 168 169 
 38 45 170 171 
 39 46 172 173 
 40 47 174 175 
 41 48 176 177 
 42 49 178 179 
 43 50 180 181 
 44 51 182 183 
 45 52 184 185 
 46 53 186 187 
 47 54 188 189 
 48 55 190 191 
 49 56 192 193 
 50 57 194 195 
 51 58 196 197 
 52 59 198 199 
 53 60 200 201 
 54 61 202 203 
 55 62 204 205 
 56 63 206 207 
 57 64 208 209 
 58 65 210 211 
 59 66 212 213 
 60 67 214 215 
 61 68 216 217 
 62 69 218 219 
 63 70 220 221 
 64 71 222 223 
 65 72 224 225 
 66 73 226 227 
 67 74 228 229 
 68 75 230 231 
 69 76 232 233 
 70 77 234 235 
 71 78 236 237 
 72 79 238 239 
 73 80 240 241 
 74 81 242 243 
 75 5 244 245 
 76 6 246 247 
 77 7 248 249 
 78 8 250 251 
 79 9 252 253 
 80 10 254 255 
 81 11 256 257 
 28 33 258 259 
 33 34 260 261 
 34 35 262 263 
 35 36 264 265 
 36 37 266 267 
 37 38 268 269 
 38 39 270 271 
 39 18 272 273 
 27 40 274 275 
 40 41 276 277 
 41 42 278 279 
 42 43 280 281 
 43 44 282 283 
 44 45 284 285 
 45 46 286 287 
 46 17 288 289 
 29 47 290 291 
 47 48 292 293 
 48 49 294 295 
 49 50 296 297 
 50 51 298 299 
 51 52 300 301 
 52 53 302 303 
 53 16 304 305 
 26 54 306 307 
 54 55 308 309 
 55 56 310 311 
 56 57 312 313 
 57 58 314 315 
 58 59 316 317 
 59 60 318 319 
 60 15 320 321 
 31 61 322 323 
 61 62 324 325 
 62 63 326 327 
 63 64 328 329 
 64 65 330 331 
 65 66 332 333 
 66 67 334 335 
 67 14 336 337 
 30 68 338 339 
 68 69 340 341 
 69 70 342 343 
 70 71 344 345 
 71 72 346 347 
 72 73 348 349 
 73 74 350 351 
 74 13 352 353 
 32 75 354 355 
 75 76 356 357 
 76 77 358 359 
 77 78 360 361 
 78 79 362 363 
 79 80 364 365 
 80 81 366 367 
 81 12 368 369 
 4 33 370 371 
 25 34 372 373 
 24 35 374 375 
 23 36 376 377 
 22 37 378 379 
 21 38 380 381 
 20 39 382 383 
 19 18 384 385 
 27 33 386 387 
 33 41 388 389 
 34 42 390 391 
 35 43 392 393 
 36 44 394 395 
 37 45 396 397 
 38 46 398 399 
 39 17 400 401 
 27 47 402 403 
 40 48 404 405 
 41 49 406 407 
 42 50 408 409 
 43 51 410 411 
 44 52 412 413 
 45 53 414 415 
 46 16 416 417 
 26 47 418 419 
 47 55 420 421 
 48 56 422 423 
 49 57 424 425 
 50 58 426 427 
 51 59 428 429 
 52 60 430 431 
 53 15 432 433 
 26 61 434 435 
 54 62 436 437 
 55 63 438 439 
 56 64 440 441 
 57 65 442 443 
 58 66 444 445 
 59 67 446 447 
 60 14 448 449 
 30 61 450 451 
 61 69 452 453 
 62 70 454 455 
 63 71 456 457 
 64 72 458 459 
 65 73 460 461 
 66 74 462 463 
 67 13 464 465 
 30 75 466 467 
 68 76 468 469 
 69 77 470 471 
 70 78 472 473 
 71 79 474 475 
 72 80 476 477 
 73 81 478 479 
 74 12 480 481 
 3 75 482 483 
 5 76 484 485 
 6 77 486 487 
 7 78 488 489 
 8 79 490 491 
 9 80 492 493 
 10 81 494 495 
 11 12 496 497 
 bcElement 32
2 14 1 
17 14 2 
34 14 1 
49 14 2 
66 14 1 
81 14 2 
98 14 1 
113 14 2 
114 23 1 
116 23 1 
118 23 1 
120 23 1 
122 23 1 
124 23 1 
126 23 1 
128 23 1 
128 6 2 
111 6 1 
95 6 1 
79 6 1 
63 6 1 
47 6 1 
31 6 1 
15 6 1 
15 24 2 
13 24 2 
11 24 2 
9 24 2 
7 24 2 
5 24 2 
3 24 2 
1 24 2 
