Edge min = 0.046367, max=0.139871, average=0.093369;
Grid_size 276
Node_size 160
Total_DOF 3556
edge_Size 435
maxDOF 21
Solution_Order
5 
 meshIEN 
68 43 69 
 17 12 68 
 69 1 17 
 69 17 68 
 69 43 70 
 7 1 69 
 70 6 7 
 70 7 69 
 71 44 72 
 68 12 71 
 72 43 68 
 72 68 71 
 73 45 74 
 26 21 73 
 74 2 26 
 74 26 73 
 74 45 75 
 13 2 74 
 75 10 13 
 75 13 74 
 76 46 77 
 31 4 76 
 77 28 31 
 77 31 76 
 78 46 76 
 42 38 78 
 76 4 42 
 76 42 78 
 79 47 80 
 22 3 79 
 80 19 22 
 80 22 79 
 81 47 79 
 35 30 81 
 79 3 35 
 79 35 81 
 82 48 83 
 39 5 82 
 83 36 39 
 83 39 82 
 84 48 82 
 8 6 84 
 82 5 8 
 82 8 84 
 85 49 86 
 15 9 85 
 86 11 15 
 86 15 85 
 87 10 75 
 88 49 87 
 75 45 88 
 75 88 87 
 87 49 85 
 14 10 87 
 85 9 14 
 85 14 87 
 89 50 90 
 24 18 89 
 90 20 24 
 90 24 89 
 90 50 91 
 25 20 90 
 91 21 25 
 91 25 90 
 92 51 93 
 41 37 92 
 93 38 41 
 93 41 92 
 93 51 94 
 78 38 93 
 94 46 78 
 94 78 93 
 95 52 96 
 33 27 95 
 96 29 33 
 96 33 95 
 97 54 98 
 89 18 97 
 98 50 89 
 98 89 97 
 99 19 80 
 100 54 99 
 80 47 100 
 80 100 99 
 99 54 97 
 23 19 99 
 97 18 23 
 97 23 99 
 101 36 83 
 102 55 101 
 83 48 102 
 83 102 101 
 101 55 103 
 40 36 101 
 103 37 40 
 103 40 101 
 103 55 104 
 92 37 103 
 104 51 92 
 104 92 103 
 105 56 106 
 95 27 105 
 106 52 95 
 106 95 105 
 107 28 77 
 108 56 107 
 77 46 108 
 77 108 107 
 107 56 105 
 32 28 107 
 105 27 32 
 105 32 107 
 109 29 96 
 110 57 109 
 96 52 110 
 96 110 109 
 111 57 112 
 100 47 111 
 112 54 100 
 112 100 111 
 109 57 113 
 34 29 109 
 113 30 34 
 113 34 109 
 113 57 111 
 81 30 113 
 111 47 81 
 111 81 113 
 114 44 116 
 115 58 114 
 116 53 115 
 116 115 114 
 117 60 118 
 108 46 117 
 118 56 108 
 118 108 117 
 117 46 94 
 119 60 117 
 94 51 119 
 94 119 117 
 120 48 122 
 121 61 120 
 122 58 121 
 122 121 120 
 120 61 123 
 102 48 120 
 123 55 102 
 123 102 120 
 124 62 125 
 115 53 124 
 125 58 115 
 125 115 124 
 125 62 126 
 121 58 125 
 126 61 121 
 126 121 125 
 127 63 128 
 110 52 127 
 128 57 110 
 128 110 127 
 129 50 98 
 130 64 129 
 98 54 130 
 98 130 129 
 131 64 133 
 132 59 131 
 133 63 132 
 133 132 131 
 134 57 128 
 133 64 134 
 128 63 133 
 128 133 134 
 130 54 112 
 134 64 130 
 112 57 134 
 112 134 130 
 135 55 123 
 136 65 135 
 123 61 136 
 123 136 135 
 137 65 138 
 119 51 137 
 138 60 119 
 138 119 137 
 137 51 104 
 135 65 137 
 104 55 135 
 104 135 137 
 139 59 132 
 140 65 139 
 132 63 140 
 132 140 139 
 138 65 140 
 141 60 138 
 140 63 141 
 140 141 138 
 142 66 143 
 88 45 142 
 143 49 88 
 143 88 142 
 143 66 145 
 144 49 143 
 145 53 144 
 145 144 143 
 145 66 146 
 124 53 145 
 146 62 124 
 146 124 145 
 147 59 148 
 146 66 147 
 148 62 146 
 148 146 147 
 149 50 129 
 150 67 149 
 129 64 150 
 129 150 149 
 151 67 152 
 142 45 151 
 152 66 142 
 152 142 151 
 153 48 84 
 70 43 153 
 84 6 70 
 84 70 153 
 154 58 122 
 153 43 154 
 122 48 153 
 122 153 154 
 154 43 72 
 114 58 154 
 72 44 114 
 72 114 154 
 155 21 91 
 149 67 155 
 91 50 149 
 91 149 155 
 155 67 151 
 73 21 155 
 151 45 73 
 151 73 155 
 156 44 71 
 16 11 156 
 71 12 16 
 71 16 156 
 157 60 141 
 127 52 157 
 141 63 127 
 141 127 157 
 157 52 106 
 118 60 157 
 106 56 118 
 106 118 157 
 158 59 139 
 136 61 158 
 139 65 136 
 139 136 158 
 158 61 126 
 148 59 158 
 126 62 148 
 126 148 158 
 159 59 147 
 152 67 159 
 147 66 152 
 147 152 159 
 159 67 150 
 131 59 159 
 150 64 131 
 150 131 159 
 160 53 116 
 156 11 160 
 116 44 156 
 116 156 160 
 160 11 86 
 144 53 160 
 86 49 144 
 86 144 160 
 solutionIEN 
68 43 69 333 334 335 336 344 343 342 341 353 354 355 356 1901 1902 1903 1904 1905 1906 
 17 12 68 212 211 210 209 329 330 331 332 345 346 347 348 1907 1908 1909 1910 1911 1912 
 69 1 17 340 339 338 337 216 215 214 213 349 350 351 352 1913 1914 1915 1916 1917 1918 
 69 17 68 352 351 350 349 348 347 346 345 356 355 354 353 1919 1920 1921 1922 1923 1924 
 69 43 70 341 342 343 344 364 363 362 361 373 374 375 376 1925 1926 1927 1928 1929 1930 
 7 1 69 164 163 162 161 337 338 339 340 365 366 367 368 1931 1932 1933 1934 1935 1936 
 70 6 7 360 359 358 357 168 167 166 165 369 370 371 372 1937 1938 1939 1940 1941 1942 
 70 7 69 372 371 370 369 368 367 366 365 376 375 374 373 1943 1944 1945 1946 1947 1948 
 71 44 72 381 382 383 384 392 391 390 389 401 402 403 404 1949 1950 1951 1952 1953 1954 
 68 12 71 332 331 330 329 377 378 379 380 393 394 395 396 1955 1956 1957 1958 1959 1960 
 72 43 68 388 387 386 385 336 335 334 333 397 398 399 400 1961 1962 1963 1964 1965 1966 
 72 68 71 400 399 398 397 396 395 394 393 404 403 402 401 1967 1968 1969 1970 1971 1972 
 73 45 74 409 410 411 412 420 419 418 417 429 430 431 432 1973 1974 1975 1976 1977 1978 
 26 21 73 252 251 250 249 405 406 407 408 421 422 423 424 1979 1980 1981 1982 1983 1984 
 74 2 26 416 415 414 413 256 255 254 253 425 426 427 428 1985 1986 1987 1988 1989 1990 
 74 26 73 428 427 426 425 424 423 422 421 432 431 430 429 1991 1992 1993 1994 1995 1996 
 74 45 75 417 418 419 420 440 439 438 437 449 450 451 452 1997 1998 1999 2000 2001 2002 
 13 2 74 180 179 178 177 413 414 415 416 441 442 443 444 2003 2004 2005 2006 2007 2008 
 75 10 13 436 435 434 433 184 183 182 181 445 446 447 448 2009 2010 2011 2012 2013 2014 
 75 13 74 448 447 446 445 444 443 442 441 452 451 450 449 2015 2016 2017 2018 2019 2020 
 76 46 77 457 458 459 460 468 467 466 465 477 478 479 480 2021 2022 2023 2024 2025 2026 
 31 4 76 260 259 258 257 453 454 455 456 469 470 471 472 2027 2028 2029 2030 2031 2032 
 77 28 31 464 463 462 461 264 263 262 261 473 474 475 476 2033 2034 2035 2036 2037 2038 
 77 31 76 476 475 474 473 472 471 470 469 480 479 478 477 2039 2040 2041 2042 2043 2044 
 78 46 76 485 486 487 488 460 459 458 457 497 498 499 500 2045 2046 2047 2048 2049 2050 
 42 38 78 324 323 322 321 481 482 483 484 489 490 491 492 2051 2052 2053 2054 2055 2056 
 76 4 42 456 455 454 453 328 327 326 325 493 494 495 496 2057 2058 2059 2060 2061 2062 
 76 42 78 496 495 494 493 492 491 490 489 500 499 498 497 2063 2064 2065 2066 2067 2068 
 79 47 80 505 506 507 508 516 515 514 513 525 526 527 528 2069 2070 2071 2072 2073 2074 
 22 3 79 220 219 218 217 501 502 503 504 517 518 519 520 2075 2076 2077 2078 2079 2080 
 80 19 22 512 511 510 509 224 223 222 221 521 522 523 524 2081 2082 2083 2084 2085 2086 
 80 22 79 524 523 522 521 520 519 518 517 528 527 526 525 2087 2088 2089 2090 2091 2092 
 81 47 79 533 534 535 536 508 507 506 505 545 546 547 548 2093 2094 2095 2096 2097 2098 
 35 30 81 292 291 290 289 529 530 531 532 537 538 539 540 2099 2100 2101 2102 2103 2104 
 79 3 35 504 503 502 501 296 295 294 293 541 542 543 544 2105 2106 2107 2108 2109 2110 
 79 35 81 544 543 542 541 540 539 538 537 548 547 546 545 2111 2112 2113 2114 2115 2116 
 82 48 83 553 554 555 556 564 563 562 561 573 574 575 576 2117 2118 2119 2120 2121 2122 
 39 5 82 300 299 298 297 549 550 551 552 565 566 567 568 2123 2124 2125 2126 2127 2128 
 83 36 39 560 559 558 557 304 303 302 301 569 570 571 572 2129 2130 2131 2132 2133 2134 
 83 39 82 572 571 570 569 568 567 566 565 576 575 574 573 2135 2136 2137 2138 2139 2140 
 84 48 82 581 582 583 584 556 555 554 553 593 594 595 596 2141 2142 2143 2144 2145 2146 
 8 6 84 172 171 170 169 577 578 579 580 585 586 587 588 2147 2148 2149 2150 2151 2152 
 82 5 8 552 551 550 549 176 175 174 173 589 590 591 592 2153 2154 2155 2156 2157 2158 
 82 8 84 592 591 590 589 588 587 586 585 596 595 594 593 2159 2160 2161 2162 2163 2164 
 85 49 86 601 602 603 604 612 611 610 609 621 622 623 624 2165 2166 2167 2168 2169 2170 
 15 9 85 196 195 194 193 597 598 599 600 613 614 615 616 2171 2172 2173 2174 2175 2176 
 86 11 15 608 607 606 605 200 199 198 197 617 618 619 620 2177 2178 2179 2180 2181 2182 
 86 15 85 620 619 618 617 616 615 614 613 624 623 622 621 2183 2184 2185 2186 2187 2188 
 87 10 75 628 627 626 625 433 434 435 436 649 650 651 652 2189 2190 2191 2192 2193 2194 
 88 49 87 637 638 639 640 632 631 630 629 641 642 643 644 2195 2196 2197 2198 2199 2200 
 75 45 88 437 438 439 440 633 634 635 636 645 646 647 648 2201 2202 2203 2204 2205 2206 
 75 88 87 648 647 646 645 644 643 642 641 652 651 650 649 2207 2208 2209 2210 2211 2212 
 87 49 85 629 630 631 632 604 603 602 601 661 662 663 664 2213 2214 2215 2216 2217 2218 
 14 10 87 188 187 186 185 625 626 627 628 653 654 655 656 2219 2220 2221 2222 2223 2224 
 85 9 14 600 599 598 597 192 191 190 189 657 658 659 660 2225 2226 2227 2228 2229 2230 
 85 14 87 660 659 658 657 656 655 654 653 664 663 662 661 2231 2232 2233 2234 2235 2236 
 89 50 90 669 670 671 672 680 679 678 677 689 690 691 692 2237 2238 2239 2240 2241 2242 
 24 18 89 236 235 234 233 665 666 667 668 681 682 683 684 2243 2244 2245 2246 2247 2248 
 90 20 24 676 675 674 673 240 239 238 237 685 686 687 688 2249 2250 2251 2252 2253 2254 
 90 24 89 688 687 686 685 684 683 682 681 692 691 690 689 2255 2256 2257 2258 2259 2260 
 90 50 91 677 678 679 680 700 699 698 697 709 710 711 712 2261 2262 2263 2264 2265 2266 
 25 20 90 244 243 242 241 673 674 675 676 701 702 703 704 2267 2268 2269 2270 2271 2272 
 91 21 25 696 695 694 693 248 247 246 245 705 706 707 708 2273 2274 2275 2276 2277 2278 
 91 25 90 708 707 706 705 704 703 702 701 712 711 710 709 2279 2280 2281 2282 2283 2284 
 92 51 93 717 718 719 720 728 727 726 725 737 738 739 740 2285 2286 2287 2288 2289 2290 
 41 37 92 316 315 314 313 713 714 715 716 729 730 731 732 2291 2292 2293 2294 2295 2296 
 93 38 41 724 723 722 721 320 319 318 317 733 734 735 736 2297 2298 2299 2300 2301 2302 
 93 41 92 736 735 734 733 732 731 730 729 740 739 738 737 2303 2304 2305 2306 2307 2308 
 93 51 94 725 726 727 728 748 747 746 745 757 758 759 760 2309 2310 2311 2312 2313 2314 
 78 38 93 484 483 482 481 721 722 723 724 749 750 751 752 2315 2316 2317 2318 2319 2320 
 94 46 78 744 743 742 741 488 487 486 485 753 754 755 756 2321 2322 2323 2324 2325 2326 
 94 78 93 756 755 754 753 752 751 750 749 760 759 758 757 2327 2328 2329 2330 2331 2332 
 95 52 96 765 766 767 768 776 775 774 773 785 786 787 788 2333 2334 2335 2336 2337 2338 
 33 27 95 276 275 274 273 761 762 763 764 777 778 779 780 2339 2340 2341 2342 2343 2344 
 96 29 33 772 771 770 769 280 279 278 277 781 782 783 784 2345 2346 2347 2348 2349 2350 
 96 33 95 784 783 782 781 780 779 778 777 788 787 786 785 2351 2352 2353 2354 2355 2356 
 97 54 98 793 794 795 796 804 803 802 801 813 814 815 816 2357 2358 2359 2360 2361 2362 
 89 18 97 668 667 666 665 789 790 791 792 805 806 807 808 2363 2364 2365 2366 2367 2368 
 98 50 89 800 799 798 797 672 671 670 669 809 810 811 812 2369 2370 2371 2372 2373 2374 
 98 89 97 812 811 810 809 808 807 806 805 816 815 814 813 2375 2376 2377 2378 2379 2380 
 99 19 80 820 819 818 817 509 510 511 512 841 842 843 844 2381 2382 2383 2384 2385 2386 
 100 54 99 829 830 831 832 824 823 822 821 833 834 835 836 2387 2388 2389 2390 2391 2392 
 80 47 100 513 514 515 516 825 826 827 828 837 838 839 840 2393 2394 2395 2396 2397 2398 
 80 100 99 840 839 838 837 836 835 834 833 844 843 842 841 2399 2400 2401 2402 2403 2404 
 99 54 97 821 822 823 824 796 795 794 793 853 854 855 856 2405 2406 2407 2408 2409 2410 
 23 19 99 228 227 226 225 817 818 819 820 845 846 847 848 2411 2412 2413 2414 2415 2416 
 97 18 23 792 791 790 789 232 231 230 229 849 850 851 852 2417 2418 2419 2420 2421 2422 
 97 23 99 852 851 850 849 848 847 846 845 856 855 854 853 2423 2424 2425 2426 2427 2428 
 101 36 83 860 859 858 857 557 558 559 560 881 882 883 884 2429 2430 2431 2432 2433 2434 
 102 55 101 869 870 871 872 864 863 862 861 873 874 875 876 2435 2436 2437 2438 2439 2440 
 83 48 102 561 562 563 564 865 866 867 868 877 878 879 880 2441 2442 2443 2444 2445 2446 
 83 102 101 880 879 878 877 876 875 874 873 884 883 882 881 2447 2448 2449 2450 2451 2452 
 101 55 103 861 862 863 864 892 891 890 889 901 902 903 904 2453 2454 2455 2456 2457 2458 
 40 36 101 308 307 306 305 857 858 859 860 893 894 895 896 2459 2460 2461 2462 2463 2464 
 103 37 40 888 887 886 885 312 311 310 309 897 898 899 900 2465 2466 2467 2468 2469 2470 
 103 40 101 900 899 898 897 896 895 894 893 904 903 902 901 2471 2472 2473 2474 2475 2476 
 103 55 104 889 890 891 892 912 911 910 909 921 922 923 924 2477 2478 2479 2480 2481 2482 
 92 37 103 716 715 714 713 885 886 887 888 913 914 915 916 2483 2484 2485 2486 2487 2488 
 104 51 92 908 907 906 905 720 719 718 717 917 918 919 920 2489 2490 2491 2492 2493 2494 
 104 92 103 920 919 918 917 916 915 914 913 924 923 922 921 2495 2496 2497 2498 2499 2500 
 105 56 106 929 930 931 932 940 939 938 937 949 950 951 952 2501 2502 2503 2504 2505 2506 
 95 27 105 764 763 762 761 925 926 927 928 941 942 943 944 2507 2508 2509 2510 2511 2512 
 106 52 95 936 935 934 933 768 767 766 765 945 946 947 948 2513 2514 2515 2516 2517 2518 
 106 95 105 948 947 946 945 944 943 942 941 952 951 950 949 2519 2520 2521 2522 2523 2524 
 107 28 77 956 955 954 953 461 462 463 464 977 978 979 980 2525 2526 2527 2528 2529 2530 
 108 56 107 965 966 967 968 960 959 958 957 969 970 971 972 2531 2532 2533 2534 2535 2536 
 77 46 108 465 466 467 468 961 962 963 964 973 974 975 976 2537 2538 2539 2540 2541 2542 
 77 108 107 976 975 974 973 972 971 970 969 980 979 978 977 2543 2544 2545 2546 2547 2548 
 107 56 105 957 958 959 960 932 931 930 929 989 990 991 992 2549 2550 2551 2552 2553 2554 
 32 28 107 268 267 266 265 953 954 955 956 981 982 983 984 2555 2556 2557 2558 2559 2560 
 105 27 32 928 927 926 925 272 271 270 269 985 986 987 988 2561 2562 2563 2564 2565 2566 
 105 32 107 988 987 986 985 984 983 982 981 992 991 990 989 2567 2568 2569 2570 2571 2572 
 109 29 96 996 995 994 993 769 770 771 772 1017 1018 1019 1020 2573 2574 2575 2576 2577 2578 
 110 57 109 1005 1006 1007 1008 1000 999 998 997 1009 1010 1011 1012 2579 2580 2581 2582 2583 2584 
 96 52 110 773 774 775 776 1001 1002 1003 1004 1013 1014 1015 1016 2585 2586 2587 2588 2589 2590 
 96 110 109 1016 1015 1014 1013 1012 1011 1010 1009 1020 1019 1018 1017 2591 2592 2593 2594 2595 2596 
 111 57 112 1025 1026 1027 1028 1036 1035 1034 1033 1045 1046 1047 1048 2597 2598 2599 2600 2601 2602 
 100 47 111 828 827 826 825 1021 1022 1023 1024 1037 1038 1039 1040 2603 2604 2605 2606 2607 2608 
 112 54 100 1032 1031 1030 1029 832 831 830 829 1041 1042 1043 1044 2609 2610 2611 2612 2613 2614 
 112 100 111 1044 1043 1042 1041 1040 1039 1038 1037 1048 1047 1046 1045 2615 2616 2617 2618 2619 2620 
 109 57 113 997 998 999 1000 1056 1055 1054 1053 1065 1066 1067 1068 2621 2622 2623 2624 2625 2626 
 34 29 109 284 283 282 281 993 994 995 996 1057 1058 1059 1060 2627 2628 2629 2630 2631 2632 
 113 30 34 1052 1051 1050 1049 288 287 286 285 1061 1062 1063 1064 2633 2634 2635 2636 2637 2638 
 113 34 109 1064 1063 1062 1061 1060 1059 1058 1057 1068 1067 1066 1065 2639 2640 2641 2642 2643 2644 
 113 57 111 1053 1054 1055 1056 1028 1027 1026 1025 1077 1078 1079 1080 2645 2646 2647 2648 2649 2650 
 81 30 113 532 531 530 529 1049 1050 1051 1052 1069 1070 1071 1072 2651 2652 2653 2654 2655 2656 
 111 47 81 1024 1023 1022 1021 536 535 534 533 1073 1074 1075 1076 2657 2658 2659 2660 2661 2662 
 111 81 113 1076 1075 1074 1073 1072 1071 1070 1069 1080 1079 1078 1077 2663 2664 2665 2666 2667 2668 
 114 44 116 1084 1083 1082 1081 1097 1098 1099 1100 1113 1114 1115 1116 2669 2670 2671 2672 2673 2674 
 115 58 114 1093 1094 1095 1096 1088 1087 1086 1085 1105 1106 1107 1108 2675 2676 2677 2678 2679 2680 
 116 53 115 1101 1102 1103 1104 1089 1090 1091 1092 1109 1110 1111 1112 2681 2682 2683 2684 2685 2686 
 116 115 114 1112 1111 1110 1109 1108 1107 1106 1105 1116 1115 1114 1113 2687 2688 2689 2690 2691 2692 
 117 60 118 1121 1122 1123 1124 1132 1131 1130 1129 1141 1142 1143 1144 2693 2694 2695 2696 2697 2698 
 108 46 117 964 963 962 961 1117 1118 1119 1120 1133 1134 1135 1136 2699 2700 2701 2702 2703 2704 
 118 56 108 1128 1127 1126 1125 968 967 966 965 1137 1138 1139 1140 2705 2706 2707 2708 2709 2710 
 118 108 117 1140 1139 1138 1137 1136 1135 1134 1133 1144 1143 1142 1141 2711 2712 2713 2714 2715 2716 
 117 46 94 1120 1119 1118 1117 741 742 743 744 1161 1162 1163 1164 2717 2718 2719 2720 2721 2722 
 119 60 117 1149 1150 1151 1152 1124 1123 1122 1121 1153 1154 1155 1156 2723 2724 2725 2726 2727 2728 
 94 51 119 745 746 747 748 1145 1146 1147 1148 1157 1158 1159 1160 2729 2730 2731 2732 2733 2734 
 94 119 117 1160 1159 1158 1157 1156 1155 1154 1153 1164 1163 1162 1161 2735 2736 2737 2738 2739 2740 
 120 48 122 1168 1167 1166 1165 1181 1182 1183 1184 1197 1198 1199 1200 2741 2742 2743 2744 2745 2746 
 121 61 120 1177 1178 1179 1180 1172 1171 1170 1169 1189 1190 1191 1192 2747 2748 2749 2750 2751 2752 
 122 58 121 1185 1186 1187 1188 1173 1174 1175 1176 1193 1194 1195 1196 2753 2754 2755 2756 2757 2758 
 122 121 120 1196 1195 1194 1193 1192 1191 1190 1189 1200 1199 1198 1197 2759 2760 2761 2762 2763 2764 
 120 61 123 1169 1170 1171 1172 1208 1207 1206 1205 1217 1218 1219 1220 2765 2766 2767 2768 2769 2770 
 102 48 120 868 867 866 865 1165 1166 1167 1168 1209 1210 1211 1212 2771 2772 2773 2774 2775 2776 
 123 55 102 1204 1203 1202 1201 872 871 870 869 1213 1214 1215 1216 2777 2778 2779 2780 2781 2782 
 123 102 120 1216 1215 1214 1213 1212 1211 1210 1209 1220 1219 1218 1217 2783 2784 2785 2786 2787 2788 
 124 62 125 1225 1226 1227 1228 1236 1235 1234 1233 1245 1246 1247 1248 2789 2790 2791 2792 2793 2794 
 115 53 124 1092 1091 1090 1089 1221 1222 1223 1224 1237 1238 1239 1240 2795 2796 2797 2798 2799 2800 
 125 58 115 1232 1231 1230 1229 1096 1095 1094 1093 1241 1242 1243 1244 2801 2802 2803 2804 2805 2806 
 125 115 124 1244 1243 1242 1241 1240 1239 1238 1237 1248 1247 1246 1245 2807 2808 2809 2810 2811 2812 
 125 62 126 1233 1234 1235 1236 1256 1255 1254 1253 1265 1266 1267 1268 2813 2814 2815 2816 2817 2818 
 121 58 125 1176 1175 1174 1173 1229 1230 1231 1232 1257 1258 1259 1260 2819 2820 2821 2822 2823 2824 
 126 61 121 1252 1251 1250 1249 1180 1179 1178 1177 1261 1262 1263 1264 2825 2826 2827 2828 2829 2830 
 126 121 125 1264 1263 1262 1261 1260 1259 1258 1257 1268 1267 1266 1265 2831 2832 2833 2834 2835 2836 
 127 63 128 1273 1274 1275 1276 1284 1283 1282 1281 1293 1294 1295 1296 2837 2838 2839 2840 2841 2842 
 110 52 127 1004 1003 1002 1001 1269 1270 1271 1272 1285 1286 1287 1288 2843 2844 2845 2846 2847 2848 
 128 57 110 1280 1279 1278 1277 1008 1007 1006 1005 1289 1290 1291 1292 2849 2850 2851 2852 2853 2854 
 128 110 127 1292 1291 1290 1289 1288 1287 1286 1285 1296 1295 1294 1293 2855 2856 2857 2858 2859 2860 
 129 50 98 1300 1299 1298 1297 797 798 799 800 1321 1322 1323 1324 2861 2862 2863 2864 2865 2866 
 130 64 129 1309 1310 1311 1312 1304 1303 1302 1301 1313 1314 1315 1316 2867 2868 2869 2870 2871 2872 
 98 54 130 801 802 803 804 1305 1306 1307 1308 1317 1318 1319 1320 2873 2874 2875 2876 2877 2878 
 98 130 129 1320 1319 1318 1317 1316 1315 1314 1313 1324 1323 1322 1321 2879 2880 2881 2882 2883 2884 
 131 64 133 1329 1330 1331 1332 1348 1347 1346 1345 1357 1358 1359 1360 2885 2886 2887 2888 2889 2890 
 132 59 131 1336 1335 1334 1333 1325 1326 1327 1328 1349 1350 1351 1352 2891 2892 2893 2894 2895 2896 
 133 63 132 1344 1343 1342 1341 1340 1339 1338 1337 1353 1354 1355 1356 2897 2898 2899 2900 2901 2902 
 133 132 131 1356 1355 1354 1353 1352 1351 1350 1349 1360 1359 1358 1357 2903 2904 2905 2906 2907 2908 
 134 57 128 1364 1363 1362 1361 1277 1278 1279 1280 1377 1378 1379 1380 2909 2910 2911 2912 2913 2914 
 133 64 134 1345 1346 1347 1348 1368 1367 1366 1365 1369 1370 1371 1372 2915 2916 2917 2918 2919 2920 
 128 63 133 1281 1282 1283 1284 1341 1342 1343 1344 1373 1374 1375 1376 2921 2922 2923 2924 2925 2926 
 128 133 134 1376 1375 1374 1373 1372 1371 1370 1369 1380 1379 1378 1377 2927 2928 2929 2930 2931 2932 
 130 54 112 1308 1307 1306 1305 1029 1030 1031 1032 1389 1390 1391 1392 2933 2934 2935 2936 2937 2938 
 134 64 130 1365 1366 1367 1368 1312 1311 1310 1309 1381 1382 1383 1384 2939 2940 2941 2942 2943 2944 
 112 57 134 1033 1034 1035 1036 1361 1362 1363 1364 1385 1386 1387 1388 2945 2946 2947 2948 2949 2950 
 112 134 130 1388 1387 1386 1385 1384 1383 1382 1381 1392 1391 1390 1389 2951 2952 2953 2954 2955 2956 
 135 55 123 1396 1395 1394 1393 1201 1202 1203 1204 1417 1418 1419 1420 2957 2958 2959 2960 2961 2962 
 136 65 135 1405 1406 1407 1408 1400 1399 1398 1397 1409 1410 1411 1412 2963 2964 2965 2966 2967 2968 
 123 61 136 1205 1206 1207 1208 1401 1402 1403 1404 1413 1414 1415 1416 2969 2970 2971 2972 2973 2974 
 123 136 135 1416 1415 1414 1413 1412 1411 1410 1409 1420 1419 1418 1417 2975 2976 2977 2978 2979 2980 
 137 65 138 1425 1426 1427 1428 1436 1435 1434 1433 1445 1446 1447 1448 2981 2982 2983 2984 2985 2986 
 119 51 137 1148 1147 1146 1145 1421 1422 1423 1424 1437 1438 1439 1440 2987 2988 2989 2990 2991 2992 
 138 60 119 1432 1431 1430 1429 1152 1151 1150 1149 1441 1442 1443 1444 2993 2994 2995 2996 2997 2998 
 138 119 137 1444 1443 1442 1441 1440 1439 1438 1437 1448 1447 1446 1445 2999 3000 3001 3002 3003 3004 
 137 51 104 1424 1423 1422 1421 905 906 907 908 1457 1458 1459 1460 3005 3006 3007 3008 3009 3010 
 135 65 137 1397 1398 1399 1400 1428 1427 1426 1425 1449 1450 1451 1452 3011 3012 3013 3014 3015 3016 
 104 55 135 909 910 911 912 1393 1394 1395 1396 1453 1454 1455 1456 3017 3018 3019 3020 3021 3022 
 104 135 137 1456 1455 1454 1453 1452 1451 1450 1449 1460 1459 1458 1457 3023 3024 3025 3026 3027 3028 
 139 59 132 1464 1463 1462 1461 1333 1334 1335 1336 1485 1486 1487 1488 3029 3030 3031 3032 3033 3034 
 140 65 139 1473 1474 1475 1476 1468 1467 1466 1465 1477 1478 1479 1480 3035 3036 3037 3038 3039 3040 
 132 63 140 1337 1338 1339 1340 1469 1470 1471 1472 1481 1482 1483 1484 3041 3042 3043 3044 3045 3046 
 132 140 139 1484 1483 1482 1481 1480 1479 1478 1477 1488 1487 1486 1485 3047 3048 3049 3050 3051 3052 
 138 65 140 1433 1434 1435 1436 1476 1475 1474 1473 1505 1506 1507 1508 3053 3054 3055 3056 3057 3058 
 141 60 138 1492 1491 1490 1489 1429 1430 1431 1432 1497 1498 1499 1500 3059 3060 3061 3062 3063 3064 
 140 63 141 1472 1471 1470 1469 1496 1495 1494 1493 1501 1502 1503 1504 3065 3066 3067 3068 3069 3070 
 140 141 138 1504 1503 1502 1501 1500 1499 1498 1497 1508 1507 1506 1505 3071 3072 3073 3074 3075 3076 
 142 66 143 1513 1514 1515 1516 1524 1523 1522 1521 1533 1534 1535 1536 3077 3078 3079 3080 3081 3082 
 88 45 142 636 635 634 633 1509 1510 1511 1512 1525 1526 1527 1528 3083 3084 3085 3086 3087 3088 
 143 49 88 1520 1519 1518 1517 640 639 638 637 1529 1530 1531 1532 3089 3090 3091 3092 3093 3094 
 143 88 142 1532 1531 1530 1529 1528 1527 1526 1525 1536 1535 1534 1533 3095 3096 3097 3098 3099 3100 
 143 66 145 1521 1522 1523 1524 1552 1551 1550 1549 1561 1562 1563 1564 3101 3102 3103 3104 3105 3106 
 144 49 143 1540 1539 1538 1537 1517 1518 1519 1520 1553 1554 1555 1556 3107 3108 3109 3110 3111 3112 
 145 53 144 1548 1547 1546 1545 1544 1543 1542 1541 1557 1558 1559 1560 3113 3114 3115 3116 3117 3118 
 145 144 143 1560 1559 1558 1557 1556 1555 1554 1553 1564 1563 1562 1561 3119 3120 3121 3122 3123 3124 
 145 66 146 1549 1550 1551 1552 1572 1571 1570 1569 1581 1582 1583 1584 3125 3126 3127 3128 3129 3130 
 124 53 145 1224 1223 1222 1221 1545 1546 1547 1548 1573 1574 1575 1576 3131 3132 3133 3134 3135 3136 
 146 62 124 1568 1567 1566 1565 1228 1227 1226 1225 1577 1578 1579 1580 3137 3138 3139 3140 3141 3142 
 146 124 145 1580 1579 1578 1577 1576 1575 1574 1573 1584 1583 1582 1581 3143 3144 3145 3146 3147 3148 
 147 59 148 1588 1587 1586 1585 1593 1594 1595 1596 1609 1610 1611 1612 3149 3150 3151 3152 3153 3154 
 146 66 147 1569 1570 1571 1572 1592 1591 1590 1589 1601 1602 1603 1604 3155 3156 3157 3158 3159 3160 
 148 62 146 1597 1598 1599 1600 1565 1566 1567 1568 1605 1606 1607 1608 3161 3162 3163 3164 3165 3166 
 148 146 147 1608 1607 1606 1605 1604 1603 1602 1601 1612 1611 1610 1609 3167 3168 3169 3170 3171 3172 
 149 50 129 1616 1615 1614 1613 1297 1298 1299 1300 1637 1638 1639 1640 3173 3174 3175 3176 3177 3178 
 150 67 149 1625 1626 1627 1628 1620 1619 1618 1617 1629 1630 1631 1632 3179 3180 3181 3182 3183 3184 
 129 64 150 1301 1302 1303 1304 1621 1622 1623 1624 1633 1634 1635 1636 3185 3186 3187 3188 3189 3190 
 129 150 149 1636 1635 1634 1633 1632 1631 1630 1629 1640 1639 1638 1637 3191 3192 3193 3194 3195 3196 
 151 67 152 1645 1646 1647 1648 1656 1655 1654 1653 1665 1666 1667 1668 3197 3198 3199 3200 3201 3202 
 142 45 151 1512 1511 1510 1509 1641 1642 1643 1644 1657 1658 1659 1660 3203 3204 3205 3206 3207 3208 
 152 66 142 1652 1651 1650 1649 1516 1515 1514 1513 1661 1662 1663 1664 3209 3210 3211 3212 3213 3214 
 152 142 151 1664 1663 1662 1661 1660 1659 1658 1657 1668 1667 1666 1665 3215 3216 3217 3218 3219 3220 
 153 48 84 1673 1674 1675 1676 584 583 582 581 1685 1686 1687 1688 3221 3222 3223 3224 3225 3226 
 70 43 153 361 362 363 364 1669 1670 1671 1672 1677 1678 1679 1680 3227 3228 3229 3230 3231 3232 
 84 6 70 580 579 578 577 357 358 359 360 1681 1682 1683 1684 3233 3234 3235 3236 3237 3238 
 84 70 153 1684 1683 1682 1681 1680 1679 1678 1677 1688 1687 1686 1685 3239 3240 3241 3242 3243 3244 
 154 58 122 1692 1691 1690 1689 1188 1187 1186 1185 1705 1706 1707 1708 3245 3246 3247 3248 3249 3250 
 153 43 154 1672 1671 1670 1669 1696 1695 1694 1693 1697 1698 1699 1700 3251 3252 3253 3254 3255 3256 
 122 48 153 1184 1183 1182 1181 1676 1675 1674 1673 1701 1702 1703 1704 3257 3258 3259 3260 3261 3262 
 122 153 154 1704 1703 1702 1701 1700 1699 1698 1697 1708 1707 1706 1705 3263 3264 3265 3266 3267 3268 
 154 43 72 1693 1694 1695 1696 385 386 387 388 1717 1718 1719 1720 3269 3270 3271 3272 3273 3274 
 114 58 154 1085 1086 1087 1088 1689 1690 1691 1692 1709 1710 1711 1712 3275 3276 3277 3278 3279 3280 
 72 44 114 389 390 391 392 1081 1082 1083 1084 1713 1714 1715 1716 3281 3282 3283 3284 3285 3286 
 72 114 154 1716 1715 1714 1713 1712 1711 1710 1709 1720 1719 1718 1717 3287 3288 3289 3290 3291 3292 
 155 21 91 1724 1723 1722 1721 693 694 695 696 1737 1738 1739 1740 3293 3294 3295 3296 3297 3298 
 149 67 155 1617 1618 1619 1620 1728 1727 1726 1725 1729 1730 1731 1732 3299 3300 3301 3302 3303 3304 
 91 50 149 697 698 699 700 1613 1614 1615 1616 1733 1734 1735 1736 3305 3306 3307 3308 3309 3310 
 91 149 155 1736 1735 1734 1733 1732 1731 1730 1729 1740 1739 1738 1737 3311 3312 3313 3314 3315 3316 
 155 67 151 1725 1726 1727 1728 1648 1647 1646 1645 1749 1750 1751 1752 3317 3318 3319 3320 3321 3322 
 73 21 155 408 407 406 405 1721 1722 1723 1724 1741 1742 1743 1744 3323 3324 3325 3326 3327 3328 
 151 45 73 1644 1643 1642 1641 412 411 410 409 1745 1746 1747 1748 3329 3330 3331 3332 3333 3334 
 151 73 155 1748 1747 1746 1745 1744 1743 1742 1741 1752 1751 1750 1749 3335 3336 3337 3338 3339 3340 
 156 44 71 1757 1758 1759 1760 384 383 382 381 1769 1770 1771 1772 3341 3342 3343 3344 3345 3346 
 16 11 156 204 203 202 201 1753 1754 1755 1756 1761 1762 1763 1764 3347 3348 3349 3350 3351 3352 
 71 12 16 380 379 378 377 208 207 206 205 1765 1766 1767 1768 3353 3354 3355 3356 3357 3358 
 71 16 156 1768 1767 1766 1765 1764 1763 1762 1761 1772 1771 1770 1769 3359 3360 3361 3362 3363 3364 
 157 60 141 1776 1775 1774 1773 1489 1490 1491 1492 1789 1790 1791 1792 3365 3366 3367 3368 3369 3370 
 127 52 157 1272 1271 1270 1269 1780 1779 1778 1777 1781 1782 1783 1784 3371 3372 3373 3374 3375 3376 
 141 63 127 1493 1494 1495 1496 1276 1275 1274 1273 1785 1786 1787 1788 3377 3378 3379 3380 3381 3382 
 141 127 157 1788 1787 1786 1785 1784 1783 1782 1781 1792 1791 1790 1789 3383 3384 3385 3386 3387 3388 
 157 52 106 1777 1778 1779 1780 933 934 935 936 1801 1802 1803 1804 3389 3390 3391 3392 3393 3394 
 118 60 157 1129 1130 1131 1132 1773 1774 1775 1776 1793 1794 1795 1796 3395 3396 3397 3398 3399 3400 
 106 56 118 937 938 939 940 1125 1126 1127 1128 1797 1798 1799 1800 3401 3402 3403 3404 3405 3406 
 106 118 157 1800 1799 1798 1797 1796 1795 1794 1793 1804 1803 1802 1801 3407 3408 3409 3410 3411 3412 
 158 59 139 1808 1807 1806 1805 1461 1462 1463 1464 1821 1822 1823 1824 3413 3414 3415 3416 3417 3418 
 136 61 158 1404 1403 1402 1401 1812 1811 1810 1809 1813 1814 1815 1816 3419 3420 3421 3422 3423 3424 
 139 65 136 1465 1466 1467 1468 1408 1407 1406 1405 1817 1818 1819 1820 3425 3426 3427 3428 3429 3430 
 139 136 158 1820 1819 1818 1817 1816 1815 1814 1813 1824 1823 1822 1821 3431 3432 3433 3434 3435 3436 
 158 61 126 1809 1810 1811 1812 1249 1250 1251 1252 1833 1834 1835 1836 3437 3438 3439 3440 3441 3442 
 148 59 158 1596 1595 1594 1593 1805 1806 1807 1808 1825 1826 1827 1828 3443 3444 3445 3446 3447 3448 
 126 62 148 1253 1254 1255 1256 1600 1599 1598 1597 1829 1830 1831 1832 3449 3450 3451 3452 3453 3454 
 126 148 158 1832 1831 1830 1829 1828 1827 1826 1825 1836 1835 1834 1833 3455 3456 3457 3458 3459 3460 
 159 59 147 1840 1839 1838 1837 1585 1586 1587 1588 1853 1854 1855 1856 3461 3462 3463 3464 3465 3466 
 152 67 159 1653 1654 1655 1656 1844 1843 1842 1841 1845 1846 1847 1848 3467 3468 3469 3470 3471 3472 
 147 66 152 1589 1590 1591 1592 1649 1650 1651 1652 1849 1850 1851 1852 3473 3474 3475 3476 3477 3478 
 147 152 159 1852 1851 1850 1849 1848 1847 1846 1845 1856 1855 1854 1853 3479 3480 3481 3482 3483 3484 
 159 67 150 1841 1842 1843 1844 1628 1627 1626 1625 1865 1866 1867 1868 3485 3486 3487 3488 3489 3490 
 131 59 159 1328 1327 1326 1325 1837 1838 1839 1840 1857 1858 1859 1860 3491 3492 3493 3494 3495 3496 
 150 64 131 1624 1623 1622 1621 1332 1331 1330 1329 1861 1862 1863 1864 3497 3498 3499 3500 3501 3502 
 150 131 159 1864 1863 1862 1861 1860 1859 1858 1857 1868 1867 1866 1865 3503 3504 3505 3506 3507 3508 
 160 53 116 1872 1871 1870 1869 1104 1103 1102 1101 1885 1886 1887 1888 3509 3510 3511 3512 3513 3514 
 156 11 160 1756 1755 1754 1753 1876 1875 1874 1873 1877 1878 1879 1880 3515 3516 3517 3518 3519 3520 
 116 44 156 1100 1099 1098 1097 1760 1759 1758 1757 1881 1882 1883 1884 3521 3522 3523 3524 3525 3526 
 116 156 160 1884 1883 1882 1881 1880 1879 1878 1877 1888 1887 1886 1885 3527 3528 3529 3530 3531 3532 
 160 11 86 1873 1874 1875 1876 605 606 607 608 1897 1898 1899 1900 3533 3534 3535 3536 3537 3538 
 144 53 160 1541 1542 1543 1544 1869 1870 1871 1872 1889 1890 1891 1892 3539 3540 3541 3542 3543 3544 
 86 49 144 609 610 611 612 1537 1538 1539 1540 1893 1894 1895 1896 3545 3546 3547 3548 3549 3550 
 86 144 160 1896 1895 1894 1893 1892 1891 1890 1889 1900 1899 1898 1897 3551 3552 3553 3554 3555 3556 
 solutionOrder
5 5 5 5 
 5 5 5 5 
 5 5 5 5 
 5 5 5 5 
 5 5 5 5 
 5 5 5 5 
 5 5 5 5 
 5 5 5 5 
 5 5 5 5 
 5 5 5 5 
 5 5 5 5 
 5 5 5 5 
 5 5 5 5 
 5 5 5 5 
 5 5 5 5 
 5 5 5 5 
 5 5 5 5 
 5 5 5 5 
 5 5 5 5 
 5 5 5 5 
 5 5 5 5 
 5 5 5 5 
 5 5 5 5 
 5 5 5 5 
 5 5 5 5 
 5 5 5 5 
 5 5 5 5 
 5 5 5 5 
 5 5 5 5 
 5 5 5 5 
 5 5 5 5 
 5 5 5 5 
 5 5 5 5 
 5 5 5 5 
 5 5 5 5 
 5 5 5 5 
 5 5 5 5 
 5 5 5 5 
 5 5 5 5 
 5 5 5 5 
 5 5 5 5 
 5 5 5 5 
 5 5 5 5 
 5 5 5 5 
 5 5 5 5 
 5 5 5 5 
 5 5 5 5 
 5 5 5 5 
 5 5 5 5 
 5 5 5 5 
 5 5 5 5 
 5 5 5 5 
 5 5 5 5 
 5 5 5 5 
 5 5 5 5 
 5 5 5 5 
 5 5 5 5 
 5 5 5 5 
 5 5 5 5 
 5 5 5 5 
 5 5 5 5 
 5 5 5 5 
 5 5 5 5 
 5 5 5 5 
 5 5 5 5 
 5 5 5 5 
 5 5 5 5 
 5 5 5 5 
 5 5 5 5 
 5 5 5 5 
 5 5 5 5 
 5 5 5 5 
 5 5 5 5 
 5 5 5 5 
 5 5 5 5 
 5 5 5 5 
 5 5 5 5 
 5 5 5 5 
 5 5 5 5 
 5 5 5 5 
 5 5 5 5 
 5 5 5 5 
 5 5 5 5 
 5 5 5 5 
 5 5 5 5 
 5 5 5 5 
 5 5 5 5 
 5 5 5 5 
 5 5 5 5 
 5 5 5 5 
 5 5 5 5 
 5 5 5 5 
 5 5 5 5 
 5 5 5 5 
 5 5 5 5 
 5 5 5 5 
 5 5 5 5 
 5 5 5 5 
 5 5 5 5 
 5 5 5 5 
 5 5 5 5 
 5 5 5 5 
 5 5 5 5 
 5 5 5 5 
 5 5 5 5 
 5 5 5 5 
 5 5 5 5 
 5 5 5 5 
 5 5 5 5 
 5 5 5 5 
 5 5 5 5 
 5 5 5 5 
 5 5 5 5 
 5 5 5 5 
 5 5 5 5 
 5 5 5 5 
 5 5 5 5 
 5 5 5 5 
 5 5 5 5 
 5 5 5 5 
 5 5 5 5 
 5 5 5 5 
 5 5 5 5 
 5 5 5 5 
 5 5 5 5 
 5 5 5 5 
 5 5 5 5 
 5 5 5 5 
 5 5 5 5 
 5 5 5 5 
 5 5 5 5 
 5 5 5 5 
 5 5 5 5 
 5 5 5 5 
 5 5 5 5 
 5 5 5 5 
 5 5 5 5 
 5 5 5 5 
 5 5 5 5 
 5 5 5 5 
 5 5 5 5 
 5 5 5 5 
 5 5 5 5 
 5 5 5 5 
 5 5 5 5 
 5 5 5 5 
 5 5 5 5 
 5 5 5 5 
 5 5 5 5 
 5 5 5 5 
 5 5 5 5 
 5 5 5 5 
 5 5 5 5 
 5 5 5 5 
 5 5 5 5 
 5 5 5 5 
 5 5 5 5 
 5 5 5 5 
 5 5 5 5 
 5 5 5 5 
 5 5 5 5 
 5 5 5 5 
 5 5 5 5 
 5 5 5 5 
 5 5 5 5 
 5 5 5 5 
 5 5 5 5 
 5 5 5 5 
 5 5 5 5 
 5 5 5 5 
 5 5 5 5 
 5 5 5 5 
 5 5 5 5 
 5 5 5 5 
 5 5 5 5 
 5 5 5 5 
 5 5 5 5 
 5 5 5 5 
 5 5 5 5 
 5 5 5 5 
 5 5 5 5 
 5 5 5 5 
 5 5 5 5 
 5 5 5 5 
 5 5 5 5 
 5 5 5 5 
 5 5 5 5 
 5 5 5 5 
 5 5 5 5 
 5 5 5 5 
 5 5 5 5 
 5 5 5 5 
 5 5 5 5 
 5 5 5 5 
 5 5 5 5 
 5 5 5 5 
 5 5 5 5 
 5 5 5 5 
 5 5 5 5 
 5 5 5 5 
 5 5 5 5 
 5 5 5 5 
 5 5 5 5 
 5 5 5 5 
 5 5 5 5 
 5 5 5 5 
 5 5 5 5 
 5 5 5 5 
 5 5 5 5 
 5 5 5 5 
 5 5 5 5 
 5 5 5 5 
 5 5 5 5 
 5 5 5 5 
 5 5 5 5 
 5 5 5 5 
 5 5 5 5 
 5 5 5 5 
 5 5 5 5 
 5 5 5 5 
 5 5 5 5 
 5 5 5 5 
 5 5 5 5 
 5 5 5 5 
 5 5 5 5 
 5 5 5 5 
 5 5 5 5 
 5 5 5 5 
 5 5 5 5 
 5 5 5 5 
 5 5 5 5 
 5 5 5 5 
 5 5 5 5 
 5 5 5 5 
 5 5 5 5 
 5 5 5 5 
 5 5 5 5 
 5 5 5 5 
 5 5 5 5 
 5 5 5 5 
 5 5 5 5 
 5 5 5 5 
 5 5 5 5 
 5 5 5 5 
 5 5 5 5 
 5 5 5 5 
 5 5 5 5 
 5 5 5 5 
 5 5 5 5 
 5 5 5 5 
 5 5 5 5 
 5 5 5 5 
 5 5 5 5 
 5 5 5 5 
 5 5 5 5 
 5 5 5 5 
 5 5 5 5 
 5 5 5 5 
 5 5 5 5 
 5 5 5 5 
 5 5 5 5 
 5 5 5 5 
 5 5 5 5 
 5 5 5 5 
 5 5 5 5 
 5 5 5 5 
 5 5 5 5 
 5 5 5 5 
 5 5 5 5 
 5 5 5 5 
 5 5 5 5 
 5 5 5 5 
 5 5 5 5 
 5 5 5 5 
 5 5 5 5 
 5 5 5 5 
 vertexCoord 
0.000000 0.000000 
 1.000000 0.000000 
 1.000000 1.000000 
 0.000000 1.000000 
 -0.000000 0.300000 
 0.000000 0.150000 
 0.000000 0.075000 
 -0.000000 0.225000 
 0.599799 0.000000 
 0.799805 0.000000 
 0.399794 0.000000 
 0.199897 0.000000 
 0.899902 0.000000 
 0.699802 0.000000 
 0.499797 0.000000 
 0.299845 0.000000 
 0.099948 0.000000 
 1.000000 0.599837 
 1.000000 0.799805 
 1.000000 0.399885 
 1.000000 0.199934 
 1.000000 0.899902 
 1.000000 0.699821 
 1.000000 0.499861 
 1.000000 0.299909 
 1.000000 0.099967 
 0.400167 1.000000 
 0.200195 1.000000 
 0.600121 1.000000 
 0.800061 1.000000 
 0.100098 1.000000 
 0.300181 1.000000 
 0.500144 1.000000 
 0.700091 1.000000 
 0.900030 1.000000 
 -0.000000 0.475707 
 -0.000000 0.650606 
 -0.000000 0.825303 
 -0.000000 0.387854 
 -0.000000 0.563157 
 -0.000000 0.737955 
 -0.000000 0.912652 
 0.149138 0.124855 
 0.289763 0.102080 
 0.789673 0.151147 
 0.165673 0.853770 
 0.865923 0.849935 
 0.117873 0.300765 
 0.600328 0.092732 
 0.863002 0.418777 
 0.158498 0.686326 
 0.469676 0.839210 
 0.430136 0.164666 
 0.847360 0.663721 
 0.148929 0.508007 
 0.311446 0.885238 
 0.680546 0.788832 
 0.269851 0.220881 
 0.506444 0.421320 
 0.320804 0.742703 
 0.296646 0.381949 
 0.417231 0.285286 
 0.496286 0.646702 
 0.680699 0.532717 
 0.321268 0.564501 
 0.581840 0.239155 
 0.747230 0.319778 
 0.174517 0.062427 
 0.074569 0.062427 
 0.074569 0.137427 
 0.244830 0.051040 
 0.219450 0.113468 
 0.894837 0.175540 
 0.894837 0.075574 
 0.794739 0.075574 
 0.082837 0.926885 
 0.182934 0.926885 
 0.082837 0.839537 
 0.932961 0.924968 
 0.932961 0.824870 
 0.832992 0.924968 
 0.058937 0.300383 
 0.058937 0.388236 
 0.058937 0.225383 
 0.600064 0.046366 
 0.500061 0.046366 
 0.700066 0.046366 
 0.695001 0.121940 
 0.931501 0.509307 
 0.931501 0.409331 
 0.931501 0.309355 
 0.079249 0.668466 
 0.079249 0.755815 
 0.162085 0.770048 
 0.434921 0.919605 
 0.534898 0.919605 
 0.923680 0.631779 
 0.855181 0.541249 
 0.923680 0.731763 
 0.856641 0.756828 
 0.074465 0.491857 
 0.133401 0.404386 
 0.074465 0.579307 
 0.153713 0.597167 
 0.355806 0.942619 
 0.390561 0.862224 
 0.255821 0.942619 
 0.238559 0.869504 
 0.640334 0.894416 
 0.575111 0.814021 
 0.773234 0.819384 
 0.763953 0.726276 
 0.740303 0.894416 
 0.279807 0.161481 
 0.349994 0.192774 
 0.359950 0.133373 
 0.243238 0.798237 
 0.316125 0.813971 
 0.239651 0.714515 
 0.207260 0.341357 
 0.283248 0.301415 
 0.193862 0.260823 
 0.222788 0.444978 
 0.423684 0.224976 
 0.343541 0.253084 
 0.356938 0.333617 
 0.482981 0.742956 
 0.588416 0.717767 
 0.771850 0.475747 
 0.764029 0.598219 
 0.593571 0.477019 
 0.501365 0.534011 
 0.588492 0.589710 
 0.680622 0.660775 
 0.235098 0.536254 
 0.308957 0.473225 
 0.239883 0.625414 
 0.321036 0.653602 
 0.413856 0.492911 
 0.408777 0.605602 
 0.408545 0.694703 
 0.685757 0.195151 
 0.591084 0.165944 
 0.515232 0.128699 
 0.505988 0.201911 
 0.499536 0.262221 
 0.544142 0.330238 
 0.461837 0.353303 
 0.805116 0.369277 
 0.713964 0.426247 
 0.768452 0.235462 
 0.664535 0.279466 
 0.133506 0.212810 
 0.209494 0.172868 
 0.873615 0.259856 
 0.344779 0.051040 
 0.395240 0.790956 
 0.401545 0.401634 
 0.626837 0.370549 
 0.414965 0.082333 
 bc_tag 
93 
 15 
 10 
 5 
 2 
 101 
 101 
 101 
 21 
 21 
 21 
 21 
 21 
 21 
 21 
 21 
 21 
 16 
 16 
 16 
 16 
 16 
 16 
 16 
 16 
 16 
 11 
 11 
 11 
 11 
 11 
 11 
 11 
 11 
 11 
 6 
 6 
 6 
 6 
 6 
 6 
 6 
 39 
 39 
 39 
 39 
 39 
 39 
 39 
 39 
 39 
 39 
 39 
 39 
 39 
 39 
 39 
 39 
 39 
 39 
 39 
 39 
 39 
 39 
 39 
 39 
 39 
 39 
 39 
 39 
 39 
 39 
 39 
 39 
 39 
 39 
 39 
 39 
 39 
 39 
 39 
 39 
 39 
 39 
 39 
 39 
 39 
 39 
 39 
 39 
 39 
 39 
 39 
 39 
 39 
 39 
 39 
 39 
 39 
 39 
 39 
 39 
 39 
 39 
 39 
 39 
 39 
 39 
 39 
 39 
 39 
 39 
 39 
 39 
 39 
 39 
 39 
 39 
 39 
 39 
 39 
 39 
 39 
 39 
 39 
 39 
 39 
 39 
 39 
 39 
 39 
 39 
 39 
 39 
 39 
 39 
 39 
 39 
 39 
 39 
 39 
 39 
 39 
 39 
 39 
 39 
 39 
 39 
 39 
 39 
 39 
 39 
 39 
 39 
 39 
 39 
 39 
 39 
 39 
 39 
 101 
 101 
 101 
 101 
 101 
 101 
 101 
 101 
 101 
 101 
 101 
 101 
 101 
 101 
 101 
 101 
 21 
 21 
 21 
 21 
 21 
 21 
 21 
 21 
 21 
 21 
 21 
 21 
 21 
 21 
 21 
 21 
 21 
 21 
 21 
 21 
 21 
 21 
 21 
 21 
 21 
 21 
 21 
 21 
 21 
 21 
 21 
 21 
 21 
 21 
 21 
 21 
 21 
 21 
 21 
 21 
 16 
 16 
 16 
 16 
 16 
 16 
 16 
 16 
 16 
 16 
 16 
 16 
 16 
 16 
 16 
 16 
 16 
 16 
 16 
 16 
 16 
 16 
 16 
 16 
 16 
 16 
 16 
 16 
 16 
 16 
 16 
 16 
 16 
 16 
 16 
 16 
 16 
 16 
 16 
 16 
 11 
 11 
 11 
 11 
 11 
 11 
 11 
 11 
 11 
 11 
 11 
 11 
 11 
 11 
 11 
 11 
 11 
 11 
 11 
 11 
 11 
 11 
 11 
 11 
 11 
 11 
 11 
 11 
 11 
 11 
 11 
 11 
 11 
 11 
 11 
 11 
 11 
 11 
 11 
 11 
 6 
 6 
 6 
 6 
 6 
 6 
 6 
 6 
 6 
 6 
 6 
 6 
 6 
 6 
 6 
 6 
 6 
 6 
 6 
 6 
 6 
 6 
 6 
 6 
 6 
 6 
 6 
 6 
 6 
 6 
 6 
 6 
 39 
 39 
 39 
 39 
 39 
 39 
 39 
 39 
 39 
 39 
 39 
 39 
 39 
 39 
 39 
 39 
 39 
 39 
 39 
 39 
 39 
 39 
 39 
 39 
 39 
 39 
 39 
 39 
 39 
 39 
 39 
 39 
 39 
 39 
 39 
 39 
 39 
 39 
 39 
 39 
 39 
 39 
 39 
 39 
 39 
 39 
 39 
 39 
 39 
 39 
 39 
 39 
 39 
 39 
 39 
 39 
 39 
 39 
 39 
 39 
 39 
 39 
 39 
 39 
 39 
 39 
 39 
 39 
 39 
 39 
 39 
 39 
 39 
 39 
 39 
 39 
 39 
 39 
 39 
 39 
 39 
 39 
 39 
 39 
 39 
 39 
 39 
 39 
 39 
 39 
 39 
 39 
 39 
 39 
 39 
 39 
 39 
 39 
 39 
 39 
 39 
 39 
 39 
 39 
 39 
 39 
 39 
 39 
 39 
 39 
 39 
 39 
 39 
 39 
 39 
 39 
 39 
 39 
 39 
 39 
 39 
 39 
 39 
 39 
 39 
 39 
 39 
 39 
 39 
 39 
 39 
 39 
 39 
 39 
 39 
 39 
 39 
 39 
 39 
 39 
 39 
 39 
 39 
 39 
 39 
 39 
 39 
 39 
 39 
 39 
 39 
 39 
 39 
 39 
 39 
 39 
 39 
 39 
 39 
 39 
 39 
 39 
 39 
 39 
 39 
 39 
 39 
 39 
 39 
 39 
 39 
 39 
 39 
 39 
 39 
 39 
 39 
 39 
 39 
 39 
 39 
 39 
 39 
 39 
 39 
 39 
 39 
 39 
 39 
 39 
 39 
 39 
 39 
 39 
 39 
 39 
 39 
 39 
 39 
 39 
 39 
 39 
 39 
 39 
 39 
 39 
 39 
 39 
 39 
 39 
 39 
 39 
 39 
 39 
 39 
 39 
 39 
 39 
 39 
 39 
 39 
 39 
 39 
 39 
 39 
 39 
 39 
 39 
 39 
 39 
 39 
 39 
 39 
 39 
 39 
 39 
 39 
 39 
 39 
 39 
 39 
 39 
 39 
 39 
 39 
 39 
 39 
 39 
 39 
 39 
 39 
 39 
 39 
 39 
 39 
 39 
 39 
 39 
 39 
 39 
 39 
 39 
 39 
 39 
 39 
 39 
 39 
 39 
 39 
 39 
 39 
 39 
 39 
 39 
 39 
 39 
 39 
 39 
 39 
 39 
 39 
 39 
 39 
 39 
 39 
 39 
 39 
 39 
 39 
 39 
 39 
 39 
 39 
 39 
 39 
 39 
 39 
 39 
 39 
 39 
 39 
 39 
 39 
 39 
 39 
 39 
 39 
 39 
 39 
 39 
 39 
 39 
 39 
 39 
 39 
 39 
 39 
 39 
 39 
 39 
 39 
 39 
 39 
 39 
 39 
 39 
 39 
 39 
 39 
 39 
 39 
 39 
 39 
 39 
 39 
 39 
 39 
 39 
 39 
 39 
 39 
 39 
 39 
 39 
 39 
 39 
 39 
 39 
 39 
 39 
 39 
 39 
 39 
 39 
 39 
 39 
 39 
 39 
 39 
 39 
 39 
 39 
 39 
 39 
 39 
 39 
 39 
 39 
 39 
 39 
 39 
 39 
 39 
 39 
 39 
 39 
 39 
 39 
 39 
 39 
 39 
 39 
 39 
 39 
 39 
 39 
 39 
 39 
 39 
 39 
 39 
 39 
 39 
 39 
 39 
 39 
 39 
 39 
 39 
 39 
 39 
 39 
 39 
 39 
 39 
 39 
 39 
 39 
 39 
 39 
 39 
 39 
 39 
 39 
 39 
 39 
 39 
 39 
 39 
 39 
 39 
 39 
 39 
 39 
 39 
 39 
 39 
 39 
 39 
 39 
 39 
 39 
 39 
 39 
 39 
 39 
 39 
 39 
 39 
 39 
 39 
 39 
 39 
 39 
 39 
 39 
 39 
 39 
 39 
 39 
 39 
 39 
 39 
 39 
 39 
 39 
 39 
 39 
 39 
 39 
 39 
 39 
 39 
 39 
 39 
 39 
 39 
 39 
 39 
 39 
 39 
 39 
 39 
 39 
 39 
 39 
 39 
 39 
 39 
 39 
 39 
 39 
 39 
 39 
 39 
 39 
 39 
 39 
 39 
 39 
 39 
 39 
 39 
 39 
 39 
 39 
 39 
 39 
 39 
 39 
 39 
 39 
 39 
 39 
 39 
 39 
 39 
 39 
 39 
 39 
 39 
 39 
 39 
 39 
 39 
 39 
 39 
 39 
 39 
 39 
 39 
 39 
 39 
 39 
 39 
 39 
 39 
 39 
 39 
 39 
 39 
 39 
 39 
 39 
 39 
 39 
 39 
 39 
 39 
 39 
 39 
 39 
 39 
 39 
 39 
 39 
 39 
 39 
 39 
 39 
 39 
 39 
 39 
 39 
 39 
 39 
 39 
 39 
 39 
 39 
 39 
 39 
 39 
 39 
 39 
 39 
 39 
 39 
 39 
 39 
 39 
 39 
 39 
 39 
 39 
 39 
 39 
 39 
 39 
 39 
 39 
 39 
 39 
 39 
 39 
 39 
 39 
 39 
 39 
 39 
 39 
 39 
 39 
 39 
 39 
 39 
 39 
 39 
 39 
 39 
 39 
 39 
 39 
 39 
 39 
 39 
 39 
 39 
 39 
 39 
 39 
 39 
 39 
 39 
 39 
 39 
 39 
 39 
 39 
 39 
 39 
 39 
 39 
 39 
 39 
 39 
 39 
 39 
 39 
 39 
 39 
 39 
 39 
 39 
 39 
 39 
 39 
 39 
 39 
 39 
 39 
 39 
 39 
 39 
 39 
 39 
 39 
 39 
 39 
 39 
 39 
 39 
 39 
 39 
 39 
 39 
 39 
 39 
 39 
 39 
 39 
 39 
 39 
 39 
 39 
 39 
 39 
 39 
 39 
 39 
 39 
 39 
 39 
 39 
 39 
 39 
 39 
 39 
 39 
 39 
 39 
 39 
 39 
 39 
 39 
 39 
 39 
 39 
 39 
 39 
 39 
 39 
 39 
 39 
 39 
 39 
 39 
 39 
 39 
 39 
 39 
 39 
 39 
 39 
 39 
 39 
 39 
 39 
 39 
 39 
 39 
 39 
 39 
 39 
 39 
 39 
 39 
 39 
 39 
 39 
 39 
 39 
 39 
 39 
 39 
 39 
 39 
 39 
 39 
 39 
 39 
 39 
 39 
 39 
 39 
 39 
 39 
 39 
 39 
 39 
 39 
 39 
 39 
 39 
 39 
 39 
 39 
 39 
 39 
 39 
 39 
 39 
 39 
 39 
 39 
 39 
 39 
 39 
 39 
 39 
 39 
 39 
 39 
 39 
 39 
 39 
 39 
 39 
 39 
 39 
 39 
 39 
 39 
 39 
 39 
 39 
 39 
 39 
 39 
 39 
 39 
 39 
 39 
 39 
 39 
 39 
 39 
 39 
 39 
 39 
 39 
 39 
 39 
 39 
 39 
 39 
 39 
 39 
 39 
 39 
 39 
 39 
 39 
 39 
 39 
 39 
 39 
 39 
 39 
 39 
 39 
 39 
 39 
 39 
 39 
 39 
 39 
 39 
 39 
 39 
 39 
 39 
 39 
 39 
 39 
 39 
 39 
 39 
 39 
 39 
 39 
 39 
 39 
 39 
 39 
 39 
 39 
 39 
 39 
 39 
 39 
 39 
 39 
 39 
 39 
 39 
 39 
 39 
 39 
 39 
 39 
 39 
 39 
 39 
 39 
 39 
 39 
 39 
 39 
 39 
 39 
 39 
 39 
 39 
 39 
 39 
 39 
 39 
 39 
 39 
 39 
 39 
 39 
 39 
 39 
 39 
 39 
 39 
 39 
 39 
 39 
 39 
 39 
 39 
 39 
 39 
 39 
 39 
 39 
 39 
 39 
 39 
 39 
 39 
 39 
 39 
 39 
 39 
 39 
 39 
 39 
 39 
 39 
 39 
 39 
 39 
 39 
 39 
 39 
 39 
 39 
 39 
 39 
 39 
 39 
 39 
 39 
 39 
 39 
 39 
 39 
 39 
 39 
 39 
 39 
 39 
 39 
 39 
 39 
 39 
 39 
 39 
 39 
 39 
 39 
 39 
 39 
 39 
 39 
 39 
 39 
 39 
 39 
 39 
 39 
 39 
 39 
 39 
 39 
 39 
 39 
 39 
 39 
 39 
 39 
 39 
 39 
 39 
 39 
 39 
 39 
 39 
 39 
 39 
 39 
 39 
 39 
 39 
 39 
 39 
 39 
 39 
 39 
 39 
 39 
 39 
 39 
 39 
 39 
 39 
 39 
 39 
 39 
 39 
 39 
 39 
 39 
 39 
 39 
 39 
 39 
 39 
 39 
 39 
 39 
 39 
 39 
 39 
 39 
 39 
 39 
 39 
 39 
 39 
 39 
 39 
 39 
 39 
 39 
 39 
 39 
 39 
 39 
 39 
 39 
 39 
 39 
 39 
 39 
 39 
 39 
 39 
 39 
 39 
 39 
 39 
 39 
 39 
 39 
 39 
 39 
 39 
 39 
 39 
 39 
 39 
 39 
 39 
 39 
 39 
 39 
 39 
 39 
 39 
 39 
 39 
 39 
 39 
 39 
 39 
 39 
 39 
 39 
 39 
 39 
 39 
 39 
 39 
 39 
 39 
 39 
 39 
 39 
 39 
 39 
 39 
 39 
 39 
 39 
 39 
 39 
 39 
 39 
 39 
 39 
 39 
 39 
 39 
 39 
 39 
 39 
 39 
 39 
 39 
 39 
 39 
 39 
 39 
 39 
 39 
 39 
 39 
 39 
 39 
 39 
 39 
 39 
 39 
 39 
 39 
 39 
 39 
 39 
 39 
 39 
 39 
 39 
 39 
 39 
 39 
 39 
 39 
 39 
 39 
 39 
 39 
 39 
 39 
 39 
 39 
 39 
 39 
 39 
 39 
 39 
 39 
 39 
 39 
 39 
 39 
 39 
 39 
 39 
 39 
 39 
 39 
 39 
 39 
 39 
 39 
 39 
 39 
 39 
 39 
 39 
 39 
 39 
 39 
 39 
 39 
 39 
 39 
 39 
 39 
 39 
 39 
 39 
 39 
 39 
 39 
 39 
 39 
 39 
 39 
 39 
 39 
 39 
 39 
 39 
 39 
 39 
 39 
 39 
 39 
 39 
 39 
 39 
 39 
 39 
 39 
 39 
 39 
 39 
 39 
 39 
 39 
 39 
 39 
 39 
 39 
 39 
 39 
 39 
 39 
 39 
 39 
 39 
 39 
 39 
 39 
 39 
 39 
 39 
 39 
 39 
 39 
 39 
 39 
 39 
 39 
 39 
 39 
 39 
 39 
 39 
 39 
 39 
 39 
 39 
 39 
 39 
 39 
 39 
 39 
 39 
 39 
 39 
 39 
 39 
 39 
 39 
 39 
 39 
 39 
 39 
 39 
 39 
 39 
 39 
 39 
 39 
 39 
 39 
 39 
 39 
 39 
 39 
 39 
 39 
 39 
 39 
 39 
 39 
 39 
 39 
 39 
 39 
 39 
 39 
 39 
 39 
 39 
 39 
 39 
 39 
 39 
 39 
 39 
 39 
 39 
 39 
 39 
 39 
 39 
 39 
 39 
 39 
 39 
 39 
 39 
 39 
 39 
 39 
 39 
 39 
 39 
 39 
 39 
 39 
 39 
 39 
 39 
 39 
 39 
 39 
 39 
 39 
 39 
 39 
 39 
 39 
 39 
 39 
 39 
 39 
 39 
 39 
 39 
 39 
 39 
 39 
 39 
 39 
 39 
 39 
 39 
 39 
 39 
 39 
 39 
 39 
 39 
 39 
 39 
 39 
 39 
 39 
 39 
 39 
 39 
 39 
 39 
 39 
 39 
 39 
 39 
 39 
 39 
 39 
 39 
 39 
 39 
 39 
 39 
 39 
 39 
 39 
 39 
 39 
 39 
 39 
 39 
 39 
 39 
 39 
 39 
 39 
 39 
 39 
 39 
 39 
 39 
 39 
 39 
 39 
 39 
 39 
 39 
 39 
 39 
 39 
 39 
 39 
 39 
 39 
 39 
 39 
 39 
 39 
 39 
 39 
 39 
 39 
 39 
 39 
 39 
 39 
 39 
 39 
 39 
 39 
 39 
 39 
 39 
 39 
 39 
 39 
 39 
 39 
 39 
 39 
 39 
 39 
 39 
 39 
 39 
 39 
 39 
 39 
 39 
 39 
 39 
 39 
 39 
 39 
 39 
 39 
 39 
 39 
 39 
 39 
 39 
 39 
 39 
 39 
 39 
 39 
 39 
 39 
 39 
 39 
 39 
 39 
 39 
 39 
 39 
 39 
 39 
 39 
 39 
 39 
 39 
 39 
 39 
 39 
 39 
 39 
 39 
 39 
 39 
 39 
 39 
 39 
 39 
 39 
 39 
 39 
 39 
 39 
 39 
 39 
 39 
 39 
 39 
 39 
 39 
 39 
 39 
 39 
 39 
 39 
 39 
 39 
 39 
 39 
 39 
 39 
 39 
 39 
 39 
 39 
 39 
 39 
 39 
 39 
 39 
 39 
 39 
 39 
 39 
 39 
 39 
 39 
 39 
 39 
 39 
 39 
 39 
 39 
 39 
 39 
 39 
 39 
 39 
 39 
 39 
 39 
 39 
 39 
 39 
 39 
 39 
 39 
 39 
 39 
 39 
 39 
 39 
 39 
 39 
 39 
 39 
 39 
 39 
 39 
 39 
 39 
 39 
 39 
 39 
 39 
 39 
 39 
 39 
 39 
 39 
 39 
 39 
 39 
 39 
 39 
 39 
 39 
 39 
 39 
 39 
 39 
 39 
 39 
 39 
 39 
 39 
 39 
 39 
 39 
 39 
 39 
 39 
 39 
 39 
 39 
 39 
 39 
 39 
 39 
 39 
 39 
 39 
 39 
 39 
 39 
 39 
 39 
 39 
 39 
 39 
 39 
 39 
 39 
 39 
 39 
 39 
 39 
 39 
 39 
 39 
 39 
 39 
 39 
 39 
 39 
 39 
 39 
 39 
 39 
 39 
 39 
 39 
 39 
 39 
 39 
 39 
 39 
 39 
 39 
 39 
 39 
 39 
 39 
 39 
 39 
 39 
 39 
 39 
 39 
 39 
 39 
 39 
 39 
 39 
 39 
 39 
 39 
 39 
 39 
 39 
 39 
 39 
 39 
 39 
 39 
 39 
 39 
 39 
 39 
 39 
 39 
 39 
 39 
 39 
 39 
 39 
 39 
 39 
 39 
 39 
 39 
 39 
 39 
 39 
 39 
 39 
 39 
 39 
 39 
 39 
 39 
 39 
 39 
 39 
 39 
 39 
 39 
 39 
 39 
 39 
 39 
 39 
 39 
 39 
 39 
 39 
 39 
 39 
 39 
 39 
 39 
 39 
 39 
 39 
 39 
 39 
 39 
 39 
 39 
 39 
 39 
 39 
 39 
 39 
 39 
 39 
 39 
 39 
 39 
 39 
 39 
 39 
 39 
 39 
 39 
 39 
 39 
 39 
 39 
 39 
 39 
 39 
 39 
 39 
 39 
 39 
 39 
 39 
 39 
 39 
 39 
 39 
 39 
 39 
 39 
 39 
 39 
 39 
 39 
 39 
 39 
 39 
 39 
 39 
 39 
 39 
 39 
 39 
 39 
 39 
 39 
 39 
 39 
 39 
 39 
 39 
 39 
 39 
 39 
 39 
 39 
 39 
 39 
 39 
 39 
 39 
 39 
 39 
 39 
 39 
 39 
 39 
 39 
 39 
 39 
 39 
 39 
 39 
 39 
 39 
 39 
 39 
 39 
 39 
 39 
 39 
 39 
 39 
 39 
 39 
 39 
 39 
 39 
 39 
 39 
 39 
 39 
 39 
 39 
 39 
 39 
 39 
 39 
 39 
 39 
 39 
 39 
 39 
 39 
 39 
 39 
 39 
 39 
 39 
 39 
 39 
 39 
 39 
 39 
 39 
 39 
 39 
 39 
 39 
 39 
 39 
 39 
 39 
 39 
 39 
 39 
 39 
 39 
 39 
 39 
 39 
 39 
 39 
 39 
 39 
 39 
 39 
 39 
 39 
 39 
 39 
 39 
 39 
 39 
 39 
 39 
 39 
 39 
 39 
 39 
 39 
 39 
 39 
 39 
 39 
 39 
 39 
 39 
 39 
 39 
 39 
 39 
 39 
 39 
 39 
 39 
 39 
 39 
 39 
 39 
 39 
 39 
 39 
 39 
 39 
 39 
 39 
 39 
 39 
 39 
 39 
 39 
 39 
 39 
 39 
 39 
 39 
 39 
 39 
 39 
 39 
 39 
 39 
 39 
 39 
 39 
 39 
 39 
 39 
 39 
 39 
 39 
 39 
 39 
 39 
 39 
 39 
 39 
 39 
 39 
 39 
 39 
 39 
 39 
 39 
 39 
 39 
 39 
 39 
 39 
 39 
 39 
 39 
 39 
 39 
 39 
 39 
 39 
 39 
 39 
 39 
 39 
 39 
 39 
 39 
 39 
 39 
 39 
 39 
 39 
 39 
 39 
 39 
 39 
 39 
 39 
 39 
 39 
 39 
 39 
 39 
 39 
 39 
 39 
 39 
 39 
 39 
 39 
 39 
 39 
 39 
 39 
 39 
 39 
 39 
 39 
 39 
 39 
 39 
 39 
 39 
 39 
 39 
 39 
 39 
 39 
 39 
 39 
 39 
 39 
 39 
 39 
 39 
 39 
 39 
 39 
 39 
 39 
 39 
 39 
 39 
 39 
 39 
 39 
 39 
 39 
 39 
 39 
 39 
 39 
 39 
 39 
 39 
 39 
 39 
 39 
 39 
 39 
 39 
 39 
 39 
 39 
 39 
 39 
 39 
 39 
 39 
 39 
 39 
 39 
 39 
 39 
 39 
 39 
 39 
 39 
 39 
 39 
 39 
 39 
 39 
 39 
 39 
 39 
 39 
 39 
 39 
 39 
 39 
 39 
 39 
 39 
 39 
 39 
 39 
 39 
 39 
 39 
 39 
 39 
 39 
 39 
 39 
 39 
 39 
 39 
 39 
 39 
 39 
 39 
 39 
 39 
 39 
 39 
 39 
 39 
 39 
 39 
 39 
 39 
 39 
 39 
 39 
 39 
 39 
 39 
 39 
 39 
 39 
 39 
 39 
 39 
 39 
 39 
 39 
 39 
 39 
 39 
 39 
 39 
 39 
 39 
 39 
 39 
 39 
 39 
 39 
 39 
 39 
 39 
 39 
 39 
 39 
 39 
 39 
 39 
 39 
 39 
 39 
 39 
 39 
 39 
 39 
 39 
 39 
 39 
 39 
 39 
 39 
 39 
 39 
 39 
 39 
 39 
 39 
 39 
 39 
 39 
 39 
 39 
 39 
 39 
 39 
 39 
 39 
 39 
 39 
 39 
 39 
 39 
 39 
 39 
 39 
 39 
 39 
 39 
 39 
 39 
 39 
 39 
 39 
 39 
 39 
 39 
 39 
 39 
 39 
 39 
 39 
 39 
 39 
 39 
 39 
 39 
 39 
 39 
 39 
 39 
 39 
 39 
 39 
 39 
 39 
 39 
 39 
 39 
 39 
 39 
 39 
 39 
 39 
 39 
 39 
 39 
 39 
 39 
 39 
 39 
 39 
 39 
 39 
 39 
 39 
 39 
 39 
 39 
 39 
 39 
 39 
 39 
 39 
 39 
 39 
 39 
 39 
 39 
 39 
 39 
 39 
 39 
 39 
 39 
 39 
 39 
 39 
 39 
 39 
 39 
 39 
 39 
 39 
 39 
 39 
 39 
 39 
 39 
 39 
 39 
 39 
 39 
 39 
 39 
 39 
 39 
 39 
 39 
 39 
 39 
 39 
 39 
 39 
 39 
 39 
 39 
 39 
 39 
 39 
 39 
 39 
 39 
 39 
 39 
 39 
 39 
 39 
 39 
 39 
 39 
 39 
 39 
 39 
 39 
 39 
 39 
 39 
 39 
 39 
 39 
 39 
 39 
 39 
 39 
 39 
 39 
 39 
 39 
 39 
 39 
 39 
 39 
 39 
 39 
 39 
 39 
 39 
 39 
 39 
 39 
 39 
 39 
 39 
 39 
 39 
 39 
 39 
 39 
 39 
 39 
 39 
 39 
 39 
 39 
 39 
 39 
 39 
 39 
 39 
 39 
 39 
 39 
 39 
 39 
 39 
 39 
 39 
 39 
 39 
 39 
 39 
 39 
 39 
 39 
 39 
 39 
 39 
 39 
 39 
 39 
 39 
 39 
 39 
 39 
 39 
 39 
 39 
 39 
 39 
 39 
 39 
 39 
 39 
 39 
 39 
 39 
 39 
 39 
 39 
 39 
 39 
 39 
 39 
 39 
 39 
 39 
 39 
 39 
 39 
 39 
 39 
 39 
 39 
 39 
 39 
 39 
 39 
 39 
 39 
 39 
 39 
 39 
 39 
 39 
 39 
 39 
 39 
 39 
 39 
 39 
 39 
 39 
 39 
 39 
 39 
 39 
 39 
 39 
 39 
 39 
 39 
 39 
 39 
 39 
 39 
 39 
 39 
 39 
 39 
 39 
 39 
 39 
 39 
 39 
 39 
 39 
 39 
 39 
 39 
 39 
 39 
 39 
 39 
 39 
 39 
 39 
 39 
 39 
 39 
 39 
 39 
 39 
 39 
 39 
 39 
 39 
 39 
 39 
 39 
 39 
 39 
 39 
 39 
 39 
 39 
 39 
 39 
 39 
 39 
 39 
 39 
 39 
 39 
 39 
 39 
 39 
 39 
 39 
 39 
 39 
 39 
 39 
 39 
 39 
 39 
 39 
 39 
 39 
 39 
 39 
 39 
 39 
 39 
 39 
 39 
 39 
 39 
 39 
 39 
 39 
 39 
 39 
 39 
 39 
 39 
 39 
 39 
 39 
 39 
 39 
 39 
 39 
 39 
 39 
 39 
 39 
 39 
 39 
 39 
 39 
 39 
 39 
 39 
 39 
 39 
 39 
 39 
 39 
 39 
 39 
 39 
 39 
 39 
 39 
 39 
 39 
 39 
 39 
 39 
 39 
 39 
 39 
 39 
 39 
 39 
 39 
 39 
 39 
 39 
 39 
 39 
 39 
 39 
 39 
 39 
 39 
 39 
 39 
 39 
 39 
 39 
 39 
 39 
 39 
 39 
 39 
 39 
 39 
 39 
 39 
 39 
 39 
 39 
 39 
 39 
 39 
 39 
 39 
 39 
 39 
 39 
 39 
 39 
 39 
 39 
 39 
 39 
 39 
 39 
 39 
 39 
 39 
 39 
 39 
 39 
 39 
 39 
 39 
 39 
 39 
 39 
 39 
 39 
 39 
 39 
 39 
 39 
 39 
 39 
 39 
 39 
 39 
 39 
 39 
 39 
 39 
 39 
 39 
 39 
 39 
 39 
 39 
 39 
 39 
 39 
 39 
 39 
 39 
 39 
 39 
 39 
 39 
 39 
 39 
 39 
 39 
 39 
 39 
 39 
 39 
 39 
 39 
 39 
 39 
 39 
 39 
 39 
 39 
 39 
 39 
 39 
 39 
 39 
 39 
 39 
 39 
 39 
 39 
 39 
 39 
 39 
 39 
 39 
 39 
 39 
 39 
 39 
 39 
 39 
 39 
 39 
 39 
 39 
 39 
 39 
 39 
 39 
 39 
 39 
 39 
 39 
 39 
 39 
 39 
 39 
 39 
 39 
 39 
 39 
 39 
 39 
 39 
 39 
 39 
 39 
 39 
 39 
 39 
 39 
 39 
 39 
 39 
 39 
 39 
 39 
 39 
 39 
 39 
 39 
 39 
 39 
 39 
 39 
 39 
 39 
 39 
 39 
 39 
 39 
 39 
 39 
 39 
 39 
 39 
 39 
 39 
 39 
 39 
 39 
 39 
 39 
 39 
 39 
 39 
 39 
 39 
 39 
 39 
 39 
 39 
 39 
 39 
 39 
 39 
 39 
 39 
 39 
 39 
 39 
 39 
 39 
 39 
 39 
 39 
 39 
 39 
 39 
 39 
 39 
 39 
 39 
 39 
 39 
 39 
 39 
 39 
 39 
 39 
 39 
 39 
 39 
 39 
 39 
 39 
 39 
 39 
 39 
 39 
 39 
 39 
 39 
 39 
 39 
 39 
 39 
 39 
 39 
 39 
 39 
 39 
 39 
 39 
 39 
 39 
 39 
 39 
 39 
 39 
 39 
 39 
 39 
 39 
 39 
 39 
 39 
 39 
 39 
 39 
 39 
 39 
 39 
 39 
 39 
 39 
 39 
 39 
 39 
 39 
 39 
 39 
 39 
 39 
 39 
 39 
 39 
 39 
 39 
 39 
 39 
 39 
 39 
 39 
 39 
 39 
 39 
 39 
 39 
 39 
 39 
 39 
 39 
 39 
 39 
 39 
 39 
 39 
 39 
 39 
 39 
 39 
 39 
 39 
 39 
 39 
 39 
 39 
 39 
 39 
 39 
 39 
 39 
 39 
 39 
 39 
 39 
 39 
 39 
 39 
 39 
 39 
 39 
 39 
 39 
 39 
 39 
 39 
 39 
 39 
 39 
 39 
 39 
 39 
 39 
 39 
 39 
 39 
 39 
 39 
 39 
 39 
 39 
 39 
 39 
 39 
 39 
 39 
 39 
 39 
 39 
 39 
 39 
 39 
 39 
 39 
 39 
 39 
 39 
 39 
 39 
 39 
 39 
 39 
 39 
 39 
 39 
 39 
 39 
 39 
 39 
 39 
 39 
 39 
 39 
 39 
 39 
 39 
 39 
 39 
 39 
 39 
 39 
 39 
 39 
 39 
 39 
 39 
 39 
 39 
 39 
 39 
 39 
 39 
 39 
 39 
 39 
 39 
 39 
 39 
 39 
 39 
 39 
 39 
 39 
 39 
 39 
 39 
 39 
 39 
 39 
 39 
 39 
 39 
 39 
 39 
 39 
 39 
 39 
 39 
 39 
 39 
 39 
 39 
 39 
 39 
 39 
 39 
 39 
 39 
 39 
 39 
 39 
 39 
 39 
 39 
 39 
 39 
 39 
 39 
 39 
 39 
 39 
 39 
 39 
 39 
 39 
 39 
 39 
 39 
 39 
 39 
 39 
 39 
 39 
 39 
 39 
 39 
 39 
 39 
 39 
 39 
 39 
 39 
 39 
 39 
 39 
 39 
 39 
 39 
 39 
 39 
 39 
 39 
 39 
 39 
 39 
 39 
 39 
 39 
 39 
 39 
 39 
 39 
 39 
 39 
 39 
 39 
 39 
 39 
 39 
 39 
 39 
 39 
 39 
 39 
 39 
 39 
 39 
 39 
 39 
 39 
 39 
 39 
 39 
 39 
 39 
 39 
 39 
 39 
 39 
 39 
 39 
 39 
 39 
 39 
 39 
 39 
 39 
 39 
 39 
 39 
 39 
 39 
 39 
 39 
 39 
 39 
 39 
 39 
 39 
 39 
 39 
 39 
 39 
 39 
 39 
 39 
 39 
 39 
 39 
 39 
 39 
 39 
 39 
 39 
 39 
 39 
 39 
 39 
 39 
 39 
 39 
 39 
 39 
 39 
 39 
 39 
 39 
 39 
 39 
 39 
 39 
 39 
 39 
 39 
 39 
 39 
 39 
 39 
 39 
 39 
 39 
 39 
 39 
 39 
 39 
 39 
 39 
 39 
 39 
 39 
 39 
 39 
 39 
 39 
 39 
 39 
 39 
 39 
 39 
 39 
 39 
 39 
 39 
 39 
 39 
 39 
 39 
 39 
 39 
 39 
 39 
 39 
 39 
 39 
 39 
 39 
 39 
 39 
 39 
 39 
 39 
 39 
 39 
 39 
 39 
 39 
 39 
 39 
 39 
 39 
 39 
 39 
 39 
 39 
 39 
 39 
 39 
 39 
 39 
 39 
 39 
 39 
 39 
 39 
 39 
 39 
 39 
 39 
 39 
 39 
 39 
 39 
 39 
 39 
 39 
 39 
 39 
 39 
 39 
 39 
 39 
 39 
 39 
 39 
 39 
 39 
 39 
 39 
 39 
 39 
 39 
 39 
 39 
 39 
 39 
 39 
 39 
 39 
 39 
 39 
 39 
 39 
 39 
 39 
 39 
 39 
 39 
 39 
 39 
 39 
 39 
 39 
 39 
 39 
 39 
 39 
 39 
 39 
 39 
 39 
 39 
 39 
 39 
 39 
 39 
 39 
 39 
 39 
 39 
 39 
 39 
 39 
 39 
 39 
 39 
 39 
 39 
 39 
 39 
 39 
 39 
 39 
 39 
 39 
 39 
 39 
 39 
 39 
 39 
 edgeUsage
0 1 0 
 1 0 0 
 1 1 0 
 1 1 1 
 0 1 0 
 1 0 0 
 1 1 0 
 1 1 1 
 0 1 0 
 1 0 0 
 1 1 0 
 1 1 1 
 0 1 0 
 1 0 0 
 1 1 0 
 1 1 1 
 0 1 0 
 1 0 0 
 1 1 0 
 1 1 1 
 0 1 0 
 1 0 0 
 1 1 0 
 1 1 1 
 0 1 0 
 1 0 0 
 1 1 0 
 1 1 1 
 0 1 0 
 1 0 0 
 1 1 0 
 1 1 1 
 0 1 0 
 1 0 0 
 1 1 0 
 1 1 1 
 0 1 0 
 1 0 0 
 1 1 0 
 1 1 1 
 0 1 0 
 1 0 0 
 1 1 0 
 1 1 1 
 0 1 0 
 1 0 0 
 1 1 0 
 1 1 1 
 1 0 0 
 0 1 0 
 0 0 0 
 1 1 1 
 0 1 0 
 1 0 0 
 1 1 0 
 1 1 1 
 0 1 0 
 1 0 0 
 1 1 0 
 1 1 1 
 0 1 0 
 1 0 0 
 1 1 0 
 1 1 1 
 0 1 0 
 1 0 0 
 1 1 0 
 1 1 1 
 0 1 0 
 1 0 0 
 1 1 0 
 1 1 1 
 0 1 0 
 1 0 0 
 1 1 0 
 1 1 1 
 0 1 0 
 1 0 0 
 1 1 0 
 1 1 1 
 1 0 0 
 0 1 0 
 0 0 0 
 1 1 1 
 0 1 0 
 1 0 0 
 1 1 0 
 1 1 1 
 1 0 0 
 0 1 0 
 0 0 0 
 1 1 1 
 0 1 0 
 1 0 0 
 1 1 0 
 1 1 1 
 0 1 0 
 1 0 0 
 1 1 0 
 1 1 1 
 0 1 0 
 1 0 0 
 1 1 0 
 1 1 1 
 1 0 0 
 0 1 0 
 0 0 0 
 1 1 1 
 0 1 0 
 1 0 0 
 1 1 0 
 1 1 1 
 1 0 0 
 0 1 0 
 0 0 0 
 1 1 1 
 0 1 0 
 1 0 0 
 1 1 0 
 1 1 1 
 0 1 0 
 1 0 0 
 1 1 0 
 1 1 1 
 0 1 0 
 1 0 0 
 1 1 0 
 1 1 1 
 1 0 0 
 0 1 0 
 0 0 0 
 1 1 1 
 0 1 0 
 1 0 0 
 1 1 0 
 1 1 1 
 1 0 0 
 0 1 0 
 0 0 0 
 1 1 1 
 1 0 0 
 0 1 0 
 0 0 0 
 1 1 1 
 0 1 0 
 1 0 0 
 1 1 0 
 1 1 1 
 0 1 0 
 1 0 0 
 1 1 0 
 1 1 1 
 0 1 0 
 1 0 0 
 1 1 0 
 1 1 1 
 0 1 0 
 1 0 0 
 1 1 0 
 1 1 1 
 1 0 0 
 0 1 0 
 0 0 0 
 1 1 1 
 0 1 0 
 1 0 0 
 1 1 0 
 1 1 1 
 1 0 0 
 0 1 0 
 0 0 0 
 1 1 1 
 1 0 0 
 0 1 0 
 0 0 0 
 1 1 1 
 1 0 0 
 0 1 0 
 0 0 0 
 1 1 1 
 0 1 0 
 1 0 0 
 1 1 0 
 1 1 1 
 1 0 0 
 0 1 0 
 0 0 0 
 1 1 1 
 1 0 0 
 0 1 0 
 0 0 0 
 1 1 1 
 0 1 0 
 1 0 0 
 1 1 0 
 1 1 1 
 0 1 0 
 1 0 0 
 1 1 0 
 1 1 1 
 0 1 0 
 1 0 0 
 1 1 0 
 1 1 1 
 0 1 0 
 1 0 0 
 1 1 0 
 1 1 1 
 1 0 0 
 0 1 0 
 0 0 0 
 1 1 1 
 1 0 0 
 0 1 0 
 0 0 0 
 1 1 1 
 0 1 0 
 1 0 0 
 1 1 0 
 1 1 1 
 0 1 0 
 0 0 0 
 1 0 0 
 1 1 1 
 1 1 0 
 1 1 0 
 1 1 0 
 1 1 1 
 0 0 0 
 0 0 0 
 0 0 0 
 1 1 1 
 1 0 0 
 0 1 0 
 0 0 0 
 1 1 1 
 0 1 0 
 1 0 0 
 1 1 0 
 1 1 1 
 0 1 0 
 1 0 0 
 1 1 0 
 1 1 1 
 1 0 0 
 1 1 0 
 0 1 0 
 1 1 1 
 0 0 0 
 0 0 0 
 0 0 0 
 1 1 1 
 1 0 0 
 1 1 0 
 0 1 0 
 1 1 1 
 0 0 0 
 1 0 0 
 0 1 0 
 1 1 1 
 1 0 0 
 0 1 0 
 0 0 0 
 1 1 1 
 0 1 0 
 1 0 0 
 1 1 0 
 1 1 1 
 1 1 0 
 1 1 0 
 1 1 0 
 1 1 1 
 0 0 0 
 0 0 0 
 0 0 0 
 1 1 1 
 EdgeNode 
1 7 161 162 163 164 
 7 6 165 166 167 168 
 6 8 169 170 171 172 
 8 5 173 174 175 176 
 2 13 177 178 179 180 
 13 10 181 182 183 184 
 10 14 185 186 187 188 
 14 9 189 190 191 192 
 9 15 193 194 195 196 
 15 11 197 198 199 200 
 11 16 201 202 203 204 
 16 12 205 206 207 208 
 12 17 209 210 211 212 
 17 1 213 214 215 216 
 3 22 217 218 219 220 
 22 19 221 222 223 224 
 19 23 225 226 227 228 
 23 18 229 230 231 232 
 18 24 233 234 235 236 
 24 20 237 238 239 240 
 20 25 241 242 243 244 
 25 21 245 246 247 248 
 21 26 249 250 251 252 
 26 2 253 254 255 256 
 4 31 257 258 259 260 
 31 28 261 262 263 264 
 28 32 265 266 267 268 
 32 27 269 270 271 272 
 27 33 273 274 275 276 
 33 29 277 278 279 280 
 29 34 281 282 283 284 
 34 30 285 286 287 288 
 30 35 289 290 291 292 
 35 3 293 294 295 296 
 5 39 297 298 299 300 
 39 36 301 302 303 304 
 36 40 305 306 307 308 
 40 37 309 310 311 312 
 37 41 313 314 315 316 
 41 38 317 318 319 320 
 38 42 321 322 323 324 
 42 4 325 326 327 328 
 12 68 329 330 331 332 
 68 43 333 334 335 336 
 1 69 337 338 339 340 
 69 43 341 342 343 344 
 68 17 345 346 347 348 
 17 69 349 350 351 352 
 69 68 353 354 355 356 
 6 70 357 358 359 360 
 70 43 361 362 363 364 
 69 7 365 366 367 368 
 7 70 369 370 371 372 
 70 69 373 374 375 376 
 12 71 377 378 379 380 
 71 44 381 382 383 384 
 43 72 385 386 387 388 
 72 44 389 390 391 392 
 71 68 393 394 395 396 
 68 72 397 398 399 400 
 72 71 401 402 403 404 
 21 73 405 406 407 408 
 73 45 409 410 411 412 
 2 74 413 414 415 416 
 74 45 417 418 419 420 
 73 26 421 422 423 424 
 26 74 425 426 427 428 
 74 73 429 430 431 432 
 10 75 433 434 435 436 
 75 45 437 438 439 440 
 74 13 441 442 443 444 
 13 75 445 446 447 448 
 75 74 449 450 451 452 
 4 76 453 454 455 456 
 76 46 457 458 459 460 
 28 77 461 462 463 464 
 77 46 465 466 467 468 
 76 31 469 470 471 472 
 31 77 473 474 475 476 
 77 76 477 478 479 480 
 38 78 481 482 483 484 
 78 46 485 486 487 488 
 78 42 489 490 491 492 
 42 76 493 494 495 496 
 76 78 497 498 499 500 
 3 79 501 502 503 504 
 79 47 505 506 507 508 
 19 80 509 510 511 512 
 80 47 513 514 515 516 
 79 22 517 518 519 520 
 22 80 521 522 523 524 
 80 79 525 526 527 528 
 30 81 529 530 531 532 
 81 47 533 534 535 536 
 81 35 537 538 539 540 
 35 79 541 542 543 544 
 79 81 545 546 547 548 
 5 82 549 550 551 552 
 82 48 553 554 555 556 
 36 83 557 558 559 560 
 83 48 561 562 563 564 
 82 39 565 566 567 568 
 39 83 569 570 571 572 
 83 82 573 574 575 576 
 6 84 577 578 579 580 
 84 48 581 582 583 584 
 84 8 585 586 587 588 
 8 82 589 590 591 592 
 82 84 593 594 595 596 
 9 85 597 598 599 600 
 85 49 601 602 603 604 
 11 86 605 606 607 608 
 86 49 609 610 611 612 
 85 15 613 614 615 616 
 15 86 617 618 619 620 
 86 85 621 622 623 624 
 10 87 625 626 627 628 
 87 49 629 630 631 632 
 45 88 633 634 635 636 
 88 49 637 638 639 640 
 87 88 641 642 643 644 
 88 75 645 646 647 648 
 75 87 649 650 651 652 
 87 14 653 654 655 656 
 14 85 657 658 659 660 
 85 87 661 662 663 664 
 18 89 665 666 667 668 
 89 50 669 670 671 672 
 20 90 673 674 675 676 
 90 50 677 678 679 680 
 89 24 681 682 683 684 
 24 90 685 686 687 688 
 90 89 689 690 691 692 
 21 91 693 694 695 696 
 91 50 697 698 699 700 
 90 25 701 702 703 704 
 25 91 705 706 707 708 
 91 90 709 710 711 712 
 37 92 713 714 715 716 
 92 51 717 718 719 720 
 38 93 721 722 723 724 
 93 51 725 726 727 728 
 92 41 729 730 731 732 
 41 93 733 734 735 736 
 93 92 737 738 739 740 
 46 94 741 742 743 744 
 94 51 745 746 747 748 
 93 78 749 750 751 752 
 78 94 753 754 755 756 
 94 93 757 758 759 760 
 27 95 761 762 763 764 
 95 52 765 766 767 768 
 29 96 769 770 771 772 
 96 52 773 774 775 776 
 95 33 777 778 779 780 
 33 96 781 782 783 784 
 96 95 785 786 787 788 
 18 97 789 790 791 792 
 97 54 793 794 795 796 
 50 98 797 798 799 800 
 98 54 801 802 803 804 
 97 89 805 806 807 808 
 89 98 809 810 811 812 
 98 97 813 814 815 816 
 19 99 817 818 819 820 
 99 54 821 822 823 824 
 47 100 825 826 827 828 
 100 54 829 830 831 832 
 99 100 833 834 835 836 
 100 80 837 838 839 840 
 80 99 841 842 843 844 
 99 23 845 846 847 848 
 23 97 849 850 851 852 
 97 99 853 854 855 856 
 36 101 857 858 859 860 
 101 55 861 862 863 864 
 48 102 865 866 867 868 
 102 55 869 870 871 872 
 101 102 873 874 875 876 
 102 83 877 878 879 880 
 83 101 881 882 883 884 
 37 103 885 886 887 888 
 103 55 889 890 891 892 
 101 40 893 894 895 896 
 40 103 897 898 899 900 
 103 101 901 902 903 904 
 51 104 905 906 907 908 
 104 55 909 910 911 912 
 103 92 913 914 915 916 
 92 104 917 918 919 920 
 104 103 921 922 923 924 
 27 105 925 926 927 928 
 105 56 929 930 931 932 
 52 106 933 934 935 936 
 106 56 937 938 939 940 
 105 95 941 942 943 944 
 95 106 945 946 947 948 
 106 105 949 950 951 952 
 28 107 953 954 955 956 
 107 56 957 958 959 960 
 46 108 961 962 963 964 
 108 56 965 966 967 968 
 107 108 969 970 971 972 
 108 77 973 974 975 976 
 77 107 977 978 979 980 
 107 32 981 982 983 984 
 32 105 985 986 987 988 
 105 107 989 990 991 992 
 29 109 993 994 995 996 
 109 57 997 998 999 1000 
 52 110 1001 1002 1003 1004 
 110 57 1005 1006 1007 1008 
 109 110 1009 1010 1011 1012 
 110 96 1013 1014 1015 1016 
 96 109 1017 1018 1019 1020 
 47 111 1021 1022 1023 1024 
 111 57 1025 1026 1027 1028 
 54 112 1029 1030 1031 1032 
 112 57 1033 1034 1035 1036 
 111 100 1037 1038 1039 1040 
 100 112 1041 1042 1043 1044 
 112 111 1045 1046 1047 1048 
 30 113 1049 1050 1051 1052 
 113 57 1053 1054 1055 1056 
 109 34 1057 1058 1059 1060 
 34 113 1061 1062 1063 1064 
 113 109 1065 1066 1067 1068 
 113 81 1069 1070 1071 1072 
 81 111 1073 1074 1075 1076 
 111 113 1077 1078 1079 1080 
 44 114 1081 1082 1083 1084 
 114 58 1085 1086 1087 1088 
 53 115 1089 1090 1091 1092 
 115 58 1093 1094 1095 1096 
 44 116 1097 1098 1099 1100 
 116 53 1101 1102 1103 1104 
 114 115 1105 1106 1107 1108 
 115 116 1109 1110 1111 1112 
 116 114 1113 1114 1115 1116 
 46 117 1117 1118 1119 1120 
 117 60 1121 1122 1123 1124 
 56 118 1125 1126 1127 1128 
 118 60 1129 1130 1131 1132 
 117 108 1133 1134 1135 1136 
 108 118 1137 1138 1139 1140 
 118 117 1141 1142 1143 1144 
 51 119 1145 1146 1147 1148 
 119 60 1149 1150 1151 1152 
 117 119 1153 1154 1155 1156 
 119 94 1157 1158 1159 1160 
 94 117 1161 1162 1163 1164 
 48 120 1165 1166 1167 1168 
 120 61 1169 1170 1171 1172 
 58 121 1173 1174 1175 1176 
 121 61 1177 1178 1179 1180 
 48 122 1181 1182 1183 1184 
 122 58 1185 1186 1187 1188 
 120 121 1189 1190 1191 1192 
 121 122 1193 1194 1195 1196 
 122 120 1197 1198 1199 1200 
 55 123 1201 1202 1203 1204 
 123 61 1205 1206 1207 1208 
 120 102 1209 1210 1211 1212 
 102 123 1213 1214 1215 1216 
 123 120 1217 1218 1219 1220 
 53 124 1221 1222 1223 1224 
 124 62 1225 1226 1227 1228 
 58 125 1229 1230 1231 1232 
 125 62 1233 1234 1235 1236 
 124 115 1237 1238 1239 1240 
 115 125 1241 1242 1243 1244 
 125 124 1245 1246 1247 1248 
 61 126 1249 1250 1251 1252 
 126 62 1253 1254 1255 1256 
 125 121 1257 1258 1259 1260 
 121 126 1261 1262 1263 1264 
 126 125 1265 1266 1267 1268 
 52 127 1269 1270 1271 1272 
 127 63 1273 1274 1275 1276 
 57 128 1277 1278 1279 1280 
 128 63 1281 1282 1283 1284 
 127 110 1285 1286 1287 1288 
 110 128 1289 1290 1291 1292 
 128 127 1293 1294 1295 1296 
 50 129 1297 1298 1299 1300 
 129 64 1301 1302 1303 1304 
 54 130 1305 1306 1307 1308 
 130 64 1309 1310 1311 1312 
 129 130 1313 1314 1315 1316 
 130 98 1317 1318 1319 1320 
 98 129 1321 1322 1323 1324 
 59 131 1325 1326 1327 1328 
 131 64 1329 1330 1331 1332 
 59 132 1333 1334 1335 1336 
 132 63 1337 1338 1339 1340 
 63 133 1341 1342 1343 1344 
 133 64 1345 1346 1347 1348 
 131 132 1349 1350 1351 1352 
 132 133 1353 1354 1355 1356 
 133 131 1357 1358 1359 1360 
 57 134 1361 1362 1363 1364 
 134 64 1365 1366 1367 1368 
 134 133 1369 1370 1371 1372 
 133 128 1373 1374 1375 1376 
 128 134 1377 1378 1379 1380 
 130 134 1381 1382 1383 1384 
 134 112 1385 1386 1387 1388 
 112 130 1389 1390 1391 1392 
 55 135 1393 1394 1395 1396 
 135 65 1397 1398 1399 1400 
 61 136 1401 1402 1403 1404 
 136 65 1405 1406 1407 1408 
 135 136 1409 1410 1411 1412 
 136 123 1413 1414 1415 1416 
 123 135 1417 1418 1419 1420 
 51 137 1421 1422 1423 1424 
 137 65 1425 1426 1427 1428 
 60 138 1429 1430 1431 1432 
 138 65 1433 1434 1435 1436 
 137 119 1437 1438 1439 1440 
 119 138 1441 1442 1443 1444 
 138 137 1445 1446 1447 1448 
 137 135 1449 1450 1451 1452 
 135 104 1453 1454 1455 1456 
 104 137 1457 1458 1459 1460 
 59 139 1461 1462 1463 1464 
 139 65 1465 1466 1467 1468 
 63 140 1469 1470 1471 1472 
 140 65 1473 1474 1475 1476 
 139 140 1477 1478 1479 1480 
 140 132 1481 1482 1483 1484 
 132 139 1485 1486 1487 1488 
 60 141 1489 1490 1491 1492 
 141 63 1493 1494 1495 1496 
 138 141 1497 1498 1499 1500 
 141 140 1501 1502 1503 1504 
 140 138 1505 1506 1507 1508 
 45 142 1509 1510 1511 1512 
 142 66 1513 1514 1515 1516 
 49 143 1517 1518 1519 1520 
 143 66 1521 1522 1523 1524 
 142 88 1525 1526 1527 1528 
 88 143 1529 1530 1531 1532 
 143 142 1533 1534 1535 1536 
 49 144 1537 1538 1539 1540 
 144 53 1541 1542 1543 1544 
 53 145 1545 1546 1547 1548 
 145 66 1549 1550 1551 1552 
 143 144 1553 1554 1555 1556 
 144 145 1557 1558 1559 1560 
 145 143 1561 1562 1563 1564 
 62 146 1565 1566 1567 1568 
 146 66 1569 1570 1571 1572 
 145 124 1573 1574 1575 1576 
 124 146 1577 1578 1579 1580 
 146 145 1581 1582 1583 1584 
 59 147 1585 1586 1587 1588 
 147 66 1589 1590 1591 1592 
 59 148 1593 1594 1595 1596 
 148 62 1597 1598 1599 1600 
 147 146 1601 1602 1603 1604 
 146 148 1605 1606 1607 1608 
 148 147 1609 1610 1611 1612 
 50 149 1613 1614 1615 1616 
 149 67 1617 1618 1619 1620 
 64 150 1621 1622 1623 1624 
 150 67 1625 1626 1627 1628 
 149 150 1629 1630 1631 1632 
 150 129 1633 1634 1635 1636 
 129 149 1637 1638 1639 1640 
 45 151 1641 1642 1643 1644 
 151 67 1645 1646 1647 1648 
 66 152 1649 1650 1651 1652 
 152 67 1653 1654 1655 1656 
 151 142 1657 1658 1659 1660 
 142 152 1661 1662 1663 1664 
 152 151 1665 1666 1667 1668 
 43 153 1669 1670 1671 1672 
 153 48 1673 1674 1675 1676 
 153 70 1677 1678 1679 1680 
 70 84 1681 1682 1683 1684 
 84 153 1685 1686 1687 1688 
 58 154 1689 1690 1691 1692 
 154 43 1693 1694 1695 1696 
 154 153 1697 1698 1699 1700 
 153 122 1701 1702 1703 1704 
 122 154 1705 1706 1707 1708 
 154 114 1709 1710 1711 1712 
 114 72 1713 1714 1715 1716 
 72 154 1717 1718 1719 1720 
 21 155 1721 1722 1723 1724 
 155 67 1725 1726 1727 1728 
 155 149 1729 1730 1731 1732 
 149 91 1733 1734 1735 1736 
 91 155 1737 1738 1739 1740 
 155 73 1741 1742 1743 1744 
 73 151 1745 1746 1747 1748 
 151 155 1749 1750 1751 1752 
 11 156 1753 1754 1755 1756 
 156 44 1757 1758 1759 1760 
 156 16 1761 1762 1763 1764 
 16 71 1765 1766 1767 1768 
 71 156 1769 1770 1771 1772 
 60 157 1773 1774 1775 1776 
 157 52 1777 1778 1779 1780 
 157 127 1781 1782 1783 1784 
 127 141 1785 1786 1787 1788 
 141 157 1789 1790 1791 1792 
 157 118 1793 1794 1795 1796 
 118 106 1797 1798 1799 1800 
 106 157 1801 1802 1803 1804 
 59 158 1805 1806 1807 1808 
 158 61 1809 1810 1811 1812 
 158 136 1813 1814 1815 1816 
 136 139 1817 1818 1819 1820 
 139 158 1821 1822 1823 1824 
 158 148 1825 1826 1827 1828 
 148 126 1829 1830 1831 1832 
 126 158 1833 1834 1835 1836 
 59 159 1837 1838 1839 1840 
 159 67 1841 1842 1843 1844 
 159 152 1845 1846 1847 1848 
 152 147 1849 1850 1851 1852 
 147 159 1853 1854 1855 1856 
 159 131 1857 1858 1859 1860 
 131 150 1861 1862 1863 1864 
 150 159 1865 1866 1867 1868 
 53 160 1869 1870 1871 1872 
 160 11 1873 1874 1875 1876 
 160 156 1877 1878 1879 1880 
 156 116 1881 1882 1883 1884 
 116 160 1885 1886 1887 1888 
 160 144 1889 1890 1891 1892 
 144 86 1893 1894 1895 1896 
 86 160 1897 1898 1899 1900 
 bcElement 42
6 101 3 
7 101 1 
42 101 3 
43 101 1 
38 6 3 
39 6 1 
94 6 3 
95 6 1 
66 6 3 
67 6 1 
26 6 3 
27 6 1 
22 11 3 
23 11 1 
110 11 3 
111 11 1 
74 11 3 
75 11 1 
122 11 3 
123 11 1 
34 11 3 
35 11 1 
30 16 3 
31 16 1 
86 16 3 
87 16 1 
58 16 3 
59 16 1 
62 16 3 
63 16 1 
14 16 3 
15 16 1 
18 21 3 
19 21 1 
54 21 3 
55 21 1 
46 21 3 
47 21 1 
242 21 3 
243 21 1 
2 21 3 
3 21 1 
