Edge min = 0.046367, max=0.139871, average=0.093369;
Grid_size 276
Node_size 160
Total_DOF 160
edge_Size 435
maxDOF 3
Solution_Order
1 
 meshIEN 
68 43 69 
 17 12 68 
 69 1 17 
 69 17 68 
 69 43 70 
 7 1 69 
 70 6 7 
 70 7 69 
 71 44 72 
 68 12 71 
 72 43 68 
 72 68 71 
 73 45 74 
 26 21 73 
 74 2 26 
 74 26 73 
 74 45 75 
 13 2 74 
 75 10 13 
 75 13 74 
 76 46 77 
 31 4 76 
 77 28 31 
 77 31 76 
 78 46 76 
 42 38 78 
 76 4 42 
 76 42 78 
 79 47 80 
 22 3 79 
 80 19 22 
 80 22 79 
 81 47 79 
 35 30 81 
 79 3 35 
 79 35 81 
 82 48 83 
 39 5 82 
 83 36 39 
 83 39 82 
 84 48 82 
 8 6 84 
 82 5 8 
 82 8 84 
 85 49 86 
 15 9 85 
 86 11 15 
 86 15 85 
 87 10 75 
 88 49 87 
 75 45 88 
 75 88 87 
 87 49 85 
 14 10 87 
 85 9 14 
 85 14 87 
 89 50 90 
 24 18 89 
 90 20 24 
 90 24 89 
 90 50 91 
 25 20 90 
 91 21 25 
 91 25 90 
 92 51 93 
 41 37 92 
 93 38 41 
 93 41 92 
 93 51 94 
 78 38 93 
 94 46 78 
 94 78 93 
 95 52 96 
 33 27 95 
 96 29 33 
 96 33 95 
 97 54 98 
 89 18 97 
 98 50 89 
 98 89 97 
 99 19 80 
 100 54 99 
 80 47 100 
 80 100 99 
 99 54 97 
 23 19 99 
 97 18 23 
 97 23 99 
 101 36 83 
 102 55 101 
 83 48 102 
 83 102 101 
 101 55 103 
 40 36 101 
 103 37 40 
 103 40 101 
 103 55 104 
 92 37 103 
 104 51 92 
 104 92 103 
 105 56 106 
 95 27 105 
 106 52 95 
 106 95 105 
 107 28 77 
 108 56 107 
 77 46 108 
 77 108 107 
 107 56 105 
 32 28 107 
 105 27 32 
 105 32 107 
 109 29 96 
 110 57 109 
 96 52 110 
 96 110 109 
 111 57 112 
 100 47 111 
 112 54 100 
 112 100 111 
 109 57 113 
 34 29 109 
 113 30 34 
 113 34 109 
 113 57 111 
 81 30 113 
 111 47 81 
 111 81 113 
 114 44 116 
 115 58 114 
 116 53 115 
 116 115 114 
 117 60 118 
 108 46 117 
 118 56 108 
 118 108 117 
 117 46 94 
 119 60 117 
 94 51 119 
 94 119 117 
 120 48 122 
 121 61 120 
 122 58 121 
 122 121 120 
 120 61 123 
 102 48 120 
 123 55 102 
 123 102 120 
 124 62 125 
 115 53 124 
 125 58 115 
 125 115 124 
 125 62 126 
 121 58 125 
 126 61 121 
 126 121 125 
 127 63 128 
 110 52 127 
 128 57 110 
 128 110 127 
 129 50 98 
 130 64 129 
 98 54 130 
 98 130 129 
 131 64 133 
 132 59 131 
 133 63 132 
 133 132 131 
 134 57 128 
 133 64 134 
 128 63 133 
 128 133 134 
 130 54 112 
 134 64 130 
 112 57 134 
 112 134 130 
 135 55 123 
 136 65 135 
 123 61 136 
 123 136 135 
 137 65 138 
 119 51 137 
 138 60 119 
 138 119 137 
 137 51 104 
 135 65 137 
 104 55 135 
 104 135 137 
 139 59 132 
 140 65 139 
 132 63 140 
 132 140 139 
 138 65 140 
 141 60 138 
 140 63 141 
 140 141 138 
 142 66 143 
 88 45 142 
 143 49 88 
 143 88 142 
 143 66 145 
 144 49 143 
 145 53 144 
 145 144 143 
 145 66 146 
 124 53 145 
 146 62 124 
 146 124 145 
 147 59 148 
 146 66 147 
 148 62 146 
 148 146 147 
 149 50 129 
 150 67 149 
 129 64 150 
 129 150 149 
 151 67 152 
 142 45 151 
 152 66 142 
 152 142 151 
 153 48 84 
 70 43 153 
 84 6 70 
 84 70 153 
 154 58 122 
 153 43 154 
 122 48 153 
 122 153 154 
 154 43 72 
 114 58 154 
 72 44 114 
 72 114 154 
 155 21 91 
 149 67 155 
 91 50 149 
 91 149 155 
 155 67 151 
 73 21 155 
 151 45 73 
 151 73 155 
 156 44 71 
 16 11 156 
 71 12 16 
 71 16 156 
 157 60 141 
 127 52 157 
 141 63 127 
 141 127 157 
 157 52 106 
 118 60 157 
 106 56 118 
 106 118 157 
 158 59 139 
 136 61 158 
 139 65 136 
 139 136 158 
 158 61 126 
 148 59 158 
 126 62 148 
 126 148 158 
 159 59 147 
 152 67 159 
 147 66 152 
 147 152 159 
 159 67 150 
 131 59 159 
 150 64 131 
 150 131 159 
 160 53 116 
 156 11 160 
 116 44 156 
 116 156 160 
 160 11 86 
 144 53 160 
 86 49 144 
 86 144 160 
 solutionIEN 
68 43 69 
 17 12 68 
 69 1 17 
 69 17 68 
 69 43 70 
 7 1 69 
 70 6 7 
 70 7 69 
 71 44 72 
 68 12 71 
 72 43 68 
 72 68 71 
 73 45 74 
 26 21 73 
 74 2 26 
 74 26 73 
 74 45 75 
 13 2 74 
 75 10 13 
 75 13 74 
 76 46 77 
 31 4 76 
 77 28 31 
 77 31 76 
 78 46 76 
 42 38 78 
 76 4 42 
 76 42 78 
 79 47 80 
 22 3 79 
 80 19 22 
 80 22 79 
 81 47 79 
 35 30 81 
 79 3 35 
 79 35 81 
 82 48 83 
 39 5 82 
 83 36 39 
 83 39 82 
 84 48 82 
 8 6 84 
 82 5 8 
 82 8 84 
 85 49 86 
 15 9 85 
 86 11 15 
 86 15 85 
 87 10 75 
 88 49 87 
 75 45 88 
 75 88 87 
 87 49 85 
 14 10 87 
 85 9 14 
 85 14 87 
 89 50 90 
 24 18 89 
 90 20 24 
 90 24 89 
 90 50 91 
 25 20 90 
 91 21 25 
 91 25 90 
 92 51 93 
 41 37 92 
 93 38 41 
 93 41 92 
 93 51 94 
 78 38 93 
 94 46 78 
 94 78 93 
 95 52 96 
 33 27 95 
 96 29 33 
 96 33 95 
 97 54 98 
 89 18 97 
 98 50 89 
 98 89 97 
 99 19 80 
 100 54 99 
 80 47 100 
 80 100 99 
 99 54 97 
 23 19 99 
 97 18 23 
 97 23 99 
 101 36 83 
 102 55 101 
 83 48 102 
 83 102 101 
 101 55 103 
 40 36 101 
 103 37 40 
 103 40 101 
 103 55 104 
 92 37 103 
 104 51 92 
 104 92 103 
 105 56 106 
 95 27 105 
 106 52 95 
 106 95 105 
 107 28 77 
 108 56 107 
 77 46 108 
 77 108 107 
 107 56 105 
 32 28 107 
 105 27 32 
 105 32 107 
 109 29 96 
 110 57 109 
 96 52 110 
 96 110 109 
 111 57 112 
 100 47 111 
 112 54 100 
 112 100 111 
 109 57 113 
 34 29 109 
 113 30 34 
 113 34 109 
 113 57 111 
 81 30 113 
 111 47 81 
 111 81 113 
 114 44 116 
 115 58 114 
 116 53 115 
 116 115 114 
 117 60 118 
 108 46 117 
 118 56 108 
 118 108 117 
 117 46 94 
 119 60 117 
 94 51 119 
 94 119 117 
 120 48 122 
 121 61 120 
 122 58 121 
 122 121 120 
 120 61 123 
 102 48 120 
 123 55 102 
 123 102 120 
 124 62 125 
 115 53 124 
 125 58 115 
 125 115 124 
 125 62 126 
 121 58 125 
 126 61 121 
 126 121 125 
 127 63 128 
 110 52 127 
 128 57 110 
 128 110 127 
 129 50 98 
 130 64 129 
 98 54 130 
 98 130 129 
 131 64 133 
 132 59 131 
 133 63 132 
 133 132 131 
 134 57 128 
 133 64 134 
 128 63 133 
 128 133 134 
 130 54 112 
 134 64 130 
 112 57 134 
 112 134 130 
 135 55 123 
 136 65 135 
 123 61 136 
 123 136 135 
 137 65 138 
 119 51 137 
 138 60 119 
 138 119 137 
 137 51 104 
 135 65 137 
 104 55 135 
 104 135 137 
 139 59 132 
 140 65 139 
 132 63 140 
 132 140 139 
 138 65 140 
 141 60 138 
 140 63 141 
 140 141 138 
 142 66 143 
 88 45 142 
 143 49 88 
 143 88 142 
 143 66 145 
 144 49 143 
 145 53 144 
 145 144 143 
 145 66 146 
 124 53 145 
 146 62 124 
 146 124 145 
 147 59 148 
 146 66 147 
 148 62 146 
 148 146 147 
 149 50 129 
 150 67 149 
 129 64 150 
 129 150 149 
 151 67 152 
 142 45 151 
 152 66 142 
 152 142 151 
 153 48 84 
 70 43 153 
 84 6 70 
 84 70 153 
 154 58 122 
 153 43 154 
 122 48 153 
 122 153 154 
 154 43 72 
 114 58 154 
 72 44 114 
 72 114 154 
 155 21 91 
 149 67 155 
 91 50 149 
 91 149 155 
 155 67 151 
 73 21 155 
 151 45 73 
 151 73 155 
 156 44 71 
 16 11 156 
 71 12 16 
 71 16 156 
 157 60 141 
 127 52 157 
 141 63 127 
 141 127 157 
 157 52 106 
 118 60 157 
 106 56 118 
 106 118 157 
 158 59 139 
 136 61 158 
 139 65 136 
 139 136 158 
 158 61 126 
 148 59 158 
 126 62 148 
 126 148 158 
 159 59 147 
 152 67 159 
 147 66 152 
 147 152 159 
 159 67 150 
 131 59 159 
 150 64 131 
 150 131 159 
 160 53 116 
 156 11 160 
 116 44 156 
 116 156 160 
 160 11 86 
 144 53 160 
 86 49 144 
 86 144 160 
 solutionOrder
1 1 1 1 
 1 1 1 1 
 1 1 1 1 
 1 1 1 1 
 1 1 1 1 
 1 1 1 1 
 1 1 1 1 
 1 1 1 1 
 1 1 1 1 
 1 1 1 1 
 1 1 1 1 
 1 1 1 1 
 1 1 1 1 
 1 1 1 1 
 1 1 1 1 
 1 1 1 1 
 1 1 1 1 
 1 1 1 1 
 1 1 1 1 
 1 1 1 1 
 1 1 1 1 
 1 1 1 1 
 1 1 1 1 
 1 1 1 1 
 1 1 1 1 
 1 1 1 1 
 1 1 1 1 
 1 1 1 1 
 1 1 1 1 
 1 1 1 1 
 1 1 1 1 
 1 1 1 1 
 1 1 1 1 
 1 1 1 1 
 1 1 1 1 
 1 1 1 1 
 1 1 1 1 
 1 1 1 1 
 1 1 1 1 
 1 1 1 1 
 1 1 1 1 
 1 1 1 1 
 1 1 1 1 
 1 1 1 1 
 1 1 1 1 
 1 1 1 1 
 1 1 1 1 
 1 1 1 1 
 1 1 1 1 
 1 1 1 1 
 1 1 1 1 
 1 1 1 1 
 1 1 1 1 
 1 1 1 1 
 1 1 1 1 
 1 1 1 1 
 1 1 1 1 
 1 1 1 1 
 1 1 1 1 
 1 1 1 1 
 1 1 1 1 
 1 1 1 1 
 1 1 1 1 
 1 1 1 1 
 1 1 1 1 
 1 1 1 1 
 1 1 1 1 
 1 1 1 1 
 1 1 1 1 
 1 1 1 1 
 1 1 1 1 
 1 1 1 1 
 1 1 1 1 
 1 1 1 1 
 1 1 1 1 
 1 1 1 1 
 1 1 1 1 
 1 1 1 1 
 1 1 1 1 
 1 1 1 1 
 1 1 1 1 
 1 1 1 1 
 1 1 1 1 
 1 1 1 1 
 1 1 1 1 
 1 1 1 1 
 1 1 1 1 
 1 1 1 1 
 1 1 1 1 
 1 1 1 1 
 1 1 1 1 
 1 1 1 1 
 1 1 1 1 
 1 1 1 1 
 1 1 1 1 
 1 1 1 1 
 1 1 1 1 
 1 1 1 1 
 1 1 1 1 
 1 1 1 1 
 1 1 1 1 
 1 1 1 1 
 1 1 1 1 
 1 1 1 1 
 1 1 1 1 
 1 1 1 1 
 1 1 1 1 
 1 1 1 1 
 1 1 1 1 
 1 1 1 1 
 1 1 1 1 
 1 1 1 1 
 1 1 1 1 
 1 1 1 1 
 1 1 1 1 
 1 1 1 1 
 1 1 1 1 
 1 1 1 1 
 1 1 1 1 
 1 1 1 1 
 1 1 1 1 
 1 1 1 1 
 1 1 1 1 
 1 1 1 1 
 1 1 1 1 
 1 1 1 1 
 1 1 1 1 
 1 1 1 1 
 1 1 1 1 
 1 1 1 1 
 1 1 1 1 
 1 1 1 1 
 1 1 1 1 
 1 1 1 1 
 1 1 1 1 
 1 1 1 1 
 1 1 1 1 
 1 1 1 1 
 1 1 1 1 
 1 1 1 1 
 1 1 1 1 
 1 1 1 1 
 1 1 1 1 
 1 1 1 1 
 1 1 1 1 
 1 1 1 1 
 1 1 1 1 
 1 1 1 1 
 1 1 1 1 
 1 1 1 1 
 1 1 1 1 
 1 1 1 1 
 1 1 1 1 
 1 1 1 1 
 1 1 1 1 
 1 1 1 1 
 1 1 1 1 
 1 1 1 1 
 1 1 1 1 
 1 1 1 1 
 1 1 1 1 
 1 1 1 1 
 1 1 1 1 
 1 1 1 1 
 1 1 1 1 
 1 1 1 1 
 1 1 1 1 
 1 1 1 1 
 1 1 1 1 
 1 1 1 1 
 1 1 1 1 
 1 1 1 1 
 1 1 1 1 
 1 1 1 1 
 1 1 1 1 
 1 1 1 1 
 1 1 1 1 
 1 1 1 1 
 1 1 1 1 
 1 1 1 1 
 1 1 1 1 
 1 1 1 1 
 1 1 1 1 
 1 1 1 1 
 1 1 1 1 
 1 1 1 1 
 1 1 1 1 
 1 1 1 1 
 1 1 1 1 
 1 1 1 1 
 1 1 1 1 
 1 1 1 1 
 1 1 1 1 
 1 1 1 1 
 1 1 1 1 
 1 1 1 1 
 1 1 1 1 
 1 1 1 1 
 1 1 1 1 
 1 1 1 1 
 1 1 1 1 
 1 1 1 1 
 1 1 1 1 
 1 1 1 1 
 1 1 1 1 
 1 1 1 1 
 1 1 1 1 
 1 1 1 1 
 1 1 1 1 
 1 1 1 1 
 1 1 1 1 
 1 1 1 1 
 1 1 1 1 
 1 1 1 1 
 1 1 1 1 
 1 1 1 1 
 1 1 1 1 
 1 1 1 1 
 1 1 1 1 
 1 1 1 1 
 1 1 1 1 
 1 1 1 1 
 1 1 1 1 
 1 1 1 1 
 1 1 1 1 
 1 1 1 1 
 1 1 1 1 
 1 1 1 1 
 1 1 1 1 
 1 1 1 1 
 1 1 1 1 
 1 1 1 1 
 1 1 1 1 
 1 1 1 1 
 1 1 1 1 
 1 1 1 1 
 1 1 1 1 
 1 1 1 1 
 1 1 1 1 
 1 1 1 1 
 1 1 1 1 
 1 1 1 1 
 1 1 1 1 
 1 1 1 1 
 1 1 1 1 
 1 1 1 1 
 1 1 1 1 
 1 1 1 1 
 1 1 1 1 
 1 1 1 1 
 1 1 1 1 
 1 1 1 1 
 1 1 1 1 
 1 1 1 1 
 1 1 1 1 
 1 1 1 1 
 1 1 1 1 
 1 1 1 1 
 1 1 1 1 
 1 1 1 1 
 1 1 1 1 
 1 1 1 1 
 1 1 1 1 
 1 1 1 1 
 1 1 1 1 
 1 1 1 1 
 1 1 1 1 
 1 1 1 1 
 1 1 1 1 
 1 1 1 1 
 1 1 1 1 
 1 1 1 1 
 1 1 1 1 
 1 1 1 1 
 1 1 1 1 
 1 1 1 1 
 vertexCoord 
0.000000 0.000000 
 1.000000 0.000000 
 1.000000 1.000000 
 0.000000 1.000000 
 -0.000000 0.300000 
 0.000000 0.150000 
 0.000000 0.075000 
 -0.000000 0.225000 
 0.599799 0.000000 
 0.799805 0.000000 
 0.399794 0.000000 
 0.199897 0.000000 
 0.899902 0.000000 
 0.699802 0.000000 
 0.499797 0.000000 
 0.299845 0.000000 
 0.099948 0.000000 
 1.000000 0.599837 
 1.000000 0.799805 
 1.000000 0.399885 
 1.000000 0.199934 
 1.000000 0.899902 
 1.000000 0.699821 
 1.000000 0.499861 
 1.000000 0.299909 
 1.000000 0.099967 
 0.400167 1.000000 
 0.200195 1.000000 
 0.600121 1.000000 
 0.800061 1.000000 
 0.100098 1.000000 
 0.300181 1.000000 
 0.500144 1.000000 
 0.700091 1.000000 
 0.900030 1.000000 
 -0.000000 0.475707 
 -0.000000 0.650606 
 -0.000000 0.825303 
 -0.000000 0.387854 
 -0.000000 0.563157 
 -0.000000 0.737955 
 -0.000000 0.912652 
 0.149138 0.124855 
 0.289763 0.102080 
 0.789673 0.151147 
 0.165673 0.853770 
 0.865923 0.849935 
 0.117873 0.300765 
 0.600328 0.092732 
 0.863002 0.418777 
 0.158498 0.686326 
 0.469676 0.839210 
 0.430136 0.164666 
 0.847360 0.663721 
 0.148929 0.508007 
 0.311446 0.885238 
 0.680546 0.788832 
 0.269851 0.220881 
 0.506444 0.421320 
 0.320804 0.742703 
 0.296646 0.381949 
 0.417231 0.285286 
 0.496286 0.646702 
 0.680699 0.532717 
 0.321268 0.564501 
 0.581840 0.239155 
 0.747230 0.319778 
 0.174517 0.062427 
 0.074569 0.062427 
 0.074569 0.137427 
 0.244830 0.051040 
 0.219450 0.113468 
 0.894837 0.175540 
 0.894837 0.075574 
 0.794739 0.075574 
 0.082837 0.926885 
 0.182934 0.926885 
 0.082837 0.839537 
 0.932961 0.924968 
 0.932961 0.824870 
 0.832992 0.924968 
 0.058937 0.300383 
 0.058937 0.388236 
 0.058937 0.225383 
 0.600064 0.046366 
 0.500061 0.046366 
 0.700066 0.046366 
 0.695001 0.121940 
 0.931501 0.509307 
 0.931501 0.409331 
 0.931501 0.309355 
 0.079249 0.668466 
 0.079249 0.755815 
 0.162085 0.770048 
 0.434921 0.919605 
 0.534898 0.919605 
 0.923680 0.631779 
 0.855181 0.541249 
 0.923680 0.731763 
 0.856641 0.756828 
 0.074465 0.491857 
 0.133401 0.404386 
 0.074465 0.579307 
 0.153713 0.597167 
 0.355806 0.942619 
 0.390561 0.862224 
 0.255821 0.942619 
 0.238559 0.869504 
 0.640334 0.894416 
 0.575111 0.814021 
 0.773234 0.819384 
 0.763953 0.726276 
 0.740303 0.894416 
 0.279807 0.161481 
 0.349994 0.192774 
 0.359950 0.133373 
 0.243238 0.798237 
 0.316125 0.813971 
 0.239651 0.714515 
 0.207260 0.341357 
 0.283248 0.301415 
 0.193862 0.260823 
 0.222788 0.444978 
 0.423684 0.224976 
 0.343541 0.253084 
 0.356938 0.333617 
 0.482981 0.742956 
 0.588416 0.717767 
 0.771850 0.475747 
 0.764029 0.598219 
 0.593571 0.477019 
 0.501365 0.534011 
 0.588492 0.589710 
 0.680622 0.660775 
 0.235098 0.536254 
 0.308957 0.473225 
 0.239883 0.625414 
 0.321036 0.653602 
 0.413856 0.492911 
 0.408777 0.605602 
 0.408545 0.694703 
 0.685757 0.195151 
 0.591084 0.165944 
 0.515232 0.128699 
 0.505988 0.201911 
 0.499536 0.262221 
 0.544142 0.330238 
 0.461837 0.353303 
 0.805116 0.369277 
 0.713964 0.426247 
 0.768452 0.235462 
 0.664535 0.279466 
 0.133506 0.212810 
 0.209494 0.172868 
 0.873615 0.259856 
 0.344779 0.051040 
 0.395240 0.790956 
 0.401545 0.401634 
 0.626837 0.370549 
 0.414965 0.082333 
 bc_tag 
93 
 15 
 10 
 5 
 2 
 101 
 101 
 101 
 21 
 21 
 21 
 21 
 21 
 21 
 21 
 21 
 21 
 16 
 16 
 16 
 16 
 16 
 16 
 16 
 16 
 16 
 11 
 11 
 11 
 11 
 11 
 11 
 11 
 11 
 11 
 6 
 6 
 6 
 6 
 6 
 6 
 6 
 39 
 39 
 39 
 39 
 39 
 39 
 39 
 39 
 39 
 39 
 39 
 39 
 39 
 39 
 39 
 39 
 39 
 39 
 39 
 39 
 39 
 39 
 39 
 39 
 39 
 39 
 39 
 39 
 39 
 39 
 39 
 39 
 39 
 39 
 39 
 39 
 39 
 39 
 39 
 39 
 39 
 39 
 39 
 39 
 39 
 39 
 39 
 39 
 39 
 39 
 39 
 39 
 39 
 39 
 39 
 39 
 39 
 39 
 39 
 39 
 39 
 39 
 39 
 39 
 39 
 39 
 39 
 39 
 39 
 39 
 39 
 39 
 39 
 39 
 39 
 39 
 39 
 39 
 39 
 39 
 39 
 39 
 39 
 39 
 39 
 39 
 39 
 39 
 39 
 39 
 39 
 39 
 39 
 39 
 39 
 39 
 39 
 39 
 39 
 39 
 39 
 39 
 39 
 39 
 39 
 39 
 39 
 39 
 39 
 39 
 39 
 39 
 39 
 39 
 39 
 39 
 39 
 39 
 edgeUsage
0 1 0 
 1 0 0 
 1 1 0 
 1 1 1 
 0 1 0 
 1 0 0 
 1 1 0 
 1 1 1 
 0 1 0 
 1 0 0 
 1 1 0 
 1 1 1 
 0 1 0 
 1 0 0 
 1 1 0 
 1 1 1 
 0 1 0 
 1 0 0 
 1 1 0 
 1 1 1 
 0 1 0 
 1 0 0 
 1 1 0 
 1 1 1 
 0 1 0 
 1 0 0 
 1 1 0 
 1 1 1 
 0 1 0 
 1 0 0 
 1 1 0 
 1 1 1 
 0 1 0 
 1 0 0 
 1 1 0 
 1 1 1 
 0 1 0 
 1 0 0 
 1 1 0 
 1 1 1 
 0 1 0 
 1 0 0 
 1 1 0 
 1 1 1 
 0 1 0 
 1 0 0 
 1 1 0 
 1 1 1 
 1 0 0 
 0 1 0 
 0 0 0 
 1 1 1 
 0 1 0 
 1 0 0 
 1 1 0 
 1 1 1 
 0 1 0 
 1 0 0 
 1 1 0 
 1 1 1 
 0 1 0 
 1 0 0 
 1 1 0 
 1 1 1 
 0 1 0 
 1 0 0 
 1 1 0 
 1 1 1 
 0 1 0 
 1 0 0 
 1 1 0 
 1 1 1 
 0 1 0 
 1 0 0 
 1 1 0 
 1 1 1 
 0 1 0 
 1 0 0 
 1 1 0 
 1 1 1 
 1 0 0 
 0 1 0 
 0 0 0 
 1 1 1 
 0 1 0 
 1 0 0 
 1 1 0 
 1 1 1 
 1 0 0 
 0 1 0 
 0 0 0 
 1 1 1 
 0 1 0 
 1 0 0 
 1 1 0 
 1 1 1 
 0 1 0 
 1 0 0 
 1 1 0 
 1 1 1 
 0 1 0 
 1 0 0 
 1 1 0 
 1 1 1 
 1 0 0 
 0 1 0 
 0 0 0 
 1 1 1 
 0 1 0 
 1 0 0 
 1 1 0 
 1 1 1 
 1 0 0 
 0 1 0 
 0 0 0 
 1 1 1 
 0 1 0 
 1 0 0 
 1 1 0 
 1 1 1 
 0 1 0 
 1 0 0 
 1 1 0 
 1 1 1 
 0 1 0 
 1 0 0 
 1 1 0 
 1 1 1 
 1 0 0 
 0 1 0 
 0 0 0 
 1 1 1 
 0 1 0 
 1 0 0 
 1 1 0 
 1 1 1 
 1 0 0 
 0 1 0 
 0 0 0 
 1 1 1 
 1 0 0 
 0 1 0 
 0 0 0 
 1 1 1 
 0 1 0 
 1 0 0 
 1 1 0 
 1 1 1 
 0 1 0 
 1 0 0 
 1 1 0 
 1 1 1 
 0 1 0 
 1 0 0 
 1 1 0 
 1 1 1 
 0 1 0 
 1 0 0 
 1 1 0 
 1 1 1 
 1 0 0 
 0 1 0 
 0 0 0 
 1 1 1 
 0 1 0 
 1 0 0 
 1 1 0 
 1 1 1 
 1 0 0 
 0 1 0 
 0 0 0 
 1 1 1 
 1 0 0 
 0 1 0 
 0 0 0 
 1 1 1 
 1 0 0 
 0 1 0 
 0 0 0 
 1 1 1 
 0 1 0 
 1 0 0 
 1 1 0 
 1 1 1 
 1 0 0 
 0 1 0 
 0 0 0 
 1 1 1 
 1 0 0 
 0 1 0 
 0 0 0 
 1 1 1 
 0 1 0 
 1 0 0 
 1 1 0 
 1 1 1 
 0 1 0 
 1 0 0 
 1 1 0 
 1 1 1 
 0 1 0 
 1 0 0 
 1 1 0 
 1 1 1 
 0 1 0 
 1 0 0 
 1 1 0 
 1 1 1 
 1 0 0 
 0 1 0 
 0 0 0 
 1 1 1 
 1 0 0 
 0 1 0 
 0 0 0 
 1 1 1 
 0 1 0 
 1 0 0 
 1 1 0 
 1 1 1 
 0 1 0 
 0 0 0 
 1 0 0 
 1 1 1 
 1 1 0 
 1 1 0 
 1 1 0 
 1 1 1 
 0 0 0 
 0 0 0 
 0 0 0 
 1 1 1 
 1 0 0 
 0 1 0 
 0 0 0 
 1 1 1 
 0 1 0 
 1 0 0 
 1 1 0 
 1 1 1 
 0 1 0 
 1 0 0 
 1 1 0 
 1 1 1 
 1 0 0 
 1 1 0 
 0 1 0 
 1 1 1 
 0 0 0 
 0 0 0 
 0 0 0 
 1 1 1 
 1 0 0 
 1 1 0 
 0 1 0 
 1 1 1 
 0 0 0 
 1 0 0 
 0 1 0 
 1 1 1 
 1 0 0 
 0 1 0 
 0 0 0 
 1 1 1 
 0 1 0 
 1 0 0 
 1 1 0 
 1 1 1 
 1 1 0 
 1 1 0 
 1 1 0 
 1 1 1 
 0 0 0 
 0 0 0 
 0 0 0 
 1 1 1 
 EdgeNode 
1 7 
 7 6 
 6 8 
 8 5 
 2 13 
 13 10 
 10 14 
 14 9 
 9 15 
 15 11 
 11 16 
 16 12 
 12 17 
 17 1 
 3 22 
 22 19 
 19 23 
 23 18 
 18 24 
 24 20 
 20 25 
 25 21 
 21 26 
 26 2 
 4 31 
 31 28 
 28 32 
 32 27 
 27 33 
 33 29 
 29 34 
 34 30 
 30 35 
 35 3 
 5 39 
 39 36 
 36 40 
 40 37 
 37 41 
 41 38 
 38 42 
 42 4 
 12 68 
 68 43 
 1 69 
 69 43 
 68 17 
 17 69 
 69 68 
 6 70 
 70 43 
 69 7 
 7 70 
 70 69 
 12 71 
 71 44 
 43 72 
 72 44 
 71 68 
 68 72 
 72 71 
 21 73 
 73 45 
 2 74 
 74 45 
 73 26 
 26 74 
 74 73 
 10 75 
 75 45 
 74 13 
 13 75 
 75 74 
 4 76 
 76 46 
 28 77 
 77 46 
 76 31 
 31 77 
 77 76 
 38 78 
 78 46 
 78 42 
 42 76 
 76 78 
 3 79 
 79 47 
 19 80 
 80 47 
 79 22 
 22 80 
 80 79 
 30 81 
 81 47 
 81 35 
 35 79 
 79 81 
 5 82 
 82 48 
 36 83 
 83 48 
 82 39 
 39 83 
 83 82 
 6 84 
 84 48 
 84 8 
 8 82 
 82 84 
 9 85 
 85 49 
 11 86 
 86 49 
 85 15 
 15 86 
 86 85 
 10 87 
 87 49 
 45 88 
 88 49 
 87 88 
 88 75 
 75 87 
 87 14 
 14 85 
 85 87 
 18 89 
 89 50 
 20 90 
 90 50 
 89 24 
 24 90 
 90 89 
 21 91 
 91 50 
 90 25 
 25 91 
 91 90 
 37 92 
 92 51 
 38 93 
 93 51 
 92 41 
 41 93 
 93 92 
 46 94 
 94 51 
 93 78 
 78 94 
 94 93 
 27 95 
 95 52 
 29 96 
 96 52 
 95 33 
 33 96 
 96 95 
 18 97 
 97 54 
 50 98 
 98 54 
 97 89 
 89 98 
 98 97 
 19 99 
 99 54 
 47 100 
 100 54 
 99 100 
 100 80 
 80 99 
 99 23 
 23 97 
 97 99 
 36 101 
 101 55 
 48 102 
 102 55 
 101 102 
 102 83 
 83 101 
 37 103 
 103 55 
 101 40 
 40 103 
 103 101 
 51 104 
 104 55 
 103 92 
 92 104 
 104 103 
 27 105 
 105 56 
 52 106 
 106 56 
 105 95 
 95 106 
 106 105 
 28 107 
 107 56 
 46 108 
 108 56 
 107 108 
 108 77 
 77 107 
 107 32 
 32 105 
 105 107 
 29 109 
 109 57 
 52 110 
 110 57 
 109 110 
 110 96 
 96 109 
 47 111 
 111 57 
 54 112 
 112 57 
 111 100 
 100 112 
 112 111 
 30 113 
 113 57 
 109 34 
 34 113 
 113 109 
 113 81 
 81 111 
 111 113 
 44 114 
 114 58 
 53 115 
 115 58 
 44 116 
 116 53 
 114 115 
 115 116 
 116 114 
 46 117 
 117 60 
 56 118 
 118 60 
 117 108 
 108 118 
 118 117 
 51 119 
 119 60 
 117 119 
 119 94 
 94 117 
 48 120 
 120 61 
 58 121 
 121 61 
 48 122 
 122 58 
 120 121 
 121 122 
 122 120 
 55 123 
 123 61 
 120 102 
 102 123 
 123 120 
 53 124 
 124 62 
 58 125 
 125 62 
 124 115 
 115 125 
 125 124 
 61 126 
 126 62 
 125 121 
 121 126 
 126 125 
 52 127 
 127 63 
 57 128 
 128 63 
 127 110 
 110 128 
 128 127 
 50 129 
 129 64 
 54 130 
 130 64 
 129 130 
 130 98 
 98 129 
 59 131 
 131 64 
 59 132 
 132 63 
 63 133 
 133 64 
 131 132 
 132 133 
 133 131 
 57 134 
 134 64 
 134 133 
 133 128 
 128 134 
 130 134 
 134 112 
 112 130 
 55 135 
 135 65 
 61 136 
 136 65 
 135 136 
 136 123 
 123 135 
 51 137 
 137 65 
 60 138 
 138 65 
 137 119 
 119 138 
 138 137 
 137 135 
 135 104 
 104 137 
 59 139 
 139 65 
 63 140 
 140 65 
 139 140 
 140 132 
 132 139 
 60 141 
 141 63 
 138 141 
 141 140 
 140 138 
 45 142 
 142 66 
 49 143 
 143 66 
 142 88 
 88 143 
 143 142 
 49 144 
 144 53 
 53 145 
 145 66 
 143 144 
 144 145 
 145 143 
 62 146 
 146 66 
 145 124 
 124 146 
 146 145 
 59 147 
 147 66 
 59 148 
 148 62 
 147 146 
 146 148 
 148 147 
 50 149 
 149 67 
 64 150 
 150 67 
 149 150 
 150 129 
 129 149 
 45 151 
 151 67 
 66 152 
 152 67 
 151 142 
 142 152 
 152 151 
 43 153 
 153 48 
 153 70 
 70 84 
 84 153 
 58 154 
 154 43 
 154 153 
 153 122 
 122 154 
 154 114 
 114 72 
 72 154 
 21 155 
 155 67 
 155 149 
 149 91 
 91 155 
 155 73 
 73 151 
 151 155 
 11 156 
 156 44 
 156 16 
 16 71 
 71 156 
 60 157 
 157 52 
 157 127 
 127 141 
 141 157 
 157 118 
 118 106 
 106 157 
 59 158 
 158 61 
 158 136 
 136 139 
 139 158 
 158 148 
 148 126 
 126 158 
 59 159 
 159 67 
 159 152 
 152 147 
 147 159 
 159 131 
 131 150 
 150 159 
 53 160 
 160 11 
 160 156 
 156 116 
 116 160 
 160 144 
 144 86 
 86 160 
 bcElement 42
6 101 3 
7 101 1 
42 101 3 
43 101 1 
38 6 3 
39 6 1 
94 6 3 
95 6 1 
66 6 3 
67 6 1 
26 6 3 
27 6 1 
22 11 3 
23 11 1 
110 11 3 
111 11 1 
74 11 3 
75 11 1 
122 11 3 
123 11 1 
34 11 3 
35 11 1 
30 16 3 
31 16 1 
86 16 3 
87 16 1 
58 16 3 
59 16 1 
62 16 3 
63 16 1 
14 16 3 
15 16 1 
18 21 3 
19 21 1 
54 21 3 
55 21 1 
46 21 3 
47 21 1 
242 21 3 
243 21 1 
2 21 3 
3 21 1 
