Edge min = 0.054605, max=0.141563, average=0.090650;
Grid_size 290
Node_size 166
Total_DOF 2401
maxDOF 15
Solution_Order
4 
 meshIEN 
41 6 1 
 41 1 16 
 47 28 4 
 47 4 40 
 48 2 25 
 48 10 2 
 49 3 34 
 49 19 3 
 51 5 7 
 7 42 51 
 52 43 42 
 15 50 52 
 52 16 15 
 44 55 56 
 57 11 9 
 11 57 59 
 59 12 11 
 61 58 45 
 22 58 61 
 61 24 22 
 62 20 18 
 65 13 14 
 43 52 66 
 66 52 50 
 5 51 67 
 67 36 5 
 68 35 37 
 69 39 35 
 35 68 69 
 69 68 53 
 44 56 70 
 71 30 29 
 30 71 72 
 72 26 30 
 73 55 44 
 54 55 73 
 28 47 74 
 74 27 28 
 75 29 27 
 75 55 54 
 27 74 75 
 75 74 55 
 75 71 29 
 54 71 75 
 76 38 39 
 39 69 76 
 77 47 40 
 77 74 47 
 77 40 38 
 55 74 77 
 77 56 55 
 38 76 77 
 77 76 56 
 78 9 10 
 78 57 9 
 10 48 78 
 79 23 17 
 12 59 80 
 80 8 12 
 81 59 57 
 86 48 25 
 86 78 48 
 24 61 86 
 86 25 24 
 20 62 87 
 87 21 20 
 88 18 19 
 88 62 18 
 19 49 88 
 89 31 32 
 89 63 31 
 90 49 34 
 90 88 49 
 33 64 90 
 90 34 33 
 91 37 36 
 91 68 37 
 57 78 92 
 78 86 92 
 45 81 92 
 92 81 57 
 92 61 45 
 92 86 61 
 93 81 45 
 94 93 45 
 45 58 94 
 95 93 82 
 81 93 95 
 59 81 95 
 97 73 44 
 54 73 100 
 104 66 50 
 105 96 60 
 43 66 106 
 62 88 108 
 88 90 108 
 108 64 46 
 108 90 64 
 26 72 109 
 109 32 26 
 109 89 32 
 111 94 58 
 58 79 111 
 112 70 53 
 112 98 70 
 97 98 113 
 83 97 113 
 114 97 83 
 54 100 115 
 115 71 54 
 115 72 71 
 46 101 116 
 116 108 46 
 62 108 116 
 118 79 17 
 118 17 21 
 94 111 119 
 122 105 60 
 60 99 122 
 123 95 82 
 96 105 123 
 82 96 123 
 43 106 124 
 125 104 85 
 85 104 126 
 59 95 127 
 127 80 59 
 8 80 128 
 128 14 8 
 84 101 129 
 63 89 131 
 131 130 147 
 147 129 132 
 63 131 132 
 132 131 147 
 46 64 132 
 132 64 63 
 133 110 67 
 51 124 133 
 133 67 51 
 68 91 134 
 134 112 53 
 53 68 134 
 135 113 98 
 98 112 135 
 136 114 83 
 83 99 136 
 79 118 137 
 137 111 79 
 137 119 111 
 103 119 137 
 94 119 138 
 93 94 138 
 82 93 138 
 102 117 139 
 139 120 84 
 84 102 139 
 140 116 101 
 103 121 140 
 140 120 103 
 62 116 141 
 141 87 62 
 141 121 87 
 116 140 141 
 141 140 121 
 142 122 99 
 83 113 142 
 142 99 83 
 107 127 143 
 85 126 143 
 143 126 107 
 144 125 85 
 145 126 104 
 145 104 50 
 50 65 145 
 84 129 146 
 146 102 84 
 147 146 129 
 130 131 148 
 148 131 89 
 89 109 148 
 149 130 100 
 150 124 106 
 150 133 124 
 151 134 91 
 91 110 151 
 152 136 99 
 102 146 152 
 60 102 152 
 152 99 60 
 153 138 119 
 153 139 117 
 153 119 103 
 120 139 153 
 103 120 153 
 154 142 113 
 113 135 154 
 85 143 155 
 155 123 105 
 155 143 123 
 155 144 85 
 105 122 156 
 125 144 157 
 157 150 106 
 106 125 157 
 133 150 158 
 134 151 159 
 112 134 159 
 136 152 160 
 160 152 146 
 146 147 160 
 130 149 160 
 160 147 130 
 142 154 161 
 161 156 122 
 122 142 161 
 162 158 150 
 150 157 162 
 163 159 151 
 151 158 163 
 158 162 163 
 164 154 135 
 156 161 165 
 165 162 157 
 165 157 144 
 144 156 165 
 166 165 161 
 154 164 166 
 166 161 154 
 162 165 166 
 166 163 162 
 41 42 7 
 7 6 41 
 52 42 41 
 41 16 52 
 65 50 15 
 15 13 65 
 124 51 42 
 42 43 124 
 63 64 33 
 33 31 63 
 76 69 53 
 56 76 53 
 53 70 56 
 23 79 58 
 58 22 23 
 98 97 44 
 44 70 98 
 73 97 114 
 125 106 66 
 66 104 125 
 73 114 149 
 149 100 73 
 87 121 118 
 118 21 87 
 107 128 80 
 80 127 107 
 100 130 148 
 148 115 100 
 120 140 101 
 101 84 120 
 123 143 127 
 127 95 123 
 156 144 155 
 155 105 156 
 128 145 65 
 65 14 128 
 115 148 109 
 109 72 115 
 158 151 110 
 110 133 158 
 117 96 82 
 138 153 117 
 117 82 138 
 136 160 149 
 149 114 136 
 163 166 164 
 164 159 163 
 159 164 135 
 135 112 159 
 96 117 102 
 102 60 96 
 137 118 121 
 121 103 137 
 145 128 107 
 107 126 145 
 46 132 129 
 129 101 46 
 110 91 36 
 36 67 110 
 solutionIEN 
41 6 1 289 288 287 169 168 167 290 291 292 1532 1533 1534 
 41 1 16 292 291 290 205 204 203 293 294 295 1535 1536 1537 
 47 28 4 310 309 308 238 237 236 305 306 307 1538 1539 1540 
 47 4 40 307 306 305 286 285 284 311 312 313 1541 1542 1543 
 48 2 25 319 318 317 235 234 233 314 315 316 1544 1545 1546 
 48 10 2 322 321 320 178 177 176 317 318 319 1547 1548 1549 
 49 3 34 328 327 326 265 264 263 323 324 325 1550 1551 1552 
 49 19 3 331 330 329 208 207 206 326 327 328 1553 1554 1555 
 51 5 7 337 336 335 175 174 173 338 339 340 1556 1557 1558 
 7 42 51 296 297 298 341 342 343 340 339 338 1559 1560 1561 
 52 43 42 349 348 347 304 303 302 344 345 346 1562 1563 1564 
 15 50 52 332 333 334 353 354 355 352 351 350 1565 1566 1567 
 52 16 15 358 357 356 202 201 200 350 351 352 1568 1569 1570 
 44 55 56 359 360 361 368 369 370 367 366 365 1571 1572 1573 
 57 11 9 373 372 371 184 183 182 374 375 376 1574 1575 1576 
 11 57 59 371 372 373 383 384 385 391 390 389 1577 1578 1579 
 59 12 11 388 387 386 187 186 185 389 390 391 1580 1581 1582 
 61 58 45 397 396 395 382 381 380 392 393 394 1583 1584 1585 
 22 58 61 377 378 379 395 396 397 403 402 401 1586 1587 1588 
 61 24 22 400 399 398 229 228 227 401 402 403 1589 1590 1591 
 62 20 18 406 405 404 214 213 212 407 408 409 1592 1593 1594 
 65 13 14 427 426 425 196 195 194 422 423 424 1595 1596 1597 
 43 52 66 347 348 349 434 435 436 433 432 431 1598 1599 1600 
 66 52 50 436 435 434 355 354 353 437 438 439 1601 1602 1603 
 5 51 67 335 336 337 443 444 445 442 441 440 1604 1605 1606 
 67 36 5 448 447 446 268 267 266 440 441 442 1607 1608 1609 
 68 35 37 454 453 452 274 273 272 449 450 451 1610 1611 1612 
 69 39 35 463 462 461 277 276 275 458 459 460 1613 1614 1615 
 35 68 69 452 453 454 467 468 469 460 459 458 1616 1617 1618 
 69 68 53 469 468 467 457 456 455 464 465 466 1619 1620 1621 
 44 56 70 365 366 367 473 474 475 472 471 470 1622 1623 1624 
 71 30 29 481 480 479 247 246 245 485 486 487 1625 1626 1627 
 30 71 72 479 480 481 491 492 493 496 495 494 1628 1629 1630 
 72 26 30 490 489 488 250 249 248 494 495 496 1631 1632 1633 
 73 55 44 502 501 500 361 360 359 497 498 499 1634 1635 1636 
 54 55 73 362 363 364 500 501 502 505 504 503 1637 1638 1639 
 28 47 74 308 309 310 509 510 511 508 507 506 1640 1641 1642 
 74 27 28 514 513 512 241 240 239 506 507 508 1643 1644 1645 
 75 29 27 523 522 521 244 243 242 518 519 520 1646 1647 1648 
 75 55 54 529 528 527 364 363 362 524 525 526 1649 1650 1651 
 27 74 75 512 513 514 530 531 532 520 519 518 1652 1653 1654 
 75 74 55 532 531 530 517 516 515 527 528 529 1655 1656 1657 
 75 71 29 535 534 533 487 486 485 521 522 523 1658 1659 1660 
 54 71 75 482 483 484 533 534 535 526 525 524 1661 1662 1663 
 76 38 39 541 540 539 280 279 278 536 537 538 1664 1665 1666 
 39 69 76 461 462 463 545 546 547 538 537 536 1667 1668 1669 
 77 47 40 553 552 551 313 312 311 548 549 550 1670 1671 1672 
 77 74 47 556 555 554 511 510 509 551 552 553 1673 1674 1675 
 77 40 38 550 549 548 283 282 281 557 558 559 1676 1677 1678 
 55 74 77 515 516 517 554 555 556 562 561 560 1679 1680 1681 
 77 56 55 565 564 563 370 369 368 560 561 562 1682 1683 1684 
 38 76 77 539 540 541 566 567 568 559 558 557 1685 1686 1687 
 77 76 56 568 567 566 544 543 542 563 564 565 1688 1689 1690 
 78 9 10 574 573 572 181 180 179 569 570 571 1691 1692 1693 
 78 57 9 577 576 575 376 375 374 572 573 574 1694 1695 1696 
 10 48 78 320 321 322 578 579 580 571 570 569 1697 1698 1699 
 79 23 17 586 585 584 223 222 221 581 582 583 1700 1701 1702 
 12 59 80 386 387 388 593 594 595 592 591 590 1703 1704 1705 
 80 8 12 598 597 596 190 189 188 590 591 592 1706 1707 1708 
 81 59 57 607 606 605 385 384 383 602 603 604 1709 1710 1711 
 86 48 25 613 612 611 316 315 314 608 609 610 1712 1713 1714 
 86 78 48 616 615 614 580 579 578 611 612 613 1715 1716 1717 
 24 61 86 398 399 400 620 621 622 619 618 617 1718 1719 1720 
 86 25 24 610 609 608 232 231 230 617 618 619 1721 1722 1723 
 20 62 87 404 405 406 626 627 628 625 624 623 1724 1725 1726 
 87 21 20 631 630 629 217 216 215 623 624 625 1727 1728 1729 
 88 18 19 637 636 635 211 210 209 632 633 634 1730 1731 1732 
 88 62 18 640 639 638 409 408 407 635 636 637 1733 1734 1735 
 19 49 88 329 330 331 641 642 643 634 633 632 1736 1737 1738 
 89 31 32 649 648 647 256 255 254 644 645 646 1739 1740 1741 
 89 63 31 652 651 650 412 411 410 647 648 649 1742 1743 1744 
 90 49 34 658 657 656 325 324 323 653 654 655 1745 1746 1747 
 90 88 49 661 660 659 643 642 641 656 657 658 1748 1749 1750 
 33 64 90 419 420 421 665 666 667 664 663 662 1751 1752 1753 
 90 34 33 655 654 653 262 261 260 662 663 664 1754 1755 1756 
 91 37 36 673 672 671 271 270 269 668 669 670 1757 1758 1759 
 91 68 37 676 675 674 451 450 449 671 672 673 1760 1761 1762 
 57 78 92 575 576 577 680 681 682 679 678 677 1763 1764 1765 
 78 86 92 614 615 616 683 684 685 682 681 680 1766 1767 1768 
 45 81 92 599 600 601 689 690 691 688 687 686 1769 1770 1771 
 92 81 57 691 690 689 604 603 602 677 678 679 1772 1773 1774 
 92 61 45 694 693 692 394 393 392 686 687 688 1775 1776 1777 
 92 86 61 685 684 683 622 621 620 692 693 694 1778 1779 1780 
 93 81 45 703 702 701 601 600 599 698 699 700 1781 1782 1783 
 94 93 45 709 708 707 700 699 698 710 711 712 1784 1785 1786 
 45 58 94 380 381 382 704 705 706 712 711 710 1787 1788 1789 
 95 93 82 718 717 716 697 696 695 713 714 715 1790 1791 1792 
 81 93 95 701 702 703 716 717 718 724 723 722 1793 1794 1795 
 59 81 95 605 606 607 722 723 724 721 720 719 1796 1797 1798 
 97 73 44 736 735 734 499 498 497 731 732 733 1799 1800 1801 
 54 73 100 503 504 505 755 756 757 754 753 752 1802 1803 1804 
 104 66 50 775 774 773 439 438 437 770 771 772 1805 1806 1807 
 105 96 60 784 783 782 727 726 725 779 780 781 1808 1809 1810 
 43 66 106 431 432 433 788 789 790 787 786 785 1811 1812 1813 
 62 88 108 638 639 640 794 795 796 793 792 791 1814 1815 1816 
 88 90 108 659 660 661 800 801 802 796 795 794 1817 1818 1819 
 108 64 46 805 804 803 415 414 413 797 798 799 1820 1821 1822 
 108 90 64 802 801 800 667 666 665 803 804 805 1823 1824 1825 
 26 72 109 488 489 490 809 810 811 808 807 806 1826 1827 1828 
 109 32 26 817 816 815 253 252 251 806 807 808 1829 1830 1831 
 109 89 32 814 813 812 646 645 644 815 816 817 1832 1833 1834 
 111 94 58 829 828 827 706 705 704 824 825 826 1835 1836 1837 
 58 79 111 587 588 589 830 831 832 826 825 824 1838 1839 1840 
 112 70 53 838 837 836 478 477 476 833 834 835 1841 1842 1843 
 112 98 70 841 840 839 745 744 743 836 837 838 1844 1845 1846 
 97 98 113 740 741 742 848 849 850 847 846 845 1847 1848 1849 
 83 97 113 737 738 739 845 846 847 844 843 842 1850 1851 1852 
 114 97 83 856 855 854 739 738 737 851 852 853 1853 1854 1855 
 54 100 115 752 753 754 860 861 862 859 858 857 1856 1857 1858 
 115 71 54 868 867 866 484 483 482 857 858 859 1859 1860 1861 
 115 72 71 865 864 863 493 492 491 866 867 868 1862 1863 1864 
 46 101 116 758 759 760 872 873 874 871 870 869 1865 1866 1867 
 116 108 46 880 879 878 799 798 797 869 870 871 1868 1869 1870 
 62 108 116 791 792 793 878 879 880 877 876 875 1871 1872 1873 
 118 79 17 892 891 890 583 582 581 887 888 889 1874 1875 1876 
 118 17 21 889 888 887 220 219 218 893 894 895 1877 1878 1879 
 94 111 119 827 828 829 899 900 901 898 897 896 1880 1881 1882 
 122 105 60 925 924 923 781 780 779 920 921 922 1883 1884 1885 
 60 99 122 746 747 748 926 927 928 922 921 920 1886 1887 1888 
 123 95 82 934 933 932 715 714 713 929 930 931 1889 1890 1891 
 96 105 123 782 783 784 938 939 940 937 936 935 1892 1893 1894 
 82 96 123 728 729 730 935 936 937 931 930 929 1895 1896 1897 
 43 106 124 785 786 787 947 948 949 946 945 944 1898 1899 1900 
 125 104 85 955 954 953 778 777 776 950 951 952 1901 1902 1903 
 85 104 126 776 777 778 965 966 967 961 960 959 1904 1905 1906 
 59 95 127 719 720 721 971 972 973 970 969 968 1907 1908 1909 
 127 80 59 976 975 974 595 594 593 968 969 970 1910 1911 1912 
 8 80 128 596 597 598 983 984 985 982 981 980 1913 1914 1915 
 128 14 8 988 987 986 193 192 191 980 981 982 1916 1917 1918 
 84 101 129 761 762 763 992 993 994 997 996 995 1919 1920 1921 
 63 89 131 650 651 652 1007 1008 1009 1003 1002 1001 1922 1923 1924 
 131 130 147 1012 1011 1010 1199 1200 1201 1004 1005 1006 1925 1926 1927 
 147 129 132 1204 1203 1202 1016 1017 1018 1021 1020 1019 1928 1929 1930 
 63 131 132 1001 1002 1003 1025 1026 1027 1024 1023 1022 1931 1932 1933 
 132 131 147 1027 1026 1025 1006 1005 1004 1019 1020 1021 1934 1935 1936 
 46 64 132 413 414 415 1028 1029 1030 1015 1014 1013 1937 1938 1939 
 132 64 63 1030 1029 1028 418 417 416 1022 1023 1024 1940 1941 1942 
 133 110 67 1036 1035 1034 823 822 821 1037 1038 1039 1943 1944 1945 
 51 124 133 941 942 943 1031 1032 1033 1042 1041 1040 1946 1947 1948 
 133 67 51 1039 1038 1037 445 444 443 1040 1041 1042 1949 1950 1951 
 68 91 134 674 675 676 1046 1047 1048 1045 1044 1043 1952 1953 1954 
 134 112 53 1051 1050 1049 835 834 833 1052 1053 1054 1955 1956 1957 
 53 68 134 455 456 457 1043 1044 1045 1054 1053 1052 1958 1959 1960 
 135 113 98 1060 1059 1058 850 849 848 1055 1056 1057 1961 1962 1963 
 98 112 135 839 840 841 1061 1062 1063 1057 1056 1055 1964 1965 1966 
 136 114 83 1072 1071 1070 853 852 851 1067 1068 1069 1967 1968 1969 
 83 99 136 749 750 751 1064 1065 1066 1069 1068 1067 1970 1971 1972 
 79 118 137 890 891 892 1076 1077 1078 1075 1074 1073 1973 1974 1975 
 137 111 79 1081 1080 1079 832 831 830 1073 1074 1075 1976 1977 1978 
 137 119 111 1084 1083 1082 901 900 899 1079 1080 1081 1979 1980 1981 
 103 119 137 902 903 904 1082 1083 1084 1087 1086 1085 1982 1983 1984 
 94 119 138 896 897 898 1091 1092 1093 1090 1089 1088 1985 1986 1987 
 93 94 138 707 708 709 1088 1089 1090 1099 1098 1097 1988 1989 1990 
 82 93 138 695 696 697 1097 1098 1099 1096 1095 1094 1991 1992 1993 
 102 117 139 881 882 883 1103 1104 1105 1102 1101 1100 1994 1995 1996 
 139 120 84 1111 1110 1109 907 906 905 1106 1107 1108 1997 1998 1999 
 84 102 139 767 768 769 1100 1101 1102 1108 1107 1106 2000 2001 2002 
 140 116 101 1117 1116 1115 874 873 872 1112 1113 1114 2003 2004 2005 
 103 121 140 911 912 913 1118 1119 1120 1126 1125 1124 2006 2007 2008 
 140 120 103 1123 1122 1121 910 909 908 1124 1125 1126 2009 2010 2011 
 62 116 141 875 876 877 1130 1131 1132 1129 1128 1127 2012 2013 2014 
 141 87 62 1135 1134 1133 628 627 626 1127 1128 1129 2015 2016 2017 
 141 121 87 1138 1137 1136 919 918 917 1133 1134 1135 2018 2019 2020 
 116 140 141 1115 1116 1117 1139 1140 1141 1132 1131 1130 2021 2022 2023 
 141 140 121 1141 1140 1139 1120 1119 1118 1136 1137 1138 2024 2025 2026 
 142 122 99 1147 1146 1145 928 927 926 1142 1143 1144 2027 2028 2029 
 83 113 142 842 843 844 1148 1149 1150 1153 1152 1151 2030 2031 2032 
 142 99 83 1144 1143 1142 751 750 749 1151 1152 1153 2033 2034 2035 
 107 127 143 977 978 979 1157 1158 1159 1156 1155 1154 2036 2037 2038 
 85 126 143 959 960 961 1166 1167 1168 1162 1161 1160 2039 2040 2041 
 143 126 107 1168 1167 1166 964 963 962 1154 1155 1156 2042 2043 2044 
 144 125 85 1174 1173 1172 952 951 950 1169 1170 1171 2045 2046 2047 
 145 126 104 1180 1179 1178 967 966 965 1175 1176 1177 2048 2049 2050 
 145 104 50 1177 1176 1175 772 771 770 1184 1185 1186 2051 2052 2053 
 50 65 145 428 429 430 1181 1182 1183 1186 1185 1184 2054 2055 2056 
 84 129 146 995 996 997 1193 1194 1195 1192 1191 1190 2057 2058 2059 
 146 102 84 1198 1197 1196 769 768 767 1190 1191 1192 2060 2061 2062 
 147 146 129 1207 1206 1205 1195 1194 1193 1202 1203 1204 2063 2064 2065 
 130 131 148 1010 1011 1012 1214 1215 1216 1213 1212 1211 2066 2067 2068 
 148 131 89 1216 1215 1214 1009 1008 1007 1220 1221 1222 2069 2070 2071 
 89 109 148 812 813 814 1217 1218 1219 1222 1221 1220 2072 2073 2074 
 149 130 100 1228 1227 1226 1000 999 998 1223 1224 1225 2075 2076 2077 
 150 124 106 1237 1236 1235 949 948 947 1232 1233 1234 2078 2079 2080 
 150 133 124 1240 1239 1238 1033 1032 1031 1235 1236 1237 2081 2082 2083 
 151 134 91 1249 1248 1247 1048 1047 1046 1244 1245 1246 2084 2085 2086 
 91 110 151 818 819 820 1241 1242 1243 1246 1245 1244 2087 2088 2089 
 152 136 99 1255 1254 1253 1066 1065 1064 1250 1251 1252 2090 2091 2092 
 102 146 152 1196 1197 1198 1259 1260 1261 1258 1257 1256 2093 2094 2095 
 60 102 152 764 765 766 1256 1257 1258 1264 1263 1262 2096 2097 2098 
 152 99 60 1252 1251 1250 748 747 746 1262 1263 1264 2099 2100 2101 
 153 138 119 1270 1269 1268 1093 1092 1091 1265 1266 1267 2102 2103 2104 
 153 139 117 1276 1275 1274 1105 1104 1103 1271 1272 1273 2105 2106 2107 
 153 119 103 1267 1266 1265 904 903 902 1277 1278 1279 2108 2109 2110 
 120 139 153 1109 1110 1111 1274 1275 1276 1282 1281 1280 2111 2112 2113 
 103 120 153 908 909 910 1280 1281 1282 1279 1278 1277 2114 2115 2116 
 154 142 113 1288 1287 1286 1150 1149 1148 1283 1284 1285 2117 2118 2119 
 113 135 154 1058 1059 1060 1289 1290 1291 1285 1284 1283 2120 2121 2122 
 85 143 155 1160 1161 1162 1295 1296 1297 1294 1293 1292 2123 2124 2125 
 155 123 105 1303 1302 1301 940 939 938 1298 1299 1300 2126 2127 2128 
 155 143 123 1297 1296 1295 1165 1164 1163 1301 1302 1303 2129 2130 2131 
 155 144 85 1306 1305 1304 1171 1170 1169 1292 1293 1294 2132 2133 2134 
 105 122 156 923 924 925 1307 1308 1309 1312 1311 1310 2135 2136 2137 
 125 144 157 1172 1173 1174 1319 1320 1321 1318 1317 1316 2138 2139 2140 
 157 150 106 1327 1326 1325 1234 1233 1232 1322 1323 1324 2141 2142 2143 
 106 125 157 956 957 958 1316 1317 1318 1324 1323 1322 2144 2145 2146 
 133 150 158 1238 1239 1240 1334 1335 1336 1330 1329 1328 2147 2148 2149 
 134 151 159 1247 1248 1249 1340 1341 1342 1345 1344 1343 2150 2151 2152 
 112 134 159 1049 1050 1051 1343 1344 1345 1339 1338 1337 2153 2154 2155 
 136 152 160 1253 1254 1255 1349 1350 1351 1348 1347 1346 2156 2157 2158 
 160 152 146 1351 1350 1349 1261 1260 1259 1355 1356 1357 2159 2160 2161 
 146 147 160 1205 1206 1207 1358 1359 1360 1357 1356 1355 2162 2163 2164 
 130 149 160 1226 1227 1228 1352 1353 1354 1363 1362 1361 2165 2166 2167 
 160 147 130 1360 1359 1358 1201 1200 1199 1361 1362 1363 2168 2169 2170 
 142 154 161 1286 1287 1288 1367 1368 1369 1366 1365 1364 2171 2172 2173 
 161 156 122 1372 1371 1370 1309 1308 1307 1373 1374 1375 2174 2175 2176 
 122 142 161 1145 1146 1147 1364 1365 1366 1375 1374 1373 2177 2178 2179 
 162 158 150 1381 1380 1379 1336 1335 1334 1376 1377 1378 2180 2181 2182 
 150 157 162 1325 1326 1327 1382 1383 1384 1378 1377 1376 2183 2184 2185 
 163 159 151 1390 1389 1388 1342 1341 1340 1385 1386 1387 2186 2187 2188 
 151 158 163 1331 1332 1333 1391 1392 1393 1387 1386 1385 2189 2190 2191 
 158 162 163 1379 1380 1381 1394 1395 1396 1393 1392 1391 2192 2193 2194 
 164 154 135 1405 1404 1403 1291 1290 1289 1397 1398 1399 2195 2196 2197 
 156 161 165 1370 1371 1372 1409 1410 1411 1408 1407 1406 2198 2199 2200 
 165 162 157 1417 1416 1415 1384 1383 1382 1412 1413 1414 2201 2202 2203 
 165 157 144 1414 1413 1412 1321 1320 1319 1418 1419 1420 2204 2205 2206 
 144 156 165 1313 1314 1315 1406 1407 1408 1420 1419 1418 2207 2208 2209 
 166 165 161 1426 1425 1424 1411 1410 1409 1421 1422 1423 2210 2211 2212 
 154 164 166 1403 1404 1405 1430 1431 1432 1429 1428 1427 2213 2214 2215 
 166 161 154 1423 1422 1421 1369 1368 1367 1427 1428 1429 2216 2217 2218 
 162 165 166 1415 1416 1417 1424 1425 1426 1435 1434 1433 2219 2220 2221 
 166 163 162 1438 1437 1436 1396 1395 1394 1433 1434 1435 2222 2223 2224 
 41 42 7 299 300 301 298 297 296 1441 1440 1439 2225 2226 2227 
 7 6 41 172 171 170 287 288 289 1439 1440 1441 2228 2229 2230 
 52 42 41 346 345 344 301 300 299 1444 1443 1442 2231 2232 2233 
 41 16 52 295 294 293 356 357 358 1442 1443 1444 2234 2235 2236 
 65 50 15 430 429 428 334 333 332 1447 1446 1445 2237 2238 2239 
 15 13 65 199 198 197 425 426 427 1445 1446 1447 2240 2241 2242 
 124 51 42 943 942 941 343 342 341 1450 1449 1448 2243 2244 2245 
 42 43 124 302 303 304 944 945 946 1448 1449 1450 2246 2247 2248 
 63 64 33 416 417 418 421 420 419 1453 1452 1451 2249 2250 2251 
 33 31 63 259 258 257 410 411 412 1451 1452 1453 2252 2253 2254 
 76 69 53 547 546 545 466 465 464 1454 1455 1456 2255 2256 2257 
 56 76 53 542 543 544 1456 1455 1454 1459 1458 1457 2258 2259 2260 
 53 70 56 476 477 478 475 474 473 1457 1458 1459 2261 2262 2263 
 23 79 58 584 585 586 589 588 587 1462 1461 1460 2264 2265 2266 
 58 22 23 379 378 377 226 225 224 1460 1461 1462 2267 2268 2269 
 98 97 44 742 741 740 733 732 731 1465 1464 1463 2270 2271 2272 
 44 70 98 470 471 472 743 744 745 1463 1464 1465 2273 2274 2275 
 73 97 114 734 735 736 854 855 856 1466 1467 1468 2276 2277 2278 
 125 106 66 958 957 956 790 789 788 1471 1470 1469 2279 2280 2281 
 66 104 125 773 774 775 953 954 955 1469 1470 1471 2282 2283 2284 
 73 114 149 1468 1467 1466 1229 1230 1231 1474 1473 1472 2285 2286 2287 
 149 100 73 1225 1224 1223 757 756 755 1472 1473 1474 2288 2289 2290 
 87 121 118 917 918 919 916 915 914 1477 1476 1475 2291 2292 2293 
 118 21 87 895 894 893 629 630 631 1475 1476 1477 2294 2295 2296 
 107 128 80 989 990 991 985 984 983 1480 1479 1478 2297 2298 2299 
 80 127 107 974 975 976 979 978 977 1478 1479 1480 2300 2301 2302 
 100 130 148 998 999 1000 1211 1212 1213 1483 1482 1481 2303 2304 2305 
 148 115 100 1210 1209 1208 862 861 860 1481 1482 1483 2306 2307 2308 
 120 140 101 1121 1122 1123 1114 1113 1112 1486 1485 1484 2309 2310 2311 
 101 84 120 763 762 761 905 906 907 1484 1485 1486 2312 2313 2314 
 123 143 127 1163 1164 1165 1159 1158 1157 1489 1488 1487 2315 2316 2317 
 127 95 123 973 972 971 932 933 934 1487 1488 1489 2318 2319 2320 
 156 144 155 1315 1314 1313 1304 1305 1306 1492 1491 1490 2321 2322 2323 
 155 105 156 1300 1299 1298 1310 1311 1312 1490 1491 1492 2324 2325 2326 
 128 145 65 1187 1188 1189 1183 1182 1181 1495 1494 1493 2327 2328 2329 
 65 14 128 424 423 422 986 987 988 1493 1494 1495 2330 2331 2332 
 115 148 109 1208 1209 1210 1219 1218 1217 1498 1497 1496 2333 2334 2335 
 109 72 115 811 810 809 863 864 865 1496 1497 1498 2336 2337 2338 
 158 151 110 1333 1332 1331 1243 1242 1241 1501 1500 1499 2339 2340 2341 
 110 133 158 1034 1035 1036 1328 1329 1330 1499 1500 1501 2342 2343 2344 
 117 96 82 886 885 884 730 729 728 1502 1503 1504 2345 2346 2347 
 138 153 117 1268 1269 1270 1273 1272 1271 1507 1506 1505 2348 2349 2350 
 117 82 138 1504 1503 1502 1094 1095 1096 1505 1506 1507 2351 2352 2353 
 136 160 149 1346 1347 1348 1354 1353 1352 1510 1509 1508 2354 2355 2356 
 149 114 136 1231 1230 1229 1070 1071 1072 1508 1509 1510 2357 2358 2359 
 163 166 164 1436 1437 1438 1432 1431 1430 1513 1512 1511 2360 2361 2362 
 164 159 163 1402 1401 1400 1388 1389 1390 1511 1512 1513 2363 2364 2365 
 159 164 135 1400 1401 1402 1399 1398 1397 1516 1515 1514 2366 2367 2368 
 135 112 159 1063 1062 1061 1337 1338 1339 1514 1515 1516 2369 2370 2371 
 96 117 102 884 885 886 883 882 881 1519 1518 1517 2372 2373 2374 
 102 60 96 766 765 764 725 726 727 1517 1518 1519 2375 2376 2377 
 137 118 121 1078 1077 1076 914 915 916 1522 1521 1520 2378 2379 2380 
 121 103 137 913 912 911 1085 1086 1087 1520 1521 1522 2381 2382 2383 
 145 128 107 1189 1188 1187 991 990 989 1525 1524 1523 2384 2385 2386 
 107 126 145 962 963 964 1178 1179 1180 1523 1524 1525 2387 2388 2389 
 46 132 129 1013 1014 1015 1018 1017 1016 1528 1527 1526 2390 2391 2392 
 129 101 46 994 993 992 760 759 758 1526 1527 1528 2393 2394 2395 
 110 91 36 820 819 818 670 669 668 1531 1530 1529 2396 2397 2398 
 36 67 110 446 447 448 821 822 823 1529 1530 1531 2399 2400 2401 
 solutionOrder
4 4 4 4 
 4 4 4 4 
 4 4 4 4 
 4 4 4 4 
 4 4 4 4 
 4 4 4 4 
 4 4 4 4 
 4 4 4 4 
 4 4 4 4 
 4 4 4 4 
 4 4 4 4 
 4 4 4 4 
 4 4 4 4 
 4 4 4 4 
 4 4 4 4 
 4 4 4 4 
 4 4 4 4 
 4 4 4 4 
 4 4 4 4 
 4 4 4 4 
 4 4 4 4 
 4 4 4 4 
 4 4 4 4 
 4 4 4 4 
 4 4 4 4 
 4 4 4 4 
 4 4 4 4 
 4 4 4 4 
 4 4 4 4 
 4 4 4 4 
 4 4 4 4 
 4 4 4 4 
 4 4 4 4 
 4 4 4 4 
 4 4 4 4 
 4 4 4 4 
 4 4 4 4 
 4 4 4 4 
 4 4 4 4 
 4 4 4 4 
 4 4 4 4 
 4 4 4 4 
 4 4 4 4 
 4 4 4 4 
 4 4 4 4 
 4 4 4 4 
 4 4 4 4 
 4 4 4 4 
 4 4 4 4 
 4 4 4 4 
 4 4 4 4 
 4 4 4 4 
 4 4 4 4 
 4 4 4 4 
 4 4 4 4 
 4 4 4 4 
 4 4 4 4 
 4 4 4 4 
 4 4 4 4 
 4 4 4 4 
 4 4 4 4 
 4 4 4 4 
 4 4 4 4 
 4 4 4 4 
 4 4 4 4 
 4 4 4 4 
 4 4 4 4 
 4 4 4 4 
 4 4 4 4 
 4 4 4 4 
 4 4 4 4 
 4 4 4 4 
 4 4 4 4 
 4 4 4 4 
 4 4 4 4 
 4 4 4 4 
 4 4 4 4 
 4 4 4 4 
 4 4 4 4 
 4 4 4 4 
 4 4 4 4 
 4 4 4 4 
 4 4 4 4 
 4 4 4 4 
 4 4 4 4 
 4 4 4 4 
 4 4 4 4 
 4 4 4 4 
 4 4 4 4 
 4 4 4 4 
 4 4 4 4 
 4 4 4 4 
 4 4 4 4 
 4 4 4 4 
 4 4 4 4 
 4 4 4 4 
 4 4 4 4 
 4 4 4 4 
 4 4 4 4 
 4 4 4 4 
 4 4 4 4 
 4 4 4 4 
 4 4 4 4 
 4 4 4 4 
 4 4 4 4 
 4 4 4 4 
 4 4 4 4 
 4 4 4 4 
 4 4 4 4 
 4 4 4 4 
 4 4 4 4 
 4 4 4 4 
 4 4 4 4 
 4 4 4 4 
 4 4 4 4 
 4 4 4 4 
 4 4 4 4 
 4 4 4 4 
 4 4 4 4 
 4 4 4 4 
 4 4 4 4 
 4 4 4 4 
 4 4 4 4 
 4 4 4 4 
 4 4 4 4 
 4 4 4 4 
 4 4 4 4 
 4 4 4 4 
 4 4 4 4 
 4 4 4 4 
 4 4 4 4 
 4 4 4 4 
 4 4 4 4 
 4 4 4 4 
 4 4 4 4 
 4 4 4 4 
 4 4 4 4 
 4 4 4 4 
 4 4 4 4 
 4 4 4 4 
 4 4 4 4 
 4 4 4 4 
 4 4 4 4 
 4 4 4 4 
 4 4 4 4 
 4 4 4 4 
 4 4 4 4 
 4 4 4 4 
 4 4 4 4 
 4 4 4 4 
 4 4 4 4 
 4 4 4 4 
 4 4 4 4 
 4 4 4 4 
 4 4 4 4 
 4 4 4 4 
 4 4 4 4 
 4 4 4 4 
 4 4 4 4 
 4 4 4 4 
 4 4 4 4 
 4 4 4 4 
 4 4 4 4 
 4 4 4 4 
 4 4 4 4 
 4 4 4 4 
 4 4 4 4 
 4 4 4 4 
 4 4 4 4 
 4 4 4 4 
 4 4 4 4 
 4 4 4 4 
 4 4 4 4 
 4 4 4 4 
 4 4 4 4 
 4 4 4 4 
 4 4 4 4 
 4 4 4 4 
 4 4 4 4 
 4 4 4 4 
 4 4 4 4 
 4 4 4 4 
 4 4 4 4 
 4 4 4 4 
 4 4 4 4 
 4 4 4 4 
 4 4 4 4 
 4 4 4 4 
 4 4 4 4 
 4 4 4 4 
 4 4 4 4 
 4 4 4 4 
 4 4 4 4 
 4 4 4 4 
 4 4 4 4 
 4 4 4 4 
 4 4 4 4 
 4 4 4 4 
 4 4 4 4 
 4 4 4 4 
 4 4 4 4 
 4 4 4 4 
 4 4 4 4 
 4 4 4 4 
 4 4 4 4 
 4 4 4 4 
 4 4 4 4 
 4 4 4 4 
 4 4 4 4 
 4 4 4 4 
 4 4 4 4 
 4 4 4 4 
 4 4 4 4 
 4 4 4 4 
 4 4 4 4 
 4 4 4 4 
 4 4 4 4 
 4 4 4 4 
 4 4 4 4 
 4 4 4 4 
 4 4 4 4 
 4 4 4 4 
 4 4 4 4 
 4 4 4 4 
 4 4 4 4 
 4 4 4 4 
 4 4 4 4 
 4 4 4 4 
 4 4 4 4 
 4 4 4 4 
 4 4 4 4 
 4 4 4 4 
 4 4 4 4 
 4 4 4 4 
 4 4 4 4 
 4 4 4 4 
 4 4 4 4 
 4 4 4 4 
 4 4 4 4 
 4 4 4 4 
 4 4 4 4 
 4 4 4 4 
 4 4 4 4 
 4 4 4 4 
 4 4 4 4 
 4 4 4 4 
 4 4 4 4 
 4 4 4 4 
 4 4 4 4 
 4 4 4 4 
 4 4 4 4 
 4 4 4 4 
 4 4 4 4 
 4 4 4 4 
 4 4 4 4 
 4 4 4 4 
 4 4 4 4 
 4 4 4 4 
 4 4 4 4 
 4 4 4 4 
 4 4 4 4 
 4 4 4 4 
 4 4 4 4 
 4 4 4 4 
 4 4 4 4 
 4 4 4 4 
 4 4 4 4 
 4 4 4 4 
 4 4 4 4 
 4 4 4 4 
 4 4 4 4 
 4 4 4 4 
 4 4 4 4 
 4 4 4 4 
 4 4 4 4 
 4 4 4 4 
 4 4 4 4 
 4 4 4 4 
 4 4 4 4 
 4 4 4 4 
 4 4 4 4 
 4 4 4 4 
 4 4 4 4 
 4 4 4 4 
 4 4 4 4 
 4 4 4 4 
 4 4 4 4 
 4 4 4 4 
 4 4 4 4 
 4 4 4 4 
 vertexCoord 
0.000000 0.000000 
 1.000000 0.000000 
 1.000000 1.000000 
 0.000000 1.000000 
 -0.000000 0.300000 
 0.000000 0.099902 
 0.000000 0.199951 
 0.499925 0.000000 
 0.799946 0.000000 
 0.899973 0.000000 
 0.699934 0.000000 
 0.599948 0.000000 
 0.299919 0.000000 
 0.399922 0.000000 
 0.199897 0.000000 
 0.099948 0.000000 
 1.000000 0.500000 
 1.000000 0.799928 
 1.000000 0.899964 
 1.000000 0.699897 
 1.000000 0.599948 
 1.000000 0.299900 
 1.000000 0.399902 
 1.000000 0.199897 
 1.000000 0.099948 
 0.500000 1.000000 
 0.200100 1.000000 
 0.100098 1.000000 
 0.300103 1.000000 
 0.400052 1.000000 
 0.700081 1.000000 
 0.600041 1.000000 
 0.800103 1.000000 
 0.900052 1.000000 
 -0.000000 0.599939 
 -0.000000 0.399976 
 -0.000000 0.499957 
 -0.000000 0.799945 
 -0.000000 0.699917 
 -0.000000 0.899972 
 0.062106 0.095237 
 0.105374 0.175214 
 0.182834 0.179215 
 0.250350 0.715492 
 0.824466 0.240517 
 0.761501 0.767765 
 0.067403 0.933364 
 0.934971 0.060564 
 0.939679 0.932493 
 0.279305 0.098796 
 0.073725 0.258928 
 0.168959 0.101053 
 0.118281 0.644319 
 0.340969 0.855245 
 0.229560 0.821040 
 0.156629 0.741931 
 0.764962 0.084262 
 0.918658 0.302220 
 0.651928 0.105069 
 0.519130 0.489087 
 0.917168 0.219956 
 0.922308 0.745031 
 0.711096 0.918807 
 0.782448 0.874433 
 0.329304 0.057393 
 0.253246 0.158909 
 0.058536 0.332728 
 0.061358 0.568025 
 0.051430 0.650161 
 0.195773 0.666822 
 0.359845 0.933781 
 0.437824 0.944565 
 0.344862 0.753093 
 0.161428 0.920502 
 0.265334 0.921761 
 0.077509 0.738608 
 0.098035 0.836998 
 0.859908 0.071751 
 0.930081 0.409519 
 0.539356 0.078196 
 0.743223 0.180163 
 0.651422 0.336910 
 0.391981 0.608748 
 0.666618 0.617904 
 0.402887 0.231996 
 0.923091 0.133220 
 0.940272 0.638914 
 0.929837 0.850642 
 0.608251 0.927680 
 0.868350 0.911835 
 0.070780 0.474665 
 0.838803 0.154978 
 0.731363 0.274851 
 0.800647 0.315739 
 0.650114 0.223822 
 0.581736 0.413243 
 0.328134 0.663508 
 0.258792 0.630955 
 0.455417 0.552906 
 0.432841 0.811441 
 0.744762 0.670904 
 0.603124 0.532674 
 0.800177 0.526586 
 0.343139 0.167919 
 0.498996 0.389599 
 0.234408 0.235383 
 0.473280 0.135249 
 0.848687 0.814603 
 0.510689 0.929946 
 0.095691 0.392222 
 0.862029 0.384311 
 0.193267 0.592720 
 0.326116 0.586880 
 0.393307 0.677539 
 0.433486 0.890132 
 0.825082 0.715522 
 0.658801 0.443844 
 0.933625 0.532617 
 0.795599 0.419497 
 0.737160 0.576210 
 0.868968 0.577622 
 0.442200 0.465691 
 0.558481 0.289966 
 0.154653 0.244587 
 0.317332 0.234013 
 0.418312 0.172638 
 0.566725 0.171329 
 0.437393 0.064039 
 0.676659 0.712918 
 0.519752 0.783265 
 0.608243 0.842843 
 0.690082 0.810626 
 0.127170 0.318421 
 0.131311 0.541668 
 0.259648 0.558321 
 0.459153 0.638699 
 0.865080 0.475025 
 0.728422 0.378264 
 0.677111 0.530832 
 0.801592 0.632289 
 0.871644 0.661876 
 0.384303 0.530114 
 0.480580 0.216990 
 0.372912 0.305200 
 0.380122 0.116006 
 0.594998 0.645972 
 0.600544 0.746992 
 0.518750 0.865815 
 0.442403 0.723646 
 0.205987 0.308624 
 0.145681 0.454557 
 0.523475 0.587837 
 0.732878 0.479205 
 0.319785 0.514785 
 0.455761 0.302488 
 0.413691 0.382245 
 0.287916 0.305603 
 0.175033 0.381726 
 0.198498 0.515722 
 0.514621 0.677395 
 0.366513 0.452327 
 0.254899 0.371576 
 0.220769 0.444956 
 0.259047 0.495562 
 0.341958 0.378824 
 0.297138 0.442302 
 bc_tag 
93 
 15 
 10 
 5 
 2 
 101 
 101 
 21 
 21 
 21 
 21 
 21 
 21 
 21 
 21 
 21 
 16 
 16 
 16 
 16 
 16 
 16 
 16 
 16 
 16 
 11 
 11 
 11 
 11 
 11 
 11 
 11 
 11 
 11 
 6 
 6 
 6 
 6 
 6 
 6 
 39 
 39 
 39 
 39 
 39 
 39 
 39 
 39 
 39 
 39 
 39 
 39 
 39 
 39 
 39 
 39 
 39 
 39 
 39 
 39 
 39 
 39 
 39 
 39 
 39 
 39 
 39 
 39 
 39 
 39 
 39 
 39 
 39 
 39 
 39 
 39 
 39 
 39 
 39 
 39 
 39 
 39 
 39 
 39 
 39 
 39 
 39 
 39 
 39 
 39 
 39 
 39 
 39 
 39 
 39 
 39 
 39 
 39 
 39 
 39 
 39 
 39 
 39 
 39 
 39 
 39 
 39 
 39 
 39 
 39 
 39 
 39 
 39 
 39 
 39 
 39 
 39 
 39 
 39 
 39 
 39 
 39 
 39 
 39 
 39 
 39 
 39 
 39 
 39 
 39 
 39 
 39 
 39 
 39 
 39 
 39 
 39 
 39 
 39 
 39 
 39 
 39 
 39 
 39 
 39 
 39 
 39 
 39 
 39 
 39 
 39 
 39 
 39 
 39 
 39 
 39 
 39 
 39 
 39 
 39 
 39 
 39 
 39 
 39 
 39 
 39 
 101 
 101 
 101 
 101 
 101 
 101 
 101 
 101 
 101 
 21 
 21 
 21 
 21 
 21 
 21 
 21 
 21 
 21 
 21 
 21 
 21 
 21 
 21 
 21 
 21 
 21 
 21 
 21 
 21 
 21 
 21 
 21 
 21 
 21 
 21 
 21 
 21 
 21 
 21 
 16 
 16 
 16 
 16 
 16 
 16 
 16 
 16 
 16 
 16 
 16 
 16 
 16 
 16 
 16 
 16 
 16 
 16 
 16 
 16 
 16 
 16 
 16 
 16 
 16 
 16 
 16 
 16 
 16 
 16 
 11 
 11 
 11 
 11 
 11 
 11 
 11 
 11 
 11 
 11 
 11 
 11 
 11 
 11 
 11 
 11 
 11 
 11 
 11 
 11 
 11 
 11 
 11 
 11 
 11 
 11 
 11 
 11 
 11 
 11 
 6 
 6 
 6 
 6 
 6 
 6 
 6 
 6 
 6 
 6 
 6 
 6 
 6 
 6 
 6 
 6 
 6 
 6 
 6 
 6 
 6 
 39 
 39 
 39 
 39 
 39 
 39 
 39 
 39 
 39 
 39 
 39 
 39 
 39 
 39 
 39 
 39 
 39 
 39 
 39 
 39 
 39 
 39 
 39 
 39 
 39 
 39 
 39 
 39 
 39 
 39 
 39 
 39 
 39 
 39 
 39 
 39 
 39 
 39 
 39 
 39 
 39 
 39 
 39 
 39 
 39 
 39 
 39 
 39 
 39 
 39 
 39 
 39 
 39 
 39 
 39 
 39 
 39 
 39 
 39 
 39 
 39 
 39 
 39 
 39 
 39 
 39 
 39 
 39 
 39 
 39 
 39 
 39 
 39 
 39 
 39 
 39 
 39 
 39 
 39 
 39 
 39 
 39 
 39 
 39 
 39 
 39 
 39 
 39 
 39 
 39 
 39 
 39 
 39 
 39 
 39 
 39 
 39 
 39 
 39 
 39 
 39 
 39 
 39 
 39 
 39 
 39 
 39 
 39 
 39 
 39 
 39 
 39 
 39 
 39 
 39 
 39 
 39 
 39 
 39 
 39 
 39 
 39 
 39 
 39 
 39 
 39 
 39 
 39 
 39 
 39 
 39 
 39 
 39 
 39 
 39 
 39 
 39 
 39 
 39 
 39 
 39 
 39 
 39 
 39 
 39 
 39 
 39 
 39 
 39 
 39 
 39 
 39 
 39 
 39 
 39 
 39 
 39 
 39 
 39 
 39 
 39 
 39 
 39 
 39 
 39 
 39 
 39 
 39 
 39 
 39 
 39 
 39 
 39 
 39 
 39 
 39 
 39 
 39 
 39 
 39 
 39 
 39 
 39 
 39 
 39 
 39 
 39 
 39 
 39 
 39 
 39 
 39 
 39 
 39 
 39 
 39 
 39 
 39 
 39 
 39 
 39 
 39 
 39 
 39 
 39 
 39 
 39 
 39 
 39 
 39 
 39 
 39 
 39 
 39 
 39 
 39 
 39 
 39 
 39 
 39 
 39 
 39 
 39 
 39 
 39 
 39 
 39 
 39 
 39 
 39 
 39 
 39 
 39 
 39 
 39 
 39 
 39 
 39 
 39 
 39 
 39 
 39 
 39 
 39 
 39 
 39 
 39 
 39 
 39 
 39 
 39 
 39 
 39 
 39 
 39 
 39 
 39 
 39 
 39 
 39 
 39 
 39 
 39 
 39 
 39 
 39 
 39 
 39 
 39 
 39 
 39 
 39 
 39 
 39 
 39 
 39 
 39 
 39 
 39 
 39 
 39 
 39 
 39 
 39 
 39 
 39 
 39 
 39 
 39 
 39 
 39 
 39 
 39 
 39 
 39 
 39 
 39 
 39 
 39 
 39 
 39 
 39 
 39 
 39 
 39 
 39 
 39 
 39 
 39 
 39 
 39 
 39 
 39 
 39 
 39 
 39 
 39 
 39 
 39 
 39 
 39 
 39 
 39 
 39 
 39 
 39 
 39 
 39 
 39 
 39 
 39 
 39 
 39 
 39 
 39 
 39 
 39 
 39 
 39 
 39 
 39 
 39 
 39 
 39 
 39 
 39 
 39 
 39 
 39 
 39 
 39 
 39 
 39 
 39 
 39 
 39 
 39 
 39 
 39 
 39 
 39 
 39 
 39 
 39 
 39 
 39 
 39 
 39 
 39 
 39 
 39 
 39 
 39 
 39 
 39 
 39 
 39 
 39 
 39 
 39 
 39 
 39 
 39 
 39 
 39 
 39 
 39 
 39 
 39 
 39 
 39 
 39 
 39 
 39 
 39 
 39 
 39 
 39 
 39 
 39 
 39 
 39 
 39 
 39 
 39 
 39 
 39 
 39 
 39 
 39 
 39 
 39 
 39 
 39 
 39 
 39 
 39 
 39 
 39 
 39 
 39 
 39 
 39 
 39 
 39 
 39 
 39 
 39 
 39 
 39 
 39 
 39 
 39 
 39 
 39 
 39 
 39 
 39 
 39 
 39 
 39 
 39 
 39 
 39 
 39 
 39 
 39 
 39 
 39 
 39 
 39 
 39 
 39 
 39 
 39 
 39 
 39 
 39 
 39 
 39 
 39 
 39 
 39 
 39 
 39 
 39 
 39 
 39 
 39 
 39 
 39 
 39 
 39 
 39 
 39 
 39 
 39 
 39 
 39 
 39 
 39 
 39 
 39 
 39 
 39 
 39 
 39 
 39 
 39 
 39 
 39 
 39 
 39 
 39 
 39 
 39 
 39 
 39 
 39 
 39 
 39 
 39 
 39 
 39 
 39 
 39 
 39 
 39 
 39 
 39 
 39 
 39 
 39 
 39 
 39 
 39 
 39 
 39 
 39 
 39 
 39 
 39 
 39 
 39 
 39 
 39 
 39 
 39 
 39 
 39 
 39 
 39 
 39 
 39 
 39 
 39 
 39 
 39 
 39 
 39 
 39 
 39 
 39 
 39 
 39 
 39 
 39 
 39 
 39 
 39 
 39 
 39 
 39 
 39 
 39 
 39 
 39 
 39 
 39 
 39 
 39 
 39 
 39 
 39 
 39 
 39 
 39 
 39 
 39 
 39 
 39 
 39 
 39 
 39 
 39 
 39 
 39 
 39 
 39 
 39 
 39 
 39 
 39 
 39 
 39 
 39 
 39 
 39 
 39 
 39 
 39 
 39 
 39 
 39 
 39 
 39 
 39 
 39 
 39 
 39 
 39 
 39 
 39 
 39 
 39 
 39 
 39 
 39 
 39 
 39 
 39 
 39 
 39 
 39 
 39 
 39 
 39 
 39 
 39 
 39 
 39 
 39 
 39 
 39 
 39 
 39 
 39 
 39 
 39 
 39 
 39 
 39 
 39 
 39 
 39 
 39 
 39 
 39 
 39 
 39 
 39 
 39 
 39 
 39 
 39 
 39 
 39 
 39 
 39 
 39 
 39 
 39 
 39 
 39 
 39 
 39 
 39 
 39 
 39 
 39 
 39 
 39 
 39 
 39 
 39 
 39 
 39 
 39 
 39 
 39 
 39 
 39 
 39 
 39 
 39 
 39 
 39 
 39 
 39 
 39 
 39 
 39 
 39 
 39 
 39 
 39 
 39 
 39 
 39 
 39 
 39 
 39 
 39 
 39 
 39 
 39 
 39 
 39 
 39 
 39 
 39 
 39 
 39 
 39 
 39 
 39 
 39 
 39 
 39 
 39 
 39 
 39 
 39 
 39 
 39 
 39 
 39 
 39 
 39 
 39 
 39 
 39 
 39 
 39 
 39 
 39 
 39 
 39 
 39 
 39 
 39 
 39 
 39 
 39 
 39 
 39 
 39 
 39 
 39 
 39 
 39 
 39 
 39 
 39 
 39 
 39 
 39 
 39 
 39 
 39 
 39 
 39 
 39 
 39 
 39 
 39 
 39 
 39 
 39 
 39 
 39 
 39 
 39 
 39 
 39 
 39 
 39 
 39 
 39 
 39 
 39 
 39 
 39 
 39 
 39 
 39 
 39 
 39 
 39 
 39 
 39 
 39 
 39 
 39 
 39 
 39 
 39 
 39 
 39 
 39 
 39 
 39 
 39 
 39 
 39 
 39 
 39 
 39 
 39 
 39 
 39 
 39 
 39 
 39 
 39 
 39 
 39 
 39 
 39 
 39 
 39 
 39 
 39 
 39 
 39 
 39 
 39 
 39 
 39 
 39 
 39 
 39 
 39 
 39 
 39 
 39 
 39 
 39 
 39 
 39 
 39 
 39 
 39 
 39 
 39 
 39 
 39 
 39 
 39 
 39 
 39 
 39 
 39 
 39 
 39 
 39 
 39 
 39 
 39 
 39 
 39 
 39 
 39 
 39 
 39 
 39 
 39 
 39 
 39 
 39 
 39 
 39 
 39 
 39 
 39 
 39 
 39 
 39 
 39 
 39 
 39 
 39 
 39 
 39 
 39 
 39 
 39 
 39 
 39 
 39 
 39 
 39 
 39 
 39 
 39 
 39 
 39 
 39 
 39 
 39 
 39 
 39 
 39 
 39 
 39 
 39 
 39 
 39 
 39 
 39 
 39 
 39 
 39 
 39 
 39 
 39 
 39 
 39 
 39 
 39 
 39 
 39 
 39 
 39 
 39 
 39 
 39 
 39 
 39 
 39 
 39 
 39 
 39 
 39 
 39 
 39 
 39 
 39 
 39 
 39 
 39 
 39 
 39 
 39 
 39 
 39 
 39 
 39 
 39 
 39 
 39 
 39 
 39 
 39 
 39 
 39 
 39 
 39 
 39 
 39 
 39 
 39 
 39 
 39 
 39 
 39 
 39 
 39 
 39 
 39 
 39 
 39 
 39 
 39 
 39 
 39 
 39 
 39 
 39 
 39 
 39 
 39 
 39 
 39 
 39 
 39 
 39 
 39 
 39 
 39 
 39 
 39 
 39 
 39 
 39 
 39 
 39 
 39 
 39 
 39 
 39 
 39 
 39 
 39 
 39 
 39 
 39 
 39 
 39 
 39 
 39 
 39 
 39 
 39 
 39 
 39 
 39 
 39 
 39 
 39 
 39 
 39 
 39 
 39 
 39 
 39 
 39 
 39 
 39 
 39 
 39 
 39 
 39 
 39 
 39 
 39 
 39 
 39 
 39 
 39 
 39 
 39 
 39 
 39 
 39 
 39 
 39 
 39 
 39 
 39 
 39 
 39 
 39 
 39 
 39 
 39 
 39 
 39 
 39 
 39 
 39 
 39 
 39 
 39 
 39 
 39 
 39 
 39 
 39 
 39 
 39 
 39 
 39 
 39 
 39 
 39 
 39 
 39 
 39 
 39 
 39 
 39 
 39 
 39 
 39 
 39 
 39 
 39 
 39 
 39 
 39 
 39 
 39 
 39 
 39 
 39 
 39 
 39 
 39 
 39 
 39 
 39 
 39 
 39 
 39 
 39 
 39 
 39 
 39 
 39 
 39 
 39 
 39 
 39 
 39 
 39 
 39 
 39 
 39 
 39 
 39 
 39 
 39 
 39 
 39 
 39 
 39 
 39 
 39 
 39 
 39 
 39 
 39 
 39 
 39 
 39 
 39 
 39 
 39 
 39 
 39 
 39 
 39 
 39 
 39 
 39 
 39 
 39 
 39 
 39 
 39 
 39 
 39 
 39 
 39 
 39 
 39 
 39 
 39 
 39 
 39 
 39 
 39 
 39 
 39 
 39 
 39 
 39 
 39 
 39 
 39 
 39 
 39 
 39 
 39 
 39 
 39 
 39 
 39 
 39 
 39 
 39 
 39 
 39 
 39 
 39 
 39 
 39 
 39 
 39 
 39 
 39 
 39 
 39 
 39 
 39 
 39 
 39 
 39 
 39 
 39 
 39 
 39 
 39 
 39 
 39 
 39 
 39 
 39 
 39 
 39 
 39 
 39 
 39 
 39 
 39 
 39 
 39 
 39 
 39 
 39 
 39 
 39 
 39 
 39 
 39 
 39 
 39 
 39 
 39 
 39 
 39 
 39 
 39 
 39 
 39 
 39 
 39 
 39 
 39 
 39 
 39 
 39 
 39 
 39 
 39 
 39 
 39 
 39 
 39 
 39 
 39 
 39 
 39 
 39 
 39 
 39 
 39 
 39 
 39 
 39 
 39 
 39 
 39 
 39 
 39 
 39 
 39 
 39 
 39 
 39 
 39 
 39 
 39 
 39 
 39 
 39 
 39 
 39 
 39 
 39 
 39 
 39 
 39 
 39 
 39 
 39 
 39 
 39 
 39 
 39 
 39 
 39 
 39 
 39 
 39 
 39 
 39 
 39 
 39 
 39 
 39 
 39 
 39 
 39 
 39 
 39 
 39 
 39 
 39 
 39 
 39 
 39 
 39 
 39 
 39 
 39 
 39 
 39 
 39 
 39 
 39 
 39 
 39 
 39 
 39 
 39 
 39 
 39 
 39 
 39 
 39 
 39 
 39 
 39 
 39 
 39 
 39 
 39 
 39 
 39 
 39 
 39 
 39 
 39 
 39 
 39 
 39 
 39 
 39 
 39 
 39 
 39 
 39 
 39 
 39 
 39 
 39 
 39 
 39 
 39 
 39 
 39 
 39 
 39 
 39 
 39 
 39 
 39 
 39 
 39 
 39 
 39 
 39 
 39 
 39 
 39 
 39 
 39 
 39 
 39 
 39 
 39 
 39 
 39 
 39 
 39 
 39 
 39 
 39 
 39 
 39 
 39 
 39 
 39 
 39 
 39 
 39 
 39 
 39 
 39 
 39 
 39 
 39 
 39 
 39 
 39 
 39 
 39 
 39 
 39 
 39 
 39 
 39 
 39 
 39 
 39 
 39 
 39 
 39 
 39 
 39 
 39 
 39 
 39 
 39 
 39 
 39 
 39 
 39 
 39 
 39 
 39 
 39 
 39 
 39 
 39 
 39 
 39 
 39 
 39 
 39 
 39 
 39 
 39 
 39 
 39 
 39 
 39 
 39 
 39 
 39 
 39 
 39 
 39 
 39 
 39 
 39 
 39 
 39 
 39 
 39 
 39 
 39 
 39 
 39 
 39 
 39 
 39 
 39 
 39 
 39 
 39 
 39 
 39 
 39 
 39 
 39 
 39 
 39 
 39 
 39 
 39 
 39 
 39 
 39 
 39 
 39 
 39 
 39 
 39 
 39 
 39 
 39 
 39 
 39 
 39 
 39 
 39 
 39 
 39 
 39 
 39 
 39 
 39 
 39 
 39 
 39 
 39 
 39 
 39 
 39 
 39 
 39 
 39 
 39 
 39 
 39 
 39 
 39 
 39 
 39 
 39 
 39 
 39 
 39 
 39 
 39 
 39 
 39 
 39 
 39 
 39 
 39 
 39 
 39 
 39 
 39 
 39 
 39 
 39 
 39 
 39 
 39 
 39 
 39 
 39 
 39 
 39 
 39 
 39 
 39 
 39 
 39 
 39 
 39 
 39 
 39 
 39 
 39 
 39 
 39 
 39 
 39 
 39 
 39 
 39 
 39 
 39 
 39 
 39 
 39 
 39 
 39 
 39 
 39 
 39 
 39 
 39 
 39 
 39 
 39 
 39 
 39 
 39 
 39 
 39 
 39 
 39 
 39 
 39 
 39 
 39 
 39 
 39 
 39 
 39 
 39 
 39 
 39 
 39 
 39 
 39 
 39 
 39 
 39 
 39 
 39 
 39 
 39 
 39 
 39 
 39 
 39 
 39 
 39 
 39 
 39 
 39 
 39 
 39 
 39 
 39 
 39 
 39 
 39 
 39 
 39 
 39 
 39 
 39 
 39 
 39 
 39 
 39 
 39 
 39 
 39 
 39 
 39 
 39 
 39 
 39 
 39 
 39 
 39 
 39 
 39 
 39 
 39 
 39 
 39 
 39 
 39 
 39 
 39 
 39 
 39 
 39 
 39 
 39 
 39 
 39 
 39 
 39 
 39 
 39 
 39 
 39 
 39 
 39 
 39 
 39 
 39 
 39 
 39 
 39 
 39 
 39 
 39 
 39 
 39 
 39 
 39 
 39 
 39 
 39 
 39 
 39 
 39 
 39 
 39 
 39 
 39 
 39 
 39 
 39 
 39 
 39 
 39 
 39 
 39 
 39 
 39 
 39 
 39 
 39 
 39 
 39 
 39 
 39 
 39 
 39 
 39 
 39 
 39 
 39 
 39 
 39 
 39 
 39 
 39 
 39 
 39 
 39 
 39 
 39 
 39 
 39 
 39 
 39 
 39 
 39 
 39 
 39 
 39 
 39 
 39 
 39 
 39 
 39 
 39 
 39 
 39 
 39 
 39 
 39 
 39 
 39 
 39 
 39 
 39 
 39 
 39 
 39 
 39 
 39 
 39 
 39 
 39 
 39 
 39 
 39 
 39 
 39 
 39 
 39 
 39 
 39 
 39 
 39 
 39 
 39 
 39 
 39 
 39 
 39 
 39 
 39 
 39 
 39 
 39 
 39 
 39 
 39 
 39 
 39 
 39 
 39 
 39 
 39 
 39 
 39 
 39 
 39 
 39 
 39 
 39 
 39 
 39 
 39 
 39 
 39 
 39 
 39 
 39 
 39 
 39 
 39 
 39 
 39 
 39 
 39 
 39 
 39 
 39 
 39 
 39 
 39 
 39 
 39 
 39 
 39 
 39 
 39 
 39 
 39 
 39 
 39 
 39 
 39 
 39 
 39 
 39 
 39 
 39 
 39 
 39 
 39 
 39 
 39 
 39 
 39 
 39 
 39 
 39 
 39 
 39 
 39 
 39 
 39 
 39 
 39 
 39 
 39 
 39 
 39 
 39 
 39 
 39 
 39 
 39 
 39 
 39 
 39 
 39 
 39 
 39 
 39 
 39 
 39 
 39 
 39 
 39 
 39 
 39 
 39 
 39 
 39 
 39 
 39 
 39 
 39 
 39 
 39 
 39 
 39 
 39 
 39 
 39 
 39 
 39 
 39 
 39 
 39 
 39 
 39 
 39 
 39 
 39 
 39 
 39 
 39 
 39 
 39 
 39 
 39 
 39 
 39 
 39 
 39 
 39 
 39 
 39 
 39 
 39 
 39 
 39 
 39 
 39 
 39 
 39 
 39 
 39 
 39 
 39 
 39 
 39 
 39 
 39 
 39 
 39 
 39 
 39 
 39 
 39 
 39 
 39 
 39 
 39 
 39 
 39 
 39 
 39 
 39 
 39 
 39 
 39 
 39 
 39 
 39 
 39 
 39 
 39 
 39 
 39 
 39 
 39 
 39 
 39 
 39 
 39 
 39 
 39 
 39 
 39 
 39 
 39 
 39 
 39 
 39 
 39 
 39 
 39 
 39 
 39 
 39 
 39 
 39 
 39 
 39 
 39 
 39 
 39 
 39 
 39 
 39 
 39 
 39 
 39 
 39 
 39 
 39 
 39 
 39 
 39 
 39 
 39 
 39 
 39 
 39 
 39 
 39 
 39 
 39 
 39 
 39 
 39 
 39 
 39 
 39 
 39 
 39 
 39 
 39 
 39 
 39 
 39 
 39 
 39 
 39 
 39 
 39 
 39 
 39 
 39 
 39 
 39 
 39 
 39 
 39 
 39 
 39 
 39 
 39 
 39 
 39 
 39 
 39 
 39 
 39 
 39 
 39 
 39 
 39 
 39 
 39 
 39 
 39 
 39 
 39 
 39 
 39 
 39 
 39 
 39 
 39 
 39 
 39 
 39 
 39 
 39 
 39 
 39 
 39 
 39 
 39 
 39 
 39 
 39 
 39 
 39 
 39 
 39 
 39 
 39 
 39 
 39 
 39 
 39 
 39 
 39 
 39 
 39 
 39 
 39 
 39 
 39 
 39 
 39 
 39 
 39 
 39 
 39 
 39 
 39 
 39 
 39 
 39 
 39 
 39 
 39 
 39 
 39 
 39 
 39 
 39 
 39 
 39 
 39 
 39 
 39 
 39 
 39 
 39 
 39 
 39 
 39 
 39 
 39 
 39 
 39 
 39 
 39 
 39 
 bcElement 40
1 101 1 
233 101 3 
9 101 1 
26 6 1 
76 6 1 
27 6 1 
28 6 1 
45 6 1 
49 6 1 
4 6 1 
3 11 1 
38 11 1 
39 11 1 
32 11 1 
34 11 1 
100 11 1 
70 11 1 
241 11 3 
75 11 1 
7 11 1 
8 16 1 
67 16 1 
21 16 1 
66 16 1 
116 16 1 
57 16 1 
246 16 1 
20 16 1 
64 16 1 
5 16 1 
6 21 1 
54 21 1 
15 21 1 
17 21 1 
59 21 1 
129 21 1 
22 21 1 
237 21 3 
13 21 1 
2 21 1 
