Edge min = 0.054605, max=0.141563, average=0.090650;
Grid_size 290
Node_size 166
Total_DOF 5341
maxDOF 28
Solution_Order
6 
 meshIEN 
41 6 1 
 41 1 16 
 47 28 4 
 47 4 40 
 48 2 25 
 48 10 2 
 49 3 34 
 49 19 3 
 51 5 7 
 7 42 51 
 52 43 42 
 15 50 52 
 52 16 15 
 44 55 56 
 57 11 9 
 11 57 59 
 59 12 11 
 61 58 45 
 22 58 61 
 61 24 22 
 62 20 18 
 65 13 14 
 43 52 66 
 66 52 50 
 5 51 67 
 67 36 5 
 68 35 37 
 69 39 35 
 35 68 69 
 69 68 53 
 44 56 70 
 71 30 29 
 30 71 72 
 72 26 30 
 73 55 44 
 54 55 73 
 28 47 74 
 74 27 28 
 75 29 27 
 75 55 54 
 27 74 75 
 75 74 55 
 75 71 29 
 54 71 75 
 76 38 39 
 39 69 76 
 77 47 40 
 77 74 47 
 77 40 38 
 55 74 77 
 77 56 55 
 38 76 77 
 77 76 56 
 78 9 10 
 78 57 9 
 10 48 78 
 79 23 17 
 12 59 80 
 80 8 12 
 81 59 57 
 86 48 25 
 86 78 48 
 24 61 86 
 86 25 24 
 20 62 87 
 87 21 20 
 88 18 19 
 88 62 18 
 19 49 88 
 89 31 32 
 89 63 31 
 90 49 34 
 90 88 49 
 33 64 90 
 90 34 33 
 91 37 36 
 91 68 37 
 57 78 92 
 78 86 92 
 45 81 92 
 92 81 57 
 92 61 45 
 92 86 61 
 93 81 45 
 94 93 45 
 45 58 94 
 95 93 82 
 81 93 95 
 59 81 95 
 97 73 44 
 54 73 100 
 104 66 50 
 105 96 60 
 43 66 106 
 62 88 108 
 88 90 108 
 108 64 46 
 108 90 64 
 26 72 109 
 109 32 26 
 109 89 32 
 111 94 58 
 58 79 111 
 112 70 53 
 112 98 70 
 97 98 113 
 83 97 113 
 114 97 83 
 54 100 115 
 115 71 54 
 115 72 71 
 46 101 116 
 116 108 46 
 62 108 116 
 118 79 17 
 118 17 21 
 94 111 119 
 122 105 60 
 60 99 122 
 123 95 82 
 96 105 123 
 82 96 123 
 43 106 124 
 125 104 85 
 85 104 126 
 59 95 127 
 127 80 59 
 8 80 128 
 128 14 8 
 84 101 129 
 63 89 131 
 131 130 147 
 147 129 132 
 63 131 132 
 132 131 147 
 46 64 132 
 132 64 63 
 133 110 67 
 51 124 133 
 133 67 51 
 68 91 134 
 134 112 53 
 53 68 134 
 135 113 98 
 98 112 135 
 136 114 83 
 83 99 136 
 79 118 137 
 137 111 79 
 137 119 111 
 103 119 137 
 94 119 138 
 93 94 138 
 82 93 138 
 102 117 139 
 139 120 84 
 84 102 139 
 140 116 101 
 103 121 140 
 140 120 103 
 62 116 141 
 141 87 62 
 141 121 87 
 116 140 141 
 141 140 121 
 142 122 99 
 83 113 142 
 142 99 83 
 107 127 143 
 85 126 143 
 143 126 107 
 144 125 85 
 145 126 104 
 145 104 50 
 50 65 145 
 84 129 146 
 146 102 84 
 147 146 129 
 130 131 148 
 148 131 89 
 89 109 148 
 149 130 100 
 150 124 106 
 150 133 124 
 151 134 91 
 91 110 151 
 152 136 99 
 102 146 152 
 60 102 152 
 152 99 60 
 153 138 119 
 153 139 117 
 153 119 103 
 120 139 153 
 103 120 153 
 154 142 113 
 113 135 154 
 85 143 155 
 155 123 105 
 155 143 123 
 155 144 85 
 105 122 156 
 125 144 157 
 157 150 106 
 106 125 157 
 133 150 158 
 134 151 159 
 112 134 159 
 136 152 160 
 160 152 146 
 146 147 160 
 130 149 160 
 160 147 130 
 142 154 161 
 161 156 122 
 122 142 161 
 162 158 150 
 150 157 162 
 163 159 151 
 151 158 163 
 158 162 163 
 164 154 135 
 156 161 165 
 165 162 157 
 165 157 144 
 144 156 165 
 166 165 161 
 154 164 166 
 166 161 154 
 162 165 166 
 166 163 162 
 41 42 7 
 7 6 41 
 52 42 41 
 41 16 52 
 65 50 15 
 15 13 65 
 124 51 42 
 42 43 124 
 63 64 33 
 33 31 63 
 76 69 53 
 56 76 53 
 53 70 56 
 23 79 58 
 58 22 23 
 98 97 44 
 44 70 98 
 73 97 114 
 125 106 66 
 66 104 125 
 73 114 149 
 149 100 73 
 87 121 118 
 118 21 87 
 107 128 80 
 80 127 107 
 100 130 148 
 148 115 100 
 120 140 101 
 101 84 120 
 123 143 127 
 127 95 123 
 156 144 155 
 155 105 156 
 128 145 65 
 65 14 128 
 115 148 109 
 109 72 115 
 158 151 110 
 110 133 158 
 117 96 82 
 138 153 117 
 117 82 138 
 136 160 149 
 149 114 136 
 163 166 164 
 164 159 163 
 159 164 135 
 135 112 159 
 96 117 102 
 102 60 96 
 137 118 121 
 121 103 137 
 145 128 107 
 107 126 145 
 46 132 129 
 129 101 46 
 110 91 36 
 36 67 110 
 solutionIEN 
41 6 1 371 370 369 368 367 171 170 169 168 167 372 373 374 375 376 2442 2443 2444 2445 2446 2447 2448 2449 2450 2451 
 41 1 16 376 375 374 373 372 231 230 229 228 227 377 378 379 380 381 2452 2453 2454 2455 2456 2457 2458 2459 2460 2461 
 47 28 4 406 405 404 403 402 286 285 284 283 282 397 398 399 400 401 2462 2463 2464 2465 2466 2467 2468 2469 2470 2471 
 47 4 40 401 400 399 398 397 366 365 364 363 362 407 408 409 410 411 2472 2473 2474 2475 2476 2477 2478 2479 2480 2481 
 48 2 25 421 420 419 418 417 281 280 279 278 277 412 413 414 415 416 2482 2483 2484 2485 2486 2487 2488 2489 2490 2491 
 48 10 2 426 425 424 423 422 186 185 184 183 182 417 418 419 420 421 2492 2493 2494 2495 2496 2497 2498 2499 2500 2501 
 49 3 34 436 435 434 433 432 331 330 329 328 327 427 428 429 430 431 2502 2503 2504 2505 2506 2507 2508 2509 2510 2511 
 49 19 3 441 440 439 438 437 236 235 234 233 232 432 433 434 435 436 2512 2513 2514 2515 2516 2517 2518 2519 2520 2521 
 51 5 7 451 450 449 448 447 181 180 179 178 177 452 453 454 455 456 2522 2523 2524 2525 2526 2527 2528 2529 2530 2531 
 7 42 51 382 383 384 385 386 457 458 459 460 461 456 455 454 453 452 2532 2533 2534 2535 2536 2537 2538 2539 2540 2541 
 52 43 42 471 470 469 468 467 396 395 394 393 392 462 463 464 465 466 2542 2543 2544 2545 2546 2547 2548 2549 2550 2551 
 15 50 52 442 443 444 445 446 477 478 479 480 481 476 475 474 473 472 2552 2553 2554 2555 2556 2557 2558 2559 2560 2561 
 52 16 15 486 485 484 483 482 226 225 224 223 222 472 473 474 475 476 2562 2563 2564 2565 2566 2567 2568 2569 2570 2571 
 44 55 56 487 488 489 490 491 502 503 504 505 506 501 500 499 498 497 2572 2573 2574 2575 2576 2577 2578 2579 2580 2581 
 57 11 9 511 510 509 508 507 196 195 194 193 192 512 513 514 515 516 2582 2583 2584 2585 2586 2587 2588 2589 2590 2591 
 11 57 59 507 508 509 510 511 527 528 529 530 531 541 540 539 538 537 2592 2593 2594 2595 2596 2597 2598 2599 2600 2601 
 59 12 11 536 535 534 533 532 201 200 199 198 197 537 538 539 540 541 2602 2603 2604 2605 2606 2607 2608 2609 2610 2611 
 61 58 45 551 550 549 548 547 526 525 524 523 522 542 543 544 545 546 2612 2613 2614 2615 2616 2617 2618 2619 2620 2621 
 22 58 61 517 518 519 520 521 547 548 549 550 551 561 560 559 558 557 2622 2623 2624 2625 2626 2627 2628 2629 2630 2631 
 61 24 22 556 555 554 553 552 271 270 269 268 267 557 558 559 560 561 2632 2633 2634 2635 2636 2637 2638 2639 2640 2641 
 62 20 18 566 565 564 563 562 246 245 244 243 242 567 568 569 570 571 2642 2643 2644 2645 2646 2647 2648 2649 2650 2651 
 65 13 14 601 600 599 598 597 216 215 214 213 212 592 593 594 595 596 2652 2653 2654 2655 2656 2657 2658 2659 2660 2661 
 43 52 66 467 468 469 470 471 612 613 614 615 616 611 610 609 608 607 2662 2663 2664 2665 2666 2667 2668 2669 2670 2671 
 66 52 50 616 615 614 613 612 481 480 479 478 477 617 618 619 620 621 2672 2673 2674 2675 2676 2677 2678 2679 2680 2681 
 5 51 67 447 448 449 450 451 627 628 629 630 631 626 625 624 623 622 2682 2683 2684 2685 2686 2687 2688 2689 2690 2691 
 67 36 5 636 635 634 633 632 336 335 334 333 332 622 623 624 625 626 2692 2693 2694 2695 2696 2697 2698 2699 2700 2701 
 68 35 37 646 645 644 643 642 346 345 344 343 342 637 638 639 640 641 2702 2703 2704 2705 2706 2707 2708 2709 2710 2711 
 69 39 35 661 660 659 658 657 351 350 349 348 347 652 653 654 655 656 2712 2713 2714 2715 2716 2717 2718 2719 2720 2721 
 35 68 69 642 643 644 645 646 667 668 669 670 671 656 655 654 653 652 2722 2723 2724 2725 2726 2727 2728 2729 2730 2731 
 69 68 53 671 670 669 668 667 651 650 649 648 647 662 663 664 665 666 2732 2733 2734 2735 2736 2737 2738 2739 2740 2741 
 44 56 70 497 498 499 500 501 677 678 679 680 681 676 675 674 673 672 2742 2743 2744 2745 2746 2747 2748 2749 2750 2751 
 71 30 29 691 690 689 688 687 301 300 299 298 297 697 698 699 700 701 2752 2753 2754 2755 2756 2757 2758 2759 2760 2761 
 30 71 72 687 688 689 690 691 707 708 709 710 711 716 715 714 713 712 2762 2763 2764 2765 2766 2767 2768 2769 2770 2771 
 72 26 30 706 705 704 703 702 306 305 304 303 302 712 713 714 715 716 2772 2773 2774 2775 2776 2777 2778 2779 2780 2781 
 73 55 44 726 725 724 723 722 491 490 489 488 487 717 718 719 720 721 2782 2783 2784 2785 2786 2787 2788 2789 2790 2791 
 54 55 73 492 493 494 495 496 722 723 724 725 726 731 730 729 728 727 2792 2793 2794 2795 2796 2797 2798 2799 2800 2801 
 28 47 74 402 403 404 405 406 737 738 739 740 741 736 735 734 733 732 2802 2803 2804 2805 2806 2807 2808 2809 2810 2811 
 74 27 28 746 745 744 743 742 291 290 289 288 287 732 733 734 735 736 2812 2813 2814 2815 2816 2817 2818 2819 2820 2821 
 75 29 27 761 760 759 758 757 296 295 294 293 292 752 753 754 755 756 2822 2823 2824 2825 2826 2827 2828 2829 2830 2831 
 75 55 54 771 770 769 768 767 496 495 494 493 492 762 763 764 765 766 2832 2833 2834 2835 2836 2837 2838 2839 2840 2841 
 27 74 75 742 743 744 745 746 772 773 774 775 776 756 755 754 753 752 2842 2843 2844 2845 2846 2847 2848 2849 2850 2851 
 75 74 55 776 775 774 773 772 751 750 749 748 747 767 768 769 770 771 2852 2853 2854 2855 2856 2857 2858 2859 2860 2861 
 75 71 29 781 780 779 778 777 701 700 699 698 697 757 758 759 760 761 2862 2863 2864 2865 2866 2867 2868 2869 2870 2871 
 54 71 75 692 693 694 695 696 777 778 779 780 781 766 765 764 763 762 2872 2873 2874 2875 2876 2877 2878 2879 2880 2881 
 76 38 39 791 790 789 788 787 356 355 354 353 352 782 783 784 785 786 2882 2883 2884 2885 2886 2887 2888 2889 2890 2891 
 39 69 76 657 658 659 660 661 797 798 799 800 801 786 785 784 783 782 2892 2893 2894 2895 2896 2897 2898 2899 2900 2901 
 77 47 40 811 810 809 808 807 411 410 409 408 407 802 803 804 805 806 2902 2903 2904 2905 2906 2907 2908 2909 2910 2911 
 77 74 47 816 815 814 813 812 741 740 739 738 737 807 808 809 810 811 2912 2913 2914 2915 2916 2917 2918 2919 2920 2921 
 77 40 38 806 805 804 803 802 361 360 359 358 357 817 818 819 820 821 2922 2923 2924 2925 2926 2927 2928 2929 2930 2931 
 55 74 77 747 748 749 750 751 812 813 814 815 816 826 825 824 823 822 2932 2933 2934 2935 2936 2937 2938 2939 2940 2941 
 77 56 55 831 830 829 828 827 506 505 504 503 502 822 823 824 825 826 2942 2943 2944 2945 2946 2947 2948 2949 2950 2951 
 38 76 77 787 788 789 790 791 832 833 834 835 836 821 820 819 818 817 2952 2953 2954 2955 2956 2957 2958 2959 2960 2961 
 77 76 56 836 835 834 833 832 796 795 794 793 792 827 828 829 830 831 2962 2963 2964 2965 2966 2967 2968 2969 2970 2971 
 78 9 10 846 845 844 843 842 191 190 189 188 187 837 838 839 840 841 2972 2973 2974 2975 2976 2977 2978 2979 2980 2981 
 78 57 9 851 850 849 848 847 516 515 514 513 512 842 843 844 845 846 2982 2983 2984 2985 2986 2987 2988 2989 2990 2991 
 10 48 78 422 423 424 425 426 852 853 854 855 856 841 840 839 838 837 2992 2993 2994 2995 2996 2997 2998 2999 3000 3001 
 79 23 17 866 865 864 863 862 261 260 259 258 257 857 858 859 860 861 3002 3003 3004 3005 3006 3007 3008 3009 3010 3011 
 12 59 80 532 533 534 535 536 877 878 879 880 881 876 875 874 873 872 3012 3013 3014 3015 3016 3017 3018 3019 3020 3021 
 80 8 12 886 885 884 883 882 206 205 204 203 202 872 873 874 875 876 3022 3023 3024 3025 3026 3027 3028 3029 3030 3031 
 81 59 57 901 900 899 898 897 531 530 529 528 527 892 893 894 895 896 3032 3033 3034 3035 3036 3037 3038 3039 3040 3041 
 86 48 25 911 910 909 908 907 416 415 414 413 412 902 903 904 905 906 3042 3043 3044 3045 3046 3047 3048 3049 3050 3051 
 86 78 48 916 915 914 913 912 856 855 854 853 852 907 908 909 910 911 3052 3053 3054 3055 3056 3057 3058 3059 3060 3061 
 24 61 86 552 553 554 555 556 922 923 924 925 926 921 920 919 918 917 3062 3063 3064 3065 3066 3067 3068 3069 3070 3071 
 86 25 24 906 905 904 903 902 276 275 274 273 272 917 918 919 920 921 3072 3073 3074 3075 3076 3077 3078 3079 3080 3081 
 20 62 87 562 563 564 565 566 932 933 934 935 936 931 930 929 928 927 3082 3083 3084 3085 3086 3087 3088 3089 3090 3091 
 87 21 20 941 940 939 938 937 251 250 249 248 247 927 928 929 930 931 3092 3093 3094 3095 3096 3097 3098 3099 3100 3101 
 88 18 19 951 950 949 948 947 241 240 239 238 237 942 943 944 945 946 3102 3103 3104 3105 3106 3107 3108 3109 3110 3111 
 88 62 18 956 955 954 953 952 571 570 569 568 567 947 948 949 950 951 3112 3113 3114 3115 3116 3117 3118 3119 3120 3121 
 19 49 88 437 438 439 440 441 957 958 959 960 961 946 945 944 943 942 3122 3123 3124 3125 3126 3127 3128 3129 3130 3131 
 89 31 32 971 970 969 968 967 316 315 314 313 312 962 963 964 965 966 3132 3133 3134 3135 3136 3137 3138 3139 3140 3141 
 89 63 31 976 975 974 973 972 576 575 574 573 572 967 968 969 970 971 3142 3143 3144 3145 3146 3147 3148 3149 3150 3151 
 90 49 34 986 985 984 983 982 431 430 429 428 427 977 978 979 980 981 3152 3153 3154 3155 3156 3157 3158 3159 3160 3161 
 90 88 49 991 990 989 988 987 961 960 959 958 957 982 983 984 985 986 3162 3163 3164 3165 3166 3167 3168 3169 3170 3171 
 33 64 90 587 588 589 590 591 997 998 999 1000 1001 996 995 994 993 992 3172 3173 3174 3175 3176 3177 3178 3179 3180 3181 
 90 34 33 981 980 979 978 977 326 325 324 323 322 992 993 994 995 996 3182 3183 3184 3185 3186 3187 3188 3189 3190 3191 
 91 37 36 1011 1010 1009 1008 1007 341 340 339 338 337 1002 1003 1004 1005 1006 3192 3193 3194 3195 3196 3197 3198 3199 3200 3201 
 91 68 37 1016 1015 1014 1013 1012 641 640 639 638 637 1007 1008 1009 1010 1011 3202 3203 3204 3205 3206 3207 3208 3209 3210 3211 
 57 78 92 847 848 849 850 851 1022 1023 1024 1025 1026 1021 1020 1019 1018 1017 3212 3213 3214 3215 3216 3217 3218 3219 3220 3221 
 78 86 92 912 913 914 915 916 1027 1028 1029 1030 1031 1026 1025 1024 1023 1022 3222 3223 3224 3225 3226 3227 3228 3229 3230 3231 
 45 81 92 887 888 889 890 891 1037 1038 1039 1040 1041 1036 1035 1034 1033 1032 3232 3233 3234 3235 3236 3237 3238 3239 3240 3241 
 92 81 57 1041 1040 1039 1038 1037 896 895 894 893 892 1017 1018 1019 1020 1021 3242 3243 3244 3245 3246 3247 3248 3249 3250 3251 
 92 61 45 1046 1045 1044 1043 1042 546 545 544 543 542 1032 1033 1034 1035 1036 3252 3253 3254 3255 3256 3257 3258 3259 3260 3261 
 92 86 61 1031 1030 1029 1028 1027 926 925 924 923 922 1042 1043 1044 1045 1046 3262 3263 3264 3265 3266 3267 3268 3269 3270 3271 
 93 81 45 1061 1060 1059 1058 1057 891 890 889 888 887 1052 1053 1054 1055 1056 3272 3273 3274 3275 3276 3277 3278 3279 3280 3281 
 94 93 45 1071 1070 1069 1068 1067 1056 1055 1054 1053 1052 1072 1073 1074 1075 1076 3282 3283 3284 3285 3286 3287 3288 3289 3290 3291 
 45 58 94 522 523 524 525 526 1062 1063 1064 1065 1066 1076 1075 1074 1073 1072 3292 3293 3294 3295 3296 3297 3298 3299 3300 3301 
 95 93 82 1086 1085 1084 1083 1082 1051 1050 1049 1048 1047 1077 1078 1079 1080 1081 3302 3303 3304 3305 3306 3307 3308 3309 3310 3311 
 81 93 95 1057 1058 1059 1060 1061 1082 1083 1084 1085 1086 1096 1095 1094 1093 1092 3312 3313 3314 3315 3316 3317 3318 3319 3320 3321 
 59 81 95 897 898 899 900 901 1092 1093 1094 1095 1096 1091 1090 1089 1088 1087 3322 3323 3324 3325 3326 3327 3328 3329 3330 3331 
 97 73 44 1116 1115 1114 1113 1112 721 720 719 718 717 1107 1108 1109 1110 1111 3332 3333 3334 3335 3336 3337 3338 3339 3340 3341 
 54 73 100 727 728 729 730 731 1147 1148 1149 1150 1151 1146 1145 1144 1143 1142 3342 3343 3344 3345 3346 3347 3348 3349 3350 3351 
 104 66 50 1181 1180 1179 1178 1177 621 620 619 618 617 1172 1173 1174 1175 1176 3352 3353 3354 3355 3356 3357 3358 3359 3360 3361 
 105 96 60 1196 1195 1194 1193 1192 1101 1100 1099 1098 1097 1187 1188 1189 1190 1191 3362 3363 3364 3365 3366 3367 3368 3369 3370 3371 
 43 66 106 607 608 609 610 611 1202 1203 1204 1205 1206 1201 1200 1199 1198 1197 3372 3373 3374 3375 3376 3377 3378 3379 3380 3381 
 62 88 108 952 953 954 955 956 1212 1213 1214 1215 1216 1211 1210 1209 1208 1207 3382 3383 3384 3385 3386 3387 3388 3389 3390 3391 
 88 90 108 987 988 989 990 991 1222 1223 1224 1225 1226 1216 1215 1214 1213 1212 3392 3393 3394 3395 3396 3397 3398 3399 3400 3401 
 108 64 46 1231 1230 1229 1228 1227 581 580 579 578 577 1217 1218 1219 1220 1221 3402 3403 3404 3405 3406 3407 3408 3409 3410 3411 
 108 90 64 1226 1225 1224 1223 1222 1001 1000 999 998 997 1227 1228 1229 1230 1231 3412 3413 3414 3415 3416 3417 3418 3419 3420 3421 
 26 72 109 702 703 704 705 706 1237 1238 1239 1240 1241 1236 1235 1234 1233 1232 3422 3423 3424 3425 3426 3427 3428 3429 3430 3431 
 109 32 26 1251 1250 1249 1248 1247 311 310 309 308 307 1232 1233 1234 1235 1236 3432 3433 3434 3435 3436 3437 3438 3439 3440 3441 
 109 89 32 1246 1245 1244 1243 1242 966 965 964 963 962 1247 1248 1249 1250 1251 3442 3443 3444 3445 3446 3447 3448 3449 3450 3451 
 111 94 58 1271 1270 1269 1268 1267 1066 1065 1064 1063 1062 1262 1263 1264 1265 1266 3452 3453 3454 3455 3456 3457 3458 3459 3460 3461 
 58 79 111 867 868 869 870 871 1272 1273 1274 1275 1276 1266 1265 1264 1263 1262 3462 3463 3464 3465 3466 3467 3468 3469 3470 3471 
 112 70 53 1286 1285 1284 1283 1282 686 685 684 683 682 1277 1278 1279 1280 1281 3472 3473 3474 3475 3476 3477 3478 3479 3480 3481 
 112 98 70 1291 1290 1289 1288 1287 1131 1130 1129 1128 1127 1282 1283 1284 1285 1286 3482 3483 3484 3485 3486 3487 3488 3489 3490 3491 
 97 98 113 1122 1123 1124 1125 1126 1302 1303 1304 1305 1306 1301 1300 1299 1298 1297 3492 3493 3494 3495 3496 3497 3498 3499 3500 3501 
 83 97 113 1117 1118 1119 1120 1121 1297 1298 1299 1300 1301 1296 1295 1294 1293 1292 3502 3503 3504 3505 3506 3507 3508 3509 3510 3511 
 114 97 83 1316 1315 1314 1313 1312 1121 1120 1119 1118 1117 1307 1308 1309 1310 1311 3512 3513 3514 3515 3516 3517 3518 3519 3520 3521 
 54 100 115 1142 1143 1144 1145 1146 1322 1323 1324 1325 1326 1321 1320 1319 1318 1317 3522 3523 3524 3525 3526 3527 3528 3529 3530 3531 
 115 71 54 1336 1335 1334 1333 1332 696 695 694 693 692 1317 1318 1319 1320 1321 3532 3533 3534 3535 3536 3537 3538 3539 3540 3541 
 115 72 71 1331 1330 1329 1328 1327 711 710 709 708 707 1332 1333 1334 1335 1336 3542 3543 3544 3545 3546 3547 3548 3549 3550 3551 
 46 101 116 1152 1153 1154 1155 1156 1342 1343 1344 1345 1346 1341 1340 1339 1338 1337 3552 3553 3554 3555 3556 3557 3558 3559 3560 3561 
 116 108 46 1356 1355 1354 1353 1352 1221 1220 1219 1218 1217 1337 1338 1339 1340 1341 3562 3563 3564 3565 3566 3567 3568 3569 3570 3571 
 62 108 116 1207 1208 1209 1210 1211 1352 1353 1354 1355 1356 1351 1350 1349 1348 1347 3572 3573 3574 3575 3576 3577 3578 3579 3580 3581 
 118 79 17 1376 1375 1374 1373 1372 861 860 859 858 857 1367 1368 1369 1370 1371 3582 3583 3584 3585 3586 3587 3588 3589 3590 3591 
 118 17 21 1371 1370 1369 1368 1367 256 255 254 253 252 1377 1378 1379 1380 1381 3592 3593 3594 3595 3596 3597 3598 3599 3600 3601 
 94 111 119 1267 1268 1269 1270 1271 1387 1388 1389 1390 1391 1386 1385 1384 1383 1382 3602 3603 3604 3605 3606 3607 3608 3609 3610 3611 
 122 105 60 1431 1430 1429 1428 1427 1191 1190 1189 1188 1187 1422 1423 1424 1425 1426 3612 3613 3614 3615 3616 3617 3618 3619 3620 3621 
 60 99 122 1132 1133 1134 1135 1136 1432 1433 1434 1435 1436 1426 1425 1424 1423 1422 3622 3623 3624 3625 3626 3627 3628 3629 3630 3631 
 123 95 82 1446 1445 1444 1443 1442 1081 1080 1079 1078 1077 1437 1438 1439 1440 1441 3632 3633 3634 3635 3636 3637 3638 3639 3640 3641 
 96 105 123 1192 1193 1194 1195 1196 1452 1453 1454 1455 1456 1451 1450 1449 1448 1447 3642 3643 3644 3645 3646 3647 3648 3649 3650 3651 
 82 96 123 1102 1103 1104 1105 1106 1447 1448 1449 1450 1451 1441 1440 1439 1438 1437 3652 3653 3654 3655 3656 3657 3658 3659 3660 3661 
 43 106 124 1197 1198 1199 1200 1201 1467 1468 1469 1470 1471 1466 1465 1464 1463 1462 3662 3663 3664 3665 3666 3667 3668 3669 3670 3671 
 125 104 85 1481 1480 1479 1478 1477 1186 1185 1184 1183 1182 1472 1473 1474 1475 1476 3672 3673 3674 3675 3676 3677 3678 3679 3680 3681 
 85 104 126 1182 1183 1184 1185 1186 1497 1498 1499 1500 1501 1491 1490 1489 1488 1487 3682 3683 3684 3685 3686 3687 3688 3689 3690 3691 
 59 95 127 1087 1088 1089 1090 1091 1507 1508 1509 1510 1511 1506 1505 1504 1503 1502 3692 3693 3694 3695 3696 3697 3698 3699 3700 3701 
 127 80 59 1516 1515 1514 1513 1512 881 880 879 878 877 1502 1503 1504 1505 1506 3702 3703 3704 3705 3706 3707 3708 3709 3710 3711 
 8 80 128 882 883 884 885 886 1527 1528 1529 1530 1531 1526 1525 1524 1523 1522 3712 3713 3714 3715 3716 3717 3718 3719 3720 3721 
 128 14 8 1536 1535 1534 1533 1532 211 210 209 208 207 1522 1523 1524 1525 1526 3722 3723 3724 3725 3726 3727 3728 3729 3730 3731 
 84 101 129 1157 1158 1159 1160 1161 1542 1543 1544 1545 1546 1551 1550 1549 1548 1547 3732 3733 3734 3735 3736 3737 3738 3739 3740 3741 
 63 89 131 972 973 974 975 976 1567 1568 1569 1570 1571 1561 1560 1559 1558 1557 3742 3743 3744 3745 3746 3747 3748 3749 3750 3751 
 131 130 147 1576 1575 1574 1573 1572 1887 1888 1889 1890 1891 1562 1563 1564 1565 1566 3752 3753 3754 3755 3756 3757 3758 3759 3760 3761 
 147 129 132 1896 1895 1894 1893 1892 1582 1583 1584 1585 1586 1591 1590 1589 1588 1587 3762 3763 3764 3765 3766 3767 3768 3769 3770 3771 
 63 131 132 1557 1558 1559 1560 1561 1597 1598 1599 1600 1601 1596 1595 1594 1593 1592 3772 3773 3774 3775 3776 3777 3778 3779 3780 3781 
 132 131 147 1601 1600 1599 1598 1597 1566 1565 1564 1563 1562 1587 1588 1589 1590 1591 3782 3783 3784 3785 3786 3787 3788 3789 3790 3791 
 46 64 132 577 578 579 580 581 1602 1603 1604 1605 1606 1581 1580 1579 1578 1577 3792 3793 3794 3795 3796 3797 3798 3799 3800 3801 
 132 64 63 1606 1605 1604 1603 1602 586 585 584 583 582 1592 1593 1594 1595 1596 3802 3803 3804 3805 3806 3807 3808 3809 3810 3811 
 133 110 67 1616 1615 1614 1613 1612 1261 1260 1259 1258 1257 1617 1618 1619 1620 1621 3812 3813 3814 3815 3816 3817 3818 3819 3820 3821 
 51 124 133 1457 1458 1459 1460 1461 1607 1608 1609 1610 1611 1626 1625 1624 1623 1622 3822 3823 3824 3825 3826 3827 3828 3829 3830 3831 
 133 67 51 1621 1620 1619 1618 1617 631 630 629 628 627 1622 1623 1624 1625 1626 3832 3833 3834 3835 3836 3837 3838 3839 3840 3841 
 68 91 134 1012 1013 1014 1015 1016 1632 1633 1634 1635 1636 1631 1630 1629 1628 1627 3842 3843 3844 3845 3846 3847 3848 3849 3850 3851 
 134 112 53 1641 1640 1639 1638 1637 1281 1280 1279 1278 1277 1642 1643 1644 1645 1646 3852 3853 3854 3855 3856 3857 3858 3859 3860 3861 
 53 68 134 647 648 649 650 651 1627 1628 1629 1630 1631 1646 1645 1644 1643 1642 3862 3863 3864 3865 3866 3867 3868 3869 3870 3871 
 135 113 98 1656 1655 1654 1653 1652 1306 1305 1304 1303 1302 1647 1648 1649 1650 1651 3872 3873 3874 3875 3876 3877 3878 3879 3880 3881 
 98 112 135 1287 1288 1289 1290 1291 1657 1658 1659 1660 1661 1651 1650 1649 1648 1647 3882 3883 3884 3885 3886 3887 3888 3889 3890 3891 
 136 114 83 1676 1675 1674 1673 1672 1311 1310 1309 1308 1307 1667 1668 1669 1670 1671 3892 3893 3894 3895 3896 3897 3898 3899 3900 3901 
 83 99 136 1137 1138 1139 1140 1141 1662 1663 1664 1665 1666 1671 1670 1669 1668 1667 3902 3903 3904 3905 3906 3907 3908 3909 3910 3911 
 79 118 137 1372 1373 1374 1375 1376 1682 1683 1684 1685 1686 1681 1680 1679 1678 1677 3912 3913 3914 3915 3916 3917 3918 3919 3920 3921 
 137 111 79 1691 1690 1689 1688 1687 1276 1275 1274 1273 1272 1677 1678 1679 1680 1681 3922 3923 3924 3925 3926 3927 3928 3929 3930 3931 
 137 119 111 1696 1695 1694 1693 1692 1391 1390 1389 1388 1387 1687 1688 1689 1690 1691 3932 3933 3934 3935 3936 3937 3938 3939 3940 3941 
 103 119 137 1392 1393 1394 1395 1396 1692 1693 1694 1695 1696 1701 1700 1699 1698 1697 3942 3943 3944 3945 3946 3947 3948 3949 3950 3951 
 94 119 138 1382 1383 1384 1385 1386 1707 1708 1709 1710 1711 1706 1705 1704 1703 1702 3952 3953 3954 3955 3956 3957 3958 3959 3960 3961 
 93 94 138 1067 1068 1069 1070 1071 1702 1703 1704 1705 1706 1721 1720 1719 1718 1717 3962 3963 3964 3965 3966 3967 3968 3969 3970 3971 
 82 93 138 1047 1048 1049 1050 1051 1717 1718 1719 1720 1721 1716 1715 1714 1713 1712 3972 3973 3974 3975 3976 3977 3978 3979 3980 3981 
 102 117 139 1357 1358 1359 1360 1361 1727 1728 1729 1730 1731 1726 1725 1724 1723 1722 3982 3983 3984 3985 3986 3987 3988 3989 3990 3991 
 139 120 84 1741 1740 1739 1738 1737 1401 1400 1399 1398 1397 1732 1733 1734 1735 1736 3992 3993 3994 3995 3996 3997 3998 3999 4000 4001 
 84 102 139 1167 1168 1169 1170 1171 1722 1723 1724 1725 1726 1736 1735 1734 1733 1732 4002 4003 4004 4005 4006 4007 4008 4009 4010 4011 
 140 116 101 1751 1750 1749 1748 1747 1346 1345 1344 1343 1342 1742 1743 1744 1745 1746 4012 4013 4014 4015 4016 4017 4018 4019 4020 4021 
 103 121 140 1407 1408 1409 1410 1411 1752 1753 1754 1755 1756 1766 1765 1764 1763 1762 4022 4023 4024 4025 4026 4027 4028 4029 4030 4031 
 140 120 103 1761 1760 1759 1758 1757 1406 1405 1404 1403 1402 1762 1763 1764 1765 1766 4032 4033 4034 4035 4036 4037 4038 4039 4040 4041 
 62 116 141 1347 1348 1349 1350 1351 1772 1773 1774 1775 1776 1771 1770 1769 1768 1767 4042 4043 4044 4045 4046 4047 4048 4049 4050 4051 
 141 87 62 1781 1780 1779 1778 1777 936 935 934 933 932 1767 1768 1769 1770 1771 4052 4053 4054 4055 4056 4057 4058 4059 4060 4061 
 141 121 87 1786 1785 1784 1783 1782 1421 1420 1419 1418 1417 1777 1778 1779 1780 1781 4062 4063 4064 4065 4066 4067 4068 4069 4070 4071 
 116 140 141 1747 1748 1749 1750 1751 1787 1788 1789 1790 1791 1776 1775 1774 1773 1772 4072 4073 4074 4075 4076 4077 4078 4079 4080 4081 
 141 140 121 1791 1790 1789 1788 1787 1756 1755 1754 1753 1752 1782 1783 1784 1785 1786 4082 4083 4084 4085 4086 4087 4088 4089 4090 4091 
 142 122 99 1801 1800 1799 1798 1797 1436 1435 1434 1433 1432 1792 1793 1794 1795 1796 4092 4093 4094 4095 4096 4097 4098 4099 4100 4101 
 83 113 142 1292 1293 1294 1295 1296 1802 1803 1804 1805 1806 1811 1810 1809 1808 1807 4102 4103 4104 4105 4106 4107 4108 4109 4110 4111 
 142 99 83 1796 1795 1794 1793 1792 1141 1140 1139 1138 1137 1807 1808 1809 1810 1811 4112 4113 4114 4115 4116 4117 4118 4119 4120 4121 
 107 127 143 1517 1518 1519 1520 1521 1817 1818 1819 1820 1821 1816 1815 1814 1813 1812 4122 4123 4124 4125 4126 4127 4128 4129 4130 4131 
 85 126 143 1487 1488 1489 1490 1491 1832 1833 1834 1835 1836 1826 1825 1824 1823 1822 4132 4133 4134 4135 4136 4137 4138 4139 4140 4141 
 143 126 107 1836 1835 1834 1833 1832 1496 1495 1494 1493 1492 1812 1813 1814 1815 1816 4142 4143 4144 4145 4146 4147 4148 4149 4150 4151 
 144 125 85 1846 1845 1844 1843 1842 1476 1475 1474 1473 1472 1837 1838 1839 1840 1841 4152 4153 4154 4155 4156 4157 4158 4159 4160 4161 
 145 126 104 1856 1855 1854 1853 1852 1501 1500 1499 1498 1497 1847 1848 1849 1850 1851 4162 4163 4164 4165 4166 4167 4168 4169 4170 4171 
 145 104 50 1851 1850 1849 1848 1847 1176 1175 1174 1173 1172 1862 1863 1864 1865 1866 4172 4173 4174 4175 4176 4177 4178 4179 4180 4181 
 50 65 145 602 603 604 605 606 1857 1858 1859 1860 1861 1866 1865 1864 1863 1862 4182 4183 4184 4185 4186 4187 4188 4189 4190 4191 
 84 129 146 1547 1548 1549 1550 1551 1877 1878 1879 1880 1881 1876 1875 1874 1873 1872 4192 4193 4194 4195 4196 4197 4198 4199 4200 4201 
 146 102 84 1886 1885 1884 1883 1882 1171 1170 1169 1168 1167 1872 1873 1874 1875 1876 4202 4203 4204 4205 4206 4207 4208 4209 4210 4211 
 147 146 129 1901 1900 1899 1898 1897 1881 1880 1879 1878 1877 1892 1893 1894 1895 1896 4212 4213 4214 4215 4216 4217 4218 4219 4220 4221 
 130 131 148 1572 1573 1574 1575 1576 1912 1913 1914 1915 1916 1911 1910 1909 1908 1907 4222 4223 4224 4225 4226 4227 4228 4229 4230 4231 
 148 131 89 1916 1915 1914 1913 1912 1571 1570 1569 1568 1567 1922 1923 1924 1925 1926 4232 4233 4234 4235 4236 4237 4238 4239 4240 4241 
 89 109 148 1242 1243 1244 1245 1246 1917 1918 1919 1920 1921 1926 1925 1924 1923 1922 4242 4243 4244 4245 4246 4247 4248 4249 4250 4251 
 149 130 100 1936 1935 1934 1933 1932 1556 1555 1554 1553 1552 1927 1928 1929 1930 1931 4252 4253 4254 4255 4256 4257 4258 4259 4260 4261 
 150 124 106 1951 1950 1949 1948 1947 1471 1470 1469 1468 1467 1942 1943 1944 1945 1946 4262 4263 4264 4265 4266 4267 4268 4269 4270 4271 
 150 133 124 1956 1955 1954 1953 1952 1611 1610 1609 1608 1607 1947 1948 1949 1950 1951 4272 4273 4274 4275 4276 4277 4278 4279 4280 4281 
 151 134 91 1971 1970 1969 1968 1967 1636 1635 1634 1633 1632 1962 1963 1964 1965 1966 4282 4283 4284 4285 4286 4287 4288 4289 4290 4291 
 91 110 151 1252 1253 1254 1255 1256 1957 1958 1959 1960 1961 1966 1965 1964 1963 1962 4292 4293 4294 4295 4296 4297 4298 4299 4300 4301 
 152 136 99 1981 1980 1979 1978 1977 1666 1665 1664 1663 1662 1972 1973 1974 1975 1976 4302 4303 4304 4305 4306 4307 4308 4309 4310 4311 
 102 146 152 1882 1883 1884 1885 1886 1987 1988 1989 1990 1991 1986 1985 1984 1983 1982 4312 4313 4314 4315 4316 4317 4318 4319 4320 4321 
 60 102 152 1162 1163 1164 1165 1166 1982 1983 1984 1985 1986 1996 1995 1994 1993 1992 4322 4323 4324 4325 4326 4327 4328 4329 4330 4331 
 152 99 60 1976 1975 1974 1973 1972 1136 1135 1134 1133 1132 1992 1993 1994 1995 1996 4332 4333 4334 4335 4336 4337 4338 4339 4340 4341 
 153 138 119 2006 2005 2004 2003 2002 1711 1710 1709 1708 1707 1997 1998 1999 2000 2001 4342 4343 4344 4345 4346 4347 4348 4349 4350 4351 
 153 139 117 2016 2015 2014 2013 2012 1731 1730 1729 1728 1727 2007 2008 2009 2010 2011 4352 4353 4354 4355 4356 4357 4358 4359 4360 4361 
 153 119 103 2001 2000 1999 1998 1997 1396 1395 1394 1393 1392 2017 2018 2019 2020 2021 4362 4363 4364 4365 4366 4367 4368 4369 4370 4371 
 120 139 153 1737 1738 1739 1740 1741 2012 2013 2014 2015 2016 2026 2025 2024 2023 2022 4372 4373 4374 4375 4376 4377 4378 4379 4380 4381 
 103 120 153 1402 1403 1404 1405 1406 2022 2023 2024 2025 2026 2021 2020 2019 2018 2017 4382 4383 4384 4385 4386 4387 4388 4389 4390 4391 
 154 142 113 2036 2035 2034 2033 2032 1806 1805 1804 1803 1802 2027 2028 2029 2030 2031 4392 4393 4394 4395 4396 4397 4398 4399 4400 4401 
 113 135 154 1652 1653 1654 1655 1656 2037 2038 2039 2040 2041 2031 2030 2029 2028 2027 4402 4403 4404 4405 4406 4407 4408 4409 4410 4411 
 85 143 155 1822 1823 1824 1825 1826 2047 2048 2049 2050 2051 2046 2045 2044 2043 2042 4412 4413 4414 4415 4416 4417 4418 4419 4420 4421 
 155 123 105 2061 2060 2059 2058 2057 1456 1455 1454 1453 1452 2052 2053 2054 2055 2056 4422 4423 4424 4425 4426 4427 4428 4429 4430 4431 
 155 143 123 2051 2050 2049 2048 2047 1831 1830 1829 1828 1827 2057 2058 2059 2060 2061 4432 4433 4434 4435 4436 4437 4438 4439 4440 4441 
 155 144 85 2066 2065 2064 2063 2062 1841 1840 1839 1838 1837 2042 2043 2044 2045 2046 4442 4443 4444 4445 4446 4447 4448 4449 4450 4451 
 105 122 156 1427 1428 1429 1430 1431 2067 2068 2069 2070 2071 2076 2075 2074 2073 2072 4452 4453 4454 4455 4456 4457 4458 4459 4460 4461 
 125 144 157 1842 1843 1844 1845 1846 2087 2088 2089 2090 2091 2086 2085 2084 2083 2082 4462 4463 4464 4465 4466 4467 4468 4469 4470 4471 
 157 150 106 2101 2100 2099 2098 2097 1946 1945 1944 1943 1942 2092 2093 2094 2095 2096 4472 4473 4474 4475 4476 4477 4478 4479 4480 4481 
 106 125 157 1482 1483 1484 1485 1486 2082 2083 2084 2085 2086 2096 2095 2094 2093 2092 4482 4483 4484 4485 4486 4487 4488 4489 4490 4491 
 133 150 158 1952 1953 1954 1955 1956 2112 2113 2114 2115 2116 2106 2105 2104 2103 2102 4492 4493 4494 4495 4496 4497 4498 4499 4500 4501 
 134 151 159 1967 1968 1969 1970 1971 2122 2123 2124 2125 2126 2131 2130 2129 2128 2127 4502 4503 4504 4505 4506 4507 4508 4509 4510 4511 
 112 134 159 1637 1638 1639 1640 1641 2127 2128 2129 2130 2131 2121 2120 2119 2118 2117 4512 4513 4514 4515 4516 4517 4518 4519 4520 4521 
 136 152 160 1977 1978 1979 1980 1981 2137 2138 2139 2140 2141 2136 2135 2134 2133 2132 4522 4523 4524 4525 4526 4527 4528 4529 4530 4531 
 160 152 146 2141 2140 2139 2138 2137 1991 1990 1989 1988 1987 2147 2148 2149 2150 2151 4532 4533 4534 4535 4536 4537 4538 4539 4540 4541 
 146 147 160 1897 1898 1899 1900 1901 2152 2153 2154 2155 2156 2151 2150 2149 2148 2147 4542 4543 4544 4545 4546 4547 4548 4549 4550 4551 
 130 149 160 1932 1933 1934 1935 1936 2142 2143 2144 2145 2146 2161 2160 2159 2158 2157 4552 4553 4554 4555 4556 4557 4558 4559 4560 4561 
 160 147 130 2156 2155 2154 2153 2152 1891 1890 1889 1888 1887 2157 2158 2159 2160 2161 4562 4563 4564 4565 4566 4567 4568 4569 4570 4571 
 142 154 161 2032 2033 2034 2035 2036 2167 2168 2169 2170 2171 2166 2165 2164 2163 2162 4572 4573 4574 4575 4576 4577 4578 4579 4580 4581 
 161 156 122 2176 2175 2174 2173 2172 2071 2070 2069 2068 2067 2177 2178 2179 2180 2181 4582 4583 4584 4585 4586 4587 4588 4589 4590 4591 
 122 142 161 1797 1798 1799 1800 1801 2162 2163 2164 2165 2166 2181 2180 2179 2178 2177 4592 4593 4594 4595 4596 4597 4598 4599 4600 4601 
 162 158 150 2191 2190 2189 2188 2187 2116 2115 2114 2113 2112 2182 2183 2184 2185 2186 4602 4603 4604 4605 4606 4607 4608 4609 4610 4611 
 150 157 162 2097 2098 2099 2100 2101 2192 2193 2194 2195 2196 2186 2185 2184 2183 2182 4612 4613 4614 4615 4616 4617 4618 4619 4620 4621 
 163 159 151 2206 2205 2204 2203 2202 2126 2125 2124 2123 2122 2197 2198 2199 2200 2201 4622 4623 4624 4625 4626 4627 4628 4629 4630 4631 
 151 158 163 2107 2108 2109 2110 2111 2207 2208 2209 2210 2211 2201 2200 2199 2198 2197 4632 4633 4634 4635 4636 4637 4638 4639 4640 4641 
 158 162 163 2187 2188 2189 2190 2191 2212 2213 2214 2215 2216 2211 2210 2209 2208 2207 4642 4643 4644 4645 4646 4647 4648 4649 4650 4651 
 164 154 135 2231 2230 2229 2228 2227 2041 2040 2039 2038 2037 2217 2218 2219 2220 2221 4652 4653 4654 4655 4656 4657 4658 4659 4660 4661 
 156 161 165 2172 2173 2174 2175 2176 2237 2238 2239 2240 2241 2236 2235 2234 2233 2232 4662 4663 4664 4665 4666 4667 4668 4669 4670 4671 
 165 162 157 2251 2250 2249 2248 2247 2196 2195 2194 2193 2192 2242 2243 2244 2245 2246 4672 4673 4674 4675 4676 4677 4678 4679 4680 4681 
 165 157 144 2246 2245 2244 2243 2242 2091 2090 2089 2088 2087 2252 2253 2254 2255 2256 4682 4683 4684 4685 4686 4687 4688 4689 4690 4691 
 144 156 165 2077 2078 2079 2080 2081 2232 2233 2234 2235 2236 2256 2255 2254 2253 2252 4692 4693 4694 4695 4696 4697 4698 4699 4700 4701 
 166 165 161 2266 2265 2264 2263 2262 2241 2240 2239 2238 2237 2257 2258 2259 2260 2261 4702 4703 4704 4705 4706 4707 4708 4709 4710 4711 
 154 164 166 2227 2228 2229 2230 2231 2272 2273 2274 2275 2276 2271 2270 2269 2268 2267 4712 4713 4714 4715 4716 4717 4718 4719 4720 4721 
 166 161 154 2261 2260 2259 2258 2257 2171 2170 2169 2168 2167 2267 2268 2269 2270 2271 4722 4723 4724 4725 4726 4727 4728 4729 4730 4731 
 162 165 166 2247 2248 2249 2250 2251 2262 2263 2264 2265 2266 2281 2280 2279 2278 2277 4732 4733 4734 4735 4736 4737 4738 4739 4740 4741 
 166 163 162 2286 2285 2284 2283 2282 2216 2215 2214 2213 2212 2277 2278 2279 2280 2281 4742 4743 4744 4745 4746 4747 4748 4749 4750 4751 
 41 42 7 387 388 389 390 391 386 385 384 383 382 2291 2290 2289 2288 2287 4752 4753 4754 4755 4756 4757 4758 4759 4760 4761 
 7 6 41 176 175 174 173 172 367 368 369 370 371 2287 2288 2289 2290 2291 4762 4763 4764 4765 4766 4767 4768 4769 4770 4771 
 52 42 41 466 465 464 463 462 391 390 389 388 387 2296 2295 2294 2293 2292 4772 4773 4774 4775 4776 4777 4778 4779 4780 4781 
 41 16 52 381 380 379 378 377 482 483 484 485 486 2292 2293 2294 2295 2296 4782 4783 4784 4785 4786 4787 4788 4789 4790 4791 
 65 50 15 606 605 604 603 602 446 445 444 443 442 2301 2300 2299 2298 2297 4792 4793 4794 4795 4796 4797 4798 4799 4800 4801 
 15 13 65 221 220 219 218 217 597 598 599 600 601 2297 2298 2299 2300 2301 4802 4803 4804 4805 4806 4807 4808 4809 4810 4811 
 124 51 42 1461 1460 1459 1458 1457 461 460 459 458 457 2306 2305 2304 2303 2302 4812 4813 4814 4815 4816 4817 4818 4819 4820 4821 
 42 43 124 392 393 394 395 396 1462 1463 1464 1465 1466 2302 2303 2304 2305 2306 4822 4823 4824 4825 4826 4827 4828 4829 4830 4831 
 63 64 33 582 583 584 585 586 591 590 589 588 587 2311 2310 2309 2308 2307 4832 4833 4834 4835 4836 4837 4838 4839 4840 4841 
 33 31 63 321 320 319 318 317 572 573 574 575 576 2307 2308 2309 2310 2311 4842 4843 4844 4845 4846 4847 4848 4849 4850 4851 
 76 69 53 801 800 799 798 797 666 665 664 663 662 2312 2313 2314 2315 2316 4852 4853 4854 4855 4856 4857 4858 4859 4860 4861 
 56 76 53 792 793 794 795 796 2316 2315 2314 2313 2312 2321 2320 2319 2318 2317 4862 4863 4864 4865 4866 4867 4868 4869 4870 4871 
 53 70 56 682 683 684 685 686 681 680 679 678 677 2317 2318 2319 2320 2321 4872 4873 4874 4875 4876 4877 4878 4879 4880 4881 
 23 79 58 862 863 864 865 866 871 870 869 868 867 2326 2325 2324 2323 2322 4882 4883 4884 4885 4886 4887 4888 4889 4890 4891 
 58 22 23 521 520 519 518 517 266 265 264 263 262 2322 2323 2324 2325 2326 4892 4893 4894 4895 4896 4897 4898 4899 4900 4901 
 98 97 44 1126 1125 1124 1123 1122 1111 1110 1109 1108 1107 2331 2330 2329 2328 2327 4902 4903 4904 4905 4906 4907 4908 4909 4910 4911 
 44 70 98 672 673 674 675 676 1127 1128 1129 1130 1131 2327 2328 2329 2330 2331 4912 4913 4914 4915 4916 4917 4918 4919 4920 4921 
 73 97 114 1112 1113 1114 1115 1116 1312 1313 1314 1315 1316 2332 2333 2334 2335 2336 4922 4923 4924 4925 4926 4927 4928 4929 4930 4931 
 125 106 66 1486 1485 1484 1483 1482 1206 1205 1204 1203 1202 2341 2340 2339 2338 2337 4932 4933 4934 4935 4936 4937 4938 4939 4940 4941 
 66 104 125 1177 1178 1179 1180 1181 1477 1478 1479 1480 1481 2337 2338 2339 2340 2341 4942 4943 4944 4945 4946 4947 4948 4949 4950 4951 
 73 114 149 2336 2335 2334 2333 2332 1937 1938 1939 1940 1941 2346 2345 2344 2343 2342 4952 4953 4954 4955 4956 4957 4958 4959 4960 4961 
 149 100 73 1931 1930 1929 1928 1927 1151 1150 1149 1148 1147 2342 2343 2344 2345 2346 4962 4963 4964 4965 4966 4967 4968 4969 4970 4971 
 87 121 118 1417 1418 1419 1420 1421 1416 1415 1414 1413 1412 2351 2350 2349 2348 2347 4972 4973 4974 4975 4976 4977 4978 4979 4980 4981 
 118 21 87 1381 1380 1379 1378 1377 937 938 939 940 941 2347 2348 2349 2350 2351 4982 4983 4984 4985 4986 4987 4988 4989 4990 4991 
 107 128 80 1537 1538 1539 1540 1541 1531 1530 1529 1528 1527 2356 2355 2354 2353 2352 4992 4993 4994 4995 4996 4997 4998 4999 5000 5001 
 80 127 107 1512 1513 1514 1515 1516 1521 1520 1519 1518 1517 2352 2353 2354 2355 2356 5002 5003 5004 5005 5006 5007 5008 5009 5010 5011 
 100 130 148 1552 1553 1554 1555 1556 1907 1908 1909 1910 1911 2361 2360 2359 2358 2357 5012 5013 5014 5015 5016 5017 5018 5019 5020 5021 
 148 115 100 1906 1905 1904 1903 1902 1326 1325 1324 1323 1322 2357 2358 2359 2360 2361 5022 5023 5024 5025 5026 5027 5028 5029 5030 5031 
 120 140 101 1757 1758 1759 1760 1761 1746 1745 1744 1743 1742 2366 2365 2364 2363 2362 5032 5033 5034 5035 5036 5037 5038 5039 5040 5041 
 101 84 120 1161 1160 1159 1158 1157 1397 1398 1399 1400 1401 2362 2363 2364 2365 2366 5042 5043 5044 5045 5046 5047 5048 5049 5050 5051 
 123 143 127 1827 1828 1829 1830 1831 1821 1820 1819 1818 1817 2371 2370 2369 2368 2367 5052 5053 5054 5055 5056 5057 5058 5059 5060 5061 
 127 95 123 1511 1510 1509 1508 1507 1442 1443 1444 1445 1446 2367 2368 2369 2370 2371 5062 5063 5064 5065 5066 5067 5068 5069 5070 5071 
 156 144 155 2081 2080 2079 2078 2077 2062 2063 2064 2065 2066 2376 2375 2374 2373 2372 5072 5073 5074 5075 5076 5077 5078 5079 5080 5081 
 155 105 156 2056 2055 2054 2053 2052 2072 2073 2074 2075 2076 2372 2373 2374 2375 2376 5082 5083 5084 5085 5086 5087 5088 5089 5090 5091 
 128 145 65 1867 1868 1869 1870 1871 1861 1860 1859 1858 1857 2381 2380 2379 2378 2377 5092 5093 5094 5095 5096 5097 5098 5099 5100 5101 
 65 14 128 596 595 594 593 592 1532 1533 1534 1535 1536 2377 2378 2379 2380 2381 5102 5103 5104 5105 5106 5107 5108 5109 5110 5111 
 115 148 109 1902 1903 1904 1905 1906 1921 1920 1919 1918 1917 2386 2385 2384 2383 2382 5112 5113 5114 5115 5116 5117 5118 5119 5120 5121 
 109 72 115 1241 1240 1239 1238 1237 1327 1328 1329 1330 1331 2382 2383 2384 2385 2386 5122 5123 5124 5125 5126 5127 5128 5129 5130 5131 
 158 151 110 2111 2110 2109 2108 2107 1961 1960 1959 1958 1957 2391 2390 2389 2388 2387 5132 5133 5134 5135 5136 5137 5138 5139 5140 5141 
 110 133 158 1612 1613 1614 1615 1616 2102 2103 2104 2105 2106 2387 2388 2389 2390 2391 5142 5143 5144 5145 5146 5147 5148 5149 5150 5151 
 117 96 82 1366 1365 1364 1363 1362 1106 1105 1104 1103 1102 2392 2393 2394 2395 2396 5152 5153 5154 5155 5156 5157 5158 5159 5160 5161 
 138 153 117 2002 2003 2004 2005 2006 2011 2010 2009 2008 2007 2401 2400 2399 2398 2397 5162 5163 5164 5165 5166 5167 5168 5169 5170 5171 
 117 82 138 2396 2395 2394 2393 2392 1712 1713 1714 1715 1716 2397 2398 2399 2400 2401 5172 5173 5174 5175 5176 5177 5178 5179 5180 5181 
 136 160 149 2132 2133 2134 2135 2136 2146 2145 2144 2143 2142 2406 2405 2404 2403 2402 5182 5183 5184 5185 5186 5187 5188 5189 5190 5191 
 149 114 136 1941 1940 1939 1938 1937 1672 1673 1674 1675 1676 2402 2403 2404 2405 2406 5192 5193 5194 5195 5196 5197 5198 5199 5200 5201 
 163 166 164 2282 2283 2284 2285 2286 2276 2275 2274 2273 2272 2411 2410 2409 2408 2407 5202 5203 5204 5205 5206 5207 5208 5209 5210 5211 
 164 159 163 2226 2225 2224 2223 2222 2202 2203 2204 2205 2206 2407 2408 2409 2410 2411 5212 5213 5214 5215 5216 5217 5218 5219 5220 5221 
 159 164 135 2222 2223 2224 2225 2226 2221 2220 2219 2218 2217 2416 2415 2414 2413 2412 5222 5223 5224 5225 5226 5227 5228 5229 5230 5231 
 135 112 159 1661 1660 1659 1658 1657 2117 2118 2119 2120 2121 2412 2413 2414 2415 2416 5232 5233 5234 5235 5236 5237 5238 5239 5240 5241 
 96 117 102 1362 1363 1364 1365 1366 1361 1360 1359 1358 1357 2421 2420 2419 2418 2417 5242 5243 5244 5245 5246 5247 5248 5249 5250 5251 
 102 60 96 1166 1165 1164 1163 1162 1097 1098 1099 1100 1101 2417 2418 2419 2420 2421 5252 5253 5254 5255 5256 5257 5258 5259 5260 5261 
 137 118 121 1686 1685 1684 1683 1682 1412 1413 1414 1415 1416 2426 2425 2424 2423 2422 5262 5263 5264 5265 5266 5267 5268 5269 5270 5271 
 121 103 137 1411 1410 1409 1408 1407 1697 1698 1699 1700 1701 2422 2423 2424 2425 2426 5272 5273 5274 5275 5276 5277 5278 5279 5280 5281 
 145 128 107 1871 1870 1869 1868 1867 1541 1540 1539 1538 1537 2431 2430 2429 2428 2427 5282 5283 5284 5285 5286 5287 5288 5289 5290 5291 
 107 126 145 1492 1493 1494 1495 1496 1852 1853 1854 1855 1856 2427 2428 2429 2430 2431 5292 5293 5294 5295 5296 5297 5298 5299 5300 5301 
 46 132 129 1577 1578 1579 1580 1581 1586 1585 1584 1583 1582 2436 2435 2434 2433 2432 5302 5303 5304 5305 5306 5307 5308 5309 5310 5311 
 129 101 46 1546 1545 1544 1543 1542 1156 1155 1154 1153 1152 2432 2433 2434 2435 2436 5312 5313 5314 5315 5316 5317 5318 5319 5320 5321 
 110 91 36 1256 1255 1254 1253 1252 1006 1005 1004 1003 1002 2441 2440 2439 2438 2437 5322 5323 5324 5325 5326 5327 5328 5329 5330 5331 
 36 67 110 632 633 634 635 636 1257 1258 1259 1260 1261 2437 2438 2439 2440 2441 5332 5333 5334 5335 5336 5337 5338 5339 5340 5341 
 solutionOrder
6 6 6 6 
 6 6 6 6 
 6 6 6 6 
 6 6 6 6 
 6 6 6 6 
 6 6 6 6 
 6 6 6 6 
 6 6 6 6 
 6 6 6 6 
 6 6 6 6 
 6 6 6 6 
 6 6 6 6 
 6 6 6 6 
 6 6 6 6 
 6 6 6 6 
 6 6 6 6 
 6 6 6 6 
 6 6 6 6 
 6 6 6 6 
 6 6 6 6 
 6 6 6 6 
 6 6 6 6 
 6 6 6 6 
 6 6 6 6 
 6 6 6 6 
 6 6 6 6 
 6 6 6 6 
 6 6 6 6 
 6 6 6 6 
 6 6 6 6 
 6 6 6 6 
 6 6 6 6 
 6 6 6 6 
 6 6 6 6 
 6 6 6 6 
 6 6 6 6 
 6 6 6 6 
 6 6 6 6 
 6 6 6 6 
 6 6 6 6 
 6 6 6 6 
 6 6 6 6 
 6 6 6 6 
 6 6 6 6 
 6 6 6 6 
 6 6 6 6 
 6 6 6 6 
 6 6 6 6 
 6 6 6 6 
 6 6 6 6 
 6 6 6 6 
 6 6 6 6 
 6 6 6 6 
 6 6 6 6 
 6 6 6 6 
 6 6 6 6 
 6 6 6 6 
 6 6 6 6 
 6 6 6 6 
 6 6 6 6 
 6 6 6 6 
 6 6 6 6 
 6 6 6 6 
 6 6 6 6 
 6 6 6 6 
 6 6 6 6 
 6 6 6 6 
 6 6 6 6 
 6 6 6 6 
 6 6 6 6 
 6 6 6 6 
 6 6 6 6 
 6 6 6 6 
 6 6 6 6 
 6 6 6 6 
 6 6 6 6 
 6 6 6 6 
 6 6 6 6 
 6 6 6 6 
 6 6 6 6 
 6 6 6 6 
 6 6 6 6 
 6 6 6 6 
 6 6 6 6 
 6 6 6 6 
 6 6 6 6 
 6 6 6 6 
 6 6 6 6 
 6 6 6 6 
 6 6 6 6 
 6 6 6 6 
 6 6 6 6 
 6 6 6 6 
 6 6 6 6 
 6 6 6 6 
 6 6 6 6 
 6 6 6 6 
 6 6 6 6 
 6 6 6 6 
 6 6 6 6 
 6 6 6 6 
 6 6 6 6 
 6 6 6 6 
 6 6 6 6 
 6 6 6 6 
 6 6 6 6 
 6 6 6 6 
 6 6 6 6 
 6 6 6 6 
 6 6 6 6 
 6 6 6 6 
 6 6 6 6 
 6 6 6 6 
 6 6 6 6 
 6 6 6 6 
 6 6 6 6 
 6 6 6 6 
 6 6 6 6 
 6 6 6 6 
 6 6 6 6 
 6 6 6 6 
 6 6 6 6 
 6 6 6 6 
 6 6 6 6 
 6 6 6 6 
 6 6 6 6 
 6 6 6 6 
 6 6 6 6 
 6 6 6 6 
 6 6 6 6 
 6 6 6 6 
 6 6 6 6 
 6 6 6 6 
 6 6 6 6 
 6 6 6 6 
 6 6 6 6 
 6 6 6 6 
 6 6 6 6 
 6 6 6 6 
 6 6 6 6 
 6 6 6 6 
 6 6 6 6 
 6 6 6 6 
 6 6 6 6 
 6 6 6 6 
 6 6 6 6 
 6 6 6 6 
 6 6 6 6 
 6 6 6 6 
 6 6 6 6 
 6 6 6 6 
 6 6 6 6 
 6 6 6 6 
 6 6 6 6 
 6 6 6 6 
 6 6 6 6 
 6 6 6 6 
 6 6 6 6 
 6 6 6 6 
 6 6 6 6 
 6 6 6 6 
 6 6 6 6 
 6 6 6 6 
 6 6 6 6 
 6 6 6 6 
 6 6 6 6 
 6 6 6 6 
 6 6 6 6 
 6 6 6 6 
 6 6 6 6 
 6 6 6 6 
 6 6 6 6 
 6 6 6 6 
 6 6 6 6 
 6 6 6 6 
 6 6 6 6 
 6 6 6 6 
 6 6 6 6 
 6 6 6 6 
 6 6 6 6 
 6 6 6 6 
 6 6 6 6 
 6 6 6 6 
 6 6 6 6 
 6 6 6 6 
 6 6 6 6 
 6 6 6 6 
 6 6 6 6 
 6 6 6 6 
 6 6 6 6 
 6 6 6 6 
 6 6 6 6 
 6 6 6 6 
 6 6 6 6 
 6 6 6 6 
 6 6 6 6 
 6 6 6 6 
 6 6 6 6 
 6 6 6 6 
 6 6 6 6 
 6 6 6 6 
 6 6 6 6 
 6 6 6 6 
 6 6 6 6 
 6 6 6 6 
 6 6 6 6 
 6 6 6 6 
 6 6 6 6 
 6 6 6 6 
 6 6 6 6 
 6 6 6 6 
 6 6 6 6 
 6 6 6 6 
 6 6 6 6 
 6 6 6 6 
 6 6 6 6 
 6 6 6 6 
 6 6 6 6 
 6 6 6 6 
 6 6 6 6 
 6 6 6 6 
 6 6 6 6 
 6 6 6 6 
 6 6 6 6 
 6 6 6 6 
 6 6 6 6 
 6 6 6 6 
 6 6 6 6 
 6 6 6 6 
 6 6 6 6 
 6 6 6 6 
 6 6 6 6 
 6 6 6 6 
 6 6 6 6 
 6 6 6 6 
 6 6 6 6 
 6 6 6 6 
 6 6 6 6 
 6 6 6 6 
 6 6 6 6 
 6 6 6 6 
 6 6 6 6 
 6 6 6 6 
 6 6 6 6 
 6 6 6 6 
 6 6 6 6 
 6 6 6 6 
 6 6 6 6 
 6 6 6 6 
 6 6 6 6 
 6 6 6 6 
 6 6 6 6 
 6 6 6 6 
 6 6 6 6 
 6 6 6 6 
 6 6 6 6 
 6 6 6 6 
 6 6 6 6 
 6 6 6 6 
 6 6 6 6 
 6 6 6 6 
 6 6 6 6 
 6 6 6 6 
 6 6 6 6 
 6 6 6 6 
 6 6 6 6 
 6 6 6 6 
 6 6 6 6 
 6 6 6 6 
 6 6 6 6 
 6 6 6 6 
 6 6 6 6 
 6 6 6 6 
 6 6 6 6 
 6 6 6 6 
 6 6 6 6 
 6 6 6 6 
 6 6 6 6 
 6 6 6 6 
 6 6 6 6 
 6 6 6 6 
 6 6 6 6 
 6 6 6 6 
 6 6 6 6 
 6 6 6 6 
 6 6 6 6 
 6 6 6 6 
 6 6 6 6 
 6 6 6 6 
 6 6 6 6 
 vertexCoord 
0.000000 0.000000 
 1.000000 0.000000 
 1.000000 1.000000 
 0.000000 1.000000 
 -0.000000 0.300000 
 0.000000 0.099902 
 0.000000 0.199951 
 0.499925 0.000000 
 0.799946 0.000000 
 0.899973 0.000000 
 0.699934 0.000000 
 0.599948 0.000000 
 0.299919 0.000000 
 0.399922 0.000000 
 0.199897 0.000000 
 0.099948 0.000000 
 1.000000 0.500000 
 1.000000 0.799928 
 1.000000 0.899964 
 1.000000 0.699897 
 1.000000 0.599948 
 1.000000 0.299900 
 1.000000 0.399902 
 1.000000 0.199897 
 1.000000 0.099948 
 0.500000 1.000000 
 0.200100 1.000000 
 0.100098 1.000000 
 0.300103 1.000000 
 0.400052 1.000000 
 0.700081 1.000000 
 0.600041 1.000000 
 0.800103 1.000000 
 0.900052 1.000000 
 -0.000000 0.599939 
 -0.000000 0.399976 
 -0.000000 0.499957 
 -0.000000 0.799945 
 -0.000000 0.699917 
 -0.000000 0.899972 
 0.062106 0.095237 
 0.105374 0.175214 
 0.182834 0.179215 
 0.250350 0.715492 
 0.824466 0.240517 
 0.761501 0.767765 
 0.067403 0.933364 
 0.934971 0.060564 
 0.939679 0.932493 
 0.279305 0.098796 
 0.073725 0.258928 
 0.168959 0.101053 
 0.118281 0.644319 
 0.340969 0.855245 
 0.229560 0.821040 
 0.156629 0.741931 
 0.764962 0.084262 
 0.918658 0.302220 
 0.651928 0.105069 
 0.519130 0.489087 
 0.917168 0.219956 
 0.922308 0.745031 
 0.711096 0.918807 
 0.782448 0.874433 
 0.329304 0.057393 
 0.253246 0.158909 
 0.058536 0.332728 
 0.061358 0.568025 
 0.051430 0.650161 
 0.195773 0.666822 
 0.359845 0.933781 
 0.437824 0.944565 
 0.344862 0.753093 
 0.161428 0.920502 
 0.265334 0.921761 
 0.077509 0.738608 
 0.098035 0.836998 
 0.859908 0.071751 
 0.930081 0.409519 
 0.539356 0.078196 
 0.743223 0.180163 
 0.651422 0.336910 
 0.391981 0.608748 
 0.666618 0.617904 
 0.402887 0.231996 
 0.923091 0.133220 
 0.940272 0.638914 
 0.929837 0.850642 
 0.608251 0.927680 
 0.868350 0.911835 
 0.070780 0.474665 
 0.838803 0.154978 
 0.731363 0.274851 
 0.800647 0.315739 
 0.650114 0.223822 
 0.581736 0.413243 
 0.328134 0.663508 
 0.258792 0.630955 
 0.455417 0.552906 
 0.432841 0.811441 
 0.744762 0.670904 
 0.603124 0.532674 
 0.800177 0.526586 
 0.343139 0.167919 
 0.498996 0.389599 
 0.234408 0.235383 
 0.473280 0.135249 
 0.848687 0.814603 
 0.510689 0.929946 
 0.095691 0.392222 
 0.862029 0.384311 
 0.193267 0.592720 
 0.326116 0.586880 
 0.393307 0.677539 
 0.433486 0.890132 
 0.825082 0.715522 
 0.658801 0.443844 
 0.933625 0.532617 
 0.795599 0.419497 
 0.737160 0.576210 
 0.868968 0.577622 
 0.442200 0.465691 
 0.558481 0.289966 
 0.154653 0.244587 
 0.317332 0.234013 
 0.418312 0.172638 
 0.566725 0.171329 
 0.437393 0.064039 
 0.676659 0.712918 
 0.519752 0.783265 
 0.608243 0.842843 
 0.690082 0.810626 
 0.127170 0.318421 
 0.131311 0.541668 
 0.259648 0.558321 
 0.459153 0.638699 
 0.865080 0.475025 
 0.728422 0.378264 
 0.677111 0.530832 
 0.801592 0.632289 
 0.871644 0.661876 
 0.384303 0.530114 
 0.480580 0.216990 
 0.372912 0.305200 
 0.380122 0.116006 
 0.594998 0.645972 
 0.600544 0.746992 
 0.518750 0.865815 
 0.442403 0.723646 
 0.205987 0.308624 
 0.145681 0.454557 
 0.523475 0.587837 
 0.732878 0.479205 
 0.319785 0.514785 
 0.455761 0.302488 
 0.413691 0.382245 
 0.287916 0.305603 
 0.175033 0.381726 
 0.198498 0.515722 
 0.514621 0.677395 
 0.366513 0.452327 
 0.254899 0.371576 
 0.220769 0.444956 
 0.259047 0.495562 
 0.341958 0.378824 
 0.297138 0.442302 
 bc_tag 
93 
 15 
 10 
 5 
 2 
 101 
 101 
 21 
 21 
 21 
 21 
 21 
 21 
 21 
 21 
 21 
 16 
 16 
 16 
 16 
 16 
 16 
 16 
 16 
 16 
 11 
 11 
 11 
 11 
 11 
 11 
 11 
 11 
 11 
 6 
 6 
 6 
 6 
 6 
 6 
 39 
 39 
 39 
 39 
 39 
 39 
 39 
 39 
 39 
 39 
 39 
 39 
 39 
 39 
 39 
 39 
 39 
 39 
 39 
 39 
 39 
 39 
 39 
 39 
 39 
 39 
 39 
 39 
 39 
 39 
 39 
 39 
 39 
 39 
 39 
 39 
 39 
 39 
 39 
 39 
 39 
 39 
 39 
 39 
 39 
 39 
 39 
 39 
 39 
 39 
 39 
 39 
 39 
 39 
 39 
 39 
 39 
 39 
 39 
 39 
 39 
 39 
 39 
 39 
 39 
 39 
 39 
 39 
 39 
 39 
 39 
 39 
 39 
 39 
 39 
 39 
 39 
 39 
 39 
 39 
 39 
 39 
 39 
 39 
 39 
 39 
 39 
 39 
 39 
 39 
 39 
 39 
 39 
 39 
 39 
 39 
 39 
 39 
 39 
 39 
 39 
 39 
 39 
 39 
 39 
 39 
 39 
 39 
 39 
 39 
 39 
 39 
 39 
 39 
 39 
 39 
 39 
 39 
 39 
 39 
 39 
 39 
 39 
 39 
 39 
 39 
 101 
 101 
 101 
 101 
 101 
 101 
 101 
 101 
 101 
 101 
 101 
 101 
 101 
 101 
 101 
 21 
 21 
 21 
 21 
 21 
 21 
 21 
 21 
 21 
 21 
 21 
 21 
 21 
 21 
 21 
 21 
 21 
 21 
 21 
 21 
 21 
 21 
 21 
 21 
 21 
 21 
 21 
 21 
 21 
 21 
 21 
 21 
 21 
 21 
 21 
 21 
 21 
 21 
 21 
 21 
 21 
 21 
 21 
 21 
 21 
 21 
 21 
 21 
 21 
 21 
 16 
 16 
 16 
 16 
 16 
 16 
 16 
 16 
 16 
 16 
 16 
 16 
 16 
 16 
 16 
 16 
 16 
 16 
 16 
 16 
 16 
 16 
 16 
 16 
 16 
 16 
 16 
 16 
 16 
 16 
 16 
 16 
 16 
 16 
 16 
 16 
 16 
 16 
 16 
 16 
 16 
 16 
 16 
 16 
 16 
 16 
 16 
 16 
 16 
 16 
 11 
 11 
 11 
 11 
 11 
 11 
 11 
 11 
 11 
 11 
 11 
 11 
 11 
 11 
 11 
 11 
 11 
 11 
 11 
 11 
 11 
 11 
 11 
 11 
 11 
 11 
 11 
 11 
 11 
 11 
 11 
 11 
 11 
 11 
 11 
 11 
 11 
 11 
 11 
 11 
 11 
 11 
 11 
 11 
 11 
 11 
 11 
 11 
 11 
 11 
 6 
 6 
 6 
 6 
 6 
 6 
 6 
 6 
 6 
 6 
 6 
 6 
 6 
 6 
 6 
 6 
 6 
 6 
 6 
 6 
 6 
 6 
 6 
 6 
 6 
 6 
 6 
 6 
 6 
 6 
 6 
 6 
 6 
 6 
 6 
 39 
 39 
 39 
 39 
 39 
 39 
 39 
 39 
 39 
 39 
 39 
 39 
 39 
 39 
 39 
 39 
 39 
 39 
 39 
 39 
 39 
 39 
 39 
 39 
 39 
 39 
 39 
 39 
 39 
 39 
 39 
 39 
 39 
 39 
 39 
 39 
 39 
 39 
 39 
 39 
 39 
 39 
 39 
 39 
 39 
 39 
 39 
 39 
 39 
 39 
 39 
 39 
 39 
 39 
 39 
 39 
 39 
 39 
 39 
 39 
 39 
 39 
 39 
 39 
 39 
 39 
 39 
 39 
 39 
 39 
 39 
 39 
 39 
 39 
 39 
 39 
 39 
 39 
 39 
 39 
 39 
 39 
 39 
 39 
 39 
 39 
 39 
 39 
 39 
 39 
 39 
 39 
 39 
 39 
 39 
 39 
 39 
 39 
 39 
 39 
 39 
 39 
 39 
 39 
 39 
 39 
 39 
 39 
 39 
 39 
 39 
 39 
 39 
 39 
 39 
 39 
 39 
 39 
 39 
 39 
 39 
 39 
 39 
 39 
 39 
 39 
 39 
 39 
 39 
 39 
 39 
 39 
 39 
 39 
 39 
 39 
 39 
 39 
 39 
 39 
 39 
 39 
 39 
 39 
 39 
 39 
 39 
 39 
 39 
 39 
 39 
 39 
 39 
 39 
 39 
 39 
 39 
 39 
 39 
 39 
 39 
 39 
 39 
 39 
 39 
 39 
 39 
 39 
 39 
 39 
 39 
 39 
 39 
 39 
 39 
 39 
 39 
 39 
 39 
 39 
 39 
 39 
 39 
 39 
 39 
 39 
 39 
 39 
 39 
 39 
 39 
 39 
 39 
 39 
 39 
 39 
 39 
 39 
 39 
 39 
 39 
 39 
 39 
 39 
 39 
 39 
 39 
 39 
 39 
 39 
 39 
 39 
 39 
 39 
 39 
 39 
 39 
 39 
 39 
 39 
 39 
 39 
 39 
 39 
 39 
 39 
 39 
 39 
 39 
 39 
 39 
 39 
 39 
 39 
 39 
 39 
 39 
 39 
 39 
 39 
 39 
 39 
 39 
 39 
 39 
 39 
 39 
 39 
 39 
 39 
 39 
 39 
 39 
 39 
 39 
 39 
 39 
 39 
 39 
 39 
 39 
 39 
 39 
 39 
 39 
 39 
 39 
 39 
 39 
 39 
 39 
 39 
 39 
 39 
 39 
 39 
 39 
 39 
 39 
 39 
 39 
 39 
 39 
 39 
 39 
 39 
 39 
 39 
 39 
 39 
 39 
 39 
 39 
 39 
 39 
 39 
 39 
 39 
 39 
 39 
 39 
 39 
 39 
 39 
 39 
 39 
 39 
 39 
 39 
 39 
 39 
 39 
 39 
 39 
 39 
 39 
 39 
 39 
 39 
 39 
 39 
 39 
 39 
 39 
 39 
 39 
 39 
 39 
 39 
 39 
 39 
 39 
 39 
 39 
 39 
 39 
 39 
 39 
 39 
 39 
 39 
 39 
 39 
 39 
 39 
 39 
 39 
 39 
 39 
 39 
 39 
 39 
 39 
 39 
 39 
 39 
 39 
 39 
 39 
 39 
 39 
 39 
 39 
 39 
 39 
 39 
 39 
 39 
 39 
 39 
 39 
 39 
 39 
 39 
 39 
 39 
 39 
 39 
 39 
 39 
 39 
 39 
 39 
 39 
 39 
 39 
 39 
 39 
 39 
 39 
 39 
 39 
 39 
 39 
 39 
 39 
 39 
 39 
 39 
 39 
 39 
 39 
 39 
 39 
 39 
 39 
 39 
 39 
 39 
 39 
 39 
 39 
 39 
 39 
 39 
 39 
 39 
 39 
 39 
 39 
 39 
 39 
 39 
 39 
 39 
 39 
 39 
 39 
 39 
 39 
 39 
 39 
 39 
 39 
 39 
 39 
 39 
 39 
 39 
 39 
 39 
 39 
 39 
 39 
 39 
 39 
 39 
 39 
 39 
 39 
 39 
 39 
 39 
 39 
 39 
 39 
 39 
 39 
 39 
 39 
 39 
 39 
 39 
 39 
 39 
 39 
 39 
 39 
 39 
 39 
 39 
 39 
 39 
 39 
 39 
 39 
 39 
 39 
 39 
 39 
 39 
 39 
 39 
 39 
 39 
 39 
 39 
 39 
 39 
 39 
 39 
 39 
 39 
 39 
 39 
 39 
 39 
 39 
 39 
 39 
 39 
 39 
 39 
 39 
 39 
 39 
 39 
 39 
 39 
 39 
 39 
 39 
 39 
 39 
 39 
 39 
 39 
 39 
 39 
 39 
 39 
 39 
 39 
 39 
 39 
 39 
 39 
 39 
 39 
 39 
 39 
 39 
 39 
 39 
 39 
 39 
 39 
 39 
 39 
 39 
 39 
 39 
 39 
 39 
 39 
 39 
 39 
 39 
 39 
 39 
 39 
 39 
 39 
 39 
 39 
 39 
 39 
 39 
 39 
 39 
 39 
 39 
 39 
 39 
 39 
 39 
 39 
 39 
 39 
 39 
 39 
 39 
 39 
 39 
 39 
 39 
 39 
 39 
 39 
 39 
 39 
 39 
 39 
 39 
 39 
 39 
 39 
 39 
 39 
 39 
 39 
 39 
 39 
 39 
 39 
 39 
 39 
 39 
 39 
 39 
 39 
 39 
 39 
 39 
 39 
 39 
 39 
 39 
 39 
 39 
 39 
 39 
 39 
 39 
 39 
 39 
 39 
 39 
 39 
 39 
 39 
 39 
 39 
 39 
 39 
 39 
 39 
 39 
 39 
 39 
 39 
 39 
 39 
 39 
 39 
 39 
 39 
 39 
 39 
 39 
 39 
 39 
 39 
 39 
 39 
 39 
 39 
 39 
 39 
 39 
 39 
 39 
 39 
 39 
 39 
 39 
 39 
 39 
 39 
 39 
 39 
 39 
 39 
 39 
 39 
 39 
 39 
 39 
 39 
 39 
 39 
 39 
 39 
 39 
 39 
 39 
 39 
 39 
 39 
 39 
 39 
 39 
 39 
 39 
 39 
 39 
 39 
 39 
 39 
 39 
 39 
 39 
 39 
 39 
 39 
 39 
 39 
 39 
 39 
 39 
 39 
 39 
 39 
 39 
 39 
 39 
 39 
 39 
 39 
 39 
 39 
 39 
 39 
 39 
 39 
 39 
 39 
 39 
 39 
 39 
 39 
 39 
 39 
 39 
 39 
 39 
 39 
 39 
 39 
 39 
 39 
 39 
 39 
 39 
 39 
 39 
 39 
 39 
 39 
 39 
 39 
 39 
 39 
 39 
 39 
 39 
 39 
 39 
 39 
 39 
 39 
 39 
 39 
 39 
 39 
 39 
 39 
 39 
 39 
 39 
 39 
 39 
 39 
 39 
 39 
 39 
 39 
 39 
 39 
 39 
 39 
 39 
 39 
 39 
 39 
 39 
 39 
 39 
 39 
 39 
 39 
 39 
 39 
 39 
 39 
 39 
 39 
 39 
 39 
 39 
 39 
 39 
 39 
 39 
 39 
 39 
 39 
 39 
 39 
 39 
 39 
 39 
 39 
 39 
 39 
 39 
 39 
 39 
 39 
 39 
 39 
 39 
 39 
 39 
 39 
 39 
 39 
 39 
 39 
 39 
 39 
 39 
 39 
 39 
 39 
 39 
 39 
 39 
 39 
 39 
 39 
 39 
 39 
 39 
 39 
 39 
 39 
 39 
 39 
 39 
 39 
 39 
 39 
 39 
 39 
 39 
 39 
 39 
 39 
 39 
 39 
 39 
 39 
 39 
 39 
 39 
 39 
 39 
 39 
 39 
 39 
 39 
 39 
 39 
 39 
 39 
 39 
 39 
 39 
 39 
 39 
 39 
 39 
 39 
 39 
 39 
 39 
 39 
 39 
 39 
 39 
 39 
 39 
 39 
 39 
 39 
 39 
 39 
 39 
 39 
 39 
 39 
 39 
 39 
 39 
 39 
 39 
 39 
 39 
 39 
 39 
 39 
 39 
 39 
 39 
 39 
 39 
 39 
 39 
 39 
 39 
 39 
 39 
 39 
 39 
 39 
 39 
 39 
 39 
 39 
 39 
 39 
 39 
 39 
 39 
 39 
 39 
 39 
 39 
 39 
 39 
 39 
 39 
 39 
 39 
 39 
 39 
 39 
 39 
 39 
 39 
 39 
 39 
 39 
 39 
 39 
 39 
 39 
 39 
 39 
 39 
 39 
 39 
 39 
 39 
 39 
 39 
 39 
 39 
 39 
 39 
 39 
 39 
 39 
 39 
 39 
 39 
 39 
 39 
 39 
 39 
 39 
 39 
 39 
 39 
 39 
 39 
 39 
 39 
 39 
 39 
 39 
 39 
 39 
 39 
 39 
 39 
 39 
 39 
 39 
 39 
 39 
 39 
 39 
 39 
 39 
 39 
 39 
 39 
 39 
 39 
 39 
 39 
 39 
 39 
 39 
 39 
 39 
 39 
 39 
 39 
 39 
 39 
 39 
 39 
 39 
 39 
 39 
 39 
 39 
 39 
 39 
 39 
 39 
 39 
 39 
 39 
 39 
 39 
 39 
 39 
 39 
 39 
 39 
 39 
 39 
 39 
 39 
 39 
 39 
 39 
 39 
 39 
 39 
 39 
 39 
 39 
 39 
 39 
 39 
 39 
 39 
 39 
 39 
 39 
 39 
 39 
 39 
 39 
 39 
 39 
 39 
 39 
 39 
 39 
 39 
 39 
 39 
 39 
 39 
 39 
 39 
 39 
 39 
 39 
 39 
 39 
 39 
 39 
 39 
 39 
 39 
 39 
 39 
 39 
 39 
 39 
 39 
 39 
 39 
 39 
 39 
 39 
 39 
 39 
 39 
 39 
 39 
 39 
 39 
 39 
 39 
 39 
 39 
 39 
 39 
 39 
 39 
 39 
 39 
 39 
 39 
 39 
 39 
 39 
 39 
 39 
 39 
 39 
 39 
 39 
 39 
 39 
 39 
 39 
 39 
 39 
 39 
 39 
 39 
 39 
 39 
 39 
 39 
 39 
 39 
 39 
 39 
 39 
 39 
 39 
 39 
 39 
 39 
 39 
 39 
 39 
 39 
 39 
 39 
 39 
 39 
 39 
 39 
 39 
 39 
 39 
 39 
 39 
 39 
 39 
 39 
 39 
 39 
 39 
 39 
 39 
 39 
 39 
 39 
 39 
 39 
 39 
 39 
 39 
 39 
 39 
 39 
 39 
 39 
 39 
 39 
 39 
 39 
 39 
 39 
 39 
 39 
 39 
 39 
 39 
 39 
 39 
 39 
 39 
 39 
 39 
 39 
 39 
 39 
 39 
 39 
 39 
 39 
 39 
 39 
 39 
 39 
 39 
 39 
 39 
 39 
 39 
 39 
 39 
 39 
 39 
 39 
 39 
 39 
 39 
 39 
 39 
 39 
 39 
 39 
 39 
 39 
 39 
 39 
 39 
 39 
 39 
 39 
 39 
 39 
 39 
 39 
 39 
 39 
 39 
 39 
 39 
 39 
 39 
 39 
 39 
 39 
 39 
 39 
 39 
 39 
 39 
 39 
 39 
 39 
 39 
 39 
 39 
 39 
 39 
 39 
 39 
 39 
 39 
 39 
 39 
 39 
 39 
 39 
 39 
 39 
 39 
 39 
 39 
 39 
 39 
 39 
 39 
 39 
 39 
 39 
 39 
 39 
 39 
 39 
 39 
 39 
 39 
 39 
 39 
 39 
 39 
 39 
 39 
 39 
 39 
 39 
 39 
 39 
 39 
 39 
 39 
 39 
 39 
 39 
 39 
 39 
 39 
 39 
 39 
 39 
 39 
 39 
 39 
 39 
 39 
 39 
 39 
 39 
 39 
 39 
 39 
 39 
 39 
 39 
 39 
 39 
 39 
 39 
 39 
 39 
 39 
 39 
 39 
 39 
 39 
 39 
 39 
 39 
 39 
 39 
 39 
 39 
 39 
 39 
 39 
 39 
 39 
 39 
 39 
 39 
 39 
 39 
 39 
 39 
 39 
 39 
 39 
 39 
 39 
 39 
 39 
 39 
 39 
 39 
 39 
 39 
 39 
 39 
 39 
 39 
 39 
 39 
 39 
 39 
 39 
 39 
 39 
 39 
 39 
 39 
 39 
 39 
 39 
 39 
 39 
 39 
 39 
 39 
 39 
 39 
 39 
 39 
 39 
 39 
 39 
 39 
 39 
 39 
 39 
 39 
 39 
 39 
 39 
 39 
 39 
 39 
 39 
 39 
 39 
 39 
 39 
 39 
 39 
 39 
 39 
 39 
 39 
 39 
 39 
 39 
 39 
 39 
 39 
 39 
 39 
 39 
 39 
 39 
 39 
 39 
 39 
 39 
 39 
 39 
 39 
 39 
 39 
 39 
 39 
 39 
 39 
 39 
 39 
 39 
 39 
 39 
 39 
 39 
 39 
 39 
 39 
 39 
 39 
 39 
 39 
 39 
 39 
 39 
 39 
 39 
 39 
 39 
 39 
 39 
 39 
 39 
 39 
 39 
 39 
 39 
 39 
 39 
 39 
 39 
 39 
 39 
 39 
 39 
 39 
 39 
 39 
 39 
 39 
 39 
 39 
 39 
 39 
 39 
 39 
 39 
 39 
 39 
 39 
 39 
 39 
 39 
 39 
 39 
 39 
 39 
 39 
 39 
 39 
 39 
 39 
 39 
 39 
 39 
 39 
 39 
 39 
 39 
 39 
 39 
 39 
 39 
 39 
 39 
 39 
 39 
 39 
 39 
 39 
 39 
 39 
 39 
 39 
 39 
 39 
 39 
 39 
 39 
 39 
 39 
 39 
 39 
 39 
 39 
 39 
 39 
 39 
 39 
 39 
 39 
 39 
 39 
 39 
 39 
 39 
 39 
 39 
 39 
 39 
 39 
 39 
 39 
 39 
 39 
 39 
 39 
 39 
 39 
 39 
 39 
 39 
 39 
 39 
 39 
 39 
 39 
 39 
 39 
 39 
 39 
 39 
 39 
 39 
 39 
 39 
 39 
 39 
 39 
 39 
 39 
 39 
 39 
 39 
 39 
 39 
 39 
 39 
 39 
 39 
 39 
 39 
 39 
 39 
 39 
 39 
 39 
 39 
 39 
 39 
 39 
 39 
 39 
 39 
 39 
 39 
 39 
 39 
 39 
 39 
 39 
 39 
 39 
 39 
 39 
 39 
 39 
 39 
 39 
 39 
 39 
 39 
 39 
 39 
 39 
 39 
 39 
 39 
 39 
 39 
 39 
 39 
 39 
 39 
 39 
 39 
 39 
 39 
 39 
 39 
 39 
 39 
 39 
 39 
 39 
 39 
 39 
 39 
 39 
 39 
 39 
 39 
 39 
 39 
 39 
 39 
 39 
 39 
 39 
 39 
 39 
 39 
 39 
 39 
 39 
 39 
 39 
 39 
 39 
 39 
 39 
 39 
 39 
 39 
 39 
 39 
 39 
 39 
 39 
 39 
 39 
 39 
 39 
 39 
 39 
 39 
 39 
 39 
 39 
 39 
 39 
 39 
 39 
 39 
 39 
 39 
 39 
 39 
 39 
 39 
 39 
 39 
 39 
 39 
 39 
 39 
 39 
 39 
 39 
 39 
 39 
 39 
 39 
 39 
 39 
 39 
 39 
 39 
 39 
 39 
 39 
 39 
 39 
 39 
 39 
 39 
 39 
 39 
 39 
 39 
 39 
 39 
 39 
 39 
 39 
 39 
 39 
 39 
 39 
 39 
 39 
 39 
 39 
 39 
 39 
 39 
 39 
 39 
 39 
 39 
 39 
 39 
 39 
 39 
 39 
 39 
 39 
 39 
 39 
 39 
 39 
 39 
 39 
 39 
 39 
 39 
 39 
 39 
 39 
 39 
 39 
 39 
 39 
 39 
 39 
 39 
 39 
 39 
 39 
 39 
 39 
 39 
 39 
 39 
 39 
 39 
 39 
 39 
 39 
 39 
 39 
 39 
 39 
 39 
 39 
 39 
 39 
 39 
 39 
 39 
 39 
 39 
 39 
 39 
 39 
 39 
 39 
 39 
 39 
 39 
 39 
 39 
 39 
 39 
 39 
 39 
 39 
 39 
 39 
 39 
 39 
 39 
 39 
 39 
 39 
 39 
 39 
 39 
 39 
 39 
 39 
 39 
 39 
 39 
 39 
 39 
 39 
 39 
 39 
 39 
 39 
 39 
 39 
 39 
 39 
 39 
 39 
 39 
 39 
 39 
 39 
 39 
 39 
 39 
 39 
 39 
 39 
 39 
 39 
 39 
 39 
 39 
 39 
 39 
 39 
 39 
 39 
 39 
 39 
 39 
 39 
 39 
 39 
 39 
 39 
 39 
 39 
 39 
 39 
 39 
 39 
 39 
 39 
 39 
 39 
 39 
 39 
 39 
 39 
 39 
 39 
 39 
 39 
 39 
 39 
 39 
 39 
 39 
 39 
 39 
 39 
 39 
 39 
 39 
 39 
 39 
 39 
 39 
 39 
 39 
 39 
 39 
 39 
 39 
 39 
 39 
 39 
 39 
 39 
 39 
 39 
 39 
 39 
 39 
 39 
 39 
 39 
 39 
 39 
 39 
 39 
 39 
 39 
 39 
 39 
 39 
 39 
 39 
 39 
 39 
 39 
 39 
 39 
 39 
 39 
 39 
 39 
 39 
 39 
 39 
 39 
 39 
 39 
 39 
 39 
 39 
 39 
 39 
 39 
 39 
 39 
 39 
 39 
 39 
 39 
 39 
 39 
 39 
 39 
 39 
 39 
 39 
 39 
 39 
 39 
 39 
 39 
 39 
 39 
 39 
 39 
 39 
 39 
 39 
 39 
 39 
 39 
 39 
 39 
 39 
 39 
 39 
 39 
 39 
 39 
 39 
 39 
 39 
 39 
 39 
 39 
 39 
 39 
 39 
 39 
 39 
 39 
 39 
 39 
 39 
 39 
 39 
 39 
 39 
 39 
 39 
 39 
 39 
 39 
 39 
 39 
 39 
 39 
 39 
 39 
 39 
 39 
 39 
 39 
 39 
 39 
 39 
 39 
 39 
 39 
 39 
 39 
 39 
 39 
 39 
 39 
 39 
 39 
 39 
 39 
 39 
 39 
 39 
 39 
 39 
 39 
 39 
 39 
 39 
 39 
 39 
 39 
 39 
 39 
 39 
 39 
 39 
 39 
 39 
 39 
 39 
 39 
 39 
 39 
 39 
 39 
 39 
 39 
 39 
 39 
 39 
 39 
 39 
 39 
 39 
 39 
 39 
 39 
 39 
 39 
 39 
 39 
 39 
 39 
 39 
 39 
 39 
 39 
 39 
 39 
 39 
 39 
 39 
 39 
 39 
 39 
 39 
 39 
 39 
 39 
 39 
 39 
 39 
 39 
 39 
 39 
 39 
 39 
 39 
 39 
 39 
 39 
 39 
 39 
 39 
 39 
 39 
 39 
 39 
 39 
 39 
 39 
 39 
 39 
 39 
 39 
 39 
 39 
 39 
 39 
 39 
 39 
 39 
 39 
 39 
 39 
 39 
 39 
 39 
 39 
 39 
 39 
 39 
 39 
 39 
 39 
 39 
 39 
 39 
 39 
 39 
 39 
 39 
 39 
 39 
 39 
 39 
 39 
 39 
 39 
 39 
 39 
 39 
 39 
 39 
 39 
 39 
 39 
 39 
 39 
 39 
 39 
 39 
 39 
 39 
 39 
 39 
 39 
 39 
 39 
 39 
 39 
 39 
 39 
 39 
 39 
 39 
 39 
 39 
 39 
 39 
 39 
 39 
 39 
 39 
 39 
 39 
 39 
 39 
 39 
 39 
 39 
 39 
 39 
 39 
 39 
 39 
 39 
 39 
 39 
 39 
 39 
 39 
 39 
 39 
 39 
 39 
 39 
 39 
 39 
 39 
 39 
 39 
 39 
 39 
 39 
 39 
 39 
 39 
 39 
 39 
 39 
 39 
 39 
 39 
 39 
 39 
 39 
 39 
 39 
 39 
 39 
 39 
 39 
 39 
 39 
 39 
 39 
 39 
 39 
 39 
 39 
 39 
 39 
 39 
 39 
 39 
 39 
 39 
 39 
 39 
 39 
 39 
 39 
 39 
 39 
 39 
 39 
 39 
 39 
 39 
 39 
 39 
 39 
 39 
 39 
 39 
 39 
 39 
 39 
 39 
 39 
 39 
 39 
 39 
 39 
 39 
 39 
 39 
 39 
 39 
 39 
 39 
 39 
 39 
 39 
 39 
 39 
 39 
 39 
 39 
 39 
 39 
 39 
 39 
 39 
 39 
 39 
 39 
 39 
 39 
 39 
 39 
 39 
 39 
 39 
 39 
 39 
 39 
 39 
 39 
 39 
 39 
 39 
 39 
 39 
 39 
 39 
 39 
 39 
 39 
 39 
 39 
 39 
 39 
 39 
 39 
 39 
 39 
 39 
 39 
 39 
 39 
 39 
 39 
 39 
 39 
 39 
 39 
 39 
 39 
 39 
 39 
 39 
 39 
 39 
 39 
 39 
 39 
 39 
 39 
 39 
 39 
 39 
 39 
 39 
 39 
 39 
 39 
 39 
 39 
 39 
 39 
 39 
 39 
 39 
 39 
 39 
 39 
 39 
 39 
 39 
 39 
 39 
 39 
 39 
 39 
 39 
 39 
 39 
 39 
 39 
 39 
 39 
 39 
 39 
 39 
 39 
 39 
 39 
 39 
 39 
 39 
 39 
 39 
 39 
 39 
 39 
 39 
 39 
 39 
 39 
 39 
 39 
 39 
 39 
 39 
 39 
 39 
 39 
 39 
 39 
 39 
 39 
 39 
 39 
 39 
 39 
 39 
 39 
 39 
 39 
 39 
 39 
 39 
 39 
 39 
 39 
 39 
 39 
 39 
 39 
 39 
 39 
 39 
 39 
 39 
 39 
 39 
 39 
 39 
 39 
 39 
 39 
 39 
 39 
 39 
 39 
 39 
 39 
 39 
 39 
 39 
 39 
 39 
 39 
 39 
 39 
 39 
 39 
 39 
 39 
 39 
 39 
 39 
 39 
 39 
 39 
 39 
 39 
 39 
 39 
 39 
 39 
 39 
 39 
 39 
 39 
 39 
 39 
 39 
 39 
 39 
 39 
 39 
 39 
 39 
 39 
 39 
 39 
 39 
 39 
 39 
 39 
 39 
 39 
 39 
 39 
 39 
 39 
 39 
 39 
 39 
 39 
 39 
 39 
 39 
 39 
 39 
 39 
 39 
 39 
 39 
 39 
 39 
 39 
 39 
 39 
 39 
 39 
 39 
 39 
 39 
 39 
 39 
 39 
 39 
 39 
 39 
 39 
 39 
 39 
 39 
 39 
 39 
 39 
 39 
 39 
 39 
 39 
 39 
 39 
 39 
 39 
 39 
 39 
 39 
 39 
 39 
 39 
 39 
 39 
 39 
 39 
 39 
 39 
 39 
 39 
 39 
 39 
 39 
 39 
 39 
 39 
 39 
 39 
 39 
 39 
 39 
 39 
 39 
 39 
 39 
 39 
 39 
 39 
 39 
 39 
 39 
 39 
 39 
 39 
 39 
 39 
 39 
 39 
 39 
 39 
 39 
 39 
 39 
 39 
 39 
 39 
 39 
 39 
 39 
 39 
 39 
 39 
 39 
 39 
 39 
 39 
 39 
 39 
 39 
 39 
 39 
 39 
 39 
 39 
 39 
 39 
 39 
 39 
 39 
 39 
 39 
 39 
 39 
 39 
 39 
 39 
 39 
 39 
 39 
 39 
 39 
 39 
 39 
 39 
 39 
 39 
 39 
 39 
 39 
 39 
 39 
 39 
 39 
 39 
 39 
 39 
 39 
 39 
 39 
 39 
 39 
 39 
 39 
 39 
 39 
 39 
 39 
 39 
 39 
 39 
 39 
 39 
 39 
 39 
 39 
 39 
 39 
 39 
 39 
 39 
 39 
 39 
 39 
 39 
 39 
 39 
 39 
 39 
 39 
 39 
 39 
 39 
 39 
 39 
 39 
 39 
 39 
 39 
 39 
 39 
 39 
 39 
 39 
 39 
 39 
 39 
 39 
 39 
 39 
 39 
 39 
 39 
 39 
 39 
 39 
 39 
 39 
 39 
 39 
 39 
 39 
 39 
 39 
 39 
 39 
 39 
 39 
 39 
 39 
 39 
 39 
 39 
 39 
 39 
 39 
 39 
 39 
 39 
 39 
 39 
 39 
 39 
 39 
 39 
 39 
 39 
 39 
 39 
 39 
 39 
 39 
 39 
 39 
 39 
 39 
 39 
 39 
 39 
 39 
 39 
 39 
 39 
 39 
 39 
 39 
 39 
 39 
 39 
 39 
 39 
 39 
 39 
 39 
 39 
 39 
 39 
 39 
 39 
 39 
 39 
 39 
 39 
 39 
 39 
 39 
 39 
 39 
 39 
 39 
 39 
 39 
 39 
 39 
 39 
 39 
 39 
 39 
 39 
 39 
 39 
 39 
 39 
 39 
 39 
 39 
 39 
 39 
 39 
 39 
 39 
 39 
 39 
 39 
 39 
 39 
 39 
 39 
 39 
 39 
 39 
 39 
 39 
 39 
 39 
 39 
 39 
 39 
 39 
 39 
 39 
 39 
 39 
 39 
 39 
 39 
 39 
 39 
 39 
 39 
 39 
 39 
 39 
 39 
 39 
 39 
 39 
 39 
 39 
 39 
 39 
 39 
 39 
 39 
 39 
 39 
 39 
 39 
 39 
 39 
 39 
 39 
 39 
 39 
 39 
 39 
 39 
 39 
 39 
 39 
 39 
 39 
 39 
 39 
 39 
 39 
 39 
 39 
 39 
 39 
 39 
 39 
 39 
 39 
 39 
 39 
 39 
 39 
 39 
 39 
 39 
 39 
 39 
 39 
 39 
 39 
 39 
 39 
 39 
 39 
 39 
 39 
 39 
 39 
 39 
 39 
 39 
 39 
 39 
 39 
 39 
 39 
 39 
 39 
 39 
 39 
 39 
 39 
 39 
 39 
 39 
 39 
 39 
 39 
 39 
 39 
 39 
 39 
 39 
 39 
 39 
 39 
 39 
 39 
 39 
 39 
 39 
 39 
 39 
 39 
 39 
 39 
 39 
 39 
 39 
 39 
 39 
 39 
 39 
 39 
 39 
 39 
 39 
 39 
 39 
 39 
 39 
 39 
 39 
 39 
 39 
 39 
 39 
 39 
 39 
 39 
 39 
 39 
 39 
 39 
 39 
 39 
 39 
 39 
 39 
 39 
 39 
 39 
 39 
 39 
 39 
 39 
 39 
 39 
 39 
 39 
 39 
 39 
 39 
 39 
 39 
 39 
 39 
 39 
 39 
 39 
 39 
 39 
 39 
 39 
 39 
 39 
 39 
 39 
 39 
 39 
 39 
 39 
 39 
 39 
 39 
 39 
 39 
 39 
 39 
 39 
 39 
 39 
 39 
 39 
 39 
 39 
 39 
 39 
 39 
 39 
 39 
 39 
 39 
 39 
 39 
 39 
 39 
 39 
 39 
 39 
 39 
 39 
 39 
 39 
 39 
 39 
 39 
 39 
 39 
 39 
 39 
 39 
 39 
 39 
 39 
 39 
 39 
 39 
 39 
 39 
 39 
 39 
 39 
 39 
 39 
 39 
 39 
 39 
 39 
 39 
 39 
 39 
 39 
 39 
 39 
 39 
 39 
 39 
 39 
 39 
 39 
 39 
 39 
 39 
 39 
 39 
 39 
 39 
 39 
 39 
 39 
 39 
 39 
 39 
 39 
 39 
 39 
 39 
 39 
 39 
 39 
 39 
 39 
 39 
 39 
 39 
 39 
 39 
 39 
 39 
 39 
 39 
 39 
 39 
 39 
 39 
 39 
 39 
 39 
 39 
 39 
 39 
 39 
 39 
 39 
 39 
 39 
 39 
 39 
 39 
 39 
 39 
 39 
 39 
 39 
 39 
 39 
 39 
 39 
 39 
 39 
 39 
 39 
 39 
 39 
 39 
 39 
 39 
 39 
 39 
 39 
 39 
 39 
 39 
 39 
 39 
 39 
 39 
 39 
 39 
 39 
 39 
 39 
 39 
 39 
 39 
 39 
 39 
 39 
 39 
 39 
 39 
 39 
 39 
 39 
 39 
 39 
 39 
 39 
 39 
 39 
 39 
 39 
 39 
 39 
 39 
 39 
 39 
 39 
 39 
 39 
 39 
 39 
 39 
 39 
 39 
 39 
 39 
 39 
 39 
 39 
 39 
 39 
 39 
 39 
 39 
 39 
 39 
 39 
 39 
 39 
 39 
 39 
 39 
 39 
 39 
 39 
 39 
 39 
 39 
 39 
 39 
 39 
 39 
 39 
 39 
 39 
 39 
 39 
 39 
 39 
 39 
 39 
 39 
 39 
 39 
 39 
 39 
 39 
 39 
 39 
 39 
 39 
 39 
 39 
 39 
 39 
 39 
 39 
 39 
 39 
 39 
 39 
 39 
 39 
 39 
 39 
 39 
 39 
 39 
 39 
 39 
 39 
 39 
 39 
 39 
 39 
 39 
 39 
 39 
 39 
 39 
 39 
 39 
 39 
 39 
 39 
 39 
 39 
 39 
 39 
 39 
 39 
 39 
 39 
 39 
 39 
 39 
 39 
 39 
 39 
 39 
 39 
 39 
 39 
 39 
 39 
 39 
 39 
 39 
 39 
 39 
 39 
 39 
 39 
 39 
 39 
 39 
 39 
 39 
 39 
 39 
 39 
 39 
 39 
 39 
 39 
 39 
 39 
 39 
 39 
 39 
 39 
 39 
 39 
 39 
 39 
 39 
 39 
 39 
 39 
 39 
 39 
 39 
 39 
 39 
 39 
 39 
 39 
 39 
 39 
 39 
 39 
 39 
 39 
 39 
 39 
 39 
 39 
 39 
 39 
 39 
 39 
 39 
 39 
 39 
 39 
 39 
 39 
 39 
 39 
 39 
 39 
 39 
 39 
 39 
 39 
 39 
 39 
 39 
 39 
 39 
 39 
 39 
 39 
 39 
 39 
 39 
 39 
 39 
 39 
 39 
 39 
 39 
 39 
 39 
 39 
 39 
 39 
 39 
 39 
 39 
 39 
 39 
 39 
 39 
 39 
 39 
 39 
 39 
 39 
 39 
 39 
 39 
 39 
 39 
 39 
 39 
 39 
 39 
 39 
 39 
 39 
 39 
 39 
 39 
 39 
 39 
 39 
 39 
 39 
 39 
 39 
 39 
 39 
 39 
 39 
 39 
 39 
 39 
 39 
 39 
 39 
 39 
 39 
 39 
 39 
 39 
 39 
 39 
 39 
 39 
 39 
 39 
 39 
 39 
 39 
 39 
 39 
 39 
 39 
 39 
 39 
 39 
 39 
 39 
 39 
 39 
 39 
 39 
 39 
 39 
 39 
 39 
 39 
 39 
 39 
 39 
 39 
 39 
 39 
 39 
 39 
 39 
 39 
 39 
 39 
 39 
 39 
 39 
 39 
 39 
 39 
 39 
 39 
 39 
 39 
 39 
 39 
 39 
 39 
 39 
 39 
 39 
 39 
 39 
 39 
 39 
 39 
 39 
 39 
 39 
 39 
 39 
 39 
 39 
 39 
 39 
 39 
 39 
 39 
 39 
 39 
 39 
 39 
 39 
 39 
 39 
 39 
 39 
 39 
 39 
 39 
 39 
 39 
 39 
 39 
 39 
 39 
 39 
 39 
 39 
 39 
 39 
 39 
 39 
 39 
 39 
 39 
 39 
 39 
 39 
 39 
 39 
 39 
 39 
 39 
 39 
 39 
 39 
 39 
 39 
 39 
 39 
 39 
 39 
 39 
 39 
 39 
 39 
 39 
 39 
 39 
 39 
 39 
 39 
 39 
 39 
 39 
 39 
 39 
 39 
 39 
 39 
 39 
 39 
 39 
 39 
 39 
 39 
 39 
 39 
 39 
 39 
 39 
 39 
 39 
 39 
 39 
 39 
 39 
 39 
 39 
 39 
 39 
 39 
 39 
 39 
 39 
 39 
 39 
 39 
 39 
 39 
 39 
 39 
 39 
 39 
 39 
 39 
 39 
 39 
 39 
 39 
 39 
 39 
 39 
 39 
 39 
 39 
 39 
 39 
 39 
 39 
 39 
 39 
 39 
 39 
 39 
 39 
 39 
 39 
 39 
 39 
 39 
 39 
 39 
 39 
 39 
 39 
 39 
 39 
 39 
 39 
 39 
 39 
 39 
 39 
 39 
 39 
 39 
 39 
 39 
 39 
 39 
 39 
 39 
 39 
 39 
 39 
 39 
 39 
 39 
 39 
 39 
 39 
 39 
 39 
 39 
 39 
 39 
 39 
 39 
 39 
 39 
 39 
 39 
 39 
 39 
 39 
 39 
 39 
 39 
 39 
 39 
 39 
 39 
 39 
 39 
 39 
 39 
 39 
 39 
 39 
 39 
 39 
 39 
 39 
 39 
 39 
 39 
 39 
 39 
 39 
 39 
 39 
 39 
 39 
 39 
 39 
 39 
 39 
 39 
 39 
 39 
 39 
 39 
 39 
 39 
 39 
 39 
 39 
 39 
 39 
 39 
 39 
 39 
 39 
 39 
 39 
 39 
 39 
 39 
 39 
 39 
 39 
 39 
 39 
 39 
 39 
 39 
 39 
 39 
 39 
 39 
 39 
 39 
 39 
 39 
 39 
 39 
 39 
 39 
 39 
 39 
 39 
 39 
 39 
 39 
 39 
 39 
 39 
 39 
 39 
 39 
 39 
 39 
 39 
 39 
 39 
 39 
 39 
 39 
 39 
 39 
 39 
 39 
 39 
 39 
 39 
 39 
 39 
 39 
 39 
 39 
 39 
 39 
 39 
 39 
 39 
 39 
 39 
 39 
 39 
 39 
 39 
 39 
 39 
 39 
 39 
 39 
 39 
 39 
 39 
 39 
 39 
 39 
 39 
 39 
 39 
 39 
 39 
 39 
 39 
 39 
 39 
 39 
 39 
 39 
 39 
 39 
 39 
 39 
 39 
 39 
 39 
 39 
 39 
 39 
 39 
 39 
 39 
 39 
 39 
 39 
 39 
 39 
 39 
 39 
 39 
 39 
 39 
 39 
 39 
 39 
 39 
 39 
 39 
 39 
 39 
 39 
 39 
 39 
 39 
 39 
 39 
 39 
 39 
 39 
 39 
 39 
 39 
 39 
 39 
 39 
 39 
 39 
 39 
 39 
 39 
 39 
 39 
 39 
 39 
 39 
 39 
 39 
 39 
 39 
 39 
 39 
 39 
 39 
 39 
 39 
 39 
 39 
 39 
 39 
 39 
 39 
 39 
 39 
 39 
 39 
 39 
 39 
 39 
 39 
 39 
 39 
 39 
 39 
 39 
 39 
 39 
 39 
 39 
 39 
 39 
 39 
 39 
 39 
 39 
 39 
 39 
 39 
 39 
 39 
 39 
 39 
 39 
 39 
 39 
 39 
 39 
 39 
 39 
 39 
 39 
 39 
 39 
 39 
 39 
 39 
 39 
 39 
 39 
 39 
 39 
 39 
 39 
 39 
 39 
 39 
 39 
 39 
 39 
 39 
 39 
 39 
 39 
 39 
 39 
 39 
 39 
 39 
 39 
 39 
 39 
 39 
 39 
 39 
 39 
 39 
 39 
 39 
 39 
 39 
 39 
 39 
 39 
 39 
 39 
 39 
 39 
 39 
 39 
 39 
 39 
 39 
 39 
 39 
 39 
 39 
 39 
 39 
 39 
 39 
 39 
 39 
 39 
 39 
 39 
 39 
 39 
 39 
 39 
 39 
 39 
 39 
 39 
 39 
 39 
 39 
 39 
 39 
 39 
 39 
 39 
 39 
 39 
 39 
 39 
 39 
 39 
 39 
 39 
 39 
 39 
 39 
 39 
 39 
 39 
 39 
 39 
 39 
 39 
 39 
 39 
 39 
 39 
 39 
 39 
 39 
 39 
 39 
 39 
 39 
 39 
 39 
 39 
 39 
 39 
 39 
 39 
 39 
 39 
 39 
 39 
 39 
 39 
 39 
 39 
 39 
 39 
 39 
 39 
 39 
 39 
 39 
 39 
 39 
 39 
 39 
 39 
 39 
 39 
 39 
 39 
 39 
 39 
 39 
 39 
 39 
 39 
 39 
 39 
 39 
 39 
 39 
 39 
 39 
 39 
 39 
 39 
 39 
 39 
 39 
 39 
 39 
 39 
 39 
 39 
 39 
 39 
 39 
 39 
 39 
 39 
 39 
 39 
 39 
 39 
 39 
 39 
 39 
 39 
 39 
 39 
 39 
 39 
 39 
 39 
 39 
 39 
 39 
 39 
 39 
 39 
 39 
 39 
 39 
 39 
 39 
 39 
 39 
 39 
 39 
 39 
 39 
 39 
 39 
 39 
 39 
 39 
 39 
 39 
 39 
 39 
 39 
 39 
 39 
 39 
 39 
 39 
 39 
 39 
 39 
 39 
 39 
 39 
 39 
 39 
 39 
 39 
 39 
 39 
 39 
 39 
 39 
 39 
 39 
 39 
 39 
 39 
 39 
 39 
 39 
 39 
 39 
 39 
 39 
 39 
 39 
 39 
 39 
 39 
 39 
 39 
 39 
 39 
 39 
 39 
 39 
 39 
 39 
 39 
 39 
 39 
 39 
 39 
 39 
 39 
 39 
 39 
 39 
 39 
 39 
 39 
 39 
 39 
 39 
 39 
 39 
 39 
 39 
 39 
 39 
 39 
 39 
 39 
 39 
 39 
 39 
 39 
 39 
 39 
 39 
 39 
 39 
 39 
 39 
 39 
 39 
 39 
 39 
 39 
 39 
 39 
 39 
 39 
 39 
 39 
 39 
 39 
 39 
 39 
 39 
 39 
 39 
 39 
 39 
 39 
 39 
 39 
 39 
 39 
 39 
 39 
 39 
 39 
 39 
 39 
 39 
 39 
 39 
 39 
 39 
 39 
 39 
 39 
 39 
 39 
 39 
 39 
 39 
 39 
 39 
 39 
 39 
 39 
 39 
 39 
 39 
 39 
 39 
 39 
 39 
 39 
 39 
 39 
 39 
 39 
 39 
 39 
 39 
 39 
 39 
 39 
 39 
 39 
 39 
 39 
 39 
 39 
 39 
 39 
 39 
 39 
 39 
 39 
 39 
 39 
 39 
 39 
 39 
 39 
 39 
 39 
 39 
 39 
 39 
 39 
 39 
 39 
 39 
 39 
 39 
 39 
 39 
 39 
 39 
 39 
 39 
 39 
 39 
 39 
 39 
 39 
 39 
 39 
 39 
 39 
 39 
 39 
 39 
 39 
 39 
 39 
 39 
 39 
 39 
 39 
 39 
 39 
 39 
 39 
 39 
 39 
 39 
 39 
 39 
 39 
 39 
 39 
 39 
 39 
 39 
 39 
 39 
 39 
 39 
 39 
 39 
 39 
 39 
 39 
 39 
 39 
 39 
 39 
 39 
 39 
 39 
 39 
 39 
 39 
 39 
 39 
 39 
 39 
 39 
 39 
 39 
 39 
 39 
 39 
 39 
 39 
 39 
 39 
 39 
 39 
 39 
 39 
 39 
 39 
 39 
 39 
 39 
 39 
 39 
 39 
 39 
 39 
 39 
 39 
 39 
 39 
 39 
 39 
 39 
 39 
 39 
 39 
 39 
 39 
 39 
 39 
 39 
 39 
 39 
 39 
 39 
 39 
 39 
 39 
 39 
 39 
 39 
 39 
 39 
 39 
 39 
 39 
 39 
 39 
 39 
 39 
 39 
 39 
 39 
 39 
 39 
 39 
 39 
 39 
 39 
 39 
 39 
 39 
 39 
 39 
 39 
 39 
 39 
 39 
 39 
 39 
 39 
 39 
 39 
 39 
 39 
 39 
 39 
 39 
 39 
 39 
 39 
 39 
 39 
 39 
 39 
 39 
 39 
 39 
 39 
 39 
 39 
 39 
 39 
 39 
 39 
 39 
 39 
 39 
 39 
 39 
 39 
 39 
 39 
 39 
 39 
 39 
 39 
 39 
 39 
 39 
 39 
 39 
 39 
 39 
 39 
 39 
 39 
 39 
 39 
 39 
 39 
 39 
 39 
 39 
 39 
 39 
 39 
 39 
 39 
 39 
 39 
 39 
 39 
 39 
 39 
 39 
 39 
 39 
 39 
 39 
 39 
 39 
 39 
 39 
 39 
 39 
 39 
 39 
 39 
 39 
 39 
 39 
 39 
 39 
 39 
 39 
 39 
 39 
 39 
 39 
 39 
 39 
 39 
 39 
 39 
 39 
 39 
 39 
 39 
 39 
 39 
 39 
 39 
 39 
 39 
 39 
 39 
 39 
 39 
 39 
 39 
 39 
 39 
 39 
 39 
 39 
 39 
 39 
 39 
 39 
 39 
 39 
 39 
 39 
 39 
 39 
 39 
 39 
 39 
 39 
 39 
 39 
 39 
 39 
 39 
 39 
 39 
 39 
 39 
 39 
 39 
 39 
 39 
 39 
 39 
 39 
 39 
 39 
 39 
 39 
 39 
 39 
 39 
 39 
 39 
 39 
 39 
 39 
 39 
 39 
 39 
 39 
 39 
 39 
 39 
 39 
 39 
 39 
 39 
 39 
 39 
 39 
 39 
 39 
 39 
 39 
 39 
 39 
 39 
 39 
 39 
 39 
 39 
 39 
 39 
 39 
 39 
 39 
 39 
 39 
 39 
 39 
 39 
 39 
 39 
 39 
 39 
 39 
 39 
 39 
 39 
 39 
 39 
 39 
 39 
 39 
 39 
 39 
 39 
 39 
 39 
 39 
 39 
 39 
 39 
 39 
 39 
 39 
 39 
 39 
 39 
 39 
 39 
 39 
 39 
 39 
 39 
 39 
 39 
 39 
 39 
 39 
 39 
 39 
 39 
 39 
 39 
 39 
 39 
 39 
 39 
 39 
 39 
 39 
 39 
 39 
 39 
 39 
 39 
 39 
 39 
 39 
 39 
 39 
 39 
 39 
 39 
 39 
 39 
 39 
 39 
 39 
 39 
 39 
 39 
 39 
 39 
 39 
 39 
 39 
 39 
 39 
 39 
 39 
 39 
 39 
 39 
 39 
 39 
 39 
 39 
 39 
 39 
 39 
 39 
 39 
 39 
 39 
 39 
 39 
 39 
 39 
 39 
 39 
 39 
 39 
 39 
 39 
 39 
 39 
 39 
 39 
 39 
 39 
 39 
 39 
 39 
 39 
 39 
 39 
 39 
 39 
 39 
 39 
 39 
 39 
 39 
 39 
 39 
 39 
 39 
 39 
 39 
 39 
 39 
 39 
 39 
 39 
 39 
 39 
 39 
 39 
 39 
 39 
 39 
 39 
 39 
 39 
 39 
 39 
 39 
 39 
 39 
 39 
 39 
 39 
 39 
 39 
 39 
 39 
 39 
 39 
 39 
 39 
 39 
 39 
 39 
 39 
 39 
 39 
 39 
 39 
 39 
 39 
 39 
 39 
 39 
 39 
 39 
 39 
 39 
 39 
 39 
 39 
 39 
 39 
 39 
 39 
 39 
 39 
 39 
 39 
 39 
 39 
 39 
 39 
 39 
 39 
 39 
 39 
 39 
 39 
 39 
 39 
 39 
 39 
 39 
 39 
 39 
 39 
 39 
 39 
 39 
 39 
 39 
 39 
 39 
 39 
 39 
 39 
 39 
 39 
 39 
 39 
 39 
 39 
 39 
 39 
 39 
 39 
 39 
 39 
 39 
 39 
 39 
 39 
 39 
 39 
 39 
 39 
 39 
 39 
 39 
 39 
 39 
 39 
 39 
 39 
 39 
 39 
 39 
 39 
 39 
 39 
 39 
 39 
 39 
 39 
 39 
 39 
 39 
 39 
 39 
 39 
 39 
 39 
 39 
 39 
 39 
 39 
 39 
 39 
 39 
 39 
 39 
 39 
 39 
 39 
 39 
 39 
 39 
 39 
 39 
 39 
 39 
 39 
 39 
 39 
 39 
 39 
 39 
 39 
 39 
 39 
 39 
 39 
 39 
 39 
 39 
 39 
 39 
 39 
 39 
 39 
 39 
 39 
 39 
 39 
 39 
 39 
 39 
 39 
 39 
 39 
 39 
 39 
 39 
 39 
 39 
 39 
 39 
 39 
 bcElement 40
1 101 1 
233 101 3 
9 101 1 
26 6 1 
76 6 1 
27 6 1 
28 6 1 
45 6 1 
49 6 1 
4 6 1 
3 11 1 
38 11 1 
39 11 1 
32 11 1 
34 11 1 
100 11 1 
70 11 1 
241 11 3 
75 11 1 
7 11 1 
8 16 1 
67 16 1 
21 16 1 
66 16 1 
116 16 1 
57 16 1 
246 16 1 
20 16 1 
64 16 1 
5 16 1 
6 21 1 
54 21 1 
15 21 1 
17 21 1 
59 21 1 
129 21 1 
22 21 1 
237 21 3 
13 21 1 
2 21 1 
