Edge min = 0.092734, max=0.279742, average=0.186911;
Grid_size 69
Node_size 46
Total_DOF 46
edge_Size 114
maxDOF 3
Solution_Order
1 
 meshIEN 
22 1 10 
 22 6 1 
 23 22 10 
 24 2 14 
 24 8 2 
 25 16 4 
 25 4 21 
 26 12 3 
 26 3 18 
 27 19 5 
 27 5 6 
 28 9 7 
 8 24 28 
 28 7 8 
 29 13 11 
 29 14 13 
 30 21 20 
 30 25 21 
 31 17 15 
 33 29 11 
 12 26 33 
 33 11 12 
 19 27 34 
 34 20 19 
 34 30 20 
 35 31 15 
 16 25 35 
 35 15 16 
 17 31 36 
 36 33 26 
 36 18 17 
 36 26 18 
 23 32 37 
 39 35 25 
 25 30 39 
 27 37 40 
 40 34 27 
 41 37 32 
 41 40 37 
 42 36 31 
 29 33 43 
 43 42 38 
 36 42 43 
 33 36 43 
 34 40 44 
 44 39 30 
 30 34 44 
 38 42 44 
 44 42 39 
 45 28 24 
 45 32 28 
 45 41 32 
 38 41 45 
 29 43 46 
 46 45 24 
 27 6 22 
 37 27 22 
 22 23 37 
 14 29 46 
 46 24 14 
 23 10 9 
 39 42 31 
 31 35 39 
 38 44 40 
 40 41 38 
 38 45 46 
 46 43 38 
 32 23 9 
 9 28 32 
 solutionIEN 
22 1 10 
 22 6 1 
 23 22 10 
 24 2 14 
 24 8 2 
 25 16 4 
 25 4 21 
 26 12 3 
 26 3 18 
 27 19 5 
 27 5 6 
 28 9 7 
 8 24 28 
 28 7 8 
 29 13 11 
 29 14 13 
 30 21 20 
 30 25 21 
 31 17 15 
 33 29 11 
 12 26 33 
 33 11 12 
 19 27 34 
 34 20 19 
 34 30 20 
 35 31 15 
 16 25 35 
 35 15 16 
 17 31 36 
 36 33 26 
 36 18 17 
 36 26 18 
 23 32 37 
 39 35 25 
 25 30 39 
 27 37 40 
 40 34 27 
 41 37 32 
 41 40 37 
 42 36 31 
 29 33 43 
 43 42 38 
 36 42 43 
 33 36 43 
 34 40 44 
 44 39 30 
 30 34 44 
 38 42 44 
 44 42 39 
 45 28 24 
 45 32 28 
 45 41 32 
 38 41 45 
 29 43 46 
 46 45 24 
 27 6 22 
 37 27 22 
 22 23 37 
 14 29 46 
 46 24 14 
 23 10 9 
 39 42 31 
 31 35 39 
 38 44 40 
 40 41 38 
 38 45 46 
 46 43 38 
 32 23 9 
 9 28 32 
 solutionOrder
1 1 1 1 
 1 1 1 1 
 1 1 1 1 
 1 1 1 1 
 1 1 1 1 
 1 1 1 1 
 1 1 1 1 
 1 1 1 1 
 1 1 1 1 
 1 1 1 1 
 1 1 1 1 
 1 1 1 1 
 1 1 1 1 
 1 1 1 1 
 1 1 1 1 
 1 1 1 1 
 1 1 1 1 
 1 1 1 1 
 1 1 1 1 
 1 1 1 1 
 1 1 1 1 
 1 1 1 1 
 1 1 1 1 
 1 1 1 1 
 1 1 1 1 
 1 1 1 1 
 1 1 1 1 
 1 1 1 1 
 1 1 1 1 
 1 1 1 1 
 1 1 1 1 
 1 1 1 1 
 1 1 1 1 
 1 1 1 1 
 1 1 1 1 
 1 1 1 1 
 1 1 1 1 
 1 1 1 1 
 1 1 1 1 
 1 1 1 1 
 1 1 1 1 
 1 1 1 1 
 1 1 1 1 
 1 1 1 1 
 1 1 1 1 
 1 1 1 1 
 1 1 1 1 
 1 1 1 1 
 1 1 1 1 
 1 1 1 1 
 1 1 1 1 
 1 1 1 1 
 1 1 1 1 
 1 1 1 1 
 1 1 1 1 
 1 1 1 1 
 1 1 1 1 
 1 1 1 1 
 1 1 1 1 
 1 1 1 1 
 1 1 1 1 
 1 1 1 1 
 1 1 1 1 
 1 1 1 1 
 1 1 1 1 
 1 1 1 1 
 1 1 1 1 
 1 1 1 1 
 1 1 1 1 
 vertexCoord 
0.000000 0.000000 
 1.000000 0.000000 
 1.000000 1.000000 
 0.000000 1.000000 
 -0.000000 0.300000 
 0.000000 0.150000 
 0.599799 0.000000 
 0.799805 0.000000 
 0.399794 0.000000 
 0.199897 0.000000 
 1.000000 0.599837 
 1.000000 0.799805 
 1.000000 0.399885 
 1.000000 0.199934 
 0.400167 1.000000 
 0.200195 1.000000 
 0.600121 1.000000 
 0.800061 1.000000 
 -0.000000 0.475707 
 -0.000000 0.650606 
 -0.000000 0.825303 
 0.149138 0.124855 
 0.289763 0.102080 
 0.789673 0.151147 
 0.165673 0.853770 
 0.865923 0.849935 
 0.117873 0.300765 
 0.600328 0.092732 
 0.863002 0.418777 
 0.158498 0.686326 
 0.469676 0.839210 
 0.430136 0.164666 
 0.847360 0.663721 
 0.148929 0.508007 
 0.311446 0.885238 
 0.680546 0.788832 
 0.269851 0.220881 
 0.506444 0.421320 
 0.320804 0.742703 
 0.296646 0.381949 
 0.417231 0.285286 
 0.496286 0.646702 
 0.680699 0.532717 
 0.321268 0.564501 
 0.581840 0.239155 
 0.747230 0.319778 
 bc_tag 
93 
 15 
 10 
 5 
 2 
 101 
 21 
 21 
 21 
 21 
 16 
 16 
 16 
 16 
 11 
 11 
 11 
 11 
 6 
 6 
 6 
 39 
 39 
 39 
 39 
 39 
 39 
 39 
 39 
 39 
 39 
 39 
 39 
 39 
 39 
 39 
 39 
 39 
 39 
 39 
 39 
 39 
 39 
 39 
 39 
 39 
 edgeUsage
1 1 0 
 1 1 0 
 1 1 0 
 1 1 0 
 1 1 0 
 1 1 0 
 1 1 0 
 1 1 0 
 1 1 0 
 1 1 0 
 1 1 0 
 1 1 0 
 0 0 1 
 1 1 0 
 1 1 0 
 1 1 0 
 1 1 0 
 1 1 0 
 1 1 0 
 1 1 0 
 0 0 1 
 1 1 0 
 0 0 1 
 1 1 0 
 1 1 0 
 1 1 0 
 0 0 1 
 1 1 0 
 0 0 1 
 1 1 0 
 1 1 0 
 1 1 0 
 0 0 1 
 1 1 0 
 0 0 1 
 0 0 1 
 1 1 0 
 1 1 0 
 1 1 0 
 1 1 0 
 0 0 1 
 1 1 0 
 0 0 1 
 0 0 1 
 0 0 1 
 1 1 0 
 0 0 1 
 0 0 1 
 1 1 0 
 1 1 0 
 1 1 0 
 1 1 0 
 0 0 1 
 0 0 1 
 1 1 0 
 1 0 0 
 1 1 1 
 0 0 0 
 0 0 1 
 1 1 0 
 1 1 0 
 0 1 1 
 0 0 0 
 0 1 1 
 0 1 0 
 0 0 1 
 1 1 0 
 1 1 1 
 0 0 0 
 EdgeNode 
1 6 
 6 5 
 2 8 
 8 7 
 7 9 
 9 10 
 10 1 
 3 12 
 12 11 
 11 13 
 13 14 
 14 2 
 4 16 
 16 15 
 15 17 
 17 18 
 18 3 
 5 19 
 19 20 
 20 21 
 21 4 
 10 22 
 1 22 
 6 22 
 22 23 
 10 23 
 8 24 
 14 24 
 2 24 
 16 25 
 21 25 
 4 25 
 12 26 
 18 26 
 3 26 
 5 27 
 19 27 
 6 27 
 7 28 
 9 28 
 8 28 
 24 28 
 11 29 
 13 29 
 14 29 
 20 30 
 21 30 
 25 30 
 15 31 
 17 31 
 28 32 
 23 32 
 11 33 
 29 33 
 26 33 
 12 33 
 19 34 
 27 34 
 30 34 
 20 34 
 15 35 
 31 35 
 25 35 
 16 35 
 17 36 
 31 36 
 26 36 
 33 36 
 18 36 
 23 37 
 32 37 
 27 37 
 25 39 
 35 39 
 30 39 
 27 40 
 37 40 
 34 40 
 32 41 
 37 41 
 40 41 
 38 41 
 31 42 
 36 42 
 38 42 
 39 42 
 29 43 
 33 43 
 38 43 
 42 43 
 36 43 
 34 44 
 40 44 
 30 44 
 39 44 
 38 44 
 42 44 
 24 45 
 28 45 
 32 45 
 41 45 
 38 45 
 43 46 
 45 46 
 29 46 
 24 46 
 22 27 
 37 22 
 14 46 
 9 23 
 39 31 
 38 40 
 38 46 
 32 9 
 bcElement 21
2 101 1 
11 101 1 
10 6 1 
24 6 1 
17 6 1 
7 6 1 
6 11 1 
28 11 1 
19 11 1 
31 11 1 
9 11 1 
8 16 1 
22 16 1 
15 16 1 
16 16 1 
4 16 1 
5 21 1 
14 21 1 
12 21 1 
61 21 1 
1 21 1 
