Edge min = 0.054605, max=0.141563, average=0.090650;
Grid_size 290
Node_size 166
Total_DOF 1366
maxDOF 12
Solution_Order
3 
 meshIEN 
41 6 1 
 41 1 16 
 47 28 4 
 47 4 40 
 48 2 25 
 48 10 2 
 49 3 34 
 49 19 3 
 51 5 7 
 7 42 51 
 52 43 42 
 15 50 52 
 52 16 15 
 44 55 56 
 57 11 9 
 11 57 59 
 59 12 11 
 61 58 45 
 22 58 61 
 61 24 22 
 62 20 18 
 65 13 14 
 43 52 66 
 66 52 50 
 5 51 67 
 67 36 5 
 68 35 37 
 69 39 35 
 35 68 69 
 69 68 53 
 44 56 70 
 71 30 29 
 30 71 72 
 72 26 30 
 73 55 44 
 54 55 73 
 28 47 74 
 74 27 28 
 75 29 27 
 75 55 54 
 27 74 75 
 75 74 55 
 75 71 29 
 54 71 75 
 76 38 39 
 39 69 76 
 77 47 40 
 77 74 47 
 77 40 38 
 55 74 77 
 77 56 55 
 38 76 77 
 77 76 56 
 78 9 10 
 78 57 9 
 10 48 78 
 79 23 17 
 12 59 80 
 80 8 12 
 81 59 57 
 86 48 25 
 86 78 48 
 24 61 86 
 86 25 24 
 20 62 87 
 87 21 20 
 88 18 19 
 88 62 18 
 19 49 88 
 89 31 32 
 89 63 31 
 90 49 34 
 90 88 49 
 33 64 90 
 90 34 33 
 91 37 36 
 91 68 37 
 57 78 92 
 78 86 92 
 45 81 92 
 92 81 57 
 92 61 45 
 92 86 61 
 93 81 45 
 94 93 45 
 45 58 94 
 95 93 82 
 81 93 95 
 59 81 95 
 97 73 44 
 54 73 100 
 104 66 50 
 105 96 60 
 43 66 106 
 62 88 108 
 88 90 108 
 108 64 46 
 108 90 64 
 26 72 109 
 109 32 26 
 109 89 32 
 111 94 58 
 58 79 111 
 112 70 53 
 112 98 70 
 97 98 113 
 83 97 113 
 114 97 83 
 54 100 115 
 115 71 54 
 115 72 71 
 46 101 116 
 116 108 46 
 62 108 116 
 118 79 17 
 118 17 21 
 94 111 119 
 122 105 60 
 60 99 122 
 123 95 82 
 96 105 123 
 82 96 123 
 43 106 124 
 125 104 85 
 85 104 126 
 59 95 127 
 127 80 59 
 8 80 128 
 128 14 8 
 84 101 129 
 63 89 131 
 131 130 147 
 147 129 132 
 63 131 132 
 132 131 147 
 46 64 132 
 132 64 63 
 133 110 67 
 51 124 133 
 133 67 51 
 68 91 134 
 134 112 53 
 53 68 134 
 135 113 98 
 98 112 135 
 136 114 83 
 83 99 136 
 79 118 137 
 137 111 79 
 137 119 111 
 103 119 137 
 94 119 138 
 93 94 138 
 82 93 138 
 102 117 139 
 139 120 84 
 84 102 139 
 140 116 101 
 103 121 140 
 140 120 103 
 62 116 141 
 141 87 62 
 141 121 87 
 116 140 141 
 141 140 121 
 142 122 99 
 83 113 142 
 142 99 83 
 107 127 143 
 85 126 143 
 143 126 107 
 144 125 85 
 145 126 104 
 145 104 50 
 50 65 145 
 84 129 146 
 146 102 84 
 147 146 129 
 130 131 148 
 148 131 89 
 89 109 148 
 149 130 100 
 150 124 106 
 150 133 124 
 151 134 91 
 91 110 151 
 152 136 99 
 102 146 152 
 60 102 152 
 152 99 60 
 153 138 119 
 153 139 117 
 153 119 103 
 120 139 153 
 103 120 153 
 154 142 113 
 113 135 154 
 85 143 155 
 155 123 105 
 155 143 123 
 155 144 85 
 105 122 156 
 125 144 157 
 157 150 106 
 106 125 157 
 133 150 158 
 134 151 159 
 112 134 159 
 136 152 160 
 160 152 146 
 146 147 160 
 130 149 160 
 160 147 130 
 142 154 161 
 161 156 122 
 122 142 161 
 162 158 150 
 150 157 162 
 163 159 151 
 151 158 163 
 158 162 163 
 164 154 135 
 156 161 165 
 165 162 157 
 165 157 144 
 144 156 165 
 166 165 161 
 154 164 166 
 166 161 154 
 162 165 166 
 166 163 162 
 41 42 7 
 7 6 41 
 52 42 41 
 41 16 52 
 65 50 15 
 15 13 65 
 124 51 42 
 42 43 124 
 63 64 33 
 33 31 63 
 76 69 53 
 56 76 53 
 53 70 56 
 23 79 58 
 58 22 23 
 98 97 44 
 44 70 98 
 73 97 114 
 125 106 66 
 66 104 125 
 73 114 149 
 149 100 73 
 87 121 118 
 118 21 87 
 107 128 80 
 80 127 107 
 100 130 148 
 148 115 100 
 120 140 101 
 101 84 120 
 123 143 127 
 127 95 123 
 156 144 155 
 155 105 156 
 128 145 65 
 65 14 128 
 115 148 109 
 109 72 115 
 158 151 110 
 110 133 158 
 117 96 82 
 138 153 117 
 117 82 138 
 136 160 149 
 149 114 136 
 163 166 164 
 164 159 163 
 159 164 135 
 135 112 159 
 96 117 102 
 102 60 96 
 137 118 121 
 121 103 137 
 145 128 107 
 107 126 145 
 46 132 129 
 129 101 46 
 110 91 36 
 36 67 110 
 solutionIEN 
41 6 1 248 247 168 167 249 250 1077 0 0 
 41 1 16 250 249 192 191 251 252 1078 0 0 
 47 28 4 262 261 214 213 259 260 1079 0 0 
 47 4 40 260 259 246 245 263 264 1080 0 0 
 48 2 25 268 267 212 211 265 266 1081 0 0 
 48 10 2 270 269 174 173 267 268 1082 0 0 
 49 3 34 274 273 232 231 271 272 1083 0 0 
 49 19 3 276 275 194 193 273 274 1084 0 0 
 51 5 7 280 279 172 171 281 282 1085 0 0 
 7 42 51 253 254 283 284 282 281 1086 0 0 
 52 43 42 288 287 258 257 285 286 1087 0 0 
 15 50 52 277 278 291 292 290 289 1088 0 0 
 52 16 15 294 293 190 189 289 290 1089 0 0 
 44 55 56 295 296 301 302 300 299 1090 0 0 
 57 11 9 304 303 178 177 305 306 1091 0 0 
 11 57 59 303 304 311 312 316 315 1092 0 0 
 59 12 11 314 313 180 179 315 316 1093 0 0 
 61 58 45 320 319 310 309 317 318 1094 0 0 
 22 58 61 307 308 319 320 324 323 1095 0 0 
 61 24 22 322 321 208 207 323 324 1096 0 0 
 62 20 18 326 325 198 197 327 328 1097 0 0 
 65 13 14 340 339 186 185 337 338 1098 0 0 
 43 52 66 287 288 345 346 344 343 1099 0 0 
 66 52 50 346 345 292 291 347 348 1100 0 0 
 5 51 67 279 280 351 352 350 349 1101 0 0 
 67 36 5 354 353 234 233 349 350 1102 0 0 
 68 35 37 358 357 238 237 355 356 1103 0 0 
 69 39 35 364 363 240 239 361 362 1104 0 0 
 35 68 69 357 358 367 368 362 361 1105 0 0 
 69 68 53 368 367 360 359 365 366 1106 0 0 
 44 56 70 299 300 371 372 370 369 1107 0 0 
 71 30 29 376 375 220 219 379 380 1108 0 0 
 30 71 72 375 376 383 384 386 385 1109 0 0 
 72 26 30 382 381 222 221 385 386 1110 0 0 
 73 55 44 390 389 296 295 387 388 1111 0 0 
 54 55 73 297 298 389 390 392 391 1112 0 0 
 28 47 74 261 262 395 396 394 393 1113 0 0 
 74 27 28 398 397 216 215 393 394 1114 0 0 
 75 29 27 404 403 218 217 401 402 1115 0 0 
 75 55 54 408 407 298 297 405 406 1116 0 0 
 27 74 75 397 398 409 410 402 401 1117 0 0 
 75 74 55 410 409 400 399 407 408 1118 0 0 
 75 71 29 412 411 380 379 403 404 1119 0 0 
 54 71 75 377 378 411 412 406 405 1120 0 0 
 76 38 39 416 415 242 241 413 414 1121 0 0 
 39 69 76 363 364 419 420 414 413 1122 0 0 
 77 47 40 424 423 264 263 421 422 1123 0 0 
 77 74 47 426 425 396 395 423 424 1124 0 0 
 77 40 38 422 421 244 243 427 428 1125 0 0 
 55 74 77 399 400 425 426 430 429 1126 0 0 
 77 56 55 432 431 302 301 429 430 1127 0 0 
 38 76 77 415 416 433 434 428 427 1128 0 0 
 77 76 56 434 433 418 417 431 432 1129 0 0 
 78 9 10 438 437 176 175 435 436 1130 0 0 
 78 57 9 440 439 306 305 437 438 1131 0 0 
 10 48 78 269 270 441 442 436 435 1132 0 0 
 79 23 17 446 445 204 203 443 444 1133 0 0 
 12 59 80 313 314 451 452 450 449 1134 0 0 
 80 8 12 454 453 182 181 449 450 1135 0 0 
 81 59 57 460 459 312 311 457 458 1136 0 0 
 86 48 25 464 463 266 265 461 462 1137 0 0 
 86 78 48 466 465 442 441 463 464 1138 0 0 
 24 61 86 321 322 469 470 468 467 1139 0 0 
 86 25 24 462 461 210 209 467 468 1140 0 0 
 20 62 87 325 326 473 474 472 471 1141 0 0 
 87 21 20 476 475 200 199 471 472 1142 0 0 
 88 18 19 480 479 196 195 477 478 1143 0 0 
 88 62 18 482 481 328 327 479 480 1144 0 0 
 19 49 88 275 276 483 484 478 477 1145 0 0 
 89 31 32 488 487 226 225 485 486 1146 0 0 
 89 63 31 490 489 330 329 487 488 1147 0 0 
 90 49 34 494 493 272 271 491 492 1148 0 0 
 90 88 49 496 495 484 483 493 494 1149 0 0 
 33 64 90 335 336 499 500 498 497 1150 0 0 
 90 34 33 492 491 230 229 497 498 1151 0 0 
 91 37 36 504 503 236 235 501 502 1152 0 0 
 91 68 37 506 505 356 355 503 504 1153 0 0 
 57 78 92 439 440 509 510 508 507 1154 0 0 
 78 86 92 465 466 511 512 510 509 1155 0 0 
 45 81 92 455 456 515 516 514 513 1156 0 0 
 92 81 57 516 515 458 457 507 508 1157 0 0 
 92 61 45 518 517 318 317 513 514 1158 0 0 
 92 86 61 512 511 470 469 517 518 1159 0 0 
 93 81 45 524 523 456 455 521 522 1160 0 0 
 94 93 45 528 527 522 521 529 530 1161 0 0 
 45 58 94 309 310 525 526 530 529 1162 0 0 
 95 93 82 534 533 520 519 531 532 1163 0 0 
 81 93 95 523 524 533 534 538 537 1164 0 0 
 59 81 95 459 460 537 538 536 535 1165 0 0 
 97 73 44 546 545 388 387 543 544 1166 0 0 
 54 73 100 391 392 559 560 558 557 1167 0 0 
 104 66 50 572 571 348 347 569 570 1168 0 0 
 105 96 60 578 577 540 539 575 576 1169 0 0 
 43 66 106 343 344 581 582 580 579 1170 0 0 
 62 88 108 481 482 585 586 584 583 1171 0 0 
 88 90 108 495 496 589 590 586 585 1172 0 0 
 108 64 46 592 591 332 331 587 588 1173 0 0 
 108 90 64 590 589 500 499 591 592 1174 0 0 
 26 72 109 381 382 595 596 594 593 1175 0 0 
 109 32 26 600 599 224 223 593 594 1176 0 0 
 109 89 32 598 597 486 485 599 600 1177 0 0 
 111 94 58 608 607 526 525 605 606 1178 0 0 
 58 79 111 447 448 609 610 606 605 1179 0 0 
 112 70 53 614 613 374 373 611 612 1180 0 0 
 112 98 70 616 615 552 551 613 614 1181 0 0 
 97 98 113 549 550 621 622 620 619 1182 0 0 
 83 97 113 547 548 619 620 618 617 1183 0 0 
 114 97 83 626 625 548 547 623 624 1184 0 0 
 54 100 115 557 558 629 630 628 627 1185 0 0 
 115 71 54 634 633 378 377 627 628 1186 0 0 
 115 72 71 632 631 384 383 633 634 1187 0 0 
 46 101 116 561 562 637 638 636 635 1188 0 0 
 116 108 46 642 641 588 587 635 636 1189 0 0 
 62 108 116 583 584 641 642 640 639 1190 0 0 
 118 79 17 650 649 444 443 647 648 1191 0 0 
 118 17 21 648 647 202 201 651 652 1192 0 0 
 94 111 119 607 608 655 656 654 653 1193 0 0 
 122 105 60 672 671 576 575 669 670 1194 0 0 
 60 99 122 553 554 673 674 670 669 1195 0 0 
 123 95 82 678 677 532 531 675 676 1196 0 0 
 96 105 123 577 578 681 682 680 679 1197 0 0 
 82 96 123 541 542 679 680 676 675 1198 0 0 
 43 106 124 579 580 687 688 686 685 1199 0 0 
 125 104 85 692 691 574 573 689 690 1200 0 0 
 85 104 126 573 574 699 700 696 695 1201 0 0 
 59 95 127 535 536 703 704 702 701 1202 0 0 
 127 80 59 706 705 452 451 701 702 1203 0 0 
 8 80 128 453 454 711 712 710 709 1204 0 0 
 128 14 8 714 713 184 183 709 710 1205 0 0 
 84 101 129 563 564 717 718 720 719 1206 0 0 
 63 89 131 489 490 727 728 724 723 1207 0 0 
 131 130 147 730 729 855 856 725 726 1208 0 0 
 147 129 132 858 857 733 734 736 735 1209 0 0 
 63 131 132 723 724 739 740 738 737 1210 0 0 
 132 131 147 740 739 726 725 735 736 1211 0 0 
 46 64 132 331 332 741 742 732 731 1212 0 0 
 132 64 63 742 741 334 333 737 738 1213 0 0 
 133 110 67 746 745 604 603 747 748 1214 0 0 
 51 124 133 683 684 743 744 750 749 1215 0 0 
 133 67 51 748 747 352 351 749 750 1216 0 0 
 68 91 134 505 506 753 754 752 751 1217 0 0 
 134 112 53 756 755 612 611 757 758 1218 0 0 
 53 68 134 359 360 751 752 758 757 1219 0 0 
 135 113 98 762 761 622 621 759 760 1220 0 0 
 98 112 135 615 616 763 764 760 759 1221 0 0 
 136 114 83 770 769 624 623 767 768 1222 0 0 
 83 99 136 555 556 765 766 768 767 1223 0 0 
 79 118 137 649 650 773 774 772 771 1224 0 0 
 137 111 79 776 775 610 609 771 772 1225 0 0 
 137 119 111 778 777 656 655 775 776 1226 0 0 
 103 119 137 657 658 777 778 780 779 1227 0 0 
 94 119 138 653 654 783 784 782 781 1228 0 0 
 93 94 138 527 528 781 782 788 787 1229 0 0 
 82 93 138 519 520 787 788 786 785 1230 0 0 
 102 117 139 643 644 791 792 790 789 1231 0 0 
 139 120 84 796 795 660 659 793 794 1232 0 0 
 84 102 139 567 568 789 790 794 793 1233 0 0 
 140 116 101 800 799 638 637 797 798 1234 0 0 
 103 121 140 663 664 801 802 806 805 1235 0 0 
 140 120 103 804 803 662 661 805 806 1236 0 0 
 62 116 141 639 640 809 810 808 807 1237 0 0 
 141 87 62 812 811 474 473 807 808 1238 0 0 
 141 121 87 814 813 668 667 811 812 1239 0 0 
 116 140 141 799 800 815 816 810 809 1240 0 0 
 141 140 121 816 815 802 801 813 814 1241 0 0 
 142 122 99 820 819 674 673 817 818 1242 0 0 
 83 113 142 617 618 821 822 824 823 1243 0 0 
 142 99 83 818 817 556 555 823 824 1244 0 0 
 107 127 143 707 708 827 828 826 825 1245 0 0 
 85 126 143 695 696 833 834 830 829 1246 0 0 
 143 126 107 834 833 698 697 825 826 1247 0 0 
 144 125 85 838 837 690 689 835 836 1248 0 0 
 145 126 104 842 841 700 699 839 840 1249 0 0 
 145 104 50 840 839 570 569 845 846 1250 0 0 
 50 65 145 341 342 843 844 846 845 1251 0 0 
 84 129 146 719 720 851 852 850 849 1252 0 0 
 146 102 84 854 853 568 567 849 850 1253 0 0 
 147 146 129 860 859 852 851 857 858 1254 0 0 
 130 131 148 729 730 865 866 864 863 1255 0 0 
 148 131 89 866 865 728 727 869 870 1256 0 0 
 89 109 148 597 598 867 868 870 869 1257 0 0 
 149 130 100 874 873 722 721 871 872 1258 0 0 
 150 124 106 880 879 688 687 877 878 1259 0 0 
 150 133 124 882 881 744 743 879 880 1260 0 0 
 151 134 91 888 887 754 753 885 886 1261 0 0 
 91 110 151 601 602 883 884 886 885 1262 0 0 
 152 136 99 892 891 766 765 889 890 1263 0 0 
 102 146 152 853 854 895 896 894 893 1264 0 0 
 60 102 152 565 566 893 894 898 897 1265 0 0 
 152 99 60 890 889 554 553 897 898 1266 0 0 
 153 138 119 902 901 784 783 899 900 1267 0 0 
 153 139 117 906 905 792 791 903 904 1268 0 0 
 153 119 103 900 899 658 657 907 908 1269 0 0 
 120 139 153 795 796 905 906 910 909 1270 0 0 
 103 120 153 661 662 909 910 908 907 1271 0 0 
 154 142 113 914 913 822 821 911 912 1272 0 0 
 113 135 154 761 762 915 916 912 911 1273 0 0 
 85 143 155 829 830 919 920 918 917 1274 0 0 
 155 123 105 924 923 682 681 921 922 1275 0 0 
 155 143 123 920 919 832 831 923 924 1276 0 0 
 155 144 85 926 925 836 835 917 918 1277 0 0 
 105 122 156 671 672 927 928 930 929 1278 0 0 
 125 144 157 837 838 935 936 934 933 1279 0 0 
 157 150 106 940 939 878 877 937 938 1280 0 0 
 106 125 157 693 694 933 934 938 937 1281 0 0 
 133 150 158 881 882 945 946 942 941 1282 0 0 
 134 151 159 887 888 949 950 952 951 1283 0 0 
 112 134 159 755 756 951 952 948 947 1284 0 0 
 136 152 160 891 892 955 956 954 953 1285 0 0 
 160 152 146 956 955 896 895 959 960 1286 0 0 
 146 147 160 859 860 961 962 960 959 1287 0 0 
 130 149 160 873 874 957 958 964 963 1288 0 0 
 160 147 130 962 961 856 855 963 964 1289 0 0 
 142 154 161 913 914 967 968 966 965 1290 0 0 
 161 156 122 970 969 928 927 971 972 1291 0 0 
 122 142 161 819 820 965 966 972 971 1292 0 0 
 162 158 150 976 975 946 945 973 974 1293 0 0 
 150 157 162 939 940 977 978 974 973 1294 0 0 
 163 159 151 982 981 950 949 979 980 1295 0 0 
 151 158 163 943 944 983 984 980 979 1296 0 0 
 158 162 163 975 976 985 986 984 983 1297 0 0 
 164 154 135 992 991 916 915 987 988 1298 0 0 
 156 161 165 969 970 995 996 994 993 1299 0 0 
 165 162 157 1000 999 978 977 997 998 1300 0 0 
 165 157 144 998 997 936 935 1001 1002 1301 0 0 
 144 156 165 931 932 993 994 1002 1001 1302 0 0 
 166 165 161 1006 1005 996 995 1003 1004 1303 0 0 
 154 164 166 991 992 1009 1010 1008 1007 1304 0 0 
 166 161 154 1004 1003 968 967 1007 1008 1305 0 0 
 162 165 166 999 1000 1005 1006 1012 1011 1306 0 0 
 166 163 162 1014 1013 986 985 1011 1012 1307 0 0 
 41 42 7 255 256 254 253 1016 1015 1308 0 0 
 7 6 41 170 169 247 248 1015 1016 1309 0 0 
 52 42 41 286 285 256 255 1018 1017 1310 0 0 
 41 16 52 252 251 293 294 1017 1018 1311 0 0 
 65 50 15 342 341 278 277 1020 1019 1312 0 0 
 15 13 65 188 187 339 340 1019 1020 1313 0 0 
 124 51 42 684 683 284 283 1022 1021 1314 0 0 
 42 43 124 257 258 685 686 1021 1022 1315 0 0 
 63 64 33 333 334 336 335 1024 1023 1316 0 0 
 33 31 63 228 227 329 330 1023 1024 1317 0 0 
 76 69 53 420 419 366 365 1025 1026 1318 0 0 
 56 76 53 417 418 1026 1025 1028 1027 1319 0 0 
 53 70 56 373 374 372 371 1027 1028 1320 0 0 
 23 79 58 445 446 448 447 1030 1029 1321 0 0 
 58 22 23 308 307 206 205 1029 1030 1322 0 0 
 98 97 44 550 549 544 543 1032 1031 1323 0 0 
 44 70 98 369 370 551 552 1031 1032 1324 0 0 
 73 97 114 545 546 625 626 1033 1034 1325 0 0 
 125 106 66 694 693 582 581 1036 1035 1326 0 0 
 66 104 125 571 572 691 692 1035 1036 1327 0 0 
 73 114 149 1034 1033 875 876 1038 1037 1328 0 0 
 149 100 73 872 871 560 559 1037 1038 1329 0 0 
 87 121 118 667 668 666 665 1040 1039 1330 0 0 
 118 21 87 652 651 475 476 1039 1040 1331 0 0 
 107 128 80 715 716 712 711 1042 1041 1332 0 0 
 80 127 107 705 706 708 707 1041 1042 1333 0 0 
 100 130 148 721 722 863 864 1044 1043 1334 0 0 
 148 115 100 862 861 630 629 1043 1044 1335 0 0 
 120 140 101 803 804 798 797 1046 1045 1336 0 0 
 101 84 120 564 563 659 660 1045 1046 1337 0 0 
 123 143 127 831 832 828 827 1048 1047 1338 0 0 
 127 95 123 704 703 677 678 1047 1048 1339 0 0 
 156 144 155 932 931 925 926 1050 1049 1340 0 0 
 155 105 156 922 921 929 930 1049 1050 1341 0 0 
 128 145 65 847 848 844 843 1052 1051 1342 0 0 
 65 14 128 338 337 713 714 1051 1052 1343 0 0 
 115 148 109 861 862 868 867 1054 1053 1344 0 0 
 109 72 115 596 595 631 632 1053 1054 1345 0 0 
 158 151 110 944 943 884 883 1056 1055 1346 0 0 
 110 133 158 745 746 941 942 1055 1056 1347 0 0 
 117 96 82 646 645 542 541 1057 1058 1348 0 0 
 138 153 117 901 902 904 903 1060 1059 1349 0 0 
 117 82 138 1058 1057 785 786 1059 1060 1350 0 0 
 136 160 149 953 954 958 957 1062 1061 1351 0 0 
 149 114 136 876 875 769 770 1061 1062 1352 0 0 
 163 166 164 1013 1014 1010 1009 1064 1063 1353 0 0 
 164 159 163 990 989 981 982 1063 1064 1354 0 0 
 159 164 135 989 990 988 987 1066 1065 1355 0 0 
 135 112 159 764 763 947 948 1065 1066 1356 0 0 
 96 117 102 645 646 644 643 1068 1067 1357 0 0 
 102 60 96 566 565 539 540 1067 1068 1358 0 0 
 137 118 121 774 773 665 666 1070 1069 1359 0 0 
 121 103 137 664 663 779 780 1069 1070 1360 0 0 
 145 128 107 848 847 716 715 1072 1071 1361 0 0 
 107 126 145 697 698 841 842 1071 1072 1362 0 0 
 46 132 129 731 732 734 733 1074 1073 1363 0 0 
 129 101 46 718 717 562 561 1073 1074 1364 0 0 
 110 91 36 602 601 502 501 1076 1075 1365 0 0 
 36 67 110 353 354 603 604 1075 1076 1366 0 0 
 solutionOrder
3 3 3 3 
 3 3 3 3 
 3 3 3 3 
 3 3 3 3 
 3 3 3 3 
 3 3 3 3 
 3 3 3 3 
 3 3 3 3 
 3 3 3 3 
 3 3 3 3 
 3 3 3 3 
 3 3 3 3 
 3 3 3 3 
 3 3 3 3 
 3 3 3 3 
 3 3 3 3 
 3 3 3 3 
 3 3 3 3 
 3 3 3 3 
 3 3 3 3 
 3 3 3 3 
 3 3 3 3 
 3 3 3 3 
 3 3 3 3 
 3 3 3 3 
 3 3 3 3 
 3 3 3 3 
 3 3 3 3 
 3 3 3 3 
 3 3 3 3 
 3 3 3 3 
 3 3 3 3 
 3 3 3 3 
 3 3 3 3 
 3 3 3 3 
 3 3 3 3 
 3 3 3 3 
 3 3 3 3 
 3 3 3 3 
 3 3 3 3 
 3 3 3 3 
 3 3 3 3 
 3 3 3 3 
 3 3 3 3 
 3 3 3 3 
 3 3 3 3 
 3 3 3 3 
 3 3 3 3 
 3 3 3 3 
 3 3 3 3 
 3 3 3 3 
 3 3 3 3 
 3 3 3 3 
 3 3 3 3 
 3 3 3 3 
 3 3 3 3 
 3 3 3 3 
 3 3 3 3 
 3 3 3 3 
 3 3 3 3 
 3 3 3 3 
 3 3 3 3 
 3 3 3 3 
 3 3 3 3 
 3 3 3 3 
 3 3 3 3 
 3 3 3 3 
 3 3 3 3 
 3 3 3 3 
 3 3 3 3 
 3 3 3 3 
 3 3 3 3 
 3 3 3 3 
 3 3 3 3 
 3 3 3 3 
 3 3 3 3 
 3 3 3 3 
 3 3 3 3 
 3 3 3 3 
 3 3 3 3 
 3 3 3 3 
 3 3 3 3 
 3 3 3 3 
 3 3 3 3 
 3 3 3 3 
 3 3 3 3 
 3 3 3 3 
 3 3 3 3 
 3 3 3 3 
 3 3 3 3 
 3 3 3 3 
 3 3 3 3 
 3 3 3 3 
 3 3 3 3 
 3 3 3 3 
 3 3 3 3 
 3 3 3 3 
 3 3 3 3 
 3 3 3 3 
 3 3 3 3 
 3 3 3 3 
 3 3 3 3 
 3 3 3 3 
 3 3 3 3 
 3 3 3 3 
 3 3 3 3 
 3 3 3 3 
 3 3 3 3 
 3 3 3 3 
 3 3 3 3 
 3 3 3 3 
 3 3 3 3 
 3 3 3 3 
 3 3 3 3 
 3 3 3 3 
 3 3 3 3 
 3 3 3 3 
 3 3 3 3 
 3 3 3 3 
 3 3 3 3 
 3 3 3 3 
 3 3 3 3 
 3 3 3 3 
 3 3 3 3 
 3 3 3 3 
 3 3 3 3 
 3 3 3 3 
 3 3 3 3 
 3 3 3 3 
 3 3 3 3 
 3 3 3 3 
 3 3 3 3 
 3 3 3 3 
 3 3 3 3 
 3 3 3 3 
 3 3 3 3 
 3 3 3 3 
 3 3 3 3 
 3 3 3 3 
 3 3 3 3 
 3 3 3 3 
 3 3 3 3 
 3 3 3 3 
 3 3 3 3 
 3 3 3 3 
 3 3 3 3 
 3 3 3 3 
 3 3 3 3 
 3 3 3 3 
 3 3 3 3 
 3 3 3 3 
 3 3 3 3 
 3 3 3 3 
 3 3 3 3 
 3 3 3 3 
 3 3 3 3 
 3 3 3 3 
 3 3 3 3 
 3 3 3 3 
 3 3 3 3 
 3 3 3 3 
 3 3 3 3 
 3 3 3 3 
 3 3 3 3 
 3 3 3 3 
 3 3 3 3 
 3 3 3 3 
 3 3 3 3 
 3 3 3 3 
 3 3 3 3 
 3 3 3 3 
 3 3 3 3 
 3 3 3 3 
 3 3 3 3 
 3 3 3 3 
 3 3 3 3 
 3 3 3 3 
 3 3 3 3 
 3 3 3 3 
 3 3 3 3 
 3 3 3 3 
 3 3 3 3 
 3 3 3 3 
 3 3 3 3 
 3 3 3 3 
 3 3 3 3 
 3 3 3 3 
 3 3 3 3 
 3 3 3 3 
 3 3 3 3 
 3 3 3 3 
 3 3 3 3 
 3 3 3 3 
 3 3 3 3 
 3 3 3 3 
 3 3 3 3 
 3 3 3 3 
 3 3 3 3 
 3 3 3 3 
 3 3 3 3 
 3 3 3 3 
 3 3 3 3 
 3 3 3 3 
 3 3 3 3 
 3 3 3 3 
 3 3 3 3 
 3 3 3 3 
 3 3 3 3 
 3 3 3 3 
 3 3 3 3 
 3 3 3 3 
 3 3 3 3 
 3 3 3 3 
 3 3 3 3 
 3 3 3 3 
 3 3 3 3 
 3 3 3 3 
 3 3 3 3 
 3 3 3 3 
 3 3 3 3 
 3 3 3 3 
 3 3 3 3 
 3 3 3 3 
 3 3 3 3 
 3 3 3 3 
 3 3 3 3 
 3 3 3 3 
 3 3 3 3 
 3 3 3 3 
 3 3 3 3 
 3 3 3 3 
 3 3 3 3 
 3 3 3 3 
 3 3 3 3 
 3 3 3 3 
 3 3 3 3 
 3 3 3 3 
 3 3 3 3 
 3 3 3 3 
 3 3 3 3 
 3 3 3 3 
 3 3 3 3 
 3 3 3 3 
 3 3 3 3 
 3 3 3 3 
 3 3 3 3 
 3 3 3 3 
 3 3 3 3 
 3 3 3 3 
 3 3 3 3 
 3 3 3 3 
 3 3 3 3 
 3 3 3 3 
 3 3 3 3 
 3 3 3 3 
 3 3 3 3 
 3 3 3 3 
 3 3 3 3 
 3 3 3 3 
 3 3 3 3 
 3 3 3 3 
 3 3 3 3 
 3 3 3 3 
 3 3 3 3 
 3 3 3 3 
 3 3 3 3 
 3 3 3 3 
 3 3 3 3 
 3 3 3 3 
 3 3 3 3 
 3 3 3 3 
 3 3 3 3 
 3 3 3 3 
 3 3 3 3 
 3 3 3 3 
 3 3 3 3 
 3 3 3 3 
 3 3 3 3 
 3 3 3 3 
 3 3 3 3 
 3 3 3 3 
 3 3 3 3 
 3 3 3 3 
 3 3 3 3 
 3 3 3 3 
 3 3 3 3 
 3 3 3 3 
 3 3 3 3 
 3 3 3 3 
 3 3 3 3 
 vertexCoord 
0.000000 0.000000 
 1.000000 0.000000 
 1.000000 1.000000 
 0.000000 1.000000 
 -0.000000 0.300000 
 0.000000 0.099902 
 0.000000 0.199951 
 0.499925 0.000000 
 0.799946 0.000000 
 0.899973 0.000000 
 0.699934 0.000000 
 0.599948 0.000000 
 0.299919 0.000000 
 0.399922 0.000000 
 0.199897 0.000000 
 0.099948 0.000000 
 1.000000 0.500000 
 1.000000 0.799928 
 1.000000 0.899964 
 1.000000 0.699897 
 1.000000 0.599948 
 1.000000 0.299900 
 1.000000 0.399902 
 1.000000 0.199897 
 1.000000 0.099948 
 0.500000 1.000000 
 0.200100 1.000000 
 0.100098 1.000000 
 0.300103 1.000000 
 0.400052 1.000000 
 0.700081 1.000000 
 0.600041 1.000000 
 0.800103 1.000000 
 0.900052 1.000000 
 -0.000000 0.599939 
 -0.000000 0.399976 
 -0.000000 0.499957 
 -0.000000 0.799945 
 -0.000000 0.699917 
 -0.000000 0.899972 
 0.062106 0.095237 
 0.105374 0.175214 
 0.182834 0.179215 
 0.250350 0.715492 
 0.824466 0.240517 
 0.761501 0.767765 
 0.067403 0.933364 
 0.934971 0.060564 
 0.939679 0.932493 
 0.279305 0.098796 
 0.073725 0.258928 
 0.168959 0.101053 
 0.118281 0.644319 
 0.340969 0.855245 
 0.229560 0.821040 
 0.156629 0.741931 
 0.764962 0.084262 
 0.918658 0.302220 
 0.651928 0.105069 
 0.519130 0.489087 
 0.917168 0.219956 
 0.922308 0.745031 
 0.711096 0.918807 
 0.782448 0.874433 
 0.329304 0.057393 
 0.253246 0.158909 
 0.058536 0.332728 
 0.061358 0.568025 
 0.051430 0.650161 
 0.195773 0.666822 
 0.359845 0.933781 
 0.437824 0.944565 
 0.344862 0.753093 
 0.161428 0.920502 
 0.265334 0.921761 
 0.077509 0.738608 
 0.098035 0.836998 
 0.859908 0.071751 
 0.930081 0.409519 
 0.539356 0.078196 
 0.743223 0.180163 
 0.651422 0.336910 
 0.391981 0.608748 
 0.666618 0.617904 
 0.402887 0.231996 
 0.923091 0.133220 
 0.940272 0.638914 
 0.929837 0.850642 
 0.608251 0.927680 
 0.868350 0.911835 
 0.070780 0.474665 
 0.838803 0.154978 
 0.731363 0.274851 
 0.800647 0.315739 
 0.650114 0.223822 
 0.581736 0.413243 
 0.328134 0.663508 
 0.258792 0.630955 
 0.455417 0.552906 
 0.432841 0.811441 
 0.744762 0.670904 
 0.603124 0.532674 
 0.800177 0.526586 
 0.343139 0.167919 
 0.498996 0.389599 
 0.234408 0.235383 
 0.473280 0.135249 
 0.848687 0.814603 
 0.510689 0.929946 
 0.095691 0.392222 
 0.862029 0.384311 
 0.193267 0.592720 
 0.326116 0.586880 
 0.393307 0.677539 
 0.433486 0.890132 
 0.825082 0.715522 
 0.658801 0.443844 
 0.933625 0.532617 
 0.795599 0.419497 
 0.737160 0.576210 
 0.868968 0.577622 
 0.442200 0.465691 
 0.558481 0.289966 
 0.154653 0.244587 
 0.317332 0.234013 
 0.418312 0.172638 
 0.566725 0.171329 
 0.437393 0.064039 
 0.676659 0.712918 
 0.519752 0.783265 
 0.608243 0.842843 
 0.690082 0.810626 
 0.127170 0.318421 
 0.131311 0.541668 
 0.259648 0.558321 
 0.459153 0.638699 
 0.865080 0.475025 
 0.728422 0.378264 
 0.677111 0.530832 
 0.801592 0.632289 
 0.871644 0.661876 
 0.384303 0.530114 
 0.480580 0.216990 
 0.372912 0.305200 
 0.380122 0.116006 
 0.594998 0.645972 
 0.600544 0.746992 
 0.518750 0.865815 
 0.442403 0.723646 
 0.205987 0.308624 
 0.145681 0.454557 
 0.523475 0.587837 
 0.732878 0.479205 
 0.319785 0.514785 
 0.455761 0.302488 
 0.413691 0.382245 
 0.287916 0.305603 
 0.175033 0.381726 
 0.198498 0.515722 
 0.514621 0.677395 
 0.366513 0.452327 
 0.254899 0.371576 
 0.220769 0.444956 
 0.259047 0.495562 
 0.341958 0.378824 
 0.297138 0.442302 
 bc_tag 
93 
 15 
 10 
 5 
 2 
 101 
 101 
 21 
 21 
 21 
 21 
 21 
 21 
 21 
 21 
 21 
 16 
 16 
 16 
 16 
 16 
 16 
 16 
 16 
 16 
 11 
 11 
 11 
 11 
 11 
 11 
 11 
 11 
 11 
 6 
 6 
 6 
 6 
 6 
 6 
 39 
 39 
 39 
 39 
 39 
 39 
 39 
 39 
 39 
 39 
 39 
 39 
 39 
 39 
 39 
 39 
 39 
 39 
 39 
 39 
 39 
 39 
 39 
 39 
 39 
 39 
 39 
 39 
 39 
 39 
 39 
 39 
 39 
 39 
 39 
 39 
 39 
 39 
 39 
 39 
 39 
 39 
 39 
 39 
 39 
 39 
 39 
 39 
 39 
 39 
 39 
 39 
 39 
 39 
 39 
 39 
 39 
 39 
 39 
 39 
 39 
 39 
 39 
 39 
 39 
 39 
 39 
 39 
 39 
 39 
 39 
 39 
 39 
 39 
 39 
 39 
 39 
 39 
 39 
 39 
 39 
 39 
 39 
 39 
 39 
 39 
 39 
 39 
 39 
 39 
 39 
 39 
 39 
 39 
 39 
 39 
 39 
 39 
 39 
 39 
 39 
 39 
 39 
 39 
 39 
 39 
 39 
 39 
 39 
 39 
 39 
 39 
 39 
 39 
 39 
 39 
 39 
 39 
 39 
 39 
 39 
 39 
 39 
 39 
 39 
 39 
 101 
 101 
 101 
 101 
 101 
 101 
 21 
 21 
 21 
 21 
 21 
 21 
 21 
 21 
 21 
 21 
 21 
 21 
 21 
 21 
 21 
 21 
 21 
 21 
 21 
 21 
 16 
 16 
 16 
 16 
 16 
 16 
 16 
 16 
 16 
 16 
 16 
 16 
 16 
 16 
 16 
 16 
 16 
 16 
 16 
 16 
 11 
 11 
 11 
 11 
 11 
 11 
 11 
 11 
 11 
 11 
 11 
 11 
 11 
 11 
 11 
 11 
 11 
 11 
 11 
 11 
 6 
 6 
 6 
 6 
 6 
 6 
 6 
 6 
 6 
 6 
 6 
 6 
 6 
 6 
 39 
 39 
 39 
 39 
 39 
 39 
 39 
 39 
 39 
 39 
 39 
 39 
 39 
 39 
 39 
 39 
 39 
 39 
 39 
 39 
 39 
 39 
 39 
 39 
 39 
 39 
 39 
 39 
 39 
 39 
 39 
 39 
 39 
 39 
 39 
 39 
 39 
 39 
 39 
 39 
 39 
 39 
 39 
 39 
 39 
 39 
 39 
 39 
 39 
 39 
 39 
 39 
 39 
 39 
 39 
 39 
 39 
 39 
 39 
 39 
 39 
 39 
 39 
 39 
 39 
 39 
 39 
 39 
 39 
 39 
 39 
 39 
 39 
 39 
 39 
 39 
 39 
 39 
 39 
 39 
 39 
 39 
 39 
 39 
 39 
 39 
 39 
 39 
 39 
 39 
 39 
 39 
 39 
 39 
 39 
 39 
 39 
 39 
 39 
 39 
 39 
 39 
 39 
 39 
 39 
 39 
 39 
 39 
 39 
 39 
 39 
 39 
 39 
 39 
 39 
 39 
 39 
 39 
 39 
 39 
 39 
 39 
 39 
 39 
 39 
 39 
 39 
 39 
 39 
 39 
 39 
 39 
 39 
 39 
 39 
 39 
 39 
 39 
 39 
 39 
 39 
 39 
 39 
 39 
 39 
 39 
 39 
 39 
 39 
 39 
 39 
 39 
 39 
 39 
 39 
 39 
 39 
 39 
 39 
 39 
 39 
 39 
 39 
 39 
 39 
 39 
 39 
 39 
 39 
 39 
 39 
 39 
 39 
 39 
 39 
 39 
 39 
 39 
 39 
 39 
 39 
 39 
 39 
 39 
 39 
 39 
 39 
 39 
 39 
 39 
 39 
 39 
 39 
 39 
 39 
 39 
 39 
 39 
 39 
 39 
 39 
 39 
 39 
 39 
 39 
 39 
 39 
 39 
 39 
 39 
 39 
 39 
 39 
 39 
 39 
 39 
 39 
 39 
 39 
 39 
 39 
 39 
 39 
 39 
 39 
 39 
 39 
 39 
 39 
 39 
 39 
 39 
 39 
 39 
 39 
 39 
 39 
 39 
 39 
 39 
 39 
 39 
 39 
 39 
 39 
 39 
 39 
 39 
 39 
 39 
 39 
 39 
 39 
 39 
 39 
 39 
 39 
 39 
 39 
 39 
 39 
 39 
 39 
 39 
 39 
 39 
 39 
 39 
 39 
 39 
 39 
 39 
 39 
 39 
 39 
 39 
 39 
 39 
 39 
 39 
 39 
 39 
 39 
 39 
 39 
 39 
 39 
 39 
 39 
 39 
 39 
 39 
 39 
 39 
 39 
 39 
 39 
 39 
 39 
 39 
 39 
 39 
 39 
 39 
 39 
 39 
 39 
 39 
 39 
 39 
 39 
 39 
 39 
 39 
 39 
 39 
 39 
 39 
 39 
 39 
 39 
 39 
 39 
 39 
 39 
 39 
 39 
 39 
 39 
 39 
 39 
 39 
 39 
 39 
 39 
 39 
 39 
 39 
 39 
 39 
 39 
 39 
 39 
 39 
 39 
 39 
 39 
 39 
 39 
 39 
 39 
 39 
 39 
 39 
 39 
 39 
 39 
 39 
 39 
 39 
 39 
 39 
 39 
 39 
 39 
 39 
 39 
 39 
 39 
 39 
 39 
 39 
 39 
 39 
 39 
 39 
 39 
 39 
 39 
 39 
 39 
 39 
 39 
 39 
 39 
 39 
 39 
 39 
 39 
 39 
 39 
 39 
 39 
 39 
 39 
 39 
 39 
 39 
 39 
 39 
 39 
 39 
 39 
 39 
 39 
 39 
 39 
 39 
 39 
 39 
 39 
 39 
 39 
 39 
 39 
 39 
 39 
 39 
 39 
 39 
 39 
 39 
 39 
 39 
 39 
 39 
 39 
 39 
 39 
 39 
 39 
 39 
 39 
 39 
 39 
 39 
 39 
 39 
 39 
 39 
 39 
 39 
 39 
 39 
 39 
 39 
 39 
 39 
 39 
 39 
 39 
 39 
 39 
 39 
 39 
 39 
 39 
 39 
 39 
 39 
 39 
 39 
 39 
 39 
 39 
 39 
 39 
 39 
 39 
 39 
 39 
 39 
 39 
 39 
 39 
 39 
 39 
 39 
 39 
 39 
 39 
 39 
 39 
 39 
 39 
 39 
 39 
 39 
 39 
 39 
 39 
 39 
 39 
 39 
 39 
 39 
 39 
 39 
 39 
 39 
 39 
 39 
 39 
 39 
 39 
 39 
 39 
 39 
 39 
 39 
 39 
 39 
 39 
 39 
 39 
 39 
 39 
 39 
 39 
 39 
 39 
 39 
 39 
 39 
 39 
 39 
 39 
 39 
 39 
 39 
 39 
 39 
 39 
 39 
 39 
 39 
 39 
 39 
 39 
 39 
 39 
 39 
 39 
 39 
 39 
 39 
 39 
 39 
 39 
 39 
 39 
 39 
 39 
 39 
 39 
 39 
 39 
 39 
 39 
 39 
 39 
 39 
 39 
 39 
 39 
 39 
 39 
 39 
 39 
 39 
 39 
 39 
 39 
 39 
 39 
 39 
 39 
 39 
 39 
 39 
 39 
 39 
 39 
 39 
 39 
 39 
 39 
 39 
 39 
 39 
 39 
 39 
 39 
 39 
 39 
 39 
 39 
 39 
 39 
 39 
 39 
 39 
 39 
 39 
 39 
 39 
 39 
 39 
 39 
 39 
 39 
 39 
 39 
 39 
 39 
 39 
 39 
 39 
 39 
 39 
 39 
 39 
 39 
 39 
 39 
 39 
 39 
 39 
 39 
 39 
 39 
 39 
 39 
 39 
 39 
 39 
 39 
 39 
 39 
 39 
 39 
 39 
 39 
 39 
 39 
 39 
 39 
 39 
 39 
 39 
 39 
 39 
 39 
 39 
 39 
 39 
 39 
 39 
 39 
 39 
 39 
 39 
 39 
 39 
 39 
 39 
 39 
 39 
 39 
 39 
 39 
 39 
 39 
 39 
 39 
 39 
 39 
 39 
 39 
 39 
 39 
 39 
 39 
 39 
 39 
 39 
 39 
 39 
 39 
 39 
 39 
 39 
 39 
 39 
 39 
 39 
 39 
 39 
 39 
 39 
 39 
 39 
 39 
 39 
 39 
 39 
 39 
 39 
 39 
 39 
 39 
 39 
 39 
 39 
 39 
 39 
 39 
 39 
 39 
 39 
 39 
 39 
 39 
 39 
 39 
 39 
 39 
 39 
 39 
 39 
 39 
 39 
 39 
 39 
 39 
 39 
 39 
 39 
 39 
 39 
 39 
 39 
 39 
 39 
 39 
 39 
 39 
 39 
 39 
 39 
 39 
 39 
 39 
 39 
 39 
 39 
 39 
 39 
 39 
 39 
 39 
 39 
 39 
 39 
 39 
 39 
 39 
 39 
 39 
 39 
 39 
 39 
 39 
 39 
 39 
 39 
 39 
 39 
 39 
 39 
 39 
 39 
 39 
 39 
 39 
 39 
 39 
 39 
 39 
 39 
 39 
 39 
 39 
 39 
 39 
 39 
 39 
 39 
 39 
 39 
 39 
 39 
 39 
 39 
 39 
 39 
 39 
 39 
 39 
 39 
 39 
 39 
 39 
 39 
 39 
 39 
 39 
 39 
 39 
 39 
 39 
 39 
 39 
 39 
 39 
 39 
 39 
 39 
 39 
 39 
 39 
 39 
 39 
 39 
 39 
 39 
 39 
 39 
 39 
 39 
 39 
 39 
 39 
 39 
 39 
 39 
 39 
 39 
 39 
 39 
 39 
 39 
 39 
 39 
 39 
 39 
 39 
 39 
 39 
 39 
 39 
 39 
 39 
 39 
 39 
 39 
 39 
 39 
 39 
 39 
 39 
 39 
 39 
 39 
 39 
 39 
 39 
 39 
 39 
 39 
 39 
 39 
 39 
 39 
 39 
 39 
 39 
 39 
 39 
 39 
 39 
 39 
 39 
 39 
 39 
 39 
 39 
 39 
 39 
 39 
 39 
 39 
 39 
 39 
 39 
 39 
 39 
 39 
 39 
 39 
 39 
 39 
 39 
 39 
 39 
 39 
 39 
 39 
 39 
 39 
 39 
 39 
 39 
 39 
 39 
 39 
 39 
 39 
 39 
 39 
 39 
 39 
 39 
 39 
 39 
 39 
 39 
 39 
 39 
 39 
 39 
 39 
 39 
 39 
 39 
 39 
 39 
 39 
 39 
 39 
 39 
 39 
 39 
 39 
 39 
 39 
 39 
 39 
 39 
 39 
 39 
 39 
 39 
 39 
 39 
 39 
 39 
 39 
 39 
 39 
 39 
 39 
 39 
 39 
 39 
 39 
 39 
 39 
 39 
 39 
 39 
 39 
 39 
 39 
 39 
 39 
 39 
 39 
 39 
 39 
 39 
 39 
 39 
 39 
 39 
 39 
 39 
 39 
 39 
 39 
 39 
 39 
 39 
 39 
 39 
 39 
 39 
 39 
 39 
 39 
 39 
 39 
 39 
 39 
 39 
 39 
 39 
 39 
 39 
 39 
 39 
 39 
 39 
 39 
 39 
 39 
 39 
 39 
 39 
 39 
 39 
 39 
 39 
 39 
 39 
 39 
 39 
 39 
 39 
 39 
 39 
 39 
 39 
 39 
 39 
 39 
 39 
 39 
 39 
 39 
 39 
 39 
 39 
 39 
 39 
 39 
 39 
 39 
 39 
 39 
 39 
 39 
 39 
 39 
 39 
 39 
 39 
 39 
 39 
 39 
 39 
 39 
 39 
 39 
 39 
 39 
 39 
 39 
 39 
 39 
 39 
 39 
 39 
 39 
 39 
 39 
 39 
 39 
 39 
 39 
 39 
 39 
 39 
 39 
 39 
 39 
 39 
 39 
 39 
 39 
 39 
 39 
 39 
 39 
 39 
 39 
 39 
 39 
 39 
 39 
 39 
 39 
 39 
 39 
 39 
 39 
 39 
 39 
 39 
 39 
 bcElement 40
1 101 1 
233 101 3 
9 101 1 
26 6 1 
76 6 1 
27 6 1 
28 6 1 
45 6 1 
49 6 1 
4 6 1 
3 11 1 
38 11 1 
39 11 1 
32 11 1 
34 11 1 
100 11 1 
70 11 1 
241 11 3 
75 11 1 
7 11 1 
8 16 1 
67 16 1 
21 16 1 
66 16 1 
116 16 1 
57 16 1 
246 16 1 
20 16 1 
64 16 1 
5 16 1 
6 21 1 
54 21 1 
15 21 1 
17 21 1 
59 21 1 
129 21 1 
22 21 1 
237 21 3 
13 21 1 
2 21 1 
