Edge min = 0.016153, max=0.041923, average=0.029577;
Grid_size 556
Node_size 321
Total_DOF 2841
maxDOF 15
Solution_Order
1 4 4 
 meshIEN 
4 92 76 
 90 1 43 
 151 121 3 
 3 48 151 
 152 123 122 
 152 15 2 
 152 2 123 
 169 14 15 
 153 169 171 
 171 169 15 
 15 152 171 
 49 46 172 
 173 13 16 
 153 170 174 
 174 169 153 
 175 17 18 
 51 50 176 
 177 173 154 
 154 172 177 
 178 12 19 
 52 45 179 
 180 175 155 
 155 176 180 
 181 21 22 
 55 54 182 
 183 178 156 
 156 179 183 
 56 53 184 
 185 20 23 
 157 182 186 
 186 181 157 
 187 24 25 
 58 57 188 
 189 185 158 
 158 184 189 
 190 11 26 
 59 44 191 
 192 187 159 
 159 188 192 
 62 64 193 
 63 62 193 
 194 31 29 
 194 29 30 
 160 191 195 
 195 190 160 
 198 196 162 
 162 197 198 
 66 65 199 
 200 32 33 
 162 196 201 
 201 197 162 
 202 27 34 
 67 60 203 
 204 200 163 
 163 199 204 
 70 69 205 
 206 36 37 
 164 203 207 
 207 202 164 
 71 68 208 
 209 35 38 
 165 205 210 
 210 206 165 
 73 72 211 
 212 39 40 
 166 208 213 
 213 209 166 
 214 43 42 
 214 42 41 
 74 75 215 
 216 212 167 
 167 211 216 
 217 91 90 
 217 214 168 
 43 214 217 
 90 43 217 
 218 151 48 
 48 47 218 
 49 172 219 
 219 174 170 
 154 174 219 
 219 172 154 
 47 49 219 
 220 173 16 
 169 174 220 
 220 174 154 
 154 173 220 
 14 169 220 
 220 16 14 
 221 175 18 
 173 177 221 
 221 177 155 
 155 175 221 
 13 173 221 
 221 18 13 
 51 176 222 
 222 177 172 
 155 177 222 
 222 176 155 
 222 172 46 
 46 51 222 
 223 178 19 
 175 180 223 
 223 180 156 
 156 178 223 
 17 175 223 
 223 19 17 
 52 179 224 
 224 180 176 
 156 180 224 
 224 179 156 
 224 176 50 
 50 52 224 
 225 181 22 
 178 183 225 
 225 183 157 
 157 181 225 
 12 178 225 
 225 22 12 
 55 182 226 
 226 183 179 
 157 183 226 
 226 182 157 
 226 179 45 
 45 55 226 
 56 184 227 
 227 186 182 
 158 186 227 
 227 184 158 
 227 182 54 
 54 56 227 
 228 185 23 
 181 186 228 
 228 186 158 
 158 185 228 
 21 181 228 
 228 23 21 
 229 187 25 
 185 189 229 
 229 189 159 
 159 187 229 
 20 185 229 
 229 25 20 
 58 188 230 
 230 189 184 
 159 189 230 
 230 188 159 
 230 184 53 
 53 58 230 
 231 190 26 
 187 192 231 
 231 192 160 
 160 190 231 
 24 187 231 
 231 26 24 
 59 191 232 
 232 192 188 
 160 192 232 
 232 191 160 
 232 188 57 
 57 59 232 
 63 193 233 
 233 195 191 
 161 195 233 
 233 193 161 
 233 191 44 
 44 63 233 
 234 194 30 
 190 195 234 
 234 195 161 
 161 194 234 
 11 190 234 
 234 30 11 
 196 198 235 
 235 193 64 
 61 196 235 
 64 61 235 
 235 198 161 
 161 193 235 
 236 198 197 
 31 194 236 
 236 28 31 
 236 197 28 
 161 198 236 
 236 194 161 
 66 199 237 
 237 201 196 
 163 201 237 
 237 199 163 
 237 196 61 
 61 66 237 
 238 200 33 
 197 201 238 
 238 201 163 
 163 200 238 
 28 197 238 
 238 33 28 
 239 202 34 
 200 204 239 
 239 204 164 
 164 202 239 
 32 200 239 
 239 34 32 
 67 203 240 
 240 204 199 
 164 204 240 
 240 203 164 
 240 199 65 
 65 67 240 
 70 205 241 
 241 207 203 
 165 207 241 
 241 205 165 
 241 203 60 
 60 70 241 
 242 206 37 
 202 207 242 
 242 207 165 
 165 206 242 
 27 202 242 
 242 37 27 
 71 208 243 
 243 210 205 
 166 210 243 
 243 208 166 
 243 205 69 
 69 71 243 
 244 209 38 
 206 210 244 
 244 210 166 
 166 209 244 
 36 206 244 
 244 38 36 
 73 211 245 
 245 213 208 
 167 213 245 
 245 211 167 
 245 208 68 
 68 73 245 
 246 212 40 
 209 213 246 
 246 213 167 
 167 212 246 
 35 209 246 
 246 40 35 
 76 92 247 
 247 215 75 
 75 76 247 
 91 217 247 
 247 92 91 
 248 214 41 
 212 216 248 
 248 216 168 
 168 214 248 
 39 212 248 
 248 41 39 
 74 215 249 
 249 216 211 
 168 216 249 
 249 215 168 
 249 211 72 
 72 74 249 
 250 122 121 
 121 151 250 
 153 171 251 
 171 250 251 
 251 170 153 
 251 218 170 
 250 171 152 
 152 122 250 
 215 247 217 
 217 168 215 
 251 250 151 
 151 218 251 
 170 218 47 
 47 219 170 
 4 76 93 
 252 120 9 
 252 9 150 
 253 3 120 
 253 48 3 
 120 252 253 
 254 150 148 
 254 252 150 
 254 253 252 
 255 148 149 
 255 254 148 
 255 47 48 
 256 149 145 
 256 255 149 
 47 255 256 
 256 49 47 
 257 145 147 
 257 256 145 
 49 256 257 
 257 46 49 
 258 147 146 
 258 257 147 
 46 257 258 
 258 51 46 
 259 146 138 
 259 258 146 
 51 258 259 
 259 50 51 
 260 138 144 
 260 259 138 
 50 259 260 
 260 52 50 
 261 144 142 
 261 260 144 
 52 260 261 
 261 45 52 
 262 142 143 
 262 261 142 
 45 261 262 
 262 55 45 
 263 143 139 
 263 262 143 
 55 262 263 
 263 54 55 
 264 139 141 
 264 263 139 
 54 263 264 
 264 56 54 
 265 141 140 
 265 264 141 
 56 264 265 
 265 53 56 
 266 140 125 
 266 265 140 
 53 265 266 
 266 58 53 
 267 125 137 
 267 266 125 
 58 266 267 
 267 57 58 
 268 137 135 
 268 267 137 
 57 267 268 
 268 59 57 
 269 135 136 
 269 268 135 
 59 268 269 
 269 44 59 
 270 136 132 
 270 269 136 
 44 269 270 
 270 63 44 
 271 132 134 
 271 270 132 
 63 270 271 
 271 62 63 
 272 134 133 
 272 271 134 
 62 271 272 
 272 64 62 
 273 133 126 
 273 272 133 
 64 272 273 
 273 61 64 
 274 126 131 
 274 273 126 
 61 273 274 
 274 66 61 
 275 131 130 
 275 274 131 
 66 274 275 
 275 65 66 
 276 130 127 
 276 275 130 
 65 275 276 
 276 67 65 
 277 127 129 
 277 276 127 
 67 276 277 
 277 60 67 
 278 129 128 
 278 277 129 
 60 277 278 
 278 70 60 
 279 128 10 
 279 278 128 
 70 278 279 
 279 69 70 
 280 10 88 
 280 279 10 
 69 279 280 
 280 71 69 
 281 88 87 
 281 280 88 
 71 280 281 
 281 68 71 
 282 87 86 
 282 281 87 
 68 281 282 
 282 73 68 
 283 86 83 
 283 282 86 
 73 282 283 
 283 72 73 
 284 83 85 
 284 283 83 
 72 283 284 
 284 74 72 
 285 85 84 
 285 284 85 
 74 284 285 
 285 75 74 
 93 76 286 
 286 285 84 
 286 6 93 
 286 84 6 
 75 285 286 
 286 76 75 
 254 255 48 
 48 253 254 
 43 1 89 
 2 15 287 
 287 124 2 
 288 97 8 
 288 8 124 
 124 287 288 
 289 98 97 
 97 288 289 
 289 288 287 
 290 96 98 
 98 289 290 
 15 14 290 
 291 99 96 
 96 290 291 
 291 290 14 
 14 16 291 
 292 100 99 
 99 291 292 
 292 291 16 
 16 13 292 
 293 95 100 
 100 292 293 
 293 292 13 
 13 18 293 
 294 102 95 
 95 293 294 
 294 293 18 
 18 17 294 
 295 103 102 
 102 294 295 
 295 294 17 
 17 19 295 
 296 101 103 
 103 295 296 
 296 295 19 
 19 12 296 
 297 105 101 
 101 296 297 
 297 296 12 
 12 22 297 
 298 104 105 
 105 297 298 
 298 297 22 
 22 21 298 
 299 106 104 
 104 298 299 
 299 298 21 
 21 23 299 
 300 94 106 
 106 299 300 
 300 299 23 
 23 20 300 
 301 109 94 
 94 300 301 
 301 300 20 
 20 25 301 
 302 110 109 
 109 301 302 
 302 301 25 
 25 24 302 
 303 108 110 
 110 302 303 
 303 302 24 
 24 26 303 
 304 112 108 
 108 303 304 
 304 303 26 
 26 11 304 
 305 111 112 
 112 304 305 
 305 304 11 
 11 30 305 
 306 113 111 
 111 305 306 
 306 305 30 
 30 29 306 
 307 107 113 
 113 306 307 
 307 306 29 
 29 31 307 
 308 115 107 
 107 307 308 
 308 307 31 
 31 28 308 
 309 116 115 
 115 308 309 
 309 308 28 
 28 33 309 
 310 114 116 
 116 309 310 
 310 309 33 
 33 32 310 
 311 118 114 
 114 310 311 
 311 310 32 
 32 34 311 
 312 117 118 
 118 311 312 
 312 311 34 
 34 27 312 
 313 119 117 
 117 312 313 
 313 312 27 
 27 37 313 
 314 7 119 
 119 313 314 
 314 313 37 
 37 36 314 
 315 78 7 
 7 314 315 
 315 314 36 
 36 38 315 
 316 79 78 
 78 315 316 
 316 315 38 
 38 35 316 
 317 77 79 
 79 316 317 
 317 316 35 
 35 40 317 
 318 80 77 
 77 317 318 
 318 317 40 
 40 39 318 
 319 81 80 
 80 318 319 
 319 318 39 
 39 41 319 
 320 82 81 
 81 319 320 
 320 319 41 
 41 42 320 
 43 89 321 
 82 320 321 
 321 89 5 
 321 5 82 
 321 320 42 
 42 43 321 
 289 287 15 
 15 290 289 
 solutionIEN 
4 92 76 523 524 525 1798 1799 1800 0 0 0 0 0 0 
 90 1 43 423 422 421 1801 1802 1803 0 0 0 0 0 0 
 151 121 3 0 0 0 0 0 0 0 0 0 0 0 0 
 3 48 151 424 425 426 1804 1805 1806 0 0 0 0 0 0 
 152 123 122 0 0 0 0 0 0 0 0 0 0 0 0 
 152 15 2 324 323 322 1807 1808 1809 0 0 0 0 0 0 
 152 2 123 0 0 0 0 0 0 0 0 0 0 0 0 
 169 14 15 327 326 325 1810 1811 1812 0 0 0 0 0 0 
 153 169 171 0 0 0 0 0 0 0 0 0 0 0 0 
 171 169 15 0 0 0 0 0 0 0 0 0 0 0 0 
 15 152 171 0 0 0 0 0 0 0 0 0 0 0 0 
 49 46 172 433 434 435 1813 1814 1815 0 0 0 0 0 0 
 173 13 16 333 332 331 1816 1817 1818 0 0 0 0 0 0 
 153 170 174 0 0 0 0 0 0 0 0 0 0 0 0 
 174 169 153 0 0 0 0 0 0 0 0 0 0 0 0 
 175 17 18 339 338 337 1819 1820 1821 0 0 0 0 0 0 
 51 50 176 439 440 441 1822 1823 1824 0 0 0 0 0 0 
 177 173 154 0 0 0 0 0 0 0 0 0 0 0 0 
 154 172 177 0 0 0 0 0 0 0 0 0 0 0 0 
 178 12 19 345 344 343 1825 1826 1827 0 0 0 0 0 0 
 52 45 179 445 446 447 1828 1829 1830 0 0 0 0 0 0 
 180 175 155 0 0 0 0 0 0 0 0 0 0 0 0 
 155 176 180 0 0 0 0 0 0 0 0 0 0 0 0 
 181 21 22 351 350 349 1831 1832 1833 0 0 0 0 0 0 
 55 54 182 451 452 453 1834 1835 1836 0 0 0 0 0 0 
 183 178 156 0 0 0 0 0 0 0 0 0 0 0 0 
 156 179 183 0 0 0 0 0 0 0 0 0 0 0 0 
 56 53 184 457 458 459 1837 1838 1839 0 0 0 0 0 0 
 185 20 23 357 356 355 1840 1841 1842 0 0 0 0 0 0 
 157 182 186 0 0 0 0 0 0 0 0 0 0 0 0 
 186 181 157 0 0 0 0 0 0 0 0 0 0 0 0 
 187 24 25 363 362 361 1843 1844 1845 0 0 0 0 0 0 
 58 57 188 463 464 465 1846 1847 1848 0 0 0 0 0 0 
 189 185 158 0 0 0 0 0 0 0 0 0 0 0 0 
 158 184 189 0 0 0 0 0 0 0 0 0 0 0 0 
 190 11 26 369 368 367 1849 1850 1851 0 0 0 0 0 0 
 59 44 191 469 470 471 1852 1853 1854 0 0 0 0 0 0 
 192 187 159 0 0 0 0 0 0 0 0 0 0 0 0 
 159 188 192 0 0 0 0 0 0 0 0 0 0 0 0 
 62 64 193 478 479 480 1855 1856 1857 0 0 0 0 0 0 
 63 62 193 475 476 477 1858 1859 1860 0 0 0 0 0 0 
 194 31 29 378 377 376 1861 1862 1863 0 0 0 0 0 0 
 194 29 30 375 374 373 1864 1865 1866 0 0 0 0 0 0 
 160 191 195 0 0 0 0 0 0 0 0 0 0 0 0 
 195 190 160 0 0 0 0 0 0 0 0 0 0 0 0 
 198 196 162 0 0 0 0 0 0 0 0 0 0 0 0 
 162 197 198 0 0 0 0 0 0 0 0 0 0 0 0 
 66 65 199 487 488 489 1867 1868 1869 0 0 0 0 0 0 
 200 32 33 387 386 385 1870 1871 1872 0 0 0 0 0 0 
 162 196 201 0 0 0 0 0 0 0 0 0 0 0 0 
 201 197 162 0 0 0 0 0 0 0 0 0 0 0 0 
 202 27 34 393 392 391 1873 1874 1875 0 0 0 0 0 0 
 67 60 203 493 494 495 1876 1877 1878 0 0 0 0 0 0 
 204 200 163 0 0 0 0 0 0 0 0 0 0 0 0 
 163 199 204 0 0 0 0 0 0 0 0 0 0 0 0 
 70 69 205 499 500 501 1879 1880 1881 0 0 0 0 0 0 
 206 36 37 399 398 397 1882 1883 1884 0 0 0 0 0 0 
 164 203 207 0 0 0 0 0 0 0 0 0 0 0 0 
 207 202 164 0 0 0 0 0 0 0 0 0 0 0 0 
 71 68 208 505 506 507 1885 1886 1887 0 0 0 0 0 0 
 209 35 38 405 404 403 1888 1889 1890 0 0 0 0 0 0 
 165 205 210 0 0 0 0 0 0 0 0 0 0 0 0 
 210 206 165 0 0 0 0 0 0 0 0 0 0 0 0 
 73 72 211 511 512 513 1891 1892 1893 0 0 0 0 0 0 
 212 39 40 411 410 409 1894 1895 1896 0 0 0 0 0 0 
 166 208 213 0 0 0 0 0 0 0 0 0 0 0 0 
 213 209 166 0 0 0 0 0 0 0 0 0 0 0 0 
 214 43 42 420 419 418 1897 1898 1899 0 0 0 0 0 0 
 214 42 41 417 416 415 1900 1901 1902 0 0 0 0 0 0 
 74 75 215 517 518 519 1903 1904 1905 0 0 0 0 0 0 
 216 212 167 0 0 0 0 0 0 0 0 0 0 0 0 
 167 211 216 0 0 0 0 0 0 0 0 0 0 0 0 
 217 91 90 0 0 0 0 0 0 0 0 0 0 0 0 
 217 214 168 0 0 0 0 0 0 0 0 0 0 0 0 
 43 214 217 0 0 0 0 0 0 0 0 0 0 0 0 
 90 43 217 0 0 0 0 0 0 0 0 0 0 0 0 
 218 151 48 0 0 0 0 0 0 0 0 0 0 0 0 
 48 47 218 427 428 429 1906 1907 1908 0 0 0 0 0 0 
 49 172 219 0 0 0 0 0 0 0 0 0 0 0 0 
 219 174 170 0 0 0 0 0 0 0 0 0 0 0 0 
 154 174 219 0 0 0 0 0 0 0 0 0 0 0 0 
 219 172 154 0 0 0 0 0 0 0 0 0 0 0 0 
 47 49 219 430 431 432 1909 1910 1911 0 0 0 0 0 0 
 220 173 16 0 0 0 0 0 0 0 0 0 0 0 0 
 169 174 220 0 0 0 0 0 0 0 0 0 0 0 0 
 220 174 154 0 0 0 0 0 0 0 0 0 0 0 0 
 154 173 220 0 0 0 0 0 0 0 0 0 0 0 0 
 14 169 220 0 0 0 0 0 0 0 0 0 0 0 0 
 220 16 14 330 329 328 1912 1913 1914 0 0 0 0 0 0 
 221 175 18 0 0 0 0 0 0 0 0 0 0 0 0 
 173 177 221 0 0 0 0 0 0 0 0 0 0 0 0 
 221 177 155 0 0 0 0 0 0 0 0 0 0 0 0 
 155 175 221 0 0 0 0 0 0 0 0 0 0 0 0 
 13 173 221 0 0 0 0 0 0 0 0 0 0 0 0 
 221 18 13 336 335 334 1915 1916 1917 0 0 0 0 0 0 
 51 176 222 0 0 0 0 0 0 0 0 0 0 0 0 
 222 177 172 0 0 0 0 0 0 0 0 0 0 0 0 
 155 177 222 0 0 0 0 0 0 0 0 0 0 0 0 
 222 176 155 0 0 0 0 0 0 0 0 0 0 0 0 
 222 172 46 0 0 0 0 0 0 0 0 0 0 0 0 
 46 51 222 436 437 438 1918 1919 1920 0 0 0 0 0 0 
 223 178 19 0 0 0 0 0 0 0 0 0 0 0 0 
 175 180 223 0 0 0 0 0 0 0 0 0 0 0 0 
 223 180 156 0 0 0 0 0 0 0 0 0 0 0 0 
 156 178 223 0 0 0 0 0 0 0 0 0 0 0 0 
 17 175 223 0 0 0 0 0 0 0 0 0 0 0 0 
 223 19 17 342 341 340 1921 1922 1923 0 0 0 0 0 0 
 52 179 224 0 0 0 0 0 0 0 0 0 0 0 0 
 224 180 176 0 0 0 0 0 0 0 0 0 0 0 0 
 156 180 224 0 0 0 0 0 0 0 0 0 0 0 0 
 224 179 156 0 0 0 0 0 0 0 0 0 0 0 0 
 224 176 50 0 0 0 0 0 0 0 0 0 0 0 0 
 50 52 224 442 443 444 1924 1925 1926 0 0 0 0 0 0 
 225 181 22 0 0 0 0 0 0 0 0 0 0 0 0 
 178 183 225 0 0 0 0 0 0 0 0 0 0 0 0 
 225 183 157 0 0 0 0 0 0 0 0 0 0 0 0 
 157 181 225 0 0 0 0 0 0 0 0 0 0 0 0 
 12 178 225 0 0 0 0 0 0 0 0 0 0 0 0 
 225 22 12 348 347 346 1927 1928 1929 0 0 0 0 0 0 
 55 182 226 0 0 0 0 0 0 0 0 0 0 0 0 
 226 183 179 0 0 0 0 0 0 0 0 0 0 0 0 
 157 183 226 0 0 0 0 0 0 0 0 0 0 0 0 
 226 182 157 0 0 0 0 0 0 0 0 0 0 0 0 
 226 179 45 0 0 0 0 0 0 0 0 0 0 0 0 
 45 55 226 448 449 450 1930 1931 1932 0 0 0 0 0 0 
 56 184 227 0 0 0 0 0 0 0 0 0 0 0 0 
 227 186 182 0 0 0 0 0 0 0 0 0 0 0 0 
 158 186 227 0 0 0 0 0 0 0 0 0 0 0 0 
 227 184 158 0 0 0 0 0 0 0 0 0 0 0 0 
 227 182 54 0 0 0 0 0 0 0 0 0 0 0 0 
 54 56 227 454 455 456 1933 1934 1935 0 0 0 0 0 0 
 228 185 23 0 0 0 0 0 0 0 0 0 0 0 0 
 181 186 228 0 0 0 0 0 0 0 0 0 0 0 0 
 228 186 158 0 0 0 0 0 0 0 0 0 0 0 0 
 158 185 228 0 0 0 0 0 0 0 0 0 0 0 0 
 21 181 228 0 0 0 0 0 0 0 0 0 0 0 0 
 228 23 21 354 353 352 1936 1937 1938 0 0 0 0 0 0 
 229 187 25 0 0 0 0 0 0 0 0 0 0 0 0 
 185 189 229 0 0 0 0 0 0 0 0 0 0 0 0 
 229 189 159 0 0 0 0 0 0 0 0 0 0 0 0 
 159 187 229 0 0 0 0 0 0 0 0 0 0 0 0 
 20 185 229 0 0 0 0 0 0 0 0 0 0 0 0 
 229 25 20 360 359 358 1939 1940 1941 0 0 0 0 0 0 
 58 188 230 0 0 0 0 0 0 0 0 0 0 0 0 
 230 189 184 0 0 0 0 0 0 0 0 0 0 0 0 
 159 189 230 0 0 0 0 0 0 0 0 0 0 0 0 
 230 188 159 0 0 0 0 0 0 0 0 0 0 0 0 
 230 184 53 0 0 0 0 0 0 0 0 0 0 0 0 
 53 58 230 460 461 462 1942 1943 1944 0 0 0 0 0 0 
 231 190 26 0 0 0 0 0 0 0 0 0 0 0 0 
 187 192 231 0 0 0 0 0 0 0 0 0 0 0 0 
 231 192 160 0 0 0 0 0 0 0 0 0 0 0 0 
 160 190 231 0 0 0 0 0 0 0 0 0 0 0 0 
 24 187 231 0 0 0 0 0 0 0 0 0 0 0 0 
 231 26 24 366 365 364 1945 1946 1947 0 0 0 0 0 0 
 59 191 232 0 0 0 0 0 0 0 0 0 0 0 0 
 232 192 188 0 0 0 0 0 0 0 0 0 0 0 0 
 160 192 232 0 0 0 0 0 0 0 0 0 0 0 0 
 232 191 160 0 0 0 0 0 0 0 0 0 0 0 0 
 232 188 57 0 0 0 0 0 0 0 0 0 0 0 0 
 57 59 232 466 467 468 1948 1949 1950 0 0 0 0 0 0 
 63 193 233 0 0 0 0 0 0 0 0 0 0 0 0 
 233 195 191 0 0 0 0 0 0 0 0 0 0 0 0 
 161 195 233 0 0 0 0 0 0 0 0 0 0 0 0 
 233 193 161 0 0 0 0 0 0 0 0 0 0 0 0 
 233 191 44 0 0 0 0 0 0 0 0 0 0 0 0 
 44 63 233 472 473 474 1951 1952 1953 0 0 0 0 0 0 
 234 194 30 0 0 0 0 0 0 0 0 0 0 0 0 
 190 195 234 0 0 0 0 0 0 0 0 0 0 0 0 
 234 195 161 0 0 0 0 0 0 0 0 0 0 0 0 
 161 194 234 0 0 0 0 0 0 0 0 0 0 0 0 
 11 190 234 0 0 0 0 0 0 0 0 0 0 0 0 
 234 30 11 372 371 370 1954 1955 1956 0 0 0 0 0 0 
 196 198 235 0 0 0 0 0 0 0 0 0 0 0 0 
 235 193 64 0 0 0 0 0 0 0 0 0 0 0 0 
 61 196 235 0 0 0 0 0 0 0 0 0 0 0 0 
 64 61 235 481 482 483 1957 1958 1959 0 0 0 0 0 0 
 235 198 161 0 0 0 0 0 0 0 0 0 0 0 0 
 161 193 235 0 0 0 0 0 0 0 0 0 0 0 0 
 236 198 197 0 0 0 0 0 0 0 0 0 0 0 0 
 31 194 236 0 0 0 0 0 0 0 0 0 0 0 0 
 236 28 31 381 380 379 1960 1961 1962 0 0 0 0 0 0 
 236 197 28 0 0 0 0 0 0 0 0 0 0 0 0 
 161 198 236 0 0 0 0 0 0 0 0 0 0 0 0 
 236 194 161 0 0 0 0 0 0 0 0 0 0 0 0 
 66 199 237 0 0 0 0 0 0 0 0 0 0 0 0 
 237 201 196 0 0 0 0 0 0 0 0 0 0 0 0 
 163 201 237 0 0 0 0 0 0 0 0 0 0 0 0 
 237 199 163 0 0 0 0 0 0 0 0 0 0 0 0 
 237 196 61 0 0 0 0 0 0 0 0 0 0 0 0 
 61 66 237 484 485 486 1963 1964 1965 0 0 0 0 0 0 
 238 200 33 0 0 0 0 0 0 0 0 0 0 0 0 
 197 201 238 0 0 0 0 0 0 0 0 0 0 0 0 
 238 201 163 0 0 0 0 0 0 0 0 0 0 0 0 
 163 200 238 0 0 0 0 0 0 0 0 0 0 0 0 
 28 197 238 0 0 0 0 0 0 0 0 0 0 0 0 
 238 33 28 384 383 382 1966 1967 1968 0 0 0 0 0 0 
 239 202 34 0 0 0 0 0 0 0 0 0 0 0 0 
 200 204 239 0 0 0 0 0 0 0 0 0 0 0 0 
 239 204 164 0 0 0 0 0 0 0 0 0 0 0 0 
 164 202 239 0 0 0 0 0 0 0 0 0 0 0 0 
 32 200 239 0 0 0 0 0 0 0 0 0 0 0 0 
 239 34 32 390 389 388 1969 1970 1971 0 0 0 0 0 0 
 67 203 240 0 0 0 0 0 0 0 0 0 0 0 0 
 240 204 199 0 0 0 0 0 0 0 0 0 0 0 0 
 164 204 240 0 0 0 0 0 0 0 0 0 0 0 0 
 240 203 164 0 0 0 0 0 0 0 0 0 0 0 0 
 240 199 65 0 0 0 0 0 0 0 0 0 0 0 0 
 65 67 240 490 491 492 1972 1973 1974 0 0 0 0 0 0 
 70 205 241 0 0 0 0 0 0 0 0 0 0 0 0 
 241 207 203 0 0 0 0 0 0 0 0 0 0 0 0 
 165 207 241 0 0 0 0 0 0 0 0 0 0 0 0 
 241 205 165 0 0 0 0 0 0 0 0 0 0 0 0 
 241 203 60 0 0 0 0 0 0 0 0 0 0 0 0 
 60 70 241 496 497 498 1975 1976 1977 0 0 0 0 0 0 
 242 206 37 0 0 0 0 0 0 0 0 0 0 0 0 
 202 207 242 0 0 0 0 0 0 0 0 0 0 0 0 
 242 207 165 0 0 0 0 0 0 0 0 0 0 0 0 
 165 206 242 0 0 0 0 0 0 0 0 0 0 0 0 
 27 202 242 0 0 0 0 0 0 0 0 0 0 0 0 
 242 37 27 396 395 394 1978 1979 1980 0 0 0 0 0 0 
 71 208 243 0 0 0 0 0 0 0 0 0 0 0 0 
 243 210 205 0 0 0 0 0 0 0 0 0 0 0 0 
 166 210 243 0 0 0 0 0 0 0 0 0 0 0 0 
 243 208 166 0 0 0 0 0 0 0 0 0 0 0 0 
 243 205 69 0 0 0 0 0 0 0 0 0 0 0 0 
 69 71 243 502 503 504 1981 1982 1983 0 0 0 0 0 0 
 244 209 38 0 0 0 0 0 0 0 0 0 0 0 0 
 206 210 244 0 0 0 0 0 0 0 0 0 0 0 0 
 244 210 166 0 0 0 0 0 0 0 0 0 0 0 0 
 166 209 244 0 0 0 0 0 0 0 0 0 0 0 0 
 36 206 244 0 0 0 0 0 0 0 0 0 0 0 0 
 244 38 36 402 401 400 1984 1985 1986 0 0 0 0 0 0 
 73 211 245 0 0 0 0 0 0 0 0 0 0 0 0 
 245 213 208 0 0 0 0 0 0 0 0 0 0 0 0 
 167 213 245 0 0 0 0 0 0 0 0 0 0 0 0 
 245 211 167 0 0 0 0 0 0 0 0 0 0 0 0 
 245 208 68 0 0 0 0 0 0 0 0 0 0 0 0 
 68 73 245 508 509 510 1987 1988 1989 0 0 0 0 0 0 
 246 212 40 0 0 0 0 0 0 0 0 0 0 0 0 
 209 213 246 0 0 0 0 0 0 0 0 0 0 0 0 
 246 213 167 0 0 0 0 0 0 0 0 0 0 0 0 
 167 212 246 0 0 0 0 0 0 0 0 0 0 0 0 
 35 209 246 0 0 0 0 0 0 0 0 0 0 0 0 
 246 40 35 408 407 406 1990 1991 1992 0 0 0 0 0 0 
 76 92 247 0 0 0 0 0 0 0 0 0 0 0 0 
 247 215 75 0 0 0 0 0 0 0 0 0 0 0 0 
 75 76 247 520 521 522 1993 1994 1995 0 0 0 0 0 0 
 91 217 247 0 0 0 0 0 0 0 0 0 0 0 0 
 247 92 91 0 0 0 0 0 0 0 0 0 0 0 0 
 248 214 41 0 0 0 0 0 0 0 0 0 0 0 0 
 212 216 248 0 0 0 0 0 0 0 0 0 0 0 0 
 248 216 168 0 0 0 0 0 0 0 0 0 0 0 0 
 168 214 248 0 0 0 0 0 0 0 0 0 0 0 0 
 39 212 248 0 0 0 0 0 0 0 0 0 0 0 0 
 248 41 39 414 413 412 1996 1997 1998 0 0 0 0 0 0 
 74 215 249 0 0 0 0 0 0 0 0 0 0 0 0 
 249 216 211 0 0 0 0 0 0 0 0 0 0 0 0 
 168 216 249 0 0 0 0 0 0 0 0 0 0 0 0 
 249 215 168 0 0 0 0 0 0 0 0 0 0 0 0 
 249 211 72 0 0 0 0 0 0 0 0 0 0 0 0 
 72 74 249 514 515 516 1999 2000 2001 0 0 0 0 0 0 
 250 122 121 0 0 0 0 0 0 0 0 0 0 0 0 
 121 151 250 0 0 0 0 0 0 0 0 0 0 0 0 
 153 171 251 0 0 0 0 0 0 0 0 0 0 0 0 
 171 250 251 0 0 0 0 0 0 0 0 0 0 0 0 
 251 170 153 0 0 0 0 0 0 0 0 0 0 0 0 
 251 218 170 0 0 0 0 0 0 0 0 0 0 0 0 
 250 171 152 0 0 0 0 0 0 0 0 0 0 0 0 
 152 122 250 0 0 0 0 0 0 0 0 0 0 0 0 
 215 247 217 0 0 0 0 0 0 0 0 0 0 0 0 
 217 168 215 0 0 0 0 0 0 0 0 0 0 0 0 
 251 250 151 0 0 0 0 0 0 0 0 0 0 0 0 
 151 218 251 0 0 0 0 0 0 0 0 0 0 0 0 
 170 218 47 0 0 0 0 0 0 0 0 0 0 0 0 
 47 219 170 0 0 0 0 0 0 0 0 0 0 0 0 
 4 76 93 576 575 574 756 755 754 525 524 523 2002 2003 2004 
 252 120 9 763 764 765 663 662 661 759 758 757 2005 2006 2007 
 252 9 150 760 761 762 753 752 751 765 764 763 2008 2009 2010 
 253 3 120 766 767 768 666 665 664 771 770 769 2011 2012 2013 
 253 48 3 769 770 771 426 425 424 774 773 772 2014 2015 2016 
 120 252 253 768 767 766 775 776 777 757 758 759 2017 2018 2019 
 254 150 148 778 779 780 750 749 748 783 782 781 2020 2021 2022 
 254 252 150 781 782 783 762 761 760 789 788 787 2023 2024 2025 
 254 253 252 787 788 789 777 776 775 786 785 784 2026 2027 2028 
 255 148 149 790 791 792 747 746 745 795 794 793 2029 2030 2031 
 255 254 148 793 794 795 780 779 778 798 797 796 2032 2033 2034 
 255 47 48 802 803 804 429 428 427 801 800 799 2035 2036 2037 
 256 149 145 805 806 807 744 743 742 810 809 808 2038 2039 2040 
 256 255 149 808 809 810 792 791 790 813 812 811 2041 2042 2043 
 47 255 256 819 818 817 811 812 813 799 800 801 2044 2045 2046 
 256 49 47 817 818 819 432 431 430 816 815 814 2047 2048 2049 
 257 145 147 820 821 822 741 740 739 825 824 823 2050 2051 2052 
 257 256 145 823 824 825 807 806 805 828 827 826 2053 2054 2055 
 49 256 257 834 833 832 826 827 828 814 815 816 2056 2057 2058 
 257 46 49 832 833 834 435 434 433 831 830 829 2059 2060 2061 
 258 147 146 835 836 837 738 737 736 840 839 838 2062 2063 2064 
 258 257 147 838 839 840 822 821 820 843 842 841 2065 2066 2067 
 46 257 258 849 848 847 841 842 843 829 830 831 2068 2069 2070 
 258 51 46 847 848 849 438 437 436 846 845 844 2071 2072 2073 
 259 146 138 850 851 852 735 734 733 855 854 853 2074 2075 2076 
 259 258 146 853 854 855 837 836 835 858 857 856 2077 2078 2079 
 51 258 259 864 863 862 856 857 858 844 845 846 2080 2081 2082 
 259 50 51 862 863 864 441 440 439 861 860 859 2083 2084 2085 
 260 138 144 865 866 867 732 731 730 870 869 868 2086 2087 2088 
 260 259 138 868 869 870 852 851 850 873 872 871 2089 2090 2091 
 50 259 260 879 878 877 871 872 873 859 860 861 2092 2093 2094 
 260 52 50 877 878 879 444 443 442 876 875 874 2095 2096 2097 
 261 144 142 880 881 882 729 728 727 885 884 883 2098 2099 2100 
 261 260 144 883 884 885 867 866 865 888 887 886 2101 2102 2103 
 52 260 261 894 893 892 886 887 888 874 875 876 2104 2105 2106 
 261 45 52 892 893 894 447 446 445 891 890 889 2107 2108 2109 
 262 142 143 895 896 897 726 725 724 900 899 898 2110 2111 2112 
 262 261 142 898 899 900 882 881 880 903 902 901 2113 2114 2115 
 45 261 262 909 908 907 901 902 903 889 890 891 2116 2117 2118 
 262 55 45 907 908 909 450 449 448 906 905 904 2119 2120 2121 
 263 143 139 910 911 912 723 722 721 915 914 913 2122 2123 2124 
 263 262 143 913 914 915 897 896 895 918 917 916 2125 2126 2127 
 55 262 263 924 923 922 916 917 918 904 905 906 2128 2129 2130 
 263 54 55 922 923 924 453 452 451 921 920 919 2131 2132 2133 
 264 139 141 925 926 927 720 719 718 930 929 928 2134 2135 2136 
 264 263 139 928 929 930 912 911 910 933 932 931 2137 2138 2139 
 54 263 264 939 938 937 931 932 933 919 920 921 2140 2141 2142 
 264 56 54 937 938 939 456 455 454 936 935 934 2143 2144 2145 
 265 141 140 940 941 942 717 716 715 945 944 943 2146 2147 2148 
 265 264 141 943 944 945 927 926 925 948 947 946 2149 2150 2151 
 56 264 265 954 953 952 946 947 948 934 935 936 2152 2153 2154 
 265 53 56 952 953 954 459 458 457 951 950 949 2155 2156 2157 
 266 140 125 955 956 957 714 713 712 960 959 958 2158 2159 2160 
 266 265 140 958 959 960 942 941 940 963 962 961 2161 2162 2163 
 53 265 266 969 968 967 961 962 963 949 950 951 2164 2165 2166 
 266 58 53 967 968 969 462 461 460 966 965 964 2167 2168 2169 
 267 125 137 970 971 972 711 710 709 975 974 973 2170 2171 2172 
 267 266 125 973 974 975 957 956 955 978 977 976 2173 2174 2175 
 58 266 267 984 983 982 976 977 978 964 965 966 2176 2177 2178 
 267 57 58 982 983 984 465 464 463 981 980 979 2179 2180 2181 
 268 137 135 985 986 987 708 707 706 990 989 988 2182 2183 2184 
 268 267 137 988 989 990 972 971 970 993 992 991 2185 2186 2187 
 57 267 268 999 998 997 991 992 993 979 980 981 2188 2189 2190 
 268 59 57 997 998 999 468 467 466 996 995 994 2191 2192 2193 
 269 135 136 1000 1001 1002 705 704 703 1005 1004 1003 2194 2195 2196 
 269 268 135 1003 1004 1005 987 986 985 1008 1007 1006 2197 2198 2199 
 59 268 269 1014 1013 1012 1006 1007 1008 994 995 996 2200 2201 2202 
 269 44 59 1012 1013 1014 471 470 469 1011 1010 1009 2203 2204 2205 
 270 136 132 1015 1016 1017 702 701 700 1020 1019 1018 2206 2207 2208 
 270 269 136 1018 1019 1020 1002 1001 1000 1023 1022 1021 2209 2210 2211 
 44 269 270 1029 1028 1027 1021 1022 1023 1009 1010 1011 2212 2213 2214 
 270 63 44 1027 1028 1029 474 473 472 1026 1025 1024 2215 2216 2217 
 271 132 134 1030 1031 1032 699 698 697 1035 1034 1033 2218 2219 2220 
 271 270 132 1033 1034 1035 1017 1016 1015 1038 1037 1036 2221 2222 2223 
 63 270 271 1044 1043 1042 1036 1037 1038 1024 1025 1026 2224 2225 2226 
 271 62 63 1042 1043 1044 477 476 475 1041 1040 1039 2227 2228 2229 
 272 134 133 1045 1046 1047 696 695 694 1050 1049 1048 2230 2231 2232 
 272 271 134 1048 1049 1050 1032 1031 1030 1053 1052 1051 2233 2234 2235 
 62 271 272 1059 1058 1057 1051 1052 1053 1039 1040 1041 2236 2237 2238 
 272 64 62 1057 1058 1059 480 479 478 1056 1055 1054 2239 2240 2241 
 273 133 126 1060 1061 1062 693 692 691 1065 1064 1063 2242 2243 2244 
 273 272 133 1063 1064 1065 1047 1046 1045 1068 1067 1066 2245 2246 2247 
 64 272 273 1074 1073 1072 1066 1067 1068 1054 1055 1056 2248 2249 2250 
 273 61 64 1072 1073 1074 483 482 481 1071 1070 1069 2251 2252 2253 
 274 126 131 1075 1076 1077 690 689 688 1080 1079 1078 2254 2255 2256 
 274 273 126 1078 1079 1080 1062 1061 1060 1083 1082 1081 2257 2258 2259 
 61 273 274 1089 1088 1087 1081 1082 1083 1069 1070 1071 2260 2261 2262 
 274 66 61 1087 1088 1089 486 485 484 1086 1085 1084 2263 2264 2265 
 275 131 130 1090 1091 1092 687 686 685 1095 1094 1093 2266 2267 2268 
 275 274 131 1093 1094 1095 1077 1076 1075 1098 1097 1096 2269 2270 2271 
 66 274 275 1104 1103 1102 1096 1097 1098 1084 1085 1086 2272 2273 2274 
 275 65 66 1102 1103 1104 489 488 487 1101 1100 1099 2275 2276 2277 
 276 130 127 1105 1106 1107 684 683 682 1110 1109 1108 2278 2279 2280 
 276 275 130 1108 1109 1110 1092 1091 1090 1113 1112 1111 2281 2282 2283 
 65 275 276 1119 1118 1117 1111 1112 1113 1099 1100 1101 2284 2285 2286 
 276 67 65 1117 1118 1119 492 491 490 1116 1115 1114 2287 2288 2289 
 277 127 129 1120 1121 1122 681 680 679 1125 1124 1123 2290 2291 2292 
 277 276 127 1123 1124 1125 1107 1106 1105 1128 1127 1126 2293 2294 2295 
 67 276 277 1134 1133 1132 1126 1127 1128 1114 1115 1116 2296 2297 2298 
 277 60 67 1132 1133 1134 495 494 493 1131 1130 1129 2299 2300 2301 
 278 129 128 1135 1136 1137 678 677 676 1140 1139 1138 2302 2303 2304 
 278 277 129 1138 1139 1140 1122 1121 1120 1143 1142 1141 2305 2306 2307 
 60 277 278 1149 1148 1147 1141 1142 1143 1129 1130 1131 2308 2309 2310 
 278 70 60 1147 1148 1149 498 497 496 1146 1145 1144 2311 2312 2313 
 279 128 10 1150 1151 1152 675 674 673 1155 1154 1153 2314 2315 2316 
 279 278 128 1153 1154 1155 1137 1136 1135 1158 1157 1156 2317 2318 2319 
 70 278 279 1164 1163 1162 1156 1157 1158 1144 1145 1146 2320 2321 2322 
 279 69 70 1162 1163 1164 501 500 499 1161 1160 1159 2323 2324 2325 
 280 10 88 1165 1166 1167 567 566 565 1170 1169 1168 2326 2327 2328 
 280 279 10 1168 1169 1170 1152 1151 1150 1173 1172 1171 2329 2330 2331 
 69 279 280 1179 1178 1177 1171 1172 1173 1159 1160 1161 2332 2333 2334 
 280 71 69 1177 1178 1179 504 503 502 1176 1175 1174 2335 2336 2337 
 281 88 87 1180 1181 1182 564 563 562 1185 1184 1183 2338 2339 2340 
 281 280 88 1183 1184 1185 1167 1166 1165 1188 1187 1186 2341 2342 2343 
 71 280 281 1194 1193 1192 1186 1187 1188 1174 1175 1176 2344 2345 2346 
 281 68 71 1192 1193 1194 507 506 505 1191 1190 1189 2347 2348 2349 
 282 87 86 1195 1196 1197 561 560 559 1200 1199 1198 2350 2351 2352 
 282 281 87 1198 1199 1200 1182 1181 1180 1203 1202 1201 2353 2354 2355 
 68 281 282 1209 1208 1207 1201 1202 1203 1189 1190 1191 2356 2357 2358 
 282 73 68 1207 1208 1209 510 509 508 1206 1205 1204 2359 2360 2361 
 283 86 83 1210 1211 1212 558 557 556 1215 1214 1213 2362 2363 2364 
 283 282 86 1213 1214 1215 1197 1196 1195 1218 1217 1216 2365 2366 2367 
 73 282 283 1224 1223 1222 1216 1217 1218 1204 1205 1206 2368 2369 2370 
 283 72 73 1222 1223 1224 513 512 511 1221 1220 1219 2371 2372 2373 
 284 83 85 1225 1226 1227 555 554 553 1230 1229 1228 2374 2375 2376 
 284 283 83 1228 1229 1230 1212 1211 1210 1233 1232 1231 2377 2378 2379 
 72 283 284 1239 1238 1237 1231 1232 1233 1219 1220 1221 2380 2381 2382 
 284 74 72 1237 1238 1239 516 515 514 1236 1235 1234 2383 2384 2385 
 285 85 84 1240 1241 1242 552 551 550 1245 1244 1243 2386 2387 2388 
 285 284 85 1243 1244 1245 1227 1226 1225 1248 1247 1246 2389 2390 2391 
 74 284 285 1254 1253 1252 1246 1247 1248 1234 1235 1236 2392 2393 2394 
 285 75 74 1252 1253 1254 519 518 517 1251 1250 1249 2395 2396 2397 
 93 76 286 1257 1256 1255 1258 1259 1260 754 755 756 2398 2399 2400 
 286 285 84 1261 1262 1263 1242 1241 1240 1266 1265 1264 2401 2402 2403 
 286 6 93 1255 1256 1257 579 578 577 1269 1268 1267 2404 2405 2406 
 286 84 6 1267 1268 1269 549 548 547 1263 1262 1261 2407 2408 2409 
 75 285 286 1272 1271 1270 1264 1265 1266 1249 1250 1251 2410 2411 2412 
 286 76 75 1270 1271 1272 522 521 520 1260 1259 1258 2413 2414 2415 
 254 255 48 1275 1274 1273 804 803 802 796 797 798 2416 2417 2418 
 48 253 254 1273 1274 1275 784 785 786 772 773 774 2419 2420 2421 
 43 1 89 1278 1277 1276 573 572 571 421 422 423 2422 2423 2424 
 2 15 287 1287 1286 1285 1282 1283 1284 322 323 324 2425 2426 2427 
 287 124 2 1285 1286 1287 669 668 667 1281 1280 1279 2428 2429 2430 
 288 97 8 1288 1289 1290 582 581 580 1293 1292 1291 2431 2432 2433 
 288 8 124 1294 1295 1296 672 671 670 1290 1289 1288 2434 2435 2436 
 124 287 288 1296 1295 1294 1297 1298 1299 1279 1280 1281 2437 2438 2439 
 289 98 97 1300 1301 1302 585 584 583 1305 1304 1303 2440 2441 2442 
 97 288 289 1302 1301 1300 1309 1310 1311 1291 1292 1293 2443 2444 2445 
 289 288 287 1306 1307 1308 1299 1298 1297 1311 1310 1309 2446 2447 2448 
 290 96 98 1312 1313 1314 588 587 586 1317 1316 1315 2449 2450 2451 
 98 289 290 1314 1313 1312 1318 1319 1320 1303 1304 1305 2452 2453 2454 
 15 14 290 1326 1325 1324 1321 1322 1323 325 326 327 2455 2456 2457 
 291 99 96 1327 1328 1329 591 590 589 1332 1331 1330 2458 2459 2460 
 96 290 291 1329 1328 1327 1333 1334 1335 1315 1316 1317 2461 2462 2463 
 291 290 14 1339 1340 1341 1323 1322 1321 1335 1334 1333 2464 2465 2466 
 14 16 291 1341 1340 1339 1336 1337 1338 328 329 330 2467 2468 2469 
 292 100 99 1342 1343 1344 594 593 592 1347 1346 1345 2470 2471 2472 
 99 291 292 1344 1343 1342 1348 1349 1350 1330 1331 1332 2473 2474 2475 
 292 291 16 1354 1355 1356 1338 1337 1336 1350 1349 1348 2476 2477 2478 
 16 13 292 1356 1355 1354 1351 1352 1353 331 332 333 2479 2480 2481 
 293 95 100 1357 1358 1359 597 596 595 1362 1361 1360 2482 2483 2484 
 100 292 293 1359 1358 1357 1363 1364 1365 1345 1346 1347 2485 2486 2487 
 293 292 13 1369 1370 1371 1353 1352 1351 1365 1364 1363 2488 2489 2490 
 13 18 293 1371 1370 1369 1366 1367 1368 334 335 336 2491 2492 2493 
 294 102 95 1372 1373 1374 600 599 598 1377 1376 1375 2494 2495 2496 
 95 293 294 1374 1373 1372 1378 1379 1380 1360 1361 1362 2497 2498 2499 
 294 293 18 1384 1385 1386 1368 1367 1366 1380 1379 1378 2500 2501 2502 
 18 17 294 1386 1385 1384 1381 1382 1383 337 338 339 2503 2504 2505 
 295 103 102 1387 1388 1389 603 602 601 1392 1391 1390 2506 2507 2508 
 102 294 295 1389 1388 1387 1393 1394 1395 1375 1376 1377 2509 2510 2511 
 295 294 17 1399 1400 1401 1383 1382 1381 1395 1394 1393 2512 2513 2514 
 17 19 295 1401 1400 1399 1396 1397 1398 340 341 342 2515 2516 2517 
 296 101 103 1402 1403 1404 606 605 604 1407 1406 1405 2518 2519 2520 
 103 295 296 1404 1403 1402 1408 1409 1410 1390 1391 1392 2521 2522 2523 
 296 295 19 1414 1415 1416 1398 1397 1396 1410 1409 1408 2524 2525 2526 
 19 12 296 1416 1415 1414 1411 1412 1413 343 344 345 2527 2528 2529 
 297 105 101 1417 1418 1419 609 608 607 1422 1421 1420 2530 2531 2532 
 101 296 297 1419 1418 1417 1423 1424 1425 1405 1406 1407 2533 2534 2535 
 297 296 12 1429 1430 1431 1413 1412 1411 1425 1424 1423 2536 2537 2538 
 12 22 297 1431 1430 1429 1426 1427 1428 346 347 348 2539 2540 2541 
 298 104 105 1432 1433 1434 612 611 610 1437 1436 1435 2542 2543 2544 
 105 297 298 1434 1433 1432 1438 1439 1440 1420 1421 1422 2545 2546 2547 
 298 297 22 1444 1445 1446 1428 1427 1426 1440 1439 1438 2548 2549 2550 
 22 21 298 1446 1445 1444 1441 1442 1443 349 350 351 2551 2552 2553 
 299 106 104 1447 1448 1449 615 614 613 1452 1451 1450 2554 2555 2556 
 104 298 299 1449 1448 1447 1453 1454 1455 1435 1436 1437 2557 2558 2559 
 299 298 21 1459 1460 1461 1443 1442 1441 1455 1454 1453 2560 2561 2562 
 21 23 299 1461 1460 1459 1456 1457 1458 352 353 354 2563 2564 2565 
 300 94 106 1462 1463 1464 618 617 616 1467 1466 1465 2566 2567 2568 
 106 299 300 1464 1463 1462 1468 1469 1470 1450 1451 1452 2569 2570 2571 
 300 299 23 1474 1475 1476 1458 1457 1456 1470 1469 1468 2572 2573 2574 
 23 20 300 1476 1475 1474 1471 1472 1473 355 356 357 2575 2576 2577 
 301 109 94 1477 1478 1479 621 620 619 1482 1481 1480 2578 2579 2580 
 94 300 301 1479 1478 1477 1483 1484 1485 1465 1466 1467 2581 2582 2583 
 301 300 20 1489 1490 1491 1473 1472 1471 1485 1484 1483 2584 2585 2586 
 20 25 301 1491 1490 1489 1486 1487 1488 358 359 360 2587 2588 2589 
 302 110 109 1492 1493 1494 624 623 622 1497 1496 1495 2590 2591 2592 
 109 301 302 1494 1493 1492 1498 1499 1500 1480 1481 1482 2593 2594 2595 
 302 301 25 1504 1505 1506 1488 1487 1486 1500 1499 1498 2596 2597 2598 
 25 24 302 1506 1505 1504 1501 1502 1503 361 362 363 2599 2600 2601 
 303 108 110 1507 1508 1509 627 626 625 1512 1511 1510 2602 2603 2604 
 110 302 303 1509 1508 1507 1513 1514 1515 1495 1496 1497 2605 2606 2607 
 303 302 24 1519 1520 1521 1503 1502 1501 1515 1514 1513 2608 2609 2610 
 24 26 303 1521 1520 1519 1516 1517 1518 364 365 366 2611 2612 2613 
 304 112 108 1522 1523 1524 630 629 628 1527 1526 1525 2614 2615 2616 
 108 303 304 1524 1523 1522 1528 1529 1530 1510 1511 1512 2617 2618 2619 
 304 303 26 1534 1535 1536 1518 1517 1516 1530 1529 1528 2620 2621 2622 
 26 11 304 1536 1535 1534 1531 1532 1533 367 368 369 2623 2624 2625 
 305 111 112 1537 1538 1539 633 632 631 1542 1541 1540 2626 2627 2628 
 112 304 305 1539 1538 1537 1543 1544 1545 1525 1526 1527 2629 2630 2631 
 305 304 11 1549 1550 1551 1533 1532 1531 1545 1544 1543 2632 2633 2634 
 11 30 305 1551 1550 1549 1546 1547 1548 370 371 372 2635 2636 2637 
 306 113 111 1552 1553 1554 636 635 634 1557 1556 1555 2638 2639 2640 
 111 305 306 1554 1553 1552 1558 1559 1560 1540 1541 1542 2641 2642 2643 
 306 305 30 1564 1565 1566 1548 1547 1546 1560 1559 1558 2644 2645 2646 
 30 29 306 1566 1565 1564 1561 1562 1563 373 374 375 2647 2648 2649 
 307 107 113 1567 1568 1569 639 638 637 1572 1571 1570 2650 2651 2652 
 113 306 307 1569 1568 1567 1573 1574 1575 1555 1556 1557 2653 2654 2655 
 307 306 29 1579 1580 1581 1563 1562 1561 1575 1574 1573 2656 2657 2658 
 29 31 307 1581 1580 1579 1576 1577 1578 376 377 378 2659 2660 2661 
 308 115 107 1582 1583 1584 642 641 640 1587 1586 1585 2662 2663 2664 
 107 307 308 1584 1583 1582 1588 1589 1590 1570 1571 1572 2665 2666 2667 
 308 307 31 1594 1595 1596 1578 1577 1576 1590 1589 1588 2668 2669 2670 
 31 28 308 1596 1595 1594 1591 1592 1593 379 380 381 2671 2672 2673 
 309 116 115 1597 1598 1599 645 644 643 1602 1601 1600 2674 2675 2676 
 115 308 309 1599 1598 1597 1603 1604 1605 1585 1586 1587 2677 2678 2679 
 309 308 28 1609 1610 1611 1593 1592 1591 1605 1604 1603 2680 2681 2682 
 28 33 309 1611 1610 1609 1606 1607 1608 382 383 384 2683 2684 2685 
 310 114 116 1612 1613 1614 648 647 646 1617 1616 1615 2686 2687 2688 
 116 309 310 1614 1613 1612 1618 1619 1620 1600 1601 1602 2689 2690 2691 
 310 309 33 1624 1625 1626 1608 1607 1606 1620 1619 1618 2692 2693 2694 
 33 32 310 1626 1625 1624 1621 1622 1623 385 386 387 2695 2696 2697 
 311 118 114 1627 1628 1629 651 650 649 1632 1631 1630 2698 2699 2700 
 114 310 311 1629 1628 1627 1633 1634 1635 1615 1616 1617 2701 2702 2703 
 311 310 32 1639 1640 1641 1623 1622 1621 1635 1634 1633 2704 2705 2706 
 32 34 311 1641 1640 1639 1636 1637 1638 388 389 390 2707 2708 2709 
 312 117 118 1642 1643 1644 654 653 652 1647 1646 1645 2710 2711 2712 
 118 311 312 1644 1643 1642 1648 1649 1650 1630 1631 1632 2713 2714 2715 
 312 311 34 1654 1655 1656 1638 1637 1636 1650 1649 1648 2716 2717 2718 
 34 27 312 1656 1655 1654 1651 1652 1653 391 392 393 2719 2720 2721 
 313 119 117 1657 1658 1659 657 656 655 1662 1661 1660 2722 2723 2724 
 117 312 313 1659 1658 1657 1663 1664 1665 1645 1646 1647 2725 2726 2727 
 313 312 27 1669 1670 1671 1653 1652 1651 1665 1664 1663 2728 2729 2730 
 27 37 313 1671 1670 1669 1666 1667 1668 394 395 396 2731 2732 2733 
 314 7 119 1672 1673 1674 660 659 658 1677 1676 1675 2734 2735 2736 
 119 313 314 1674 1673 1672 1678 1679 1680 1660 1661 1662 2737 2738 2739 
 314 313 37 1684 1685 1686 1668 1667 1666 1680 1679 1678 2740 2741 2742 
 37 36 314 1686 1685 1684 1681 1682 1683 397 398 399 2743 2744 2745 
 315 78 7 1687 1688 1689 528 527 526 1692 1691 1690 2746 2747 2748 
 7 314 315 1689 1688 1687 1693 1694 1695 1675 1676 1677 2749 2750 2751 
 315 314 36 1699 1700 1701 1683 1682 1681 1695 1694 1693 2752 2753 2754 
 36 38 315 1701 1700 1699 1696 1697 1698 400 401 402 2755 2756 2757 
 316 79 78 1702 1703 1704 531 530 529 1707 1706 1705 2758 2759 2760 
 78 315 316 1704 1703 1702 1708 1709 1710 1690 1691 1692 2761 2762 2763 
 316 315 38 1714 1715 1716 1698 1697 1696 1710 1709 1708 2764 2765 2766 
 38 35 316 1716 1715 1714 1711 1712 1713 403 404 405 2767 2768 2769 
 317 77 79 1717 1718 1719 534 533 532 1722 1721 1720 2770 2771 2772 
 79 316 317 1719 1718 1717 1723 1724 1725 1705 1706 1707 2773 2774 2775 
 317 316 35 1729 1730 1731 1713 1712 1711 1725 1724 1723 2776 2777 2778 
 35 40 317 1731 1730 1729 1726 1727 1728 406 407 408 2779 2780 2781 
 318 80 77 1732 1733 1734 537 536 535 1737 1736 1735 2782 2783 2784 
 77 317 318 1734 1733 1732 1738 1739 1740 1720 1721 1722 2785 2786 2787 
 318 317 40 1744 1745 1746 1728 1727 1726 1740 1739 1738 2788 2789 2790 
 40 39 318 1746 1745 1744 1741 1742 1743 409 410 411 2791 2792 2793 
 319 81 80 1747 1748 1749 540 539 538 1752 1751 1750 2794 2795 2796 
 80 318 319 1749 1748 1747 1753 1754 1755 1735 1736 1737 2797 2798 2799 
 319 318 39 1759 1760 1761 1743 1742 1741 1755 1754 1753 2800 2801 2802 
 39 41 319 1761 1760 1759 1756 1757 1758 412 413 414 2803 2804 2805 
 320 82 81 1762 1763 1764 543 542 541 1767 1766 1765 2806 2807 2808 
 81 319 320 1764 1763 1762 1768 1769 1770 1750 1751 1752 2809 2810 2811 
 320 319 41 1774 1775 1776 1758 1757 1756 1770 1769 1768 2812 2813 2814 
 41 42 320 1776 1775 1774 1771 1772 1773 415 416 417 2815 2816 2817 
 43 89 321 1779 1778 1777 1780 1781 1782 1276 1277 1278 2818 2819 2820 
 82 320 321 1785 1784 1783 1786 1787 1788 1765 1766 1767 2821 2822 2823 
 321 89 5 1789 1790 1791 570 569 568 1782 1781 1780 2824 2825 2826 
 321 5 82 1783 1784 1785 546 545 544 1791 1790 1789 2827 2828 2829 
 321 320 42 1792 1793 1794 1773 1772 1771 1788 1787 1786 2830 2831 2832 
 42 43 321 1794 1793 1792 1777 1778 1779 418 419 420 2833 2834 2835 
 289 287 15 1797 1796 1795 1284 1283 1282 1308 1307 1306 2836 2837 2838 
 15 290 289 1795 1796 1797 1320 1319 1318 1324 1325 1326 2839 2840 2841 
 solutionOrder
4 1 1 4 
 1 4 1 4 
 1 1 1 1 
 1 1 4 4 
 1 1 1 1 
 1 4 1 4 
 1 1 1 1 
 1 4 1 4 
 1 1 1 1 
 1 1 1 1 
 1 1 1 1 
 1 1 4 4 
 1 4 1 4 
 1 1 1 1 
 1 1 1 1 
 1 4 1 4 
 1 1 4 4 
 1 1 1 1 
 1 1 1 1 
 1 4 1 4 
 1 1 4 4 
 1 1 1 1 
 1 1 1 1 
 1 4 1 4 
 1 1 4 4 
 1 1 1 1 
 1 1 1 1 
 1 1 4 4 
 1 4 1 4 
 1 1 1 1 
 1 1 1 1 
 1 4 1 4 
 1 1 4 4 
 1 1 1 1 
 1 1 1 1 
 1 4 1 4 
 1 1 4 4 
 1 1 1 1 
 1 1 1 1 
 1 1 4 4 
 1 1 4 4 
 1 4 1 4 
 1 4 1 4 
 1 1 1 1 
 1 1 1 1 
 1 1 1 1 
 1 1 1 1 
 1 1 4 4 
 1 4 1 4 
 1 1 1 1 
 1 1 1 1 
 1 4 1 4 
 1 1 4 4 
 1 1 1 1 
 1 1 1 1 
 1 1 4 4 
 1 4 1 4 
 1 1 1 1 
 1 1 1 1 
 1 1 4 4 
 1 4 1 4 
 1 1 1 1 
 1 1 1 1 
 1 1 4 4 
 1 4 1 4 
 1 1 1 1 
 1 1 1 1 
 1 4 1 4 
 1 4 1 4 
 1 1 4 4 
 1 1 1 1 
 1 1 1 1 
 1 1 1 1 
 1 1 1 1 
 1 1 1 1 
 1 1 1 1 
 1 1 1 1 
 1 1 4 4 
 1 1 1 1 
 1 1 1 1 
 1 1 1 1 
 1 1 1 1 
 1 1 4 4 
 1 1 1 1 
 1 1 1 1 
 1 1 1 1 
 1 1 1 1 
 1 1 1 1 
 1 4 1 4 
 1 1 1 1 
 1 1 1 1 
 1 1 1 1 
 1 1 1 1 
 1 1 1 1 
 1 4 1 4 
 1 1 1 1 
 1 1 1 1 
 1 1 1 1 
 1 1 1 1 
 1 1 1 1 
 1 1 4 4 
 1 1 1 1 
 1 1 1 1 
 1 1 1 1 
 1 1 1 1 
 1 1 1 1 
 1 4 1 4 
 1 1 1 1 
 1 1 1 1 
 1 1 1 1 
 1 1 1 1 
 1 1 1 1 
 1 1 4 4 
 1 1 1 1 
 1 1 1 1 
 1 1 1 1 
 1 1 1 1 
 1 1 1 1 
 1 4 1 4 
 1 1 1 1 
 1 1 1 1 
 1 1 1 1 
 1 1 1 1 
 1 1 1 1 
 1 1 4 4 
 1 1 1 1 
 1 1 1 1 
 1 1 1 1 
 1 1 1 1 
 1 1 1 1 
 1 1 4 4 
 1 1 1 1 
 1 1 1 1 
 1 1 1 1 
 1 1 1 1 
 1 1 1 1 
 1 4 1 4 
 1 1 1 1 
 1 1 1 1 
 1 1 1 1 
 1 1 1 1 
 1 1 1 1 
 1 4 1 4 
 1 1 1 1 
 1 1 1 1 
 1 1 1 1 
 1 1 1 1 
 1 1 1 1 
 1 1 4 4 
 1 1 1 1 
 1 1 1 1 
 1 1 1 1 
 1 1 1 1 
 1 1 1 1 
 1 4 1 4 
 1 1 1 1 
 1 1 1 1 
 1 1 1 1 
 1 1 1 1 
 1 1 1 1 
 1 1 4 4 
 1 1 1 1 
 1 1 1 1 
 1 1 1 1 
 1 1 1 1 
 1 1 1 1 
 1 1 4 4 
 1 1 1 1 
 1 1 1 1 
 1 1 1 1 
 1 1 1 1 
 1 1 1 1 
 1 4 1 4 
 1 1 1 1 
 1 1 1 1 
 1 1 1 1 
 1 1 4 4 
 1 1 1 1 
 1 1 1 1 
 1 1 1 1 
 1 1 1 1 
 1 4 1 4 
 1 1 1 1 
 1 1 1 1 
 1 1 1 1 
 1 1 1 1 
 1 1 1 1 
 1 1 1 1 
 1 1 1 1 
 1 1 1 1 
 1 1 4 4 
 1 1 1 1 
 1 1 1 1 
 1 1 1 1 
 1 1 1 1 
 1 1 1 1 
 1 4 1 4 
 1 1 1 1 
 1 1 1 1 
 1 1 1 1 
 1 1 1 1 
 1 1 1 1 
 1 4 1 4 
 1 1 1 1 
 1 1 1 1 
 1 1 1 1 
 1 1 1 1 
 1 1 1 1 
 1 1 4 4 
 1 1 1 1 
 1 1 1 1 
 1 1 1 1 
 1 1 1 1 
 1 1 1 1 
 1 1 4 4 
 1 1 1 1 
 1 1 1 1 
 1 1 1 1 
 1 1 1 1 
 1 1 1 1 
 1 4 1 4 
 1 1 1 1 
 1 1 1 1 
 1 1 1 1 
 1 1 1 1 
 1 1 1 1 
 1 1 4 4 
 1 1 1 1 
 1 1 1 1 
 1 1 1 1 
 1 1 1 1 
 1 1 1 1 
 1 4 1 4 
 1 1 1 1 
 1 1 1 1 
 1 1 1 1 
 1 1 1 1 
 1 1 1 1 
 1 1 4 4 
 1 1 1 1 
 1 1 1 1 
 1 1 1 1 
 1 1 1 1 
 1 1 1 1 
 1 4 1 4 
 1 1 1 1 
 1 1 1 1 
 1 1 4 4 
 1 1 1 1 
 1 1 1 1 
 1 1 1 1 
 1 1 1 1 
 1 1 1 1 
 1 1 1 1 
 1 1 1 1 
 1 4 1 4 
 1 1 1 1 
 1 1 1 1 
 1 1 1 1 
 1 1 1 1 
 1 1 1 1 
 1 1 4 4 
 1 1 1 1 
 1 1 1 1 
 1 1 1 1 
 1 1 1 1 
 1 1 1 1 
 1 1 1 1 
 1 1 1 1 
 1 1 1 1 
 1 1 1 1 
 1 1 1 1 
 1 1 1 1 
 1 1 1 1 
 1 1 1 1 
 1 1 1 1 
 4 4 4 4 
 4 4 4 4 
 4 4 4 4 
 4 4 4 4 
 4 4 4 4 
 4 4 4 4 
 4 4 4 4 
 4 4 4 4 
 4 4 4 4 
 4 4 4 4 
 4 4 4 4 
 4 4 4 4 
 4 4 4 4 
 4 4 4 4 
 4 4 4 4 
 4 4 4 4 
 4 4 4 4 
 4 4 4 4 
 4 4 4 4 
 4 4 4 4 
 4 4 4 4 
 4 4 4 4 
 4 4 4 4 
 4 4 4 4 
 4 4 4 4 
 4 4 4 4 
 4 4 4 4 
 4 4 4 4 
 4 4 4 4 
 4 4 4 4 
 4 4 4 4 
 4 4 4 4 
 4 4 4 4 
 4 4 4 4 
 4 4 4 4 
 4 4 4 4 
 4 4 4 4 
 4 4 4 4 
 4 4 4 4 
 4 4 4 4 
 4 4 4 4 
 4 4 4 4 
 4 4 4 4 
 4 4 4 4 
 4 4 4 4 
 4 4 4 4 
 4 4 4 4 
 4 4 4 4 
 4 4 4 4 
 4 4 4 4 
 4 4 4 4 
 4 4 4 4 
 4 4 4 4 
 4 4 4 4 
 4 4 4 4 
 4 4 4 4 
 4 4 4 4 
 4 4 4 4 
 4 4 4 4 
 4 4 4 4 
 4 4 4 4 
 4 4 4 4 
 4 4 4 4 
 4 4 4 4 
 4 4 4 4 
 4 4 4 4 
 4 4 4 4 
 4 4 4 4 
 4 4 4 4 
 4 4 4 4 
 4 4 4 4 
 4 4 4 4 
 4 4 4 4 
 4 4 4 4 
 4 4 4 4 
 4 4 4 4 
 4 4 4 4 
 4 4 4 4 
 4 4 4 4 
 4 4 4 4 
 4 4 4 4 
 4 4 4 4 
 4 4 4 4 
 4 4 4 4 
 4 4 4 4 
 4 4 4 4 
 4 4 4 4 
 4 4 4 4 
 4 4 4 4 
 4 4 4 4 
 4 4 4 4 
 4 4 4 4 
 4 4 4 4 
 4 4 4 4 
 4 4 4 4 
 4 4 4 4 
 4 4 4 4 
 4 4 4 4 
 4 4 4 4 
 4 4 4 4 
 4 4 4 4 
 4 4 4 4 
 4 4 4 4 
 4 4 4 4 
 4 4 4 4 
 4 4 4 4 
 4 4 4 4 
 4 4 4 4 
 4 4 4 4 
 4 4 4 4 
 4 4 4 4 
 4 4 4 4 
 4 4 4 4 
 4 4 4 4 
 4 4 4 4 
 4 4 4 4 
 4 4 4 4 
 4 4 4 4 
 4 4 4 4 
 4 4 4 4 
 4 4 4 4 
 4 4 4 4 
 4 4 4 4 
 4 4 4 4 
 4 4 4 4 
 4 4 4 4 
 4 4 4 4 
 4 4 4 4 
 4 4 4 4 
 4 4 4 4 
 4 4 4 4 
 4 4 4 4 
 4 4 4 4 
 4 4 4 4 
 4 4 4 4 
 4 4 4 4 
 4 4 4 4 
 4 4 4 4 
 4 4 4 4 
 4 4 4 4 
 4 4 4 4 
 4 4 4 4 
 4 4 4 4 
 4 4 4 4 
 4 4 4 4 
 4 4 4 4 
 4 4 4 4 
 4 4 4 4 
 4 4 4 4 
 4 4 4 4 
 4 4 4 4 
 4 4 4 4 
 4 4 4 4 
 4 4 4 4 
 4 4 4 4 
 4 4 4 4 
 4 4 4 4 
 4 4 4 4 
 4 4 4 4 
 4 4 4 4 
 4 4 4 4 
 4 4 4 4 
 4 4 4 4 
 4 4 4 4 
 4 4 4 4 
 4 4 4 4 
 4 4 4 4 
 4 4 4 4 
 4 4 4 4 
 4 4 4 4 
 4 4 4 4 
 4 4 4 4 
 4 4 4 4 
 4 4 4 4 
 4 4 4 4 
 4 4 4 4 
 4 4 4 4 
 4 4 4 4 
 4 4 4 4 
 4 4 4 4 
 4 4 4 4 
 4 4 4 4 
 4 4 4 4 
 4 4 4 4 
 4 4 4 4 
 4 4 4 4 
 4 4 4 4 
 4 4 4 4 
 4 4 4 4 
 4 4 4 4 
 4 4 4 4 
 4 4 4 4 
 4 4 4 4 
 4 4 4 4 
 4 4 4 4 
 4 4 4 4 
 4 4 4 4 
 4 4 4 4 
 4 4 4 4 
 4 4 4 4 
 4 4 4 4 
 4 4 4 4 
 4 4 4 4 
 4 4 4 4 
 4 4 4 4 
 4 4 4 4 
 4 4 4 4 
 4 4 4 4 
 4 4 4 4 
 4 4 4 4 
 4 4 4 4 
 4 4 4 4 
 4 4 4 4 
 4 4 4 4 
 4 4 4 4 
 4 4 4 4 
 4 4 4 4 
 4 4 4 4 
 4 4 4 4 
 4 4 4 4 
 4 4 4 4 
 4 4 4 4 
 4 4 4 4 
 4 4 4 4 
 4 4 4 4 
 4 4 4 4 
 4 4 4 4 
 4 4 4 4 
 4 4 4 4 
 4 4 4 4 
 4 4 4 4 
 4 4 4 4 
 4 4 4 4 
 4 4 4 4 
 4 4 4 4 
 4 4 4 4 
 4 4 4 4 
 4 4 4 4 
 4 4 4 4 
 4 4 4 4 
 4 4 4 4 
 4 4 4 4 
 4 4 4 4 
 4 4 4 4 
 4 4 4 4 
 4 4 4 4 
 4 4 4 4 
 4 4 4 4 
 4 4 4 4 
 4 4 4 4 
 4 4 4 4 
 4 4 4 4 
 4 4 4 4 
 4 4 4 4 
 4 4 4 4 
 4 4 4 4 
 4 4 4 4 
 4 4 4 4 
 4 4 4 4 
 4 4 4 4 
 4 4 4 4 
 4 4 4 4 
 4 4 4 4 
 4 4 4 4 
 4 4 4 4 
 4 4 4 4 
 4 4 4 4 
 4 4 4 4 
 4 4 4 4 
 4 4 4 4 
 4 4 4 4 
 4 4 4 4 
 4 4 4 4 
 4 4 4 4 
 4 4 4 4 
 4 4 4 4 
 4 4 4 4 
 4 4 4 4 
 4 4 4 4 
 4 4 4 4 
 vertexCoord 
0.000000 0.050000 
 1.000000 0.050000 
 1.000000 0.150000 
 -0.000000 0.150000 
 0.000000 0.000000 
 -0.000000 0.200000 
 0.200000 0.000000 
 1.000000 0.000000 
 1.000000 0.200000 
 0.200000 0.200000 
 0.519992 0.050000 
 0.759972 0.050000 
 0.879963 0.050000 
 0.939966 0.050000 
 0.969971 0.050000 
 0.909961 0.050000 
 0.819968 0.050000 
 0.849964 0.050000 
 0.789970 0.050000 
 0.639981 0.050000 
 0.699975 0.050000 
 0.729971 0.050000 
 0.669978 0.050000 
 0.579988 0.050000 
 0.609984 0.050000 
 0.549990 0.050000 
 0.280476 0.050000 
 0.400084 0.050000 
 0.460032 0.050000 
 0.489992 0.050000 
 0.430072 0.050000 
 0.340228 0.050000 
 0.370149 0.050000 
 0.310306 0.050000 
 0.162944 0.050000 
 0.221131 0.050000 
 0.250760 0.050000 
 0.191855 0.050000 
 0.106231 0.050000 
 0.134336 0.050000 
 0.079043 0.050000 
 0.052238 0.050000 
 0.026118 0.050000 
 0.520018 0.150000 
 0.759972 0.150000 
 0.879963 0.150000 
 0.939966 0.150000 
 0.969983 0.150000 
 0.909961 0.150000 
 0.819968 0.150000 
 0.849964 0.150000 
 0.789970 0.150000 
 0.639981 0.150000 
 0.699975 0.150000 
 0.729971 0.150000 
 0.669978 0.150000 
 0.579990 0.150000 
 0.609984 0.150000 
 0.549996 0.150000 
 0.280476 0.150000 
 0.400084 0.150000 
 0.460032 0.150000 
 0.489992 0.150000 
 0.430072 0.150000 
 0.340231 0.150000 
 0.370149 0.150000 
 0.310306 0.150000 
 0.162944 0.150000 
 0.221131 0.150000 
 0.250760 0.150000 
 0.191855 0.150000 
 0.106231 0.150000 
 0.134336 0.150000 
 0.079043 0.150000 
 0.052189 0.150000 
 0.026118 0.150000 
 0.113281 0.000000 
 0.170962 0.000000 
 0.142121 0.000000 
 0.084795 0.000000 
 0.056465 0.000000 
 0.028233 0.000000 
 0.087239 0.200000 
 0.029169 0.200000 
 0.058238 0.200000 
 0.115828 0.200000 
 0.144002 0.200000 
 0.171940 0.200000 
 0.000000 0.025000 
 -0.000000 0.075171 
 -0.000000 0.100220 
 -0.000000 0.125071 
 -0.000000 0.175000 
 0.610777 0.000000 
 0.820110 0.000000 
 0.910036 0.000000 
 0.970020 0.000000 
 0.940028 0.000000 
 0.880065 0.000000 
 0.850093 0.000000 
 0.730267 0.000000 
 0.790127 0.000000 
 0.760188 0.000000 
 0.670461 0.000000 
 0.700371 0.000000 
 0.640556 0.000000 
 0.404321 0.000000 
 0.521894 0.000000 
 0.581086 0.000000 
 0.551453 0.000000 
 0.463030 0.000000 
 0.492459 0.000000 
 0.433678 0.000000 
 0.316538 0.000000 
 0.374993 0.000000 
 0.345728 0.000000 
 0.258262 0.000000 
 0.287396 0.000000 
 0.229203 0.000000 
 1.000000 0.175000 
 1.000000 0.124829 
 1.000000 0.099780 
 1.000000 0.074890 
 1.000000 0.025000 
 0.589223 0.200000 
 0.379903 0.200000 
 0.290000 0.200000 
 0.230000 0.200000 
 0.260000 0.200000 
 0.319970 0.200000 
 0.349937 0.200000 
 0.469733 0.200000 
 0.409873 0.200000 
 0.439812 0.200000 
 0.529539 0.200000 
 0.499629 0.200000 
 0.559444 0.200000 
 0.795679 0.200000 
 0.678106 0.200000 
 0.618914 0.200000 
 0.648547 0.200000 
 0.736970 0.200000 
 0.707541 0.200000 
 0.766322 0.200000 
 0.883462 0.200000 
 0.825007 0.200000 
 0.854272 0.200000 
 0.941738 0.200000 
 0.912604 0.200000 
 0.970869 0.200000 
 0.977079 0.128941 
 0.980172 0.074744 
 0.943024 0.097605 
 0.891028 0.098990 
 0.840679 0.099426 
 0.782685 0.099523 
 0.722686 0.099523 
 0.662690 0.099524 
 0.602707 0.099523 
 0.537647 0.099149 
 0.460706 0.099784 
 0.400544 0.099177 
 0.356646 0.099151 
 0.301426 0.099391 
 0.244219 0.099460 
 0.185989 0.099461 
 0.128738 0.099285 
 0.068880 0.096956 
 0.940962 0.075615 
 0.935893 0.118531 
 0.961837 0.085426 
 0.884913 0.125243 
 0.884432 0.073051 
 0.916868 0.098284 
 0.826955 0.074085 
 0.827074 0.124892 
 0.868284 0.099233 
 0.769198 0.074568 
 0.770030 0.124722 
 0.812451 0.099515 
 0.709198 0.074568 
 0.710031 0.124722 
 0.753652 0.099583 
 0.650038 0.124723 
 0.649203 0.074569 
 0.693654 0.099583 
 0.589198 0.074570 
 0.590044 0.124717 
 0.633664 0.099585 
 0.526880 0.074389 
 0.526915 0.124765 
 0.570277 0.099369 
 0.460529 0.133297 
 0.460255 0.071747 
 0.501939 0.098678 
 0.400591 0.122308 
 0.400801 0.075788 
 0.425910 0.099273 
 0.345191 0.125267 
 0.344659 0.073042 
 0.377343 0.099158 
 0.287727 0.074041 
 0.287877 0.124813 
 0.330039 0.099303 
 0.231665 0.124677 
 0.230812 0.074524 
 0.273431 0.099458 
 0.173486 0.124670 
 0.172624 0.074519 
 0.215751 0.099524 
 0.116378 0.124430 
 0.115519 0.074292 
 0.157978 0.099485 
 0.052234 0.071663 
 0.057954 0.122545 
 0.100387 0.098752 
 0.032813 0.091221 
 0.956496 0.131528 
 0.914903 0.125817 
 0.913870 0.074323 
 0.855611 0.073275 
 0.855957 0.125697 
 0.798637 0.074448 
 0.800363 0.124775 
 0.740779 0.074707 
 0.741057 0.124758 
 0.681061 0.124759 
 0.680783 0.074707 
 0.620789 0.074708 
 0.621070 0.124758 
 0.558997 0.074580 
 0.559145 0.124667 
 0.493350 0.126087 
 0.493294 0.074100 
 0.429147 0.125419 
 0.429375 0.073773 
 0.374386 0.125416 
 0.375134 0.073189 
 0.315963 0.073257 
 0.316347 0.125709 
 0.261405 0.124735 
 0.259635 0.074396 
 0.203313 0.124722 
 0.203027 0.074671 
 0.145643 0.124645 
 0.145357 0.074597 
 0.027992 0.123177 
 0.087049 0.073610 
 0.088145 0.123780 
 0.979774 0.103982 
 0.959558 0.110171 
 0.983078 0.183813 
 0.983574 0.167667 
 0.964904 0.179526 
 0.940179 0.175678 
 0.911743 0.175008 
 0.881906 0.175014 
 0.852118 0.175000 
 0.822493 0.175000 
 0.792829 0.175000 
 0.763158 0.175000 
 0.733470 0.175000 
 0.703762 0.175000 
 0.674042 0.175000 
 0.644270 0.175000 
 0.614449 0.175000 
 0.584608 0.175000 
 0.554720 0.175000 
 0.524779 0.175000 
 0.494811 0.175000 
 0.464868 0.175000 
 0.434942 0.175000 
 0.404978 0.175000 
 0.375021 0.175000 
 0.345073 0.175000 
 0.315132 0.175000 
 0.285209 0.175000 
 0.255337 0.175002 
 0.225578 0.175010 
 0.196242 0.175058 
 0.167591 0.174989 
 0.139288 0.174998 
 0.110944 0.175007 
 0.082730 0.175046 
 0.054684 0.175271 
 0.026676 0.176651 
 0.983274 0.031273 
 0.983038 0.015036 
 0.961896 0.018909 
 0.940029 0.025612 
 0.910007 0.025105 
 0.880018 0.025017 
 0.850032 0.025003 
 0.820042 0.025000 
 0.790053 0.025000 
 0.760091 0.025000 
 0.730119 0.025000 
 0.700177 0.025000 
 0.670220 0.025000 
 0.640275 0.025000 
 0.610381 0.025000 
 0.580540 0.025000 
 0.550724 0.025000 
 0.520956 0.025000 
 0.491226 0.025000 
 0.461517 0.025000 
 0.431875 0.025000 
 0.402202 0.025000 
 0.372571 0.025000 
 0.342979 0.025000 
 0.313422 0.025000 
 0.283936 0.025000 
 0.254511 0.025000 
 0.225167 0.025000 
 0.195996 0.025000 
 0.166940 0.025000 
 0.138205 0.024999 
 0.109740 0.024992 
 0.081715 0.024950 
 0.054079 0.024700 
 0.026780 0.023249 
 bc_tag 
399 
 393 
 336 
 330 
 184 
 110 
 15 
 10 
 5 
 2 
 405 
 405 
 405 
 405 
 405 
 405 
 405 
 405 
 405 
 405 
 405 
 405 
 405 
 405 
 405 
 405 
 405 
 405 
 405 
 405 
 405 
 405 
 405 
 405 
 405 
 405 
 405 
 405 
 405 
 405 
 405 
 405 
 405 
 343 
 343 
 343 
 343 
 343 
 343 
 343 
 343 
 343 
 343 
 343 
 343 
 343 
 343 
 343 
 343 
 343 
 343 
 343 
 343 
 343 
 343 
 343 
 343 
 343 
 343 
 343 
 343 
 343 
 343 
 343 
 343 
 343 
 190 
 190 
 190 
 190 
 190 
 190 
 117 
 117 
 117 
 117 
 117 
 117 
 185 
 400 
 400 
 400 
 331 
 16 
 16 
 16 
 16 
 16 
 16 
 16 
 16 
 16 
 16 
 16 
 16 
 16 
 16 
 16 
 16 
 16 
 16 
 16 
 16 
 16 
 16 
 16 
 16 
 16 
 16 
 11 
 337 
 337 
 337 
 394 
 6 
 6 
 6 
 6 
 6 
 6 
 6 
 6 
 6 
 6 
 6 
 6 
 6 
 6 
 6 
 6 
 6 
 6 
 6 
 6 
 6 
 6 
 6 
 6 
 6 
 6 
 408 
 408 
 408 
 408 
 408 
 408 
 408 
 408 
 408 
 408 
 408 
 408 
 408 
 408 
 408 
 408 
 408 
 408 
 408 
 408 
 408 
 408 
 408 
 408 
 408 
 408 
 408 
 408 
 408 
 408 
 408 
 408 
 408 
 408 
 408 
 408 
 408 
 408 
 408 
 408 
 408 
 408 
 408 
 408 
 408 
 408 
 408 
 408 
 408 
 408 
 408 
 408 
 408 
 408 
 408 
 408 
 408 
 408 
 408 
 408 
 408 
 408 
 408 
 408 
 408 
 408 
 408 
 408 
 408 
 408 
 408 
 408 
 408 
 408 
 408 
 408 
 408 
 408 
 408 
 408 
 408 
 408 
 408 
 408 
 408 
 408 
 408 
 408 
 408 
 408 
 408 
 408 
 408 
 408 
 408 
 408 
 408 
 408 
 408 
 408 
 408 
 346 
 346 
 346 
 346 
 346 
 346 
 346 
 346 
 346 
 346 
 346 
 346 
 346 
 346 
 346 
 346 
 346 
 346 
 346 
 346 
 346 
 346 
 346 
 346 
 346 
 346 
 346 
 346 
 346 
 346 
 346 
 346 
 346 
 346 
 346 
 120 
 120 
 120 
 120 
 120 
 120 
 120 
 120 
 120 
 120 
 120 
 120 
 120 
 120 
 120 
 120 
 120 
 120 
 120 
 120 
 120 
 120 
 120 
 120 
 120 
 120 
 120 
 120 
 120 
 120 
 120 
 120 
 120 
 120 
 120 
 405 
 405 
 405 
 405 
 405 
 405 
 405 
 405 
 405 
 405 
 405 
 405 
 405 
 405 
 405 
 405 
 405 
 405 
 405 
 405 
 405 
 405 
 405 
 405 
 405 
 405 
 405 
 405 
 405 
 405 
 405 
 405 
 405 
 405 
 405 
 405 
 405 
 405 
 405 
 405 
 405 
 405 
 405 
 405 
 405 
 405 
 405 
 405 
 405 
 405 
 405 
 405 
 405 
 405 
 405 
 405 
 405 
 405 
 405 
 405 
 405 
 405 
 405 
 405 
 405 
 405 
 405 
 405 
 405 
 405 
 405 
 405 
 405 
 405 
 405 
 405 
 405 
 405 
 405 
 405 
 405 
 405 
 405 
 405 
 405 
 405 
 405 
 405 
 405 
 405 
 405 
 405 
 405 
 405 
 405 
 405 
 405 
 405 
 405 
 405 
 405 
 405 
 343 
 343 
 343 
 343 
 343 
 343 
 343 
 343 
 343 
 343 
 343 
 343 
 343 
 343 
 343 
 343 
 343 
 343 
 343 
 343 
 343 
 343 
 343 
 343 
 343 
 343 
 343 
 343 
 343 
 343 
 343 
 343 
 343 
 343 
 343 
 343 
 343 
 343 
 343 
 343 
 343 
 343 
 343 
 343 
 343 
 343 
 343 
 343 
 343 
 343 
 343 
 343 
 343 
 343 
 343 
 343 
 343 
 343 
 343 
 343 
 343 
 343 
 343 
 343 
 343 
 343 
 343 
 343 
 343 
 343 
 343 
 343 
 343 
 343 
 343 
 343 
 343 
 343 
 343 
 343 
 343 
 343 
 343 
 343 
 343 
 343 
 343 
 343 
 343 
 343 
 343 
 343 
 343 
 343 
 343 
 343 
 343 
 343 
 343 
 343 
 343 
 343 
 190 
 190 
 190 
 190 
 190 
 190 
 190 
 190 
 190 
 190 
 190 
 190 
 190 
 190 
 190 
 190 
 190 
 190 
 190 
 190 
 190 
 117 
 117 
 117 
 117 
 117 
 117 
 117 
 117 
 117 
 117 
 117 
 117 
 117 
 117 
 117 
 117 
 117 
 117 
 117 
 117 
 117 
 185 
 185 
 185 
 185 
 185 
 185 
 331 
 331 
 331 
 331 
 331 
 331 
 16 
 16 
 16 
 16 
 16 
 16 
 16 
 16 
 16 
 16 
 16 
 16 
 16 
 16 
 16 
 16 
 16 
 16 
 16 
 16 
 16 
 16 
 16 
 16 
 16 
 16 
 16 
 16 
 16 
 16 
 16 
 16 
 16 
 16 
 16 
 16 
 16 
 16 
 16 
 16 
 16 
 16 
 16 
 16 
 16 
 16 
 16 
 16 
 16 
 16 
 16 
 16 
 16 
 16 
 16 
 16 
 16 
 16 
 16 
 16 
 16 
 16 
 16 
 16 
 16 
 16 
 16 
 16 
 16 
 16 
 16 
 16 
 16 
 16 
 16 
 16 
 16 
 16 
 16 
 16 
 16 
 11 
 11 
 11 
 11 
 11 
 11 
 394 
 394 
 394 
 394 
 394 
 394 
 6 
 6 
 6 
 6 
 6 
 6 
 6 
 6 
 6 
 6 
 6 
 6 
 6 
 6 
 6 
 6 
 6 
 6 
 6 
 6 
 6 
 6 
 6 
 6 
 6 
 6 
 6 
 6 
 6 
 6 
 6 
 6 
 6 
 6 
 6 
 6 
 6 
 6 
 6 
 6 
 6 
 6 
 6 
 6 
 6 
 6 
 6 
 6 
 6 
 6 
 6 
 6 
 6 
 6 
 6 
 6 
 6 
 6 
 6 
 6 
 6 
 6 
 6 
 6 
 6 
 6 
 6 
 6 
 6 
 6 
 6 
 6 
 6 
 6 
 6 
 6 
 6 
 6 
 6 
 6 
 6 
 346 
 346 
 346 
 346 
 346 
 346 
 346 
 346 
 346 
 346 
 346 
 346 
 346 
 346 
 346 
 346 
 346 
 346 
 346 
 346 
 346 
 346 
 346 
 346 
 346 
 346 
 346 
 346 
 346 
 346 
 346 
 346 
 346 
 346 
 346 
 346 
 346 
 346 
 346 
 346 
 346 
 346 
 346 
 346 
 346 
 346 
 346 
 346 
 346 
 346 
 346 
 346 
 346 
 346 
 346 
 346 
 346 
 346 
 346 
 346 
 346 
 346 
 346 
 346 
 346 
 346 
 346 
 346 
 346 
 346 
 346 
 346 
 346 
 346 
 346 
 346 
 346 
 346 
 346 
 346 
 346 
 346 
 346 
 346 
 346 
 346 
 346 
 346 
 346 
 346 
 346 
 346 
 346 
 346 
 346 
 346 
 346 
 346 
 346 
 346 
 346 
 346 
 346 
 346 
 346 
 346 
 346 
 346 
 346 
 346 
 346 
 346 
 346 
 346 
 346 
 346 
 346 
 346 
 346 
 346 
 346 
 346 
 346 
 346 
 346 
 346 
 346 
 346 
 346 
 346 
 346 
 346 
 346 
 346 
 346 
 346 
 346 
 346 
 346 
 346 
 346 
 346 
 346 
 346 
 346 
 346 
 346 
 346 
 346 
 346 
 346 
 346 
 346 
 346 
 346 
 346 
 346 
 346 
 346 
 346 
 346 
 346 
 346 
 346 
 346 
 346 
 346 
 346 
 346 
 346 
 346 
 346 
 346 
 346 
 346 
 346 
 346 
 346 
 346 
 346 
 346 
 346 
 346 
 346 
 346 
 346 
 346 
 346 
 346 
 346 
 346 
 346 
 346 
 346 
 346 
 346 
 346 
 346 
 346 
 346 
 346 
 346 
 346 
 346 
 346 
 346 
 346 
 346 
 346 
 346 
 346 
 346 
 346 
 346 
 346 
 346 
 346 
 346 
 346 
 346 
 346 
 346 
 346 
 346 
 346 
 346 
 346 
 346 
 346 
 346 
 346 
 346 
 346 
 346 
 346 
 346 
 346 
 346 
 346 
 346 
 346 
 346 
 346 
 346 
 346 
 346 
 346 
 346 
 346 
 346 
 346 
 346 
 346 
 346 
 346 
 346 
 346 
 346 
 346 
 346 
 346 
 346 
 346 
 346 
 346 
 346 
 346 
 346 
 346 
 346 
 346 
 346 
 346 
 346 
 346 
 346 
 346 
 346 
 346 
 346 
 346 
 346 
 346 
 346 
 346 
 346 
 346 
 346 
 346 
 346 
 346 
 346 
 346 
 346 
 346 
 346 
 346 
 346 
 346 
 346 
 346 
 346 
 346 
 346 
 346 
 346 
 346 
 346 
 346 
 346 
 346 
 346 
 346 
 346 
 346 
 346 
 346 
 346 
 346 
 346 
 346 
 346 
 346 
 346 
 346 
 346 
 346 
 346 
 346 
 346 
 346 
 346 
 346 
 346 
 346 
 346 
 346 
 346 
 346 
 346 
 346 
 346 
 346 
 346 
 346 
 346 
 346 
 346 
 346 
 346 
 346 
 346 
 346 
 346 
 346 
 346 
 346 
 346 
 346 
 346 
 346 
 346 
 346 
 346 
 346 
 346 
 346 
 346 
 346 
 346 
 346 
 346 
 346 
 346 
 346 
 346 
 346 
 346 
 346 
 346 
 346 
 346 
 346 
 346 
 346 
 346 
 346 
 346 
 346 
 346 
 346 
 346 
 346 
 346 
 346 
 346 
 346 
 346 
 346 
 346 
 346 
 346 
 346 
 346 
 346 
 346 
 346 
 346 
 346 
 346 
 346 
 346 
 346 
 346 
 346 
 346 
 346 
 346 
 346 
 346 
 346 
 346 
 346 
 346 
 346 
 346 
 346 
 346 
 346 
 346 
 346 
 346 
 346 
 346 
 346 
 346 
 346 
 346 
 346 
 346 
 346 
 346 
 346 
 346 
 346 
 346 
 346 
 346 
 346 
 346 
 346 
 346 
 346 
 346 
 346 
 346 
 346 
 346 
 346 
 346 
 346 
 346 
 346 
 346 
 346 
 346 
 346 
 346 
 346 
 346 
 346 
 346 
 346 
 346 
 346 
 346 
 346 
 346 
 346 
 346 
 346 
 346 
 346 
 346 
 346 
 346 
 346 
 346 
 346 
 346 
 346 
 346 
 346 
 346 
 346 
 346 
 346 
 346 
 346 
 346 
 346 
 346 
 346 
 346 
 346 
 346 
 346 
 346 
 346 
 346 
 346 
 346 
 346 
 346 
 346 
 346 
 346 
 346 
 346 
 346 
 346 
 346 
 120 
 120 
 120 
 120 
 120 
 120 
 120 
 120 
 120 
 120 
 120 
 120 
 120 
 120 
 120 
 120 
 120 
 120 
 120 
 120 
 120 
 120 
 120 
 120 
 120 
 120 
 120 
 120 
 120 
 120 
 120 
 120 
 120 
 120 
 120 
 120 
 120 
 120 
 120 
 120 
 120 
 120 
 120 
 120 
 120 
 120 
 120 
 120 
 120 
 120 
 120 
 120 
 120 
 120 
 120 
 120 
 120 
 120 
 120 
 120 
 120 
 120 
 120 
 120 
 120 
 120 
 120 
 120 
 120 
 120 
 120 
 120 
 120 
 120 
 120 
 120 
 120 
 120 
 120 
 120 
 120 
 120 
 120 
 120 
 120 
 120 
 120 
 120 
 120 
 120 
 120 
 120 
 120 
 120 
 120 
 120 
 120 
 120 
 120 
 120 
 120 
 120 
 120 
 120 
 120 
 120 
 120 
 120 
 120 
 120 
 120 
 120 
 120 
 120 
 120 
 120 
 120 
 120 
 120 
 120 
 120 
 120 
 120 
 120 
 120 
 120 
 120 
 120 
 120 
 120 
 120 
 120 
 120 
 120 
 120 
 120 
 120 
 120 
 120 
 120 
 120 
 120 
 120 
 120 
 120 
 120 
 120 
 120 
 120 
 120 
 120 
 120 
 120 
 120 
 120 
 120 
 120 
 120 
 120 
 120 
 120 
 120 
 120 
 120 
 120 
 120 
 120 
 120 
 120 
 120 
 120 
 120 
 120 
 120 
 120 
 120 
 120 
 120 
 120 
 120 
 120 
 120 
 120 
 120 
 120 
 120 
 120 
 120 
 120 
 120 
 120 
 120 
 120 
 120 
 120 
 120 
 120 
 120 
 120 
 120 
 120 
 120 
 120 
 120 
 120 
 120 
 120 
 120 
 120 
 120 
 120 
 120 
 120 
 120 
 120 
 120 
 120 
 120 
 120 
 120 
 120 
 120 
 120 
 120 
 120 
 120 
 120 
 120 
 120 
 120 
 120 
 120 
 120 
 120 
 120 
 120 
 120 
 120 
 120 
 120 
 120 
 120 
 120 
 120 
 120 
 120 
 120 
 120 
 120 
 120 
 120 
 120 
 120 
 120 
 120 
 120 
 120 
 120 
 120 
 120 
 120 
 120 
 120 
 120 
 120 
 120 
 120 
 120 
 120 
 120 
 120 
 120 
 120 
 120 
 120 
 120 
 120 
 120 
 120 
 120 
 120 
 120 
 120 
 120 
 120 
 120 
 120 
 120 
 120 
 120 
 120 
 120 
 120 
 120 
 120 
 120 
 120 
 120 
 120 
 120 
 120 
 120 
 120 
 120 
 120 
 120 
 120 
 120 
 120 
 120 
 120 
 120 
 120 
 120 
 120 
 120 
 120 
 120 
 120 
 120 
 120 
 120 
 120 
 120 
 120 
 120 
 120 
 120 
 120 
 120 
 120 
 120 
 120 
 120 
 120 
 120 
 120 
 120 
 120 
 120 
 120 
 120 
 120 
 120 
 120 
 120 
 120 
 120 
 120 
 120 
 120 
 120 
 120 
 120 
 120 
 120 
 120 
 120 
 120 
 120 
 120 
 120 
 120 
 120 
 120 
 120 
 120 
 120 
 120 
 120 
 120 
 120 
 120 
 120 
 120 
 120 
 120 
 120 
 120 
 120 
 120 
 120 
 120 
 120 
 120 
 120 
 120 
 120 
 120 
 120 
 120 
 120 
 120 
 120 
 120 
 120 
 120 
 120 
 120 
 120 
 120 
 120 
 120 
 120 
 120 
 120 
 120 
 120 
 120 
 120 
 120 
 120 
 120 
 120 
 120 
 120 
 120 
 120 
 120 
 120 
 120 
 120 
 120 
 120 
 120 
 120 
 120 
 120 
 120 
 120 
 120 
 120 
 120 
 120 
 120 
 120 
 120 
 120 
 120 
 120 
 120 
 120 
 120 
 120 
 120 
 120 
 120 
 120 
 120 
 120 
 120 
 120 
 120 
 120 
 120 
 120 
 120 
 120 
 120 
 120 
 120 
 120 
 120 
 120 
 120 
 120 
 120 
 120 
 120 
 120 
 120 
 120 
 120 
 120 
 120 
 120 
 120 
 120 
 120 
 120 
 120 
 120 
 120 
 120 
 120 
 120 
 120 
 120 
 120 
 120 
 120 
 120 
 120 
 120 
 120 
 120 
 120 
 120 
 120 
 120 
 120 
 120 
 120 
 120 
 120 
 120 
 120 
 120 
 120 
 120 
 120 
 120 
 120 
 120 
 120 
 120 
 120 
 120 
 120 
 120 
 120 
 120 
 408 
 408 
 408 
 408 
 408 
 408 
 408 
 408 
 408 
 408 
 408 
 408 
 408 
 408 
 408 
 408 
 408 
 408 
 408 
 408 
 408 
 408 
 408 
 408 
 408 
 408 
 408 
 408 
 408 
 408 
 408 
 408 
 408 
 408 
 408 
 408 
 408 
 408 
 408 
 408 
 408 
 408 
 408 
 408 
 408 
 408 
 408 
 408 
 408 
 408 
 408 
 408 
 408 
 408 
 408 
 408 
 408 
 408 
 408 
 408 
 408 
 408 
 408 
 408 
 408 
 408 
 408 
 408 
 408 
 408 
 408 
 408 
 408 
 408 
 408 
 408 
 408 
 408 
 408 
 408 
 408 
 408 
 408 
 408 
 408 
 408 
 408 
 408 
 408 
 408 
 408 
 408 
 408 
 408 
 408 
 408 
 408 
 408 
 408 
 408 
 408 
 408 
 408 
 408 
 408 
 408 
 408 
 408 
 408 
 408 
 408 
 408 
 408 
 408 
 408 
 408 
 408 
 408 
 408 
 408 
 408 
 408 
 408 
 408 
 408 
 408 
 408 
 408 
 408 
 408 
 408 
 408 
 408 
 408 
 408 
 408 
 408 
 408 
 408 
 408 
 408 
 408 
 408 
 408 
 408 
 408 
 408 
 408 
 408 
 408 
 408 
 408 
 408 
 408 
 408 
 408 
 408 
 408 
 408 
 408 
 408 
 408 
 408 
 408 
 408 
 408 
 408 
 408 
 408 
 408 
 408 
 408 
 408 
 408 
 408 
 408 
 408 
 408 
 408 
 408 
 408 
 408 
 408 
 408 
 408 
 408 
 408 
 408 
 408 
 408 
 408 
 408 
 408 
 408 
 408 
 408 
 408 
 408 
 408 
 408 
 408 
 408 
 408 
 408 
 346 
 346 
 346 
 346 
 346 
 346 
 346 
 346 
 346 
 346 
 346 
 346 
 346 
 346 
 346 
 346 
 346 
 346 
 346 
 346 
 346 
 346 
 346 
 346 
 346 
 346 
 346 
 346 
 346 
 346 
 346 
 346 
 346 
 346 
 346 
 346 
 346 
 346 
 346 
 346 
 346 
 346 
 346 
 346 
 346 
 346 
 346 
 346 
 346 
 346 
 346 
 346 
 346 
 346 
 346 
 346 
 346 
 346 
 346 
 346 
 346 
 346 
 346 
 346 
 346 
 346 
 346 
 346 
 346 
 346 
 346 
 346 
 346 
 346 
 346 
 346 
 346 
 346 
 346 
 346 
 346 
 346 
 346 
 346 
 346 
 346 
 346 
 346 
 346 
 346 
 346 
 346 
 346 
 346 
 346 
 346 
 346 
 346 
 346 
 346 
 346 
 346 
 346 
 346 
 346 
 346 
 346 
 346 
 346 
 346 
 346 
 346 
 346 
 346 
 346 
 346 
 346 
 346 
 346 
 346 
 346 
 346 
 346 
 346 
 346 
 346 
 346 
 346 
 346 
 346 
 346 
 346 
 346 
 346 
 346 
 346 
 346 
 346 
 346 
 346 
 346 
 346 
 346 
 346 
 346 
 346 
 346 
 346 
 346 
 346 
 346 
 346 
 346 
 346 
 346 
 346 
 346 
 346 
 346 
 346 
 346 
 346 
 346 
 346 
 346 
 346 
 346 
 346 
 346 
 346 
 346 
 346 
 346 
 346 
 346 
 346 
 346 
 346 
 346 
 346 
 346 
 346 
 346 
 346 
 346 
 346 
 346 
 346 
 346 
 346 
 346 
 346 
 346 
 346 
 346 
 346 
 346 
 346 
 346 
 346 
 346 
 346 
 346 
 346 
 346 
 346 
 346 
 346 
 346 
 346 
 346 
 346 
 346 
 346 
 346 
 346 
 346 
 346 
 346 
 346 
 346 
 346 
 346 
 346 
 346 
 346 
 346 
 346 
 346 
 346 
 346 
 346 
 346 
 346 
 346 
 346 
 346 
 346 
 346 
 346 
 346 
 346 
 346 
 346 
 346 
 346 
 346 
 346 
 346 
 346 
 346 
 346 
 346 
 346 
 346 
 346 
 346 
 346 
 346 
 346 
 346 
 346 
 346 
 346 
 346 
 346 
 346 
 346 
 346 
 346 
 346 
 346 
 346 
 346 
 346 
 346 
 346 
 346 
 346 
 346 
 346 
 346 
 346 
 346 
 346 
 346 
 346 
 346 
 346 
 346 
 346 
 346 
 346 
 346 
 346 
 346 
 346 
 346 
 346 
 346 
 346 
 346 
 346 
 346 
 346 
 346 
 346 
 346 
 346 
 346 
 346 
 346 
 346 
 346 
 346 
 346 
 346 
 346 
 346 
 346 
 346 
 346 
 346 
 346 
 346 
 346 
 346 
 346 
 346 
 346 
 346 
 346 
 346 
 346 
 346 
 346 
 346 
 346 
 346 
 346 
 346 
 346 
 346 
 346 
 346 
 346 
 346 
 346 
 346 
 346 
 346 
 346 
 346 
 346 
 346 
 346 
 346 
 346 
 346 
 346 
 346 
 346 
 346 
 346 
 346 
 346 
 346 
 346 
 346 
 346 
 346 
 346 
 346 
 346 
 346 
 346 
 346 
 346 
 346 
 346 
 346 
 346 
 346 
 346 
 346 
 346 
 346 
 346 
 346 
 346 
 346 
 346 
 346 
 346 
 346 
 346 
 346 
 346 
 346 
 346 
 346 
 346 
 346 
 346 
 346 
 346 
 346 
 346 
 346 
 346 
 346 
 346 
 346 
 346 
 346 
 346 
 346 
 346 
 346 
 346 
 120 
 120 
 120 
 120 
 120 
 120 
 120 
 120 
 120 
 120 
 120 
 120 
 120 
 120 
 120 
 120 
 120 
 120 
 120 
 120 
 120 
 120 
 120 
 120 
 120 
 120 
 120 
 120 
 120 
 120 
 120 
 120 
 120 
 120 
 120 
 120 
 120 
 120 
 120 
 120 
 120 
 120 
 120 
 120 
 120 
 120 
 120 
 120 
 120 
 120 
 120 
 120 
 120 
 120 
 120 
 120 
 120 
 120 
 120 
 120 
 120 
 120 
 120 
 120 
 120 
 120 
 120 
 120 
 120 
 120 
 120 
 120 
 120 
 120 
 120 
 120 
 120 
 120 
 120 
 120 
 120 
 120 
 120 
 120 
 120 
 120 
 120 
 120 
 120 
 120 
 120 
 120 
 120 
 120 
 120 
 120 
 120 
 120 
 120 
 120 
 120 
 120 
 120 
 120 
 120 
 120 
 120 
 120 
 120 
 120 
 120 
 120 
 120 
 120 
 120 
 120 
 120 
 120 
 120 
 120 
 120 
 120 
 120 
 120 
 120 
 120 
 120 
 120 
 120 
 120 
 120 
 120 
 120 
 120 
 120 
 120 
 120 
 120 
 120 
 120 
 120 
 120 
 120 
 120 
 120 
 120 
 120 
 120 
 120 
 120 
 120 
 120 
 120 
 120 
 120 
 120 
 120 
 120 
 120 
 120 
 120 
 120 
 120 
 120 
 120 
 120 
 120 
 120 
 120 
 120 
 120 
 120 
 120 
 120 
 120 
 120 
 120 
 120 
 120 
 120 
 120 
 120 
 120 
 120 
 120 
 120 
 120 
 120 
 120 
 120 
 120 
 120 
 120 
 120 
 120 
 120 
 120 
 120 
 120 
 120 
 120 
 120 
 120 
 120 
 120 
 120 
 120 
 120 
 120 
 120 
 120 
 120 
 120 
 120 
 120 
 120 
 120 
 120 
 120 
 120 
 120 
 120 
 120 
 120 
 120 
 120 
 120 
 120 
 120 
 120 
 120 
 120 
 120 
 120 
 120 
 120 
 120 
 120 
 120 
 120 
 120 
 120 
 120 
 120 
 120 
 120 
 120 
 120 
 120 
 120 
 120 
 120 
 120 
 120 
 120 
 120 
 120 
 120 
 120 
 120 
 120 
 120 
 120 
 120 
 120 
 120 
 120 
 120 
 120 
 120 
 120 
 120 
 120 
 120 
 120 
 120 
 120 
 120 
 120 
 120 
 120 
 120 
 120 
 120 
 120 
 120 
 120 
 120 
 120 
 120 
 120 
 120 
 120 
 120 
 120 
 120 
 120 
 120 
 120 
 120 
 120 
 120 
 120 
 120 
 120 
 120 
 120 
 120 
 120 
 120 
 120 
 120 
 120 
 120 
 120 
 120 
 120 
 120 
 120 
 120 
 120 
 120 
 120 
 120 
 120 
 120 
 120 
 120 
 120 
 120 
 120 
 120 
 120 
 120 
 120 
 120 
 120 
 120 
 120 
 120 
 120 
 120 
 120 
 120 
 120 
 120 
 120 
 120 
 120 
 120 
 120 
 120 
 120 
 120 
 120 
 120 
 120 
 120 
 120 
 120 
 120 
 120 
 120 
 120 
 120 
 120 
 120 
 120 
 120 
 120 
 120 
 120 
 120 
 120 
 120 
 120 
 120 
 120 
 120 
 120 
 120 
 120 
 120 
 120 
 120 
 120 
 120 
 120 
 120 
 120 
 120 
 120 
 120 
 120 
 120 
 120 
 120 
 120 
 120 
 120 
 120 
 120 
 120 
 120 
 120 
 120 
 120 
 120 
 120 
 120 
 120 
 120 
 120 
 120 
 120 
 120 
 120 
 120 
 120 
 120 
 bcElement 84
551 185 1 
417 185 1 
525 190 1 
529 190 1 
533 190 1 
537 190 1 
541 190 1 
545 190 1 
552 190 1 
420 16 1 
423 16 1 
426 16 1 
429 16 1 
433 16 1 
437 16 1 
441 16 1 
445 16 1 
449 16 1 
453 16 1 
457 16 1 
461 16 1 
465 16 1 
469 16 1 
473 16 1 
477 16 1 
481 16 1 
485 16 1 
489 16 1 
493 16 1 
497 16 1 
501 16 1 
505 16 1 
509 16 1 
513 16 1 
517 16 1 
521 16 1 
419 394 1 
421 394 1 
278 11 1 
280 11 1 
277 331 2 
411 331 1 
412 117 1 
405 117 1 
401 117 1 
397 117 1 
393 117 1 
389 117 1 
385 117 1 
381 6 1 
377 6 1 
373 6 1 
369 6 1 
365 6 1 
361 6 1 
357 6 1 
353 6 1 
349 6 1 
345 6 1 
341 6 1 
337 6 1 
333 6 1 
329 6 1 
325 6 1 
321 6 1 
317 6 1 
313 6 1 
309 6 1 
305 6 1 
301 6 1 
297 6 1 
293 6 1 
289 6 1 
286 6 1 
283 6 1 
279 6 1 
3 337 1 
263 337 1 
5 337 1 
7 337 1 
2 400 3 
73 400 1 
250 400 1 
1 400 3 
